/*--------------------------------*- C++ -*----------------------------------*\
  =========                 |
  \\      /  F ield         | OpenFOAM: The Open Source CFD Toolbox
   \\    /   O peration     | Website:  https://openfoam.org
    \\  /    A nd           | Version:  9
     \\/     M anipulation  |
\*---------------------------------------------------------------------------*/
FoamFile
{
    format      ascii;
    class       volSymmTensorField;
    location    "1";
    object      epsilon;
}
// * * * * * * * * * * * * * * * * * * * * * * * * * * * * * * * * * * * * * //

dimensions      [0 0 0 0 0 0 0];

internalField   nonuniform List<symmTensor> 
1000
(
(4.20993e-07 -5.46887e-07 7.20384e-20 8.40373e-08 7.88427e-20 2.15206e-34)
(5.80794e-07 -4.21673e-07 -8.68208e-22 -1.04455e-07 4.86002e-22 0)
(6.59084e-07 -3.22915e-07 1.01278e-21 -1.94575e-07 -1.941e-22 0)
(7.02962e-07 -2.4845e-07 2.60101e-22 -2.57851e-07 -1.85841e-22 0)
(7.24088e-07 -1.88568e-07 -1.0997e-21 -2.92907e-07 8.07408e-23 0)
(7.31161e-07 -1.41769e-07 -1.19047e-22 -3.15353e-07 1.30603e-22 0)
(7.30313e-07 -1.03742e-07 -9.98855e-22 -3.27498e-07 -5.36336e-22 0)
(7.23658e-07 -7.35122e-08 6.85594e-22 -3.33698e-07 3.20567e-22 0)
(7.15034e-07 -4.8387e-08 -3.53423e-22 -3.35957e-07 -4.02458e-22 0)
(7.02494e-07 -2.74887e-08 0 -3.36294e-07 0 0)
(5.69829e-07 -6.07934e-07 7.09137e-20 2.26987e-08 9.10381e-20 1.23051e-35)
(6.9372e-07 -4.35182e-07 0 -1.44952e-07 0 0)
(7.46738e-07 -3.10484e-07 8.1054e-22 -2.19201e-07 3.86326e-22 0)
(7.71272e-07 -2.2089e-07 -1.39078e-21 -2.71916e-07 -7.42026e-22 0)
(7.77351e-07 -1.52591e-07 -5.91129e-22 -2.98524e-07 -3.56588e-22 0)
(7.72534e-07 -1.01515e-07 4.11373e-22 -3.15078e-07 4.19725e-22 0)
(7.62043e-07 -6.16386e-08 4.60714e-22 -3.22534e-07 3.08896e-22 0)
(7.47869e-07 -3.13322e-08 1.08332e-21 -3.2591e-07 6.32557e-22 0)
(7.31938e-07 -6.76999e-09 0 -3.24837e-07 0 0)
(7.15106e-07 1.28828e-08 0 -3.25409e-07 0 0)
(7.3659e-07 -6.46446e-07 6.77164e-20 -5.85174e-08 1.01345e-19 0)
(8.10669e-07 -4.34573e-07 0 -1.9071e-07 0 0)
(8.30854e-07 -2.8896e-07 7.72573e-22 -2.41148e-07 3.9926e-22 0)
(8.31468e-07 -1.87524e-07 -2.31877e-22 -2.78555e-07 8.19521e-23 0)
(8.19778e-07 -1.13275e-07 -1.13581e-23 -2.93886e-07 5.06325e-24 0)
(8.01449e-07 -5.97776e-08 -3.83544e-22 -3.02853e-07 -3.97071e-22 0)
(7.8046e-07 -1.95925e-08 5.23903e-22 -3.04607e-07 2.4235e-22 0)
(7.58146e-07 9.75159e-09 -3.88921e-22 -3.04402e-07 -2.87339e-22 0)
(7.35518e-07 3.25637e-08 -3.1469e-23 -3.00222e-07 5.41434e-23 0)
(7.13702e-07 5.11037e-08 -8.22004e-23 -2.99904e-07 -3.5408e-23 0)
(9.15047e-07 -6.56912e-07 5.92511e-20 -1.55026e-07 1.06609e-19 -6.80892e-36)
(9.2872e-07 -4.18138e-07 4.42503e-22 -2.40008e-07 -4.554e-23 0)
(9.10115e-07 -2.58689e-07 -3.53121e-22 -2.60014e-07 -1.99276e-22 0)
(8.83023e-07 -1.49976e-07 -2.23807e-22 -2.78092e-07 4.33186e-23 0)
(8.5135e-07 -7.30342e-08 4.00508e-22 -2.79862e-07 3.87245e-22 0)
(8.18392e-07 -1.93952e-08 -4.82198e-22 -2.80094e-07 -3.18962e-22 0)
(7.86456e-07 1.93902e-08 -4.16595e-22 -2.75771e-07 -2.96566e-22 0)
(7.56124e-07 4.66949e-08 -9.28524e-22 -2.71923e-07 -6.79572e-22 0)
(7.27234e-07 6.6831e-08 -1.33002e-22 -2.65208e-07 -1.62558e-22 0)
(7.01118e-07 8.32217e-08 2.27365e-22 -2.63713e-07 2.01213e-22 0)
(1.09635e-06 -6.34403e-07 4.88344e-20 -2.60581e-07 1.06392e-19 -1.24247e-34)
(1.04405e-06 -3.83641e-07 2.31408e-26 -2.9058e-07 1.11287e-27 0)
(9.82534e-07 -2.19202e-07 -1.14325e-21 -2.75012e-07 -5.60229e-22 0)
(9.25029e-07 -1.09053e-07 1.03928e-22 -2.70583e-07 -3.86184e-24 0)
(8.71859e-07 -3.36504e-08 -1.45704e-22 -2.57035e-07 1.5304e-23 0)
(8.23685e-07 1.71465e-08 3.47146e-22 -2.47776e-07 3.20696e-22 0)
(7.80887e-07 5.23722e-08 -3.89863e-23 -2.37317e-07 1.14465e-23 0)
(7.42923e-07 7.61574e-08 3.66527e-22 -2.30018e-07 2.45077e-22 0)
(7.08627e-07 9.25443e-08 -7.89642e-23 -2.21501e-07 -1.69465e-22 0)
(6.78802e-07 1.05898e-07 -1.44937e-22 -2.19078e-07 -1.17123e-22 0)
(1.27446e-06 -5.77696e-07 3.60912e-20 -3.68213e-07 9.98846e-20 -1.30271e-34)
(1.1539e-06 -3.29624e-07 2.11042e-26 -3.39087e-07 4.46665e-27 0)
(1.04692e-06 -1.69928e-07 -1.14203e-26 -2.8433e-07 -1.77418e-27 0)
(9.57193e-07 -6.55279e-08 9.18553e-23 -2.55525e-07 1.13749e-23 0)
(8.81784e-07 3.17664e-09 -4.94798e-22 -2.25951e-07 -3.0094e-22 0)
(8.18536e-07 4.75743e-08 5.64886e-24 -2.07365e-07 -3.82473e-26 0)
(7.65504e-07 7.68831e-08 3.68282e-22 -1.91392e-07 2.49494e-22 0)
(7.20745e-07 9.56432e-08 7.83033e-22 -1.81316e-07 5.72875e-22 0)
(6.82031e-07 1.07403e-07 1.41851e-22 -1.71886e-07 1.04133e-22 0)
(6.49269e-07 1.17004e-07 -2.47614e-22 -1.68943e-07 -1.9509e-22 0)
(1.43743e-06 -4.83187e-07 2.60272e-20 -4.69364e-07 8.82057e-20 -2.80086e-34)
(1.25186e-06 -2.52067e-07 3.31072e-22 -3.80411e-07 1.32977e-22 0)
(1.09765e-06 -1.09403e-07 3.50028e-22 -2.83847e-07 1.59073e-22 0)
(9.75717e-07 -1.98634e-08 -7.55167e-23 -2.30722e-07 -2.26464e-23 0)
(8.79302e-07 3.57457e-08 3.57664e-22 -1.86437e-07 2.39251e-22 0)
(8.02802e-07 6.95837e-08 -3.2914e-22 -1.60273e-07 -2.26667e-22 0)
(7.41461e-07 9.05117e-08 9.39171e-23 -1.40547e-07 6.15663e-24 0)
(6.91576e-07 1.02862e-07 -2.93944e-22 -1.29085e-07 -1.92738e-22 0)
(6.49932e-07 1.0945e-07 -2.04648e-23 -1.19961e-07 2.37391e-24 0)
(6.15221e-07 1.14928e-07 -1.49006e-22 -1.17141e-07 -9.73645e-23 0)
(1.59012e-06 -3.50581e-07 1.58966e-20 -5.56632e-07 7.12853e-20 -1.14432e-35)
(1.3344e-06 -1.46991e-07 -8.82888e-22 -4.04378e-07 -3.1835e-22 0)
(1.13118e-06 -3.67016e-08 6.84021e-24 -2.65324e-07 3.76205e-24 0)
(9.7964e-07 2.53641e-08 1.10451e-22 -1.92325e-07 5.62371e-23 0)
(8.65655e-07 6.0581e-08 8.1801e-22 -1.38155e-07 4.07175e-22 0)
(7.79516e-07 7.99709e-08 -4.84627e-23 -1.08602e-07 -1.54047e-23 0)
(7.12873e-07 9.09101e-08 1.20783e-27 -8.83986e-08 2.47422e-28 0)
(6.6019e-07 9.6419e-08 -2.8768e-22 -7.7744e-08 -1.51987e-22 0)
(6.17345e-07 9.82064e-08 7.02992e-24 -7.04092e-08 3.84005e-25 0)
(5.81805e-07 9.99382e-08 2.15723e-23 -6.8459e-08 1.06866e-23 0)
(1.70808e-06 -1.63417e-07 6.76643e-21 -6.07872e-07 5.02129e-20 1.17589e-34)
(1.37471e-06 -1.40858e-08 -9.72649e-22 -3.84296e-07 -4.08938e-22 0)
(1.1249e-06 3.83717e-08 1.01697e-22 -2.1122e-07 8.67309e-23 0)
(9.54562e-07 5.79779e-08 9.55968e-23 -1.32362e-07 7.58351e-23 0)
(8.34642e-07 6.7794e-08 -4.0021e-23 -8.08641e-08 -2.45804e-23 0)
(7.4722e-07 7.11281e-08 3.18554e-22 -5.60111e-08 1.15821e-22 0)
(6.8109e-07 7.2759e-08 1.74685e-23 -4.05081e-08 5.5172e-24 0)
(6.29184e-07 7.272e-08 5.13816e-22 -3.3451e-08 1.96872e-22 0)
(5.87276e-07 7.14309e-08 1.13432e-22 -2.92769e-08 4.39027e-23 0)
(5.52051e-07 7.07711e-08 6.34745e-23 -2.87294e-08 2.53141e-23 0)
(1.81328e-06 1.48129e-07 1.61698e-21 -5.60843e-07 2.84085e-20 1.22775e-34)
(1.34034e-06 1.65295e-07 -7.45222e-23 -2.52945e-07 -1.29231e-22 0)
(1.07775e-06 1.09224e-07 3.37887e-22 -1.05966e-07 1.43938e-22 0)
(9.14146e-07 7.09061e-08 1.73992e-23 -5.23409e-08 2.45058e-23 0)
(8.04114e-07 5.59386e-08 5.94857e-28 -2.4662e-08 5.57253e-28 0)
(7.22999e-07 4.75636e-08 3.23035e-22 -1.35593e-08 5.81524e-23 0)
(6.61392e-07 4.45385e-08 5.02918e-24 -7.63916e-09 1.53391e-24 0)
(6.11913e-07 4.27609e-08 2.47531e-22 -5.65308e-09 4.69334e-23 0)
(5.71472e-07 4.13625e-08 -2.75754e-24 -4.76978e-09 -2.45524e-25 0)
(5.36488e-07 4.04068e-08 -4.16821e-24 -5.10209e-09 -8.94655e-25 0)
(-2.33812e-09 1.09732e-09 3.95732e-20 -7.19793e-10 2.01254e-20 1.80208e-34)
(1.53929e-09 -4.76077e-09 -2.08491e-23 -9.69916e-10 1.83273e-20 1.55233e-36)
(2.06664e-08 -1.45634e-08 -2.38386e-22 -1.02198e-08 1.75932e-20 1.93482e-35)
(5.0835e-08 -2.23994e-08 -2.15243e-24 -2.40112e-08 1.78462e-20 0)
(8.55888e-08 -2.7224e-08 -3.3384e-23 -3.9343e-08 1.74644e-20 -1.5529e-36)
(1.21925e-07 -2.99618e-08 -3.2634e-22 -5.51178e-08 1.78001e-20 3.24766e-35)
(1.57427e-07 -3.10248e-08 7.0743e-23 -7.03511e-08 1.81803e-20 1.5527e-36)
(1.91276e-07 -3.10925e-08 -2.17314e-22 -8.47387e-08 1.79499e-20 2.95374e-35)
(2.22329e-07 -3.02544e-08 1.72036e-22 -9.79806e-08 1.8019e-20 -1.28253e-35)
(2.51099e-07 -2.96046e-08 5.15662e-22 -1.09903e-07 1.79332e-20 -3.87011e-35)
(3.09289e-09 -5.11055e-09 4.0463e-20 -2.03839e-09 5.07418e-21 5.04233e-35)
(2.20408e-08 -2.68178e-08 2.6163e-22 -6.02041e-10 2.87191e-22 0)
(5.6612e-08 -5.07839e-08 -2.44859e-22 -1.49788e-08 -2.46101e-22 0)
(9.50694e-08 -6.90907e-08 2.51849e-24 -3.43825e-08 -2.03698e-22 0)
(1.33658e-07 -8.03425e-08 0 -5.37288e-08 0 0)
(1.70261e-07 -8.6643e-08 -3.71758e-22 -7.19593e-08 -5.53085e-23 0)
(2.03987e-07 -8.89048e-08 6.24119e-23 -8.83654e-08 3.19886e-22 0)
(2.34978e-07 -8.87373e-08 4.66493e-24 -1.03041e-07 1.72098e-23 0)
(2.62282e-07 -8.62732e-08 -1.99867e-22 -1.15941e-07 -5.81705e-22 0)
(2.87638e-07 -8.43076e-08 1.46839e-22 -1.26908e-07 2.28695e-23 0)
(5.18193e-09 -2.44112e-08 4.11733e-20 6.62759e-09 8.18231e-21 -2.23741e-36)
(4.14623e-08 -6.66919e-08 2.67571e-22 1.90981e-09 2.83679e-22 0)
(9.02775e-08 -9.63771e-08 2.80042e-22 -2.04413e-08 5.87148e-23 0)
(1.38208e-07 -1.16255e-07 1.45282e-23 -4.81867e-08 -1.96435e-22 0)
(1.82326e-07 -1.27199e-07 0 -7.37673e-08 0 0)
(2.21142e-07 -1.32338e-07 -4.15982e-22 -9.62132e-08 -1.08709e-22 0)
(2.54854e-07 -1.32949e-07 -5.67394e-22 -1.15071e-07 -1.59069e-22 0)
(2.84498e-07 -1.30814e-07 3.75269e-22 -1.30956e-07 2.29578e-22 0)
(3.09143e-07 -1.26175e-07 2.27289e-24 -1.43918e-07 7.32718e-24 0)
(3.32141e-07 -1.22273e-07 -3.37517e-22 -1.54463e-07 -2.13496e-22 0)
(8.33165e-09 -5.46658e-08 4.29437e-20 2.72322e-08 1.18327e-20 -3.94277e-35)
(6.8057e-08 -1.1449e-07 6.6138e-23 4.53313e-09 -2.38149e-22 0)
(1.30085e-07 -1.45694e-07 3.07732e-22 -2.77873e-08 6.02198e-23 0)
(1.86624e-07 -1.63177e-07 0 -6.37412e-08 0 0)
(2.356e-07 -1.70403e-07 -5.24651e-22 -9.50396e-08 1.95079e-22 0)
(2.76554e-07 -1.71728e-07 5.9565e-24 -1.21529e-07 4.83343e-22 0)
(3.10432e-07 -1.68787e-07 -2.58893e-23 -1.42918e-07 -2.59666e-22 0)
(3.39055e-07 -1.63357e-07 -7.4817e-23 -1.60267e-07 -4.00816e-22 0)
(3.61377e-07 -1.55816e-07 1.71283e-22 -1.73673e-07 5.56262e-23 0)
(3.82408e-07 -1.4944e-07 3.19709e-22 -1.8422e-07 1.20003e-22 0)
(1.64937e-08 -9.74004e-08 4.28961e-20 5.58711e-08 1.64306e-20 8.43422e-35)
(1.05503e-07 -1.66527e-07 -5.40462e-22 3.91413e-09 3.61664e-22 0)
(1.80778e-07 -1.94556e-07 -3.2762e-22 -4.19298e-08 -9.64377e-23 0)
(2.44642e-07 -2.06191e-07 -8.86194e-23 -8.6787e-08 3.54265e-22 0)
(2.96833e-07 -2.06927e-07 -3.48199e-24 -1.23269e-07 2.18541e-23 0)
(3.38576e-07 -2.02332e-07 5.05323e-22 -1.53006e-07 -1.35359e-22 0)
(3.71611e-07 -1.94316e-07 2.20052e-22 -1.76139e-07 5.78054e-23 0)
(3.98466e-07 -1.84504e-07 0 -1.94272e-07 0 0)
(4.18015e-07 -1.73485e-07 -2.34802e-22 -2.0759e-07 -3.09093e-22 0)
(4.36732e-07 -1.64115e-07 9.37126e-23 -2.17731e-07 2.2767e-23 0)
(3.42744e-08 -1.53548e-07 4.62001e-20 8.80862e-08 2.09314e-20 -9.63901e-35)
(1.55069e-07 -2.19281e-07 2.20646e-22 -6.48534e-11 -4.29252e-22 0)
(2.42856e-07 -2.38501e-07 -2.70467e-22 -6.13112e-08 -2.91797e-22 0)
(3.12199e-07 -2.41296e-07 5.95615e-23 -1.14873e-07 -1.64951e-22 0)
(3.65586e-07 -2.33805e-07 5.72318e-22 -1.5549e-07 1.91583e-22 0)
(4.0635e-07 -2.22238e-07 -5.52246e-22 -1.87315e-07 6.13236e-23 0)
(4.37149e-07 -2.08511e-07 -6.3601e-25 -2.11178e-07 1.46499e-23 0)
(4.61121e-07 -1.93941e-07 -4.29989e-22 -2.29244e-07 -2.96239e-22 0)
(4.77193e-07 -1.79346e-07 9.00983e-25 -2.41933e-07 5.75e-24 0)
(4.92924e-07 -1.66832e-07 -4.69558e-22 -2.5118e-07 -2.14719e-22 0)
(6.68218e-08 -2.2249e-07 5.24687e-20 1.1702e-07 2.89326e-20 -7.90739e-35)
(2.17177e-07 -2.70652e-07 1.22099e-23 -8.7882e-09 -1.84614e-23 0)
(3.15182e-07 -2.74916e-07 -8.94669e-27 -8.54204e-08 1.52479e-26 0)
(3.87528e-07 -2.6589e-07 -5.84578e-22 -1.46893e-07 -4.09696e-22 0)
(4.39859e-07 -2.48798e-07 -9.93758e-23 -1.90433e-07 2.653e-22 0)
(4.77699e-07 -2.29699e-07 -5.35718e-22 -2.23135e-07 -2.1808e-22 0)
(5.04742e-07 -2.10108e-07 9.62992e-22 -2.46628e-07 4.29413e-22 0)
(5.24566e-07 -1.9086e-07 -1.24499e-25 -2.63723e-07 1.15057e-23 0)
(5.364e-07 -1.72935e-07 1.89574e-22 -2.75128e-07 -7.83648e-25 0)
(5.48299e-07 -1.57386e-07 -2.56834e-22 -2.82963e-07 -1.2233e-22 0)
(1.18902e-07 -3.0166e-07 6.02014e-20 1.36235e-07 3.90438e-20 -1.30159e-34)
(2.91613e-07 -3.18627e-07 3.14406e-22 -2.28413e-08 -3.74997e-22 0)
(3.95463e-07 -3.02063e-07 -1.21365e-22 -1.12176e-07 1.6148e-22 0)
(4.67474e-07 -2.78569e-07 7.42018e-23 -1.79579e-07 -1.15479e-22 0)
(5.16256e-07 -2.50945e-07 6.6176e-27 -2.24423e-07 -1.29723e-26 0)
(5.49225e-07 -2.24224e-07 6.21783e-22 -2.56698e-07 5.27035e-23 0)
(5.71104e-07 -1.99076e-07 4.67519e-23 -2.78852e-07 -2.02406e-22 0)
(5.85628e-07 -1.7568e-07 -1.56583e-23 -2.94143e-07 1.66572e-22 0)
(5.92687e-07 -1.55011e-07 2.1299e-24 -3.03965e-07 8.31857e-23 0)
(5.99896e-07 -1.36832e-07 1.96257e-22 -3.0983e-07 1.83438e-22 0)
(1.94284e-07 -3.86412e-07 6.57397e-20 1.39686e-07 5.18719e-20 1.52625e-34)
(3.77845e-07 -3.61219e-07 -1.01456e-22 -4.32236e-08 6.87699e-22 0)
(4.81233e-07 -3.19152e-07 -1.17287e-26 -1.402e-07 1.2282e-26 0)
(5.48757e-07 -2.792e-07 8.04453e-22 -2.10468e-07 1.8899e-22 0)
(5.91255e-07 -2.4055e-07 6.14352e-22 -2.54558e-07 3.0676e-22 0)
(6.17406e-07 -2.06493e-07 5.54254e-22 -2.85041e-07 2.76837e-22 0)
(6.32788e-07 -1.76354e-07 -6.06405e-23 -3.04799e-07 1.73976e-22 0)
(6.40962e-07 -1.49683e-07 -6.67404e-22 -3.17729e-07 -3.73018e-22 0)
(6.42865e-07 -1.26974e-07 4.09875e-22 -3.25482e-07 9.71e-23 0)
(6.4483e-07 -1.06671e-07 1.83797e-22 -3.29904e-07 1.09255e-22 0)
(2.95013e-07 -4.70592e-07 6.97608e-20 1.23075e-07 6.45762e-20 2.01057e-35)
(4.74754e-07 -3.9633e-07 -2.03779e-22 -7.03636e-08 1.50216e-22 0)
(5.69843e-07 -3.26045e-07 -3.95004e-22 -1.67975e-07 -1.84179e-22 0)
(6.28041e-07 -2.68669e-07 1.71115e-21 -2.37044e-07 4.01129e-22 0)
(6.61261e-07 -2.19061e-07 1.04764e-23 -2.77935e-07 -1.19048e-23 0)
(6.78638e-07 -1.78198e-07 -5.45057e-22 -3.05069e-07 -3.09518e-22 0)
(6.86266e-07 -1.43841e-07 -5.84099e-22 -3.21528e-07 -9.20332e-23 0)
(6.87169e-07 -1.14865e-07 -2.20061e-22 -3.31146e-07 -1.31645e-22 0)
(6.84142e-07 -9.13739e-08 2.45313e-23 -3.37367e-07 -1.82214e-22 0)
(6.79159e-07 -7.10038e-08 1.10026e-22 -3.37903e-07 2.30385e-22 0)
(2.77001e-07 -2.74558e-08 8.1467e-22 -1.20991e-07 1.81862e-20 -1.15255e-35)
(2.99571e-07 -2.44908e-08 9.23095e-22 -1.30231e-07 1.79396e-20 -2.53398e-35)
(3.20304e-07 -2.19142e-08 5.19588e-22 -1.38806e-07 1.74883e-20 -1.47897e-35)
(3.38947e-07 -1.95751e-08 5.60416e-22 -1.46565e-07 1.7723e-20 -6.49393e-37)
(3.55765e-07 -1.74065e-08 3.26915e-22 -1.53544e-07 1.77494e-20 3.85886e-35)
(3.70836e-07 -1.54662e-08 5.89044e-22 -1.59836e-07 1.78394e-20 0)
(3.84346e-07 -1.36873e-08 5.556e-22 -1.65466e-07 1.78303e-20 0)
(3.9639e-07 -1.20824e-08 6.32208e-22 -1.70503e-07 1.79573e-20 5.02006e-37)
(4.07108e-07 -1.06113e-08 5.85758e-22 -1.74987e-07 1.78499e-20 -1.31273e-35)
(4.16582e-07 -9.26474e-09 6.85161e-22 -1.78961e-07 1.80801e-20 8.5198e-37)
(4.24908e-07 -8.01147e-09 7.15478e-22 -1.82459e-07 1.79115e-20 -3.97876e-35)
(4.32141e-07 -6.83562e-09 2.83379e-22 -1.85507e-07 1.77537e-20 1.3331e-35)
(4.38335e-07 -5.71172e-09 6.4896e-22 -1.88125e-07 1.7901e-20 -4.01998e-35)
(4.43521e-07 -4.62461e-09 -5.8851e-23 -1.90329e-07 1.73527e-20 -8.07378e-37)
(4.47713e-07 -3.56037e-09 2.97692e-22 -1.92123e-07 1.78801e-20 1.37684e-35)
(4.50933e-07 -2.51664e-09 2.3852e-22 -1.93516e-07 1.77707e-20 -3.25985e-45)
(4.5317e-07 -1.50966e-09 7.52704e-23 -1.94502e-07 1.762e-20 -1.47097e-37)
(4.54507e-07 -5.95373e-10 2.90473e-22 -1.95097e-07 1.79124e-20 1.0556e-37)
(4.54939e-07 1.06626e-10 1.88329e-22 -1.9528e-07 1.75795e-20 -4.16041e-35)
(4.54793e-07 2.72877e-10 3.41714e-20 -1.95017e-07 1.734e-20 -8.75272e-35)
(3.08493e-07 -7.84944e-08 3.58911e-22 -1.36793e-07 4.4152e-22 0)
(3.25221e-07 -7.06431e-08 2.3287e-22 -1.4385e-07 6.38924e-23 0)
(3.4122e-07 -6.37288e-08 1.7572e-23 -1.50351e-07 -1.00836e-22 0)
(3.55569e-07 -5.72793e-08 5.28681e-22 -1.56317e-07 4.7683e-22 0)
(3.68783e-07 -5.12367e-08 -1.01655e-22 -1.61641e-07 -2.40495e-23 0)
(3.8071e-07 -4.57778e-08 -4.3107e-22 -1.66529e-07 -4.37089e-22 0)
(3.91572e-07 -4.07251e-08 2.1994e-22 -1.70915e-07 8.14409e-23 0)
(4.01352e-07 -3.61372e-08 0 -1.74903e-07 0 0)
(4.1018e-07 -3.19044e-08 1.04806e-22 -1.78489e-07 3.71472e-23 0)
(4.18078e-07 -2.80111e-08 2.15477e-22 -1.81722e-07 8.30978e-23 0)
(4.25127e-07 -2.43815e-08 6.46191e-22 -1.84616e-07 3.33984e-22 0)
(4.31359e-07 -2.09739e-08 2.91477e-24 -1.87194e-07 3.33416e-24 0)
(4.36821e-07 -1.7732e-08 8.39577e-23 -1.89468e-07 -6.50921e-23 0)
(4.41542e-07 -1.4617e-08 1.23278e-22 -1.91444e-07 1.41099e-22 0)
(4.4554e-07 -1.15969e-08 1.26473e-22 -1.93118e-07 1.4513e-22 0)
(4.48841e-07 -8.6712e-09 -1.25289e-22 -1.94471e-07 -1.44501e-22 0)
(4.51421e-07 -5.87486e-09 -1.26001e-22 -1.95457e-07 -1.46141e-22 0)
(4.53313e-07 -3.32908e-09 -2.53046e-22 -1.95998e-07 -2.95211e-22 0)
(4.54368e-07 -1.21792e-09 -1.91482e-24 -1.95905e-07 -2.0969e-24 0)
(4.5463e-07 -9.38056e-11 3.46088e-20 -1.94879e-07 4.90698e-22 7.6872e-35)
(3.48199e-07 -1.13567e-07 9.82008e-23 -1.62603e-07 1.34415e-22 0)
(3.58721e-07 -1.02874e-07 1.34046e-22 -1.66798e-07 4.7867e-23 0)
(3.69626e-07 -9.32821e-08 -3.11302e-22 -1.70318e-07 -3.92303e-22 0)
(3.79179e-07 -8.43786e-08 -2.79728e-23 -1.7366e-07 7.15855e-23 0)
(3.88337e-07 -7.58983e-08 5.68063e-22 -1.7651e-07 4.73174e-22 0)
(3.96635e-07 -6.82023e-08 -4.51216e-22 -1.79241e-07 -4.31011e-22 0)
(4.04412e-07 -6.10027e-08 -1.20107e-22 -1.817e-07 -1.39185e-22 0)
(4.11505e-07 -5.44252e-08 2.29559e-22 -1.84022e-07 2.61253e-22 0)
(4.18062e-07 -4.83198e-08 1.13546e-24 -1.86173e-07 -1.69511e-22 0)
(4.24033e-07 -4.26846e-08 -2.42914e-22 -1.88193e-07 -2.73296e-22 0)
(4.29491e-07 -3.74248e-08 2.32771e-22 -1.90083e-07 2.60938e-22 0)
(4.34433e-07 -3.24958e-08 3.59691e-22 -1.91854e-07 4.03435e-22 0)
(4.38894e-07 -2.78303e-08 2.75226e-24 -1.93501e-07 3.0349e-24 0)
(4.42885e-07 -2.33802e-08 -1.23162e-22 -1.95017e-07 -1.38934e-22 0)
(4.4641e-07 -1.91034e-08 1.21924e-22 -1.96373e-07 1.38368e-22 0)
(4.49472e-07 -1.49839e-08 1.79737e-29 -1.97512e-07 2.00263e-29 0)
(4.52007e-07 -1.10323e-08 -1.2562e-22 -1.98327e-07 -1.44359e-22 0)
(4.53982e-07 -7.31048e-09 1.69681e-23 -1.98641e-07 1.04224e-22 0)
(4.55077e-07 -3.9325e-09 -4.133e-22 -1.98081e-07 -5.34151e-23 0)
(4.55265e-07 -1.04991e-09 3.47091e-20 -1.96234e-07 4.94573e-22 5.73018e-38)
(3.93746e-07 -1.38298e-07 0 -1.90777e-07 0 0)
(3.97835e-07 -1.26052e-07 1.43304e-22 -1.92338e-07 5.22395e-23 0)
(4.03573e-07 -1.14759e-07 1.12132e-22 -1.93034e-07 1.28238e-22 0)
(4.08117e-07 -1.04461e-07 1.23064e-22 -1.93919e-07 1.42579e-22 0)
(4.1301e-07 -9.44389e-08 0 -1.94348e-07 0 0)
(4.17398e-07 -8.53439e-08 1.66852e-23 -1.94928e-07 -7.19333e-23 0)
(4.21816e-07 -7.67287e-08 -3.68421e-22 -1.95417e-07 -2.2635e-22 0)
(4.25929e-07 -6.88217e-08 -2.35065e-22 -1.95996e-07 -2.55596e-22 0)
(4.2993e-07 -6.14314e-08 -1.32195e-22 -1.96611e-07 -6.10539e-23 0)
(4.33695e-07 -5.45841e-08 -8.47537e-25 -1.973e-07 1.63368e-22 0)
(4.37286e-07 -4.81783e-08 -1.16333e-22 -1.98052e-07 3.58292e-23 0)
(4.40666e-07 -4.21719e-08 2.43262e-22 -1.98867e-07 1.0441e-22 0)
(4.43852e-07 -3.64935e-08 2.30986e-22 -1.9973e-07 1.15878e-23 0)
(4.46824e-07 -3.10912e-08 5.57426e-24 -2.00613e-07 8.73458e-23 0)
(4.49565e-07 -2.59112e-08 9.91552e-24 -2.01468e-07 9.25999e-23 0)
(4.52051e-07 -2.09127e-08 -1.242e-22 -2.02213e-07 -1.39822e-22 0)
(4.54171e-07 -1.60713e-08 -2.65264e-29 -2.02704e-07 -2.98795e-29 0)
(4.55868e-07 -1.13544e-08 2.64811e-22 -2.02729e-07 3.8868e-22 0)
(4.56735e-07 -6.80322e-09 -1.34184e-23 -2.01875e-07 -1.02187e-22 0)
(4.56783e-07 -2.08597e-09 3.42194e-20 -1.99716e-07 1.32743e-22 -1.11058e-34)
(4.43148e-07 -1.51077e-07 1.08835e-23 -2.22264e-07 1.79027e-22 0)
(4.40562e-07 -1.38784e-07 -1.55702e-22 -2.21127e-07 -6.80707e-23 0)
(4.41106e-07 -1.26795e-07 -3.91498e-22 -2.18764e-07 -3.19197e-22 0)
(4.40506e-07 -1.16241e-07 2.57762e-22 -2.17087e-07 1.75541e-22 0)
(4.41061e-07 -1.05639e-07 6.70795e-22 -2.14944e-07 4.40822e-22 0)
(4.41391e-07 -9.60588e-08 -1.23202e-22 -2.13205e-07 -1.28865e-22 0)
(4.42305e-07 -8.68458e-08 0 -2.11549e-07 0 0)
(4.43257e-07 -7.83443e-08 1.19983e-22 -2.10191e-07 1.24945e-22 0)
(4.44516e-07 -7.03328e-08 -3.86265e-22 -2.09077e-07 -1.65145e-22 0)
(4.4587e-07 -6.2869e-08 -2.5054e-22 -2.08241e-07 -1.84745e-22 0)
(4.47387e-07 -5.58579e-08 1.41035e-23 -2.07669e-07 -1.42506e-22 0)
(4.48987e-07 -4.92675e-08 -1.26196e-22 -2.07352e-07 -2.13544e-22 0)
(4.50669e-07 -4.30295e-08 -1.29711e-23 -2.07265e-07 2.24208e-22 0)
(4.52391e-07 -3.70862e-08 2.46716e-22 -2.0737e-07 3.47997e-22 0)
(4.54111e-07 -3.13732e-08 1.20195e-22 -2.07604e-07 5.12744e-23 0)
(4.55782e-07 -2.58198e-08 -4.48208e-24 -2.07874e-07 -8.67433e-23 0)
(4.57273e-07 -2.03617e-08 2.32996e-22 -2.08023e-07 9.59043e-23 0)
(4.5851e-07 -1.48626e-08 1.14599e-22 -2.07839e-07 4.60326e-23 0)
(4.5908e-07 -9.31782e-09 4.70253e-22 -2.06933e-07 3.71557e-22 0)
(4.59023e-07 -2.99384e-09 3.52332e-20 -2.04916e-07 1.18321e-21 1.09976e-34)
(4.94252e-07 -1.5257e-07 9.17742e-23 -2.53513e-07 1.26153e-22 0)
(4.84933e-07 -1.41818e-07 2.20871e-24 -2.5008e-07 4.84406e-24 0)
(4.80445e-07 -1.30096e-07 -2.83055e-22 -2.44835e-07 -1.96264e-22 0)
(4.74707e-07 -1.20327e-07 -6.79733e-22 -2.40799e-07 -5.08949e-22 0)
(4.71006e-07 -1.10009e-07 2.65557e-22 -2.36278e-07 1.81007e-22 0)
(4.67282e-07 -1.00722e-07 2.49916e-22 -2.32336e-07 2.48265e-22 0)
(4.64682e-07 -9.1625e-08 -1.22446e-22 -2.28642e-07 -1.21822e-22 0)
(4.62433e-07 -8.31608e-08 -1.96928e-23 -2.25397e-07 5.45866e-23 0)
(4.6087e-07 -7.51105e-08 5.37305e-22 -2.22571e-07 3.20201e-22 0)
(4.59712e-07 -6.75511e-08 -3.59072e-22 -2.20185e-07 -3.66572e-22 0)
(4.59024e-07 -6.04081e-08 -1.27724e-22 -2.18236e-07 -1.32022e-22 0)
(4.58696e-07 -5.36571e-08 3.47126e-22 -2.16709e-07 5.14599e-22 0)
(4.58709e-07 -4.72421e-08 -5.07458e-22 -2.15582e-07 -1.51272e-22 0)
(4.59005e-07 -4.11031e-08 -3.61516e-22 -2.14817e-07 -3.86434e-22 0)
(4.59526e-07 -3.51701e-08 9.34517e-25 -2.14353e-07 -7.80117e-23 0)
(4.60211e-07 -2.93452e-08 -4.87231e-22 -2.14103e-07 -3.72948e-22 0)
(4.60931e-07 -2.35336e-08 -3.54649e-24 -2.13925e-07 -3.33563e-24 0)
(4.6161e-07 -1.75109e-08 4.78841e-22 -2.13641e-07 4.57891e-22 0)
(4.61903e-07 -1.12468e-08 7.49119e-24 -2.12939e-07 9.4449e-23 0)
(4.61826e-07 -3.69867e-09 3.5392e-20 -2.11489e-07 9.6212e-22 -7.9609e-37)
(5.44572e-07 -1.42778e-07 -9.61836e-23 -2.82908e-07 -1.23436e-22 0)
(5.28819e-07 -1.35284e-07 1.32916e-22 -2.77812e-07 1.21391e-22 0)
(5.19787e-07 -1.24833e-07 1.64096e-22 -2.70179e-07 8.57517e-23 0)
(5.0916e-07 -1.16838e-07 -1.29673e-22 -2.64068e-07 -1.21654e-22 0)
(5.01453e-07 -1.07728e-07 -3.07245e-22 -2.57502e-07 -1.53524e-22 0)
(4.93843e-07 -9.94766e-08 1.49992e-22 -2.51495e-07 7.46181e-23 0)
(4.87813e-07 -9.11953e-08 4.24489e-22 -2.45873e-07 2.73224e-22 0)
(4.82422e-07 -8.33417e-08 -6.82942e-22 -2.40782e-07 -4.587e-22 0)
(4.78042e-07 -7.57706e-08 -4.21258e-22 -2.36261e-07 -2.77583e-22 0)
(4.74362e-07 -6.85652e-08 6.61176e-22 -2.32324e-07 4.47886e-22 0)
(4.71426e-07 -6.16975e-08 -2.69679e-22 -2.28983e-07 -1.29025e-22 0)
(4.69109e-07 -5.51565e-08 3.5722e-22 -2.26226e-07 3.66057e-22 0)
(4.67375e-07 -4.89042e-08 3.84717e-22 -2.24035e-07 2.50738e-22 0)
(4.66152e-07 -4.28841e-08 -2.24456e-22 -2.22377e-07 -3.12633e-22 0)
(4.65377e-07 -3.7026e-08 -1.46641e-22 -2.21203e-07 7.58928e-23 0)
(4.64982e-07 -3.12121e-08 6.94255e-24 -2.20443e-07 6.40655e-24 0)
(4.64862e-07 -2.53285e-08 -5.93649e-22 -2.19992e-07 -4.94164e-22 0)
(4.64934e-07 -1.90851e-08 1.17863e-22 -2.19719e-07 1.32454e-22 0)
(4.64984e-07 -1.24392e-08 2.33699e-22 -2.1942e-07 1.82906e-22 0)
(4.64952e-07 -4.14767e-09 3.54979e-20 -2.18846e-07 9.67565e-22 -3.26022e-37)
(5.91479e-07 -1.2243e-07 1.15195e-24 -3.07869e-07 3.93247e-24 0)
(5.70046e-07 -1.19866e-07 -1.37418e-22 -3.01932e-07 -1.20928e-22 0)
(5.57238e-07 -1.1177e-07 2.95056e-23 -2.92918e-07 -3.20315e-23 0)
(5.42259e-07 -1.06211e-07 0 -2.85099e-07 0 0)
(5.30953e-07 -9.91327e-08 0 -2.77126e-07 0 0)
(5.19908e-07 -9.24952e-08 -4.11499e-22 -2.69526e-07 -3.22296e-22 0)
(5.10715e-07 -8.56694e-08 3.66093e-22 -2.62399e-07 3.41505e-22 0)
(5.02428e-07 -7.89854e-08 7.7184e-22 -2.55778e-07 6.73346e-22 0)
(4.95362e-07 -7.24168e-08 -5.83814e-22 -2.49771e-07 -5.609e-22 0)
(4.89242e-07 -6.60301e-08 -5.11429e-22 -2.44404e-07 -4.35639e-22 0)
(4.84082e-07 -5.98469e-08 2.35838e-22 -2.39721e-07 2.34621e-22 0)
(4.79768e-07 -5.38742e-08 -2.30967e-23 -2.35735e-07 4.64647e-23 0)
(4.76252e-07 -4.80996e-08 4.03666e-22 -2.32449e-07 1.99584e-22 0)
(4.7346e-07 -4.24818e-08 6.2872e-22 -2.29854e-07 4.35034e-22 0)
(4.71333e-07 -3.696e-08 8.58088e-24 -2.27928e-07 7.84308e-24 0)
(4.69803e-07 -3.14128e-08 2.86212e-22 -2.26635e-07 -7.80416e-23 0)
(4.68808e-07 -2.57193e-08 0 -2.25921e-07 0 0)
(4.68256e-07 -1.95535e-08 -2.40872e-22 -2.25718e-07 -1.06446e-22 0)
(4.68101e-07 -1.2872e-08 1.15889e-22 -2.25948e-07 4.90768e-23 0)
(4.68172e-07 -4.33031e-09 3.59437e-20 -2.26459e-07 1.05962e-21 -8.65232e-37)
(6.32973e-07 -9.34919e-08 -9.02252e-25 -3.26584e-07 -3.43958e-24 0)
(6.06679e-07 -9.67594e-08 1.70584e-22 -3.20399e-07 1.01976e-22 0)
(5.91234e-07 -9.26951e-08 -1.69666e-22 -3.12092e-07 -1.03365e-22 0)
(5.72896e-07 -9.00502e-08 -1.6699e-22 -3.03226e-07 -1.00671e-22 0)
(5.58342e-07 -8.58519e-08 4.58456e-22 -2.94351e-07 3.12834e-22 0)
(5.44367e-07 -8.12259e-08 3.26612e-22 -2.85443e-07 1.95054e-22 0)
(5.32284e-07 -7.61849e-08 -4.33796e-22 -2.7699e-07 -2.90439e-22 0)
(5.21407e-07 -7.09189e-08 5.76915e-23 -2.69045e-07 -6.10084e-23 0)
(5.11895e-07 -6.55756e-08 9.84748e-23 -2.61748e-07 9.13582e-23 0)
(5.03543e-07 -6.02355e-08 -5.35166e-23 -2.55158e-07 7.19349e-23 0)
(4.96321e-07 -5.49674e-08 -4.40457e-22 -2.49323e-07 -2.4162e-22 0)
(4.90128e-07 -4.98003e-08 3.9412e-24 -2.44275e-07 3.80317e-24 0)
(4.8491e-07 -4.47429e-08 -2.01428e-22 -2.40036e-07 -2.74214e-22 0)
(4.80596e-07 -3.97697e-08 -6.80575e-24 -2.36618e-07 -6.22746e-24 0)
(4.77142e-07 -3.48304e-08 2.57284e-22 -2.3403e-07 1.25346e-22 0)
(4.74481e-07 -2.98087e-08 -5.13139e-24 -2.32273e-07 -4.48596e-24 0)
(4.72611e-07 -2.45861e-08 3.13622e-22 -2.31358e-07 4.20701e-22 0)
(4.71432e-07 -1.88297e-08 -1.18455e-22 -2.31285e-07 -5.30376e-23 0)
(4.71089e-07 -1.24953e-08 -5.54925e-22 -2.32114e-07 -5.49376e-22 0)
(4.71279e-07 -4.23122e-09 3.54826e-20 -2.33807e-07 5.6487e-22 -6.53082e-35)
(6.66013e-07 -5.6381e-08 -2.17503e-23 -3.3876e-07 -1.09695e-23 0)
(6.38772e-07 -6.35319e-08 -1.82889e-22 -3.31184e-07 -1.07841e-22 0)
(6.21121e-07 -6.52156e-08 1.48482e-22 -3.25454e-07 1.16622e-22 0)
(6.01494e-07 -6.58984e-08 -3.88608e-22 -3.17383e-07 -3.54012e-22 0)
(5.84308e-07 -6.55745e-08 -3.99825e-22 -3.08985e-07 -3.32512e-22 0)
(5.68066e-07 -6.40846e-08 2.36542e-22 -2.99994e-07 2.44378e-22 0)
(5.53384e-07 -6.17808e-08 2.05597e-22 -2.90941e-07 2.45243e-22 0)
(5.40061e-07 -5.87983e-08 3.5838e-22 -2.82105e-07 3.23129e-22 0)
(5.28166e-07 -5.53466e-08 -4.20512e-22 -2.73715e-07 -3.14074e-22 0)
(5.17601e-07 -5.15814e-08 1.03087e-24 -2.65946e-07 8.6152e-24 0)
(5.08325e-07 -4.76284e-08 -5.09028e-24 -2.58916e-07 -2.56863e-23 0)
(5.00253e-07 -4.35769e-08 -3.28829e-22 -2.52713e-07 -3.21553e-22 0)
(4.93331e-07 -3.94802e-08 0 -2.47403e-07 0 0)
(4.87486e-07 -3.53511e-08 -2.98023e-22 -2.43038e-07 -9.69406e-23 0)
(4.82689e-07 -3.11701e-08 -1.39088e-24 -2.39667e-07 -5.9334e-24 0)
(4.78878e-07 -2.68469e-08 -3.84735e-22 -2.37338e-07 -1.87427e-22 0)
(4.76106e-07 -2.22818e-08 1.0536e-22 -2.36131e-07 1.11195e-22 0)
(4.74271e-07 -1.71654e-08 2.42646e-22 -2.36122e-07 1.1111e-22 0)
(4.73725e-07 -1.14588e-08 3.01728e-24 -2.37522e-07 -2.44132e-25 0)
(4.74047e-07 -3.89334e-09 3.57814e-20 -2.40412e-07 5.07937e-22 -2.76432e-37)
(6.82185e-07 -2.58208e-08 1.88145e-22 -3.39821e-07 1.65581e-22 0)
(6.57357e-07 -2.96388e-08 -1.74048e-22 -3.33449e-07 -1.09453e-22 0)
(6.38276e-07 -3.66861e-08 -1.00837e-22 -3.29431e-07 -8.37251e-23 0)
(6.18794e-07 -4.00278e-08 1.67243e-22 -3.22883e-07 1.02274e-22 0)
(6.0075e-07 -4.23813e-08 -3.30582e-22 -3.15206e-07 -1.50328e-22 0)
(5.83627e-07 -4.3442e-08 -2.22943e-22 -3.06787e-07 -1.05373e-22 0)
(5.67836e-07 -4.34831e-08 -2.77918e-22 -2.97975e-07 -2.01744e-22 0)
(5.53275e-07 -4.26827e-08 3.35057e-23 -2.89145e-07 -2.32579e-23 0)
(5.40068e-07 -4.12027e-08 5.61801e-22 -2.80563e-07 3.58261e-22 0)
(5.28158e-07 -3.92121e-08 -1.93194e-23 -2.72454e-07 -2.07795e-23 0)
(5.17548e-07 -3.68409e-08 3.00282e-22 -2.64984e-07 1.70161e-22 0)
(5.08184e-07 -3.42007e-08 -1.48121e-23 -2.58285e-07 -1.67863e-23 0)
(5.00038e-07 -3.13672e-08 1.09709e-36 -2.52465e-07 1.11454e-36 0)
(4.93057e-07 -2.83794e-08 -1.32016e-22 -2.47616e-07 -6.58185e-23 0)
(4.87237e-07 -2.52439e-08 1.29053e-22 -2.43833e-07 6.28824e-23 0)
(4.82532e-07 -2.19062e-08 -5.79229e-24 -2.41209e-07 -8.36889e-24 0)
(4.79054e-07 -1.82958e-08 2.05518e-23 -2.39892e-07 -5.43915e-23 0)
(4.76698e-07 -1.41732e-08 1.16777e-24 -2.4002e-07 3.88306e-24 0)
(4.7597e-07 -9.51076e-09 -1.19398e-24 -2.41934e-07 1.54596e-24 0)
(4.76356e-07 -3.23115e-09 3.61572e-20 -2.4583e-07 1.9036e-22 3.22023e-37)
(6.68701e-07 4.17188e-09 1.7473e-22 -3.27491e-07 1.38209e-22 0)
(6.52133e-07 -2.14715e-10 0 -3.29299e-07 0 0)
(6.34864e-07 -8.81578e-09 -1.36291e-22 -3.26206e-07 -1.2012e-22 0)
(6.1759e-07 -1.44582e-08 1.78162e-36 -3.21235e-07 1.44277e-36 0)
(6.01119e-07 -1.8903e-08 4.08334e-37 -3.14664e-07 2.96292e-37 0)
(5.85212e-07 -2.20553e-08 1.93651e-36 -3.07165e-07 1.44049e-36 0)
(5.70284e-07 -2.40943e-08 2.97031e-36 -2.99087e-07 2.40076e-36 0)
(5.56279e-07 -2.52024e-08 -1.19421e-22 -2.90815e-07 -1.11953e-22 0)
(5.43367e-07 -2.5524e-08 0 -2.82632e-07 0 0)
(5.31543e-07 -2.52195e-08 1.14111e-22 -2.74784e-07 1.10615e-22 0)
(5.20859e-07 -2.44155e-08 -1.633e-37 -2.67462e-07 -2.74463e-37 0)
(5.11299e-07 -2.32245e-08 -1.09765e-22 -2.60828e-07 -1.10173e-22 0)
(5.02877e-07 -2.1729e-08 1.07957e-22 -2.55014e-07 1.10233e-22 0)
(4.95574e-07 -1.99834e-08 1.5508e-36 -2.50141e-07 1.12998e-36 0)
(4.89423e-07 -1.8009e-08 -1.05068e-22 -2.46337e-07 -1.10856e-22 0)
(4.84405e-07 -1.57895e-08 -9.31554e-37 -2.43733e-07 -8.61551e-37 0)
(4.80677e-07 -1.32759e-08 1.03191e-22 -2.42517e-07 1.12165e-22 0)
(4.78153e-07 -1.03184e-08 1.02649e-22 -2.42875e-07 1.13143e-22 0)
(4.77462e-07 -6.91949e-09 -1.10827e-36 -2.45245e-07 -9.66828e-37 0)
(4.78017e-07 -2.33004e-09 3.62876e-20 -2.49857e-07 -9.81729e-37 -2.14064e-49)
(6.57031e-07 3.42496e-08 3.2272e-23 -3.14748e-07 5.59139e-23 0)
(6.42902e-07 2.73496e-08 -1.11374e-22 -3.19036e-07 -6.849e-23 0)
(6.29173e-07 1.72088e-08 -2.48378e-22 -3.18489e-07 -1.89069e-22 0)
(6.13951e-07 9.71094e-09 0 -3.15508e-07 0 0)
(5.9932e-07 3.50326e-09 1.28436e-23 -3.10668e-07 5.06278e-23 0)
(5.84679e-07 -1.43753e-09 -1.07467e-22 -3.04557e-07 -1.48885e-23 0)
(5.70727e-07 -5.21196e-09 -2.39402e-22 -2.97608e-07 -1.78532e-22 0)
(5.57383e-07 -8.01683e-09 -3.53786e-22 -2.90218e-07 -2.38229e-22 0)
(5.44912e-07 -9.9649e-09 1.16981e-22 -2.82711e-07 1.12813e-22 0)
(5.33333e-07 -1.12082e-08 -2.34022e-22 -2.75356e-07 -1.18226e-22 0)
(5.22745e-07 -1.1863e-08 -1.16859e-22 -2.68382e-07 -5.76158e-23 0)
(5.13168e-07 -1.20402e-08 -2.3333e-22 -2.61978e-07 -1.12482e-22 0)
(5.04646e-07 -1.18263e-08 -2.32906e-22 -2.5631e-07 -1.10048e-22 0)
(4.97191e-07 -1.12878e-08 -1.1624e-22 -2.5153e-07 -5.39979e-23 0)
(4.90861e-07 -1.04654e-08 -2.32071e-22 -2.47797e-07 -1.06393e-22 0)
(4.85669e-07 -9.37729e-09 -2.31696e-22 -2.45274e-07 -1.0531e-22 0)
(4.81804e-07 -8.00009e-09 -1.03433e-22 -2.44199e-07 -1.1224e-22 0)
(4.7919e-07 -6.29611e-09 -1.15516e-22 -2.44757e-07 -5.2544e-23 0)
(4.78533e-07 -4.24689e-09 -1.15351e-22 -2.47447e-07 -5.31214e-23 0)
(4.79171e-07 -1.41215e-09 3.62617e-20 -2.52579e-07 -5.42231e-23 -1.60943e-49)
(6.40313e-07 5.75516e-08 6.36902e-22 -3.01088e-07 5.37297e-22 0)
(6.29419e-07 5.05023e-08 1.00873e-22 -3.07929e-07 6.61055e-23 0)
(6.18822e-07 3.98928e-08 -3.69445e-22 -3.09368e-07 -3.0817e-22 0)
(6.05902e-07 3.15185e-08 3.78231e-36 -3.08107e-07 3.15518e-36 0)
(5.93318e-07 2.41575e-08 1.46746e-22 -3.04793e-07 1.7131e-22 0)
(5.80263e-07 1.79378e-08 -2.01135e-37 -2.99963e-07 -1.18315e-37 0)
(5.6762e-07 1.27985e-08 1.106e-22 -2.94117e-07 6.31406e-23 0)
(5.55294e-07 8.60241e-09 -2.38419e-22 -2.87648e-07 -2.30301e-22 0)
(5.43615e-07 5.26553e-09 4.72952e-36 -2.80902e-07 3.95374e-36 0)
(5.32627e-07 2.66287e-09 2.28687e-22 -2.74165e-07 2.27383e-22 0)
(5.22469e-07 6.93662e-10 -1.12868e-22 -2.67683e-07 -5.74658e-23 0)
(5.13188e-07 -7.43555e-10 -1.3282e-36 -2.61665e-07 -1.05848e-36 0)
(5.04859e-07 -1.73283e-09 -5.66343e-36 -2.56295e-07 -5.21734e-36 0)
(4.97518e-07 -2.35354e-09 1.13301e-22 -2.51749e-07 5.40451e-23 0)
(4.91246e-07 -2.65499e-09 -3.3708e-36 -2.48201e-07 -2.87523e-36 0)
(4.86087e-07 -2.7075e-09 -2.08704e-22 -2.45845e-07 -2.24383e-22 0)
(4.82225e-07 -2.47302e-09 1.49186e-36 -2.44912e-07 1.13476e-36 0)
(4.79658e-07 -2.0889e-09 9.26022e-23 -2.45651e-07 1.72154e-22 0)
(4.79103e-07 -1.37505e-09 -1.13247e-22 -2.48648e-07 -5.33792e-23 0)
(4.79793e-07 -3.94182e-10 3.63177e-20 -2.54051e-07 -5.45393e-23 0)
(6.20212e-07 7.691e-08 1.75184e-22 -2.8604e-07 1.22813e-22 0)
(6.12225e-07 6.97671e-08 2.23088e-22 -2.94599e-07 1.84856e-22 0)
(6.04638e-07 5.92245e-08 1.9046e-22 -2.97755e-07 1.27843e-22 0)
(5.94157e-07 5.04674e-08 3.06825e-37 -2.98195e-07 3.86271e-37 0)
(5.83795e-07 4.24451e-08 3.27019e-22 -2.96458e-07 2.46356e-22 0)
(5.72562e-07 3.53856e-08 -1.99427e-23 -2.93038e-07 -5.5258e-23 0)
(5.61483e-07 2.92644e-08 -1.58171e-23 -2.88437e-07 -5.53647e-23 0)
(5.50443e-07 2.40046e-08 2.12305e-22 -2.83044e-07 1.21527e-22 0)
(5.39831e-07 1.95541e-08 1.1589e-22 -2.77217e-07 1.15707e-22 0)
(5.29709e-07 1.58204e-08 2.2196e-22 -2.71257e-07 1.73269e-22 0)
(5.2025e-07 1.27245e-08 2.17971e-22 -2.65419e-07 1.13959e-22 0)
(5.11528e-07 1.01794e-08 -2.44028e-25 -2.59931e-07 -5.81387e-23 0)
(5.03635e-07 8.10438e-09 1.11929e-22 -2.54993e-07 -4.02136e-24 0)
(4.96638e-07 6.4232e-09 1.10373e-22 -2.50795e-07 5.38402e-23 0)
(4.90612e-07 5.06134e-09 3.26597e-22 -2.4752e-07 2.19084e-22 0)
(4.85673e-07 3.9535e-09 1.1083e-22 -2.45393e-07 5.26805e-23 0)
(4.8186e-07 3.04561e-09 0 -2.44614e-07 0 0)
(4.79612e-07 2.19543e-09 3.25098e-22 -2.456e-07 2.1746e-22 0)
(4.78398e-07 1.66109e-09 3.28638e-22 -2.48259e-07 1.89053e-22 0)
(4.79961e-07 5.02974e-10 3.66651e-20 -2.54036e-07 1.09072e-22 0)
(5.9814e-07 9.17828e-08 -9.48809e-23 -2.71009e-07 -6.81584e-23 0)
(5.92798e-07 8.50778e-08 -8.37938e-23 -2.80853e-07 -6.0293e-23 0)
(5.87876e-07 7.5155e-08 -1.26204e-22 -2.85389e-07 -1.20106e-22 0)
(5.79743e-07 6.65201e-08 0 -2.87236e-07 0 0)
(5.7155e-07 5.82782e-08 1.22699e-22 -2.8686e-07 1.19478e-22 0)
(5.62212e-07 5.07691e-08 2.17793e-22 -2.84716e-07 1.80019e-22 0)
(5.52813e-07 4.39983e-08 -2.18027e-22 -2.81292e-07 -1.78628e-22 0)
(5.43226e-07 3.79632e-08 -1.16619e-22 -2.76961e-07 -1.17559e-22 0)
(5.33875e-07 3.26439e-08 1.14611e-22 -2.72084e-07 1.16881e-22 0)
(5.2483e-07 2.79892e-08 1.04207e-22 -2.66956e-07 5.73096e-23 0)
(5.16292e-07 2.39437e-08 -1.78946e-38 -2.61845e-07 -2.0341e-37 0)
(5.08349e-07 2.0439e-08 1.06227e-22 -2.5698e-07 5.51681e-23 0)
(5.01117e-07 1.74029e-08 3.70604e-37 -2.52571e-07 3.94233e-37 0)
(4.94666e-07 1.47634e-08 -1.07556e-22 -2.4881e-07 -5.34141e-23 0)
(4.89116e-07 1.2428e-08 3.61729e-37 -2.45894e-07 3.90516e-37 0)
(4.84518e-07 1.03313e-08 1.0838e-22 -2.44029e-07 5.23877e-23 0)
(4.81118e-07 8.30991e-09 -1.03285e-22 -2.43464e-07 -1.12232e-22 0)
(4.7888e-07 6.32827e-09 -2.1861e-38 -2.4451e-07 2.02384e-37 0)
(4.78491e-07 4.11452e-09 -3.75774e-37 -2.47456e-07 -1.83008e-37 0)
(4.79216e-07 1.42176e-09 3.64144e-20 -2.52636e-07 6.19746e-35 -1.07406e-49)
(5.74904e-07 1.02908e-07 1.36693e-22 -2.56227e-07 1.25598e-22 0)
(5.71863e-07 9.6884e-08 7.72093e-23 -2.66825e-07 5.72814e-23 0)
(5.69253e-07 8.7859e-08 -1.22206e-22 -2.72373e-07 -1.19288e-22 0)
(5.63326e-07 7.96408e-08 1.71384e-36 -2.75368e-07 1.43356e-36 0)
(5.57205e-07 7.15007e-08 -1.80887e-37 -2.76168e-07 -1.84275e-37 0)
(5.49766e-07 6.38485e-08 9.19484e-23 -2.75193e-07 5.90779e-23 0)
(5.42099e-07 5.67176e-08 9.45985e-23 -2.72888e-07 5.8583e-23 0)
(5.34066e-07 5.01708e-08 -1.14652e-22 -2.69607e-07 -1.18436e-22 0)
(5.26103e-07 4.42208e-08 0 -2.65696e-07 0 0)
(5.1829e-07 3.88546e-08 2.11817e-22 -2.61445e-07 1.73361e-22 0)
(5.10839e-07 3.40418e-08 -1.45597e-36 -2.57119e-07 -1.18125e-36 0)
(5.03848e-07 2.97342e-08 -5.00045e-24 -2.52945e-07 -6.16293e-23 0)
(4.97446e-07 2.58728e-08 1.06791e-22 -2.49134e-07 1.15258e-22 0)
(4.91714e-07 2.2385e-08 1.04953e-22 -2.45877e-07 5.27843e-23 0)
(4.86774e-07 1.91829e-08 -1.045e-22 -2.43368e-07 -1.13836e-22 0)
(4.82685e-07 1.61545e-08 1.06114e-22 -2.41795e-07 5.19081e-23 0)
(4.79674e-07 1.318e-08 1.02975e-22 -2.4141e-07 1.12178e-22 0)
(4.77678e-07 1.003e-08 1.02547e-22 -2.42401e-07 1.11154e-22 0)
(4.77362e-07 6.64161e-09 -7.38106e-37 -2.45182e-07 -3.62652e-37 0)
(4.78093e-07 2.31447e-09 3.63514e-20 -2.50067e-07 -1.11464e-36 -2.1444e-49)
(5.51176e-07 1.10622e-07 6.70382e-23 -2.42153e-07 5.19849e-23 0)
(5.50089e-07 1.05465e-07 7.18518e-23 -2.53107e-07 5.43365e-23 0)
(5.49447e-07 9.75324e-08 7.63956e-23 -2.5934e-07 5.56747e-23 0)
(5.45523e-07 8.99472e-08 0 -2.6319e-07 0 0)
(5.41322e-07 8.21494e-08 8.42443e-23 -2.64934e-07 5.68755e-23 0)
(5.3572e-07 7.45892e-08 0 -2.64954e-07 0 0)
(5.29772e-07 6.73302e-08 9.05314e-23 -2.63646e-07 5.65991e-23 0)
(5.23336e-07 6.04888e-08 0 -2.61341e-07 0 0)
(5.1684e-07 5.41096e-08 0 -2.58361e-07 0 0)
(5.10363e-07 4.82164e-08 0 -2.54982e-07 0 0)
(5.04121e-07 4.28036e-08 9.9044e-23 -2.51458e-07 5.39826e-23 0)
(4.98217e-07 3.78443e-08 0 -2.48009e-07 0 0)
(4.92786e-07 3.32922e-08 0 -2.44837e-07 0 0)
(4.87909e-07 2.90818e-08 1.02646e-22 -2.42125e-07 5.19789e-23 0)
(4.8371e-07 2.51231e-08 0 -2.40052e-07 0 0)
(4.80235e-07 2.12925e-08 0 -2.38792e-07 0 0)
(4.777e-07 1.74477e-08 0 -2.38551e-07 0 0)
(4.76042e-07 1.33237e-08 1.05036e-22 -2.39533e-07 5.14225e-23 0)
(4.75832e-07 8.85615e-09 1.05398e-22 -2.42044e-07 5.19615e-23 0)
(4.76511e-07 3.07914e-09 3.63604e-20 -2.46323e-07 5.28802e-23 1.77812e-64)
(5.27338e-07 1.15423e-07 -1.85901e-22 -2.28905e-07 -1.6829e-22 0)
(5.27875e-07 1.11204e-07 0 -2.39842e-07 0 0)
(5.2889e-07 1.04417e-07 -7.22912e-23 -2.46457e-07 -5.29088e-23 0)
(5.26765e-07 9.75721e-08 0 -2.50896e-07 0 0)
(5.24327e-07 9.02625e-08 -8.04773e-23 -2.53371e-07 -5.43931e-23 0)
(5.2048e-07 8.29571e-08 -8.40204e-23 -2.54222e-07 -5.45758e-23 0)
(5.16214e-07 7.57453e-08 0 -2.53792e-07 0 0)
(5.11383e-07 6.87872e-08 0 -2.52383e-07 0 0)
(5.06393e-07 6.21536e-08 0 -2.50287e-07 0 0)
(5.01321e-07 5.58994e-08 -9.47153e-23 -2.4776e-07 -5.31886e-23 0)
(4.96375e-07 5.00422e-08 -9.66014e-23 -2.45038e-07 -5.26043e-23 0)
(4.91658e-07 4.45759e-08 -9.82138e-23 -2.42328e-07 -5.20226e-23 0)
(4.87303e-07 3.94691e-08 0 -2.39819e-07 0 0)
(4.83388e-07 3.46624e-08 0 -2.37677e-07 0 0)
(4.80031e-07 3.00731e-08 0 -2.36064e-07 0 0)
(4.7727e-07 2.55645e-08 -1.02396e-22 -2.35124e-07 -5.04759e-23 0)
(4.75285e-07 2.0997e-08 0 -2.35027e-07 0 0)
(4.74011e-07 1.60555e-08 -1.0351e-22 -2.35923e-07 -5.06474e-23 0)
(4.73918e-07 1.06673e-08 -1.03942e-22 -2.38063e-07 -5.1107e-23 0)
(4.74523e-07 3.69066e-09 3.60255e-20 -2.41621e-07 -5.18707e-23 -1.5985e-49)
(5.03602e-07 1.17675e-07 -3.41658e-22 -2.16555e-07 -3.42114e-22 0)
(5.0549e-07 1.14388e-07 -6.45125e-23 -2.27192e-07 -4.87731e-23 0)
(5.07903e-07 1.08725e-07 7.40161e-38 -2.33936e-07 2.39573e-37 0)
(5.07391e-07 1.02658e-07 4.49209e-38 -2.38732e-07 2.42374e-37 0)
(5.06568e-07 9.59176e-08 1.08749e-22 -2.41741e-07 1.18802e-22 0)
(5.04384e-07 8.8974e-08 -1.89589e-22 -2.4326e-07 -1.71732e-22 0)
(5.01749e-07 8.1937e-08 -1.92369e-22 -2.43583e-07 -1.72127e-22 0)
(4.98511e-07 7.49998e-08 0 -2.42976e-07 0 0)
(4.95044e-07 6.82544e-08 1.06275e-22 -2.41699e-07 1.19626e-22 0)
(4.91417e-07 6.17832e-08 1.28313e-23 -2.39983e-07 6.76729e-23 0)
(4.87825e-07 5.5623e-08 2.928e-37 -2.38044e-07 -5.5237e-38 0)
(4.84365e-07 4.97864e-08 -2.00444e-22 -2.3607e-07 -1.68516e-22 0)
(4.81163e-07 4.42553e-08 -1.03295e-22 -2.3423e-07 -1.16954e-22 0)
(4.78292e-07 3.8981e-08 -9.92018e-23 -2.3267e-07 -4.99492e-23 0)
(4.75854e-07 3.38881e-08 1.02155e-22 -2.31526e-07 1.14783e-22 0)
(4.73881e-07 2.88392e-08 -1.01076e-22 -2.30916e-07 -4.95725e-23 0)
(4.72506e-07 2.36941e-08 6.99042e-37 -2.30954e-07 3.40605e-37 0)
(4.7167e-07 1.81136e-08 1.01257e-22 -2.31748e-07 1.10105e-22 0)
(4.71704e-07 1.20255e-08 0 -2.33446e-07 0 0)
(4.72211e-07 4.14917e-09 3.59826e-20 -2.36145e-07 6.12618e-35 -1.06132e-49)
(4.80033e-07 1.17699e-07 1.03053e-22 -2.0502e-07 1.08058e-22 0)
(4.8306e-07 1.15271e-07 2.64334e-37 -2.15138e-07 1.39445e-37 0)
(4.86676e-07 1.10642e-07 -1.04479e-22 -2.21812e-07 -1.14646e-22 0)
(4.87628e-07 1.0533e-07 0 -2.26778e-07 0 0)
(4.88304e-07 9.91815e-08 1.04828e-22 -2.30162e-07 1.1826e-22 0)
(4.87706e-07 9.26572e-08 1.047e-22 -2.32214e-07 1.19243e-22 0)
(4.86654e-07 8.5883e-08 -1.04474e-22 -2.33181e-07 -1.19787e-22 0)
(4.84991e-07 7.90735e-08 -1.04117e-22 -2.33291e-07 -1.19975e-22 0)
(4.83052e-07 7.23373e-08 1.03701e-22 -2.32772e-07 1.19862e-22 0)
(4.80893e-07 6.57758e-08 -2.30894e-36 -2.31826e-07 -1.90508e-36 0)
(4.78692e-07 5.94419e-08 -1.31936e-36 -2.30643e-07 -9.2142e-37 0)
(4.76536e-07 5.33637e-08 3.86985e-38 -2.29389e-07 4.62326e-37 0)
(4.74537e-07 4.75374e-08 1.70641e-36 -2.28212e-07 1.53487e-36 0)
(4.72765e-07 4.19245e-08 2.06247e-36 -2.27237e-07 1.70361e-36 0)
(4.71301e-07 3.64599e-08 6.81982e-37 -2.26569e-07 3.34138e-37 0)
(4.7017e-07 3.1013e-08 -3.441e-37 -2.26291e-07 -1.66864e-37 0)
(4.69455e-07 2.54495e-08 -1.00782e-22 -2.26467e-07 -1.1184e-22 0)
(4.6909e-07 1.94263e-08 -6.99521e-37 -2.27142e-07 -3.35968e-37 0)
(4.69267e-07 1.28692e-08 -1.3952e-36 -2.28358e-07 -1.0768e-36 0)
(4.69673e-07 4.42713e-09 3.58187e-20 -2.30137e-07 -3.40399e-37 0)
(4.56592e-07 1.15698e-07 -3.07343e-22 -1.94209e-07 -3.26066e-22 0)
(4.60622e-07 1.14009e-07 -5.5084e-37 -2.03659e-07 -5.29319e-37 0)
(4.65316e-07 1.10283e-07 -1.10946e-37 -2.10122e-07 7.9863e-38 0)
(4.67637e-07 1.05666e-07 1.8445e-37 -2.15122e-07 2.1287e-37 0)
(4.69734e-07 1.00095e-07 1.00842e-22 -2.18758e-07 1.17635e-22 0)
(4.70672e-07 9.40159e-08 -1.01043e-22 -2.21235e-07 -1.18862e-22 0)
(4.71171e-07 8.75649e-08 -1.0115e-22 -2.22755e-07 -1.19604e-22 0)
(4.71069e-07 8.09678e-08 0 -2.23508e-07 0 0)
(4.70659e-07 7.43437e-08 1.0104e-22 -2.23687e-07 1.1994e-22 0)
(4.69981e-07 6.78073e-08 1.00895e-22 -2.23465e-07 1.19649e-22 0)
(4.69192e-07 6.14234e-08 -6.28312e-37 -2.23004e-07 -3.24351e-37 0)
(4.68364e-07 5.52312e-08 -1.00547e-22 -2.22446e-07 -1.18359e-22 0)
(4.676e-07 4.92373e-08 -1.00383e-22 -2.21916e-07 -1.17416e-22 0)
(4.66958e-07 4.34161e-08 3.52256e-37 -2.21517e-07 6.35061e-37 0)
(4.66501e-07 3.77139e-08 1.00147e-22 -2.21324e-07 1.14986e-22 0)
(4.66244e-07 3.20156e-08 3.44814e-37 -2.21385e-07 3.90934e-37 0)
(4.66221e-07 2.6198e-08 0 -2.21708e-07 0 0)
(4.66362e-07 1.99355e-08 1.00118e-22 -2.22276e-07 1.09699e-22 0)
(4.66703e-07 1.316e-08 -1.38887e-36 -2.23012e-07 -1.06721e-36 0)
(4.67016e-07 4.51286e-09 3.56458e-20 -2.23855e-07 -3.31107e-37 0)
(4.33166e-07 1.11796e-07 -5.77891e-24 -1.83887e-07 -2.95989e-24 0)
(4.38151e-07 1.10694e-07 -6.11738e-23 -1.92596e-07 -4.13462e-23 0)
(4.43873e-07 1.07712e-07 -9.52898e-23 -1.98776e-07 -1.12185e-22 0)
(4.47525e-07 1.03705e-07 0 -2.03737e-07 0 0)
(4.51018e-07 9.86728e-08 9.68236e-23 -2.07555e-07 1.16948e-22 0)
(4.53475e-07 9.30458e-08 1.75786e-22 -2.10393e-07 1.63552e-22 0)
(4.55518e-07 8.69607e-08 -1.79752e-22 -2.12408e-07 -1.64899e-22 0)
(4.56979e-07 8.06487e-08 -2.68399e-22 -2.13756e-07 -2.11552e-22 0)
(4.58103e-07 7.4232e-08 9.83446e-23 -2.1459e-07 1.19872e-22 0)
(4.58916e-07 6.78327e-08 9.05228e-23 -2.15055e-07 4.61675e-23 0)
(4.59548e-07 6.152e-08 -9.75515e-39 -2.15284e-07 -2.45931e-37 0)
(4.60061e-07 5.53416e-08 9.46439e-23 -2.15398e-07 4.62412e-23 0)
(4.6054e-07 4.93123e-08 -1.92556e-22 -2.15495e-07 -9.25242e-23 0)
(4.61035e-07 4.34169e-08 -9.76576e-23 -2.15657e-07 -4.62969e-23 0)
(4.61594e-07 3.76156e-08 -1.97613e-22 -2.15933e-07 -9.27122e-23 0)
(4.62222e-07 3.18133e-08 9.97531e-23 -2.16337e-07 4.64428e-23 0)
(4.62909e-07 2.59081e-08 -9.93764e-23 -2.16827e-07 -1.11649e-22 0)
(4.63575e-07 1.96121e-08 -3.48521e-37 -2.17321e-07 -1.60721e-37 0)
(4.64111e-07 1.28697e-08 -1.03486e-36 -2.17621e-07 -8.97645e-37 0)
(4.64358e-07 4.39399e-09 3.5472e-20 -2.17578e-07 -1.60911e-37 0)
(4.09592e-07 1.0597e-07 9.28899e-23 -1.73961e-07 1.04598e-22 0)
(4.15573e-07 1.0529e-07 6.20443e-23 -1.81914e-07 3.9053e-23 0)
(4.22355e-07 1.02887e-07 -9.06703e-23 -1.87793e-07 -1.11008e-22 0)
(4.27373e-07 9.93971e-08 -2.62304e-38 -1.9269e-07 2.91695e-37 0)
(4.3229e-07 9.48606e-08 -6.11525e-37 -1.96663e-07 -2.31319e-37 0)
(4.36293e-07 8.9688e-08 7.93119e-23 -1.99828e-07 4.28988e-23 0)
(4.39902e-07 8.40114e-08 2.71686e-22 -2.02305e-07 2.81194e-22 0)
(4.42946e-07 7.80582e-08 -9.50908e-23 -2.04212e-07 -1.19475e-22 0)
(4.45622e-07 7.19482e-08 -1.91331e-22 -2.05668e-07 -2.39323e-22 0)
(4.47937e-07 6.58024e-08 1.8741e-22 -2.06786e-07 1.63892e-22 0)
(4.49995e-07 5.96913e-08 -9.63413e-37 -2.07673e-07 -4.58351e-37 0)
(4.51847e-07 5.36652e-08 1.92274e-22 -2.08424e-07 1.63058e-22 0)
(4.53561e-07 4.77429e-08 9.73697e-23 -2.09119e-07 1.1736e-22 0)
(4.55181e-07 4.19176e-08 9.81997e-23 -2.09818e-07 4.50432e-23 0)
(4.5674e-07 3.61629e-08 -9.8052e-23 -2.10546e-07 -1.1484e-22 0)
(4.58237e-07 3.04094e-08 -9.65149e-23 -2.11293e-07 -1.81217e-22 0)
(4.59628e-07 2.45823e-08 9.86721e-23 -2.11972e-07 1.11537e-22 0)
(4.60827e-07 1.84538e-08 9.89294e-23 -2.12447e-07 1.09528e-22 0)
(4.61597e-07 1.19916e-08 6.92209e-37 -2.12402e-07 5.25569e-37 0)
(4.61816e-07 4.06582e-09 3.53058e-20 -2.11588e-07 -6.08371e-35 -1.04136e-49)
(3.85692e-07 9.81456e-08 -4.87364e-37 -1.64009e-07 -4.68401e-37 0)
(3.9281e-07 9.7716e-08 6.39493e-23 -1.71293e-07 3.67729e-23 0)
(4.00768e-07 9.57302e-08 7.02827e-37 -1.76947e-07 3.88225e-37 0)
(4.07261e-07 9.26715e-08 0 -1.8184e-07 0 0)
(4.13688e-07 8.85937e-08 -7.90796e-37 -1.86013e-07 -4.08115e-37 0)
(4.19313e-07 8.3887e-08 -8.11563e-23 -1.89538e-07 -4.06897e-23 0)
(4.24548e-07 7.86693e-08 8.45812e-23 -1.92497e-07 4.13249e-23 0)
(4.29219e-07 7.31577e-08 1.75285e-22 -1.94972e-07 8.37122e-23 0)
(4.33476e-07 6.74635e-08 0 -1.97048e-07 0 0)
(4.37309e-07 6.17002e-08 -9.27254e-23 -1.98809e-07 -4.268e-23 0)
(4.40798e-07 5.59339e-08 -1.30016e-36 -2.00335e-07 -1.63216e-36 0)
(4.43978e-07 5.02119e-08 -9.65359e-23 -2.017e-07 -4.33007e-23 0)
(4.46905e-07 4.45525e-08 1.96045e-22 -2.02966e-07 8.71446e-23 0)
(4.49613e-07 3.89555e-08 9.92667e-23 -2.04172e-07 4.38313e-23 0)
(4.52128e-07 3.34052e-08 2.00595e-22 -2.05332e-07 8.81606e-23 0)
(4.54449e-07 2.78576e-08 -1.01145e-22 -2.06414e-07 -4.43126e-23 0)
(4.56514e-07 2.22711e-08 0 -2.07308e-07 0 0)
(4.58228e-07 1.64993e-08 1.04666e-36 -2.07831e-07 4.55986e-37 0)
(4.59267e-07 1.05457e-08 2.40623e-36 -2.07571e-07 1.93135e-36 0)
(4.59514e-07 3.53261e-09 3.51536e-20 -2.06181e-07 -2.68039e-37 -2.07374e-49)
(3.61274e-07 8.79931e-08 -7.75576e-23 -1.54201e-07 -9.96381e-23 0)
(3.69783e-07 8.76672e-08 2.73476e-37 -1.60941e-07 3.6042e-37 0)
(3.79125e-07 8.59677e-08 4.02982e-37 -1.66476e-07 5.45336e-37 0)
(3.87279e-07 8.32836e-08 -1.03879e-37 -1.71452e-07 3.13184e-37 0)
(3.95367e-07 7.96584e-08 8.48767e-23 -1.75886e-07 1.14553e-22 0)
(4.02735e-07 7.54583e-08 -8.64583e-23 -1.79812e-07 -1.16428e-22 0)
(4.09689e-07 7.07788e-08 -8.79513e-23 -1.83276e-07 -1.17715e-22 0)
(4.16059e-07 6.58213e-08 0 -1.86325e-07 0 0)
(4.21945e-07 6.06793e-08 9.05822e-23 -1.89013e-07 1.18838e-22 0)
(4.27321e-07 5.54557e-08 9.17365e-23 -1.91397e-07 1.18794e-22 0)
(4.32246e-07 5.02058e-08 -9.56196e-37 -1.93533e-07 -1.22023e-36 0)
(4.36738e-07 4.49691e-08 -9.3758e-23 -1.95474e-07 -1.17749e-22 0)
(4.40841e-07 3.97601e-08 -9.46389e-23 -1.97263e-07 -1.16829e-22 0)
(4.44584e-07 3.45788e-08 0 -1.9893e-07 0 0)
(4.47989e-07 2.94158e-08 9.61733e-23 -2.00479e-07 1.14359e-22 0)
(4.51056e-07 2.42512e-08 0 -2.01873e-07 0 0)
(4.53724e-07 1.90753e-08 -1.41574e-36 -2.02992e-07 -5.98735e-37 0)
(4.55902e-07 1.38343e-08 9.78723e-23 -2.03631e-07 1.09471e-22 0)
(4.5723e-07 8.58622e-09 1.37856e-36 -2.0332e-07 1.03513e-36 0)
(4.57561e-07 2.80937e-09 3.50239e-20 -2.01618e-07 6.03799e-35 -1.03305e-49)
(3.36208e-07 7.52915e-08 6.59893e-23 -1.43636e-07 3.08355e-23 0)
(3.46477e-07 7.4953e-08 0 -1.50129e-07 0 0)
(3.57503e-07 7.34462e-08 3.93904e-37 -1.55813e-07 3.00054e-37 0)
(3.67582e-07 7.11175e-08 0 -1.61103e-07 0 0)
(3.77545e-07 6.79744e-08 -1.39198e-37 -1.65988e-07 -1.95134e-37 0)
(3.86825e-07 6.43527e-08 3.38544e-37 -1.7047e-07 -4.1583e-37 0)
(3.95629e-07 6.03199e-08 0 -1.74558e-07 0 0)
(4.03791e-07 5.60516e-08 0 -1.7827e-07 0 0)
(4.11367e-07 5.16208e-08 0 -1.81634e-07 0 0)
(4.18324e-07 4.71136e-08 -6.46134e-37 -1.8468e-07 -5.4274e-37 0)
(4.24692e-07 4.25708e-08 3.00975e-38 -1.87444e-07 -2.6641e-37 0)
(4.30481e-07 3.80205e-08 3.47836e-37 -1.89958e-07 1.40485e-37 0)
(4.3572e-07 3.34696e-08 0 -1.92252e-07 0 0)
(4.40431e-07 2.89129e-08 0 -1.94347e-07 0 0)
(4.44633e-07 2.43432e-08 0 -1.96241e-07 0 0)
(4.48332e-07 1.97543e-08 3.58569e-37 -1.97904e-07 1.46361e-37 0)
(4.51483e-07 1.51673e-08 0 -1.99232e-07 0 0)
(4.54017e-07 1.06182e-08 2.03519e-36 -2.00032e-07 2.02725e-36 0)
(4.55606e-07 6.23496e-09 -3.62338e-37 -1.99844e-07 -1.47796e-37 0)
(4.56064e-07 1.9373e-09 3.49223e-20 -1.98164e-07 1.20393e-34 -1.06455e-63)
(3.10397e-07 5.91261e-08 -1.35989e-22 -1.33543e-07 -1.90518e-22 0)
(3.22919e-07 5.87432e-08 -7.56065e-24 -1.40032e-07 7.20441e-23 0)
(3.36024e-07 5.74249e-08 -1.66696e-37 -1.46052e-07 7.16371e-38 0)
(3.48364e-07 5.55172e-08 -1.58018e-37 -1.51798e-07 8.98839e-38 0)
(3.60466e-07 5.29721e-08 7.7384e-23 -1.57235e-07 1.12542e-22 0)
(3.71868e-07 5.00789e-08 -1.72918e-22 -1.62333e-07 -1.49438e-22 0)
(3.82679e-07 4.68738e-08 -1.78068e-22 -1.67072e-07 -1.51908e-22 0)
(3.92745e-07 4.3497e-08 0 -1.71451e-07 0 0)
(4.0209e-07 3.99997e-08 8.63198e-23 -1.75472e-07 1.17462e-22 0)
(4.10669e-07 3.64451e-08 -1.37374e-23 -1.79146e-07 7.90882e-23 0)
(4.18496e-07 3.28585e-08 -3.49947e-38 -1.82489e-07 2.72389e-37 0)
(4.25569e-07 2.92562e-08 -1.95516e-22 -1.85519e-07 -1.56544e-22 0)
(4.31905e-07 2.56345e-08 -9.27205e-23 -1.88252e-07 -1.15887e-22 0)
(4.37515e-07 2.19817e-08 -1.05395e-22 -1.90701e-07 -4.09392e-23 0)
(4.42413e-07 1.82854e-08 9.49763e-23 -1.92866e-07 1.13595e-22 0)
(4.46608e-07 1.45417e-08 -1.05978e-22 -1.94728e-07 -4.18038e-23 0)
(4.50079e-07 1.07853e-08 4.07419e-37 -1.96216e-07 -7.9523e-38 0)
(4.52792e-07 7.10681e-09 9.72046e-23 -1.97181e-07 1.0934e-22 0)
(4.54522e-07 3.71326e-09 -1.47894e-36 -1.9725e-07 -5.88374e-37 0)
(4.55082e-07 9.97369e-10 3.48498e-20 -1.95924e-07 -2.94623e-37 0)
(2.83905e-07 3.97609e-08 -1.75807e-23 -1.21309e-07 6.95579e-23 0)
(2.99318e-07 3.9357e-08 -8.388e-23 -1.28462e-07 -2.75779e-23 0)
(3.15005e-07 3.83018e-08 2.10197e-23 -1.35384e-07 -7.60255e-23 0)
(3.3001e-07 3.69227e-08 0 -1.4208e-07 0 0)
(3.4457e-07 3.51238e-08 1.7025e-22 -1.48476e-07 1.43233e-22 0)
(3.58332e-07 3.3125e-08 7.69261e-23 -1.54528e-07 1.13475e-22 0)
(3.71328e-07 3.0932e-08 -1.81438e-22 -1.60197e-07 -1.49394e-22 0)
(3.83423e-07 2.86431e-08 -8.23125e-23 -1.65465e-07 -1.16018e-22 0)
(3.94619e-07 2.62845e-08 8.4716e-23 -1.70321e-07 1.16578e-22 0)
(4.04871e-07 2.38964e-08 -5.8887e-37 -1.74763e-07 -7.90923e-37 0)
(4.1418e-07 2.14894e-08 1.07325e-22 -1.78791e-07 3.83825e-23 0)
(4.22538e-07 1.90683e-08 3.12491e-37 -1.82412e-07 3.99811e-37 0)
(4.29949e-07 1.66207e-08 -4.2506e-37 -1.85629e-07 1.23432e-37 0)
(4.36409e-07 1.41297e-08 -1.08245e-22 -1.88445e-07 -4.04551e-23 0)
(4.41915e-07 1.15758e-08 -4.16299e-37 -1.90857e-07 1.08306e-37 0)
(4.46466e-07 8.9491e-09 2.89392e-37 -1.92849e-07 6.28416e-37 0)
(4.50037e-07 6.28134e-09 -9.66131e-23 -1.94388e-07 -1.10497e-22 0)
(4.52644e-07 3.6767e-09 1.07626e-22 -1.95407e-07 4.19495e-23 0)
(4.54187e-07 1.39071e-09 1.07529e-22 -1.9573e-07 4.2019e-23 0)
(4.54678e-07 1.62818e-10 3.49188e-20 -1.95044e-07 4.18717e-23 0)
(2.56886e-07 1.35659e-08 -4.77464e-23 -1.11892e-07 1.77054e-20 1.538e-35)
(2.75909e-07 1.33847e-08 -5.92315e-23 -1.1988e-07 1.7713e-20 -2.62689e-50)
(2.94729e-07 1.29598e-08 -6.32718e-23 -1.2775e-07 1.77011e-20 -2.62577e-50)
(3.12804e-07 1.24632e-08 1.52831e-35 -1.35346e-07 1.77977e-20 0)
(3.30153e-07 1.18252e-08 7.08766e-23 -1.4262e-07 1.79015e-20 0)
(3.46511e-07 1.11302e-08 7.43882e-23 -1.49495e-07 1.78983e-20 2.62307e-50)
(3.61868e-07 1.0374e-08 -7.76851e-23 -1.55944e-07 1.76679e-20 -5.24476e-50)
(3.76111e-07 9.5919e-09 -8.07427e-23 -1.61932e-07 1.76627e-20 1.8061e-64)
(3.89235e-07 8.78942e-09 8.35602e-23 -1.6745e-07 1.78896e-20 -7.86385e-50)
(4.01205e-07 7.98048e-09 3.061e-35 -1.72485e-07 1.77714e-20 -5.24175e-50)
(4.12022e-07 7.167e-09 0 -1.77037e-07 1.7769e-20 0)
(4.21675e-07 6.34793e-09 -2.98156e-35 -1.81103e-07 1.77673e-20 -5.24053e-50)
(4.30158e-07 5.51718e-09 1.08906e-36 -1.84681e-07 1.77659e-20 -1.04803e-49)
(4.37455e-07 4.66575e-09 7.67396e-37 -1.87765e-07 1.7765e-20 -1.04797e-49)
(4.43528e-07 3.78161e-09 1.09073e-36 -1.90341e-07 1.77645e-20 -1.04795e-49)
(4.48349e-07 2.85834e-09 1.42045e-36 -1.92397e-07 1.77644e-20 -1.04794e-49)
(4.51847e-07 1.90365e-09 -9.70016e-23 -1.93909e-07 1.76544e-20 -5.23977e-50)
(4.54055e-07 9.55915e-10 3.05104e-35 -1.94878e-07 1.77652e-20 0)
(4.54916e-07 1.47139e-10 0 -1.95276e-07 1.77658e-20 0)
(4.54851e-07 -1.34775e-10 3.47843e-20 -1.95115e-07 1.77663e-20 0)
(5.07233e-07 3.75467e-08 1.96199e-22 -5.69056e-09 3.841e-23 0)
(5.22325e-07 6.67144e-08 -2.61869e-23 -2.81621e-08 -8.47931e-24 0)
(5.50317e-07 9.65737e-08 -1.81001e-22 -6.46642e-08 -1.00797e-22 0)
(5.82378e-07 1.1449e-07 2.2231e-23 -1.09824e-07 1.53095e-23 0)
(6.16061e-07 1.20945e-07 -6.43074e-23 -1.587e-07 -4.47327e-23 0)
(6.46416e-07 1.14941e-07 6.81719e-23 -2.06983e-07 7.44843e-23 0)
(6.70771e-07 9.7523e-08 2.30387e-22 -2.51067e-07 1.64399e-22 0)
(6.86549e-07 7.02595e-08 -1.04952e-22 -2.88016e-07 -7.78007e-23 0)
(6.92932e-07 3.60142e-08 -1.55002e-22 -3.16271e-07 -1.19755e-22 0)
(6.87995e-07 -3.2593e-09 0 -3.31138e-07 0 0)
(4.80439e-07 3.3677e-08 6.06067e-24 -6.09496e-09 1.78272e-24 0)
(4.94857e-07 6.07211e-08 2.31393e-22 -2.70373e-08 8.92456e-23 0)
(5.20863e-07 9.01826e-08 2.49441e-22 -5.94069e-08 1.37668e-22 0)
(5.51163e-07 1.10346e-07 2.31765e-22 -9.95126e-08 1.54972e-22 0)
(5.84308e-07 1.21332e-07 -5.7074e-23 -1.4355e-07 -4.05326e-23 0)
(6.16036e-07 1.21669e-07 -2.89037e-22 -1.88048e-07 -2.37854e-22 0)
(6.43985e-07 1.11878e-07 -2.51394e-22 -2.29997e-07 -1.80628e-22 0)
(6.65207e-07 9.26557e-08 3.74065e-22 -2.66563e-07 2.9414e-22 0)
(6.78098e-07 6.64208e-08 -1.07446e-22 -2.9672e-07 -6.97016e-23 0)
(6.79339e-07 2.83566e-08 1.73494e-22 -3.17636e-07 1.38578e-22 0)
(4.56384e-07 2.95686e-08 -1.09951e-23 -6.76959e-09 -3.91758e-24 0)
(4.70365e-07 5.49256e-08 -2.02024e-22 -2.71792e-08 -7.53226e-23 0)
(4.94466e-07 8.3693e-08 -2.07107e-22 -5.69466e-08 -1.11187e-22 0)
(5.22333e-07 1.04964e-07 2.90652e-22 -9.34247e-08 1.9136e-22 0)
(5.53263e-07 1.18661e-07 2.59138e-22 -1.33678e-07 1.94599e-22 0)
(5.83646e-07 1.23008e-07 2.78313e-22 -1.74964e-07 2.27389e-22 0)
(6.11733e-07 1.18282e-07 -1.41504e-24 -2.1489e-07 2.13484e-25 0)
(6.3534e-07 1.04727e-07 -2.23384e-22 -2.51008e-07 -2.07511e-22 0)
(6.53033e-07 8.5599e-08 -3.55554e-25 -2.8213e-07 5.77942e-25 0)
(6.63691e-07 5.50065e-08 5.70463e-23 -3.05853e-07 1.68126e-23 0)
(4.34412e-07 2.49881e-08 0 -7.53614e-09 0 0)
(4.48298e-07 4.88926e-08 6.63261e-23 -2.77203e-08 1.88096e-23 0)
(4.71083e-07 7.69757e-08 -7.4315e-23 -5.52272e-08 -4.87832e-23 0)
(4.97068e-07 9.9131e-08 -1.96594e-22 -8.82502e-08 -1.35826e-22 0)
(5.26198e-07 1.15275e-07 1.4497e-22 -1.24569e-07 1.09513e-22 0)
(5.55373e-07 1.23452e-07 -2.16261e-22 -1.6207e-07 -1.74998e-22 0)
(5.83079e-07 1.23663e-07 -8.52593e-23 -1.98884e-07 -8.66334e-23 0)
(6.07592e-07 1.15394e-07 2.5069e-22 -2.33126e-07 2.14375e-22 0)
(6.26799e-07 1.01486e-07 -1.06965e-24 -2.63763e-07 3.64653e-25 0)
(6.42638e-07 7.62996e-08 3.43135e-22 -2.89875e-07 2.96833e-22 0)
(4.13822e-07 1.98724e-08 7.48932e-23 -8.30486e-09 1.0086e-23 0)
(4.27754e-07 4.24748e-08 1.05653e-22 -2.86702e-08 4.05408e-23 0)
(4.49457e-07 6.96976e-08 0 -5.46953e-08 0 0)
(4.73657e-07 9.21262e-08 -1.20631e-22 -8.51438e-08 -8.01975e-23 0)
(5.00833e-07 1.09718e-07 -9.49963e-23 -1.18344e-07 -6.96925e-23 0)
(5.28411e-07 1.20492e-07 5.04348e-23 -1.52712e-07 4.16731e-23 0)
(5.5517e-07 1.24406e-07 -1.18655e-22 -1.86754e-07 -9.77612e-23 0)
(5.80101e-07 1.20736e-07 -8.38582e-23 -2.18998e-07 -5.96346e-23 0)
(6.00215e-07 1.11914e-07 -7.60439e-23 -2.48095e-07 -5.86394e-23 0)
(6.19339e-07 9.31621e-08 -3.79921e-22 -2.7371e-07 -2.97691e-22 0)
(3.9445e-07 1.43139e-08 -1.4352e-22 -9.05872e-09 -1.59442e-23 0)
(4.08587e-07 3.58977e-08 8.84439e-23 -2.97626e-08 3.04962e-23 0)
(4.2954e-07 6.24204e-08 2.5922e-22 -5.46101e-08 1.2585e-22 0)
(4.52285e-07 8.50462e-08 -8.5028e-23 -8.27913e-08 -5.19864e-23 0)
(4.77716e-07 1.03795e-07 -1.29072e-22 -1.13061e-07 -9.75405e-23 0)
(5.03659e-07 1.16676e-07 9.26147e-23 -1.44296e-07 7.87558e-23 0)
(5.29041e-07 1.23536e-07 1.06173e-22 -1.75361e-07 9.09268e-23 0)
(5.53542e-07 1.23518e-07 5.18783e-23 -2.05313e-07 4.89921e-23 0)
(5.73582e-07 1.18452e-07 2.0434e-22 -2.3279e-07 1.64659e-22 0)
(5.94444e-07 1.05215e-07 -1.40844e-22 -2.57558e-07 -1.25655e-22 0)
(3.75863e-07 8.23465e-09 0 -9.79577e-09 0 0)
(3.90286e-07 2.89791e-08 -3.78471e-23 -3.10237e-08 -2.65589e-23 0)
(4.10684e-07 5.48511e-08 9.69864e-23 -5.51117e-08 4.97292e-23 0)
(4.32184e-07 7.74948e-08 8.12238e-23 -8.15503e-08 4.79386e-23 0)
(4.56026e-07 9.70003e-08 -2.63458e-22 -1.09422e-07 -1.87808e-22 0)
(4.80398e-07 1.11452e-07 -9.22669e-23 -1.37965e-07 -7.34281e-23 0)
(5.04356e-07 1.20638e-07 2.53236e-22 -1.66293e-07 2.17059e-22 0)
(5.2813e-07 1.23766e-07 -1.63399e-22 -1.93822e-07 -1.47761e-22 0)
(5.47718e-07 1.2196e-07 7.36385e-23 -2.1924e-07 5.12599e-23 0)
(5.6908e-07 1.13546e-07 4.486e-22 -2.42239e-07 3.99314e-22 0)
(3.57907e-07 1.70321e-09 6.16228e-23 -1.04951e-08 3.07104e-25 0)
(3.72685e-07 2.18252e-08 -1.2433e-23 -3.23242e-08 -9.43822e-24 0)
(3.92711e-07 4.72138e-08 4.01197e-25 -5.5864e-08 4.38629e-25 0)
(4.13171e-07 6.98793e-08 2.65097e-23 -8.0825e-08 2.24224e-23 0)
(4.35594e-07 8.99568e-08 -1.51893e-22 -1.06558e-07 -1.18113e-22 0)
(4.58455e-07 1.05618e-07 9.06383e-24 -1.32615e-07 -8.9305e-26 0)
(4.80936e-07 1.16571e-07 -1.02811e-24 -1.58369e-07 -9.2469e-25 0)
(5.03694e-07 1.22177e-07 -3.13953e-22 -1.83539e-07 -2.82699e-22 0)
(5.22606e-07 1.22964e-07 -2.87008e-22 -2.06974e-07 -2.42264e-22 0)
(5.43769e-07 1.18555e-07 1.76071e-22 -2.28061e-07 1.68742e-22 0)
(3.40331e-07 -5.31359e-09 8.14153e-24 -1.11756e-08 6.19994e-24 0)
(3.55508e-07 1.43588e-08 -3.05824e-23 -3.36968e-08 1.53921e-23 0)
(3.75291e-07 3.93965e-08 -7.02652e-23 -5.69173e-08 -2.72603e-23 0)
(3.94865e-07 6.20824e-08 2.26664e-22 -8.06952e-08 1.25811e-22 0)
(4.16029e-07 8.25802e-08 6.34263e-23 -1.04606e-07 5.61442e-23 0)
(4.3749e-07 9.91755e-08 -2.9789e-22 -1.28456e-07 -2.38808e-22 0)
(4.58572e-07 1.1151e-07 2.28454e-22 -1.51838e-07 2.00173e-22 0)
(4.80193e-07 1.19129e-07 1.50698e-22 -1.74679e-07 1.4261e-22 0)
(4.98317e-07 1.22059e-07 -2.76188e-22 -1.96067e-07 -2.34177e-22 0)
(5.18822e-07 1.20892e-07 -5.21161e-22 -2.15117e-07 -4.72099e-22 0)
(3.22998e-07 -1.27807e-08 1.19908e-23 -1.18289e-08 9.7944e-24 0)
(3.38606e-07 6.62063e-09 1.61722e-22 -3.50923e-08 4.97791e-23 0)
(3.58237e-07 3.14773e-08 1.83914e-22 -5.81325e-08 5.66843e-23 0)
(3.77032e-07 5.42393e-08 -1.45766e-22 -8.08969e-08 -7.82598e-23 0)
(3.97054e-07 7.50705e-08 1.62547e-22 -1.03181e-07 1.45913e-22 0)
(4.17198e-07 9.23721e-08 7.29706e-23 -1.25015e-07 6.5091e-23 0)
(4.36956e-07 1.05739e-07 1.83426e-22 -1.46215e-07 1.58726e-22 0)
(4.57388e-07 1.1491e-07 5.24397e-22 -1.66862e-07 4.78857e-22 0)
(4.74707e-07 1.19561e-07 1.56694e-22 -1.86291e-07 1.3216e-22 0)
(4.94339e-07 1.20969e-07 -1.7204e-22 -2.03374e-07 -1.76315e-22 0)
(3.05758e-07 -2.0709e-08 -1.97468e-23 -1.24779e-08 -1.71378e-23 0)
(3.21816e-07 -1.40877e-09 1.47183e-22 -3.65427e-08 -9.1471e-24 0)
(3.41345e-07 2.34362e-08 1.10124e-22 -5.95199e-08 2.52145e-23 0)
(3.59415e-07 4.63442e-08 -1.82818e-22 -8.14003e-08 -8.38994e-23 0)
(3.78376e-07 6.74502e-08 -2.1074e-22 -1.02212e-07 -1.54437e-22 0)
(3.97277e-07 8.52798e-08 2.72379e-22 -1.22185e-07 2.24764e-22 0)
(4.15806e-07 9.9406e-08 1.69638e-22 -1.41354e-07 1.4738e-22 0)
(4.35061e-07 1.09746e-07 1.40954e-22 -1.59912e-07 1.19989e-22 0)
(4.51593e-07 1.15754e-07 1.52173e-22 -1.77441e-07 1.25961e-22 0)
(4.70275e-07 1.1915e-07 -5.59388e-28 -1.92664e-07 -4.49411e-28 0)
(2.88517e-07 -2.90859e-08 -1.16182e-22 -1.31395e-08 9.56691e-24 0)
(3.05032e-07 -9.68718e-09 -1.49079e-22 -3.80642e-08 -3.90964e-23 0)
(3.24457e-07 1.53425e-08 -6.21293e-23 -6.1048e-08 -1.85814e-23 0)
(3.41792e-07 3.84827e-08 -6.58668e-23 -8.20937e-08 -3.22333e-23 0)
(3.59708e-07 5.98099e-08 -2.36793e-22 -1.01504e-07 -1.77655e-22 0)
(3.77408e-07 7.79893e-08 -1.51126e-22 -1.19714e-07 -1.17868e-22 0)
(3.94789e-07 9.26087e-08 1.22281e-22 -1.36977e-07 1.08148e-22 0)
(4.12919e-07 1.03754e-07 1.27255e-22 -1.53575e-07 1.25239e-22 0)
(4.28725e-07 1.10773e-07 2.33811e-22 -1.69298e-07 2.38898e-22 0)
(4.46486e-07 1.15646e-07 4.28125e-23 -1.8281e-07 5.17038e-23 0)
(2.71229e-07 -3.79249e-08 6.28774e-23 -1.38776e-08 -4.27347e-25 0)
(2.88187e-07 -1.81801e-08 6.58428e-23 -3.97197e-08 1.14485e-23 0)
(3.07418e-07 7.2554e-09 -4.08675e-23 -6.27115e-08 1.90765e-24 0)
(3.23915e-07 3.07225e-08 6.29545e-25 -8.28663e-08 5.48784e-25 0)
(3.40736e-07 5.22097e-08 -1.68137e-22 -1.00857e-07 -1.1641e-22 0)
(3.57245e-07 7.05548e-08 -7.13464e-23 -1.17336e-07 -6.07408e-23 0)
(3.73552e-07 8.54063e-08 1.03631e-22 -1.32772e-07 1.0062e-22 0)
(3.90639e-07 9.7014e-08 5.30033e-29 -1.47518e-07 4.19675e-29 0)
(4.05819e-07 1.04702e-07 1.04802e-28 -1.61532e-07 8.0057e-29 0)
(4.22763e-07 1.10593e-07 6.12474e-23 -1.73496e-07 1.45323e-23 0)
(2.53916e-07 -4.72326e-08 0 -1.47764e-08 0 0)
(2.7126e-07 -2.67357e-08 1.11277e-23 -4.16239e-08 1.1413e-23 0)
(2.9008e-07 -6.28547e-10 1.81537e-23 -6.45629e-08 1.78553e-23 0)
(3.05524e-07 2.32362e-08 5.99926e-23 -8.369e-08 2.71283e-23 0)
(3.21112e-07 4.47521e-08 3.09032e-23 -1.00163e-07 2.68724e-23 0)
(3.36404e-07 6.30116e-08 9.93477e-25 -1.14896e-07 8.08978e-25 0)
(3.51702e-07 7.77813e-08 4.19049e-23 -1.28558e-07 3.26325e-23 0)
(3.6786e-07 8.94824e-08 -7.7968e-23 -1.41557e-07 -7.67787e-23 0)
(3.8255e-07 9.74838e-08 -1.02056e-22 -1.53974e-07 -7.30338e-23 0)
(3.98842e-07 1.03963e-07 1.43197e-22 -1.6456e-07 1.34851e-22 0)
(2.36795e-07 -5.70448e-08 0 -1.61229e-08 0 0)
(2.54343e-07 -3.51878e-08 0 -4.39628e-08 0 0)
(2.72252e-07 -8.10678e-09 -5.36551e-23 -6.65117e-08 -5.4929e-23 0)
(2.86238e-07 1.61849e-08 0 -8.42141e-08 0 0)
(3.00355e-07 3.75259e-08 -1.84971e-22 -9.89107e-08 -1.31872e-22 0)
(3.14387e-07 5.53769e-08 7.91989e-23 -1.11804e-07 6.16786e-23 0)
(3.28764e-07 6.96995e-08 2.49828e-22 -1.23722e-07 2.23747e-22 0)
(3.44159e-07 8.10994e-08 1.7275e-22 -1.35093e-07 1.91586e-22 0)
(3.58562e-07 8.9035e-08 -8.2778e-23 -1.46065e-07 -8.78347e-23 0)
(3.74442e-07 9.5684e-08 -3.06377e-22 -1.55482e-07 -3.13523e-22 0)
(2.2025e-07 -6.73605e-08 -3.48523e-24 -1.82237e-08 -4.91839e-24 0)
(2.37575e-07 -4.28903e-08 1.37394e-22 -4.70589e-08 -2.90859e-23 0)
(2.53675e-07 -1.45243e-08 3.35643e-23 -6.87182e-08 3.68859e-23 0)
(2.65598e-07 9.99671e-09 1.38937e-24 -8.45457e-08 1.10397e-24 0)
(2.77918e-07 3.0691e-08 -1.137e-22 -9.7169e-08 -7.45457e-23 0)
(2.90645e-07 4.75986e-08 -2.55262e-22 -1.08134e-07 -2.051e-22 0)
(3.04228e-07 6.09608e-08 2.82832e-22 -1.18353e-07 2.46866e-22 0)
(3.19091e-07 7.15766e-08 5.02812e-23 -1.28233e-07 3.13027e-23 0)
(3.33483e-07 7.90152e-08 1.6761e-22 -1.3793e-07 9.94562e-23 0)
(3.49262e-07 8.54082e-08 7.78042e-23 -1.46393e-07 9.05873e-23 0)
(2.05526e-07 -7.8048e-08 -3.95992e-23 -2.24814e-08 2.82083e-23 0)
(2.21343e-07 -4.92844e-08 -1.28349e-22 -5.14382e-08 4.01387e-23 0)
(2.33749e-07 -1.94183e-08 4.86522e-23 -7.05355e-08 5.82131e-23 0)
(2.42658e-07 4.8659e-09 2.09702e-23 -8.33411e-08 -2.97396e-23 0)
(2.52838e-07 2.42694e-08 1.00852e-22 -9.33655e-08 7.65934e-23 0)
(2.64336e-07 3.9561e-08 -1.92215e-22 -1.0229e-07 -1.51071e-22 0)
(2.77407e-07 5.13799e-08 1.62222e-24 -1.10942e-07 1.19413e-24 0)
(2.9212e-07 6.06941e-08 1.78228e-22 -1.19589e-07 1.70464e-22 0)
(3.06915e-07 6.71921e-08 -5.91139e-23 -1.28329e-07 -3.05826e-23 0)
(3.23035e-07 7.29031e-08 -6.19307e-23 -1.362e-07 -3.03313e-23 0)
(1.94439e-07 -8.76835e-08 2.52325e-31 -2.97787e-08 -3.77624e-31 0)
(2.05653e-07 -5.14006e-08 9.71381e-24 -5.75258e-08 3.11409e-23 0)
(2.11576e-07 -2.06971e-08 5.57848e-23 -7.22689e-08 -9.41496e-23 0)
(2.16347e-07 1.66552e-09 -2.4917e-23 -8.13342e-08 -2.28859e-23 0)
(2.2417e-07 1.82733e-08 -1.33941e-22 -8.85176e-08 -9.76365e-23 0)
(2.34673e-07 3.07912e-08 0 -9.55021e-08 0 0)
(2.47689e-07 4.02165e-08 -1.05164e-22 -1.02829e-07 -5.41523e-23 0)
(2.62783e-07 4.75719e-08 5.58441e-23 -1.10546e-07 6.86992e-23 0)
(2.78533e-07 5.26272e-08 1.1981e-22 -1.18628e-07 1.55357e-22 0)
(2.95541e-07 5.72048e-08 -6.50157e-23 -1.26216e-07 -9.15714e-23 0)
(1.94512e-07 -9.21604e-08 -1.2642e-22 -4.75684e-08 1.47429e-22 0)
(1.89268e-07 -4.80261e-08 7.48371e-23 -6.52495e-08 -5.69229e-23 0)
(1.83974e-07 -1.80572e-08 1.07565e-22 -6.9985e-08 -1.47174e-24 0)
(1.837e-07 2.4743e-11 -3.88909e-23 -7.31894e-08 1.08608e-23 0)
(1.89783e-07 1.23849e-08 -7.38107e-23 -7.7441e-08 -5.25423e-23 0)
(2.00246e-07 2.10403e-08 -4.7591e-23 -8.29607e-08 -2.25914e-23 0)
(2.14165e-07 2.73525e-08 0 -8.96651e-08 0 0)
(2.30546e-07 3.22059e-08 -6.47652e-23 -9.71898e-08 -2.47335e-23 0)
(2.48047e-07 3.5431e-08 7.03975e-23 -1.05351e-07 2.52928e-23 0)
(2.66671e-07 3.84974e-08 -4.08603e-28 -1.13378e-07 -1.39642e-28 0)
(2.1623e-07 -5.32535e-08 5.80389e-23 -7.71626e-08 1.78582e-20 -5.96371e-35)
(1.65837e-07 -2.16827e-08 2.73166e-22 -7.04697e-08 1.78354e-20 5.94797e-35)
(1.48279e-07 -7.21932e-09 2.37903e-22 -6.52266e-08 1.79781e-20 -5.86367e-35)
(1.42834e-07 -3.15298e-10 3.88702e-22 -6.36135e-08 1.79494e-20 -1.89925e-35)
(1.48702e-07 4.11886e-09 3.92875e-22 -6.62224e-08 1.79178e-20 1.88815e-35)
(1.60343e-07 7.08705e-09 3.61172e-22 -7.11924e-08 1.78315e-20 1.79816e-35)
(1.76349e-07 9.23598e-09 4.66533e-22 -7.79638e-08 1.78805e-20 -2.63817e-38)
(1.95102e-07 1.09048e-08 3.88916e-22 -8.58473e-08 1.78429e-20 1.69706e-35)
(2.15313e-07 1.20019e-08 4.76662e-22 -9.44339e-08 1.79216e-20 6.56591e-38)
(2.36448e-07 1.31096e-08 1.78942e-22 -1.03237e-07 1.78623e-20 3.11395e-35)
)
;

boundaryField
{
    left
    {
        type            calculated;
        value           nonuniform List<symmTensor> 
30
(
(5.0468e-07 1.6028e-08 1.96199e-22 -5.69056e-09 3.841e-23 0)
(4.77717e-07 1.41922e-08 6.06067e-24 -6.09496e-09 1.78272e-24 0)
(4.53476e-07 1.17909e-08 -1.09951e-23 -6.76959e-09 -3.91758e-24 0)
(4.31266e-07 8.53775e-09 0 -7.53614e-09 0 0)
(4.10431e-07 4.48597e-09 7.48932e-23 -8.30486e-09 1.0086e-23 0)
(3.90804e-07 -2.48826e-10 -1.4352e-22 -9.05872e-09 -1.59442e-23 0)
(3.71966e-07 -5.69786e-09 0 -9.79577e-09 0 0)
(3.53764e-07 -1.17613e-08 6.16228e-23 -1.04951e-08 3.07104e-25 0)
(3.35947e-07 -1.84488e-08 8.14153e-24 -1.11756e-08 6.19994e-24 0)
(3.18376e-07 -2.57025e-08 1.19908e-23 -1.18289e-08 9.7944e-24 0)
(3.00897e-07 -3.35193e-08 -1.97468e-23 -1.24779e-08 -1.71378e-23 0)
(2.83411e-07 -4.1876e-08 -1.16182e-22 -1.31395e-08 9.56691e-24 0)
(2.65854e-07 -5.07841e-08 6.28774e-23 -1.38776e-08 -4.27347e-25 0)
(2.48222e-07 -6.02839e-08 0 -1.47764e-08 0 0)
(2.30687e-07 -7.04552e-08 0 -1.61229e-08 0 0)
(2.13621e-07 -8.15647e-08 -3.48523e-24 -1.82237e-08 -4.91839e-24 0)
(1.98404e-07 -9.3729e-08 -3.95992e-23 -2.24814e-08 2.82083e-23 0)
(1.88005e-07 -1.07091e-07 2.52325e-31 -2.97787e-08 -3.77624e-31 0)
(1.96889e-07 -1.1858e-07 -1.2642e-22 -4.75684e-08 1.47429e-22 0)
(2.56018e-07 -9.95414e-08 4.04548e-24 -7.71626e-08 1.78582e-20 -5.96371e-35)
(1.88631e-06 3.57212e-07 5.06721e-22 -5.60843e-07 2.84085e-20 1.22775e-34)
(1.29854e-06 1.89899e-07 -7.45222e-23 -2.52945e-07 -1.29231e-22 0)
(1.04593e-06 8.68135e-08 3.37887e-22 -1.05966e-07 1.43938e-22 0)
(8.95607e-07 3.50186e-08 1.73992e-23 -5.23409e-08 2.45058e-23 0)
(7.94447e-07 1.9779e-08 5.94857e-28 -2.4662e-08 5.57253e-28 0)
(7.17425e-07 1.36764e-08 3.23035e-22 -1.35593e-08 5.81524e-23 0)
(6.58106e-07 1.37946e-08 5.02918e-24 -7.63916e-09 1.53391e-24 0)
(6.09527e-07 1.47948e-08 2.47531e-22 -5.65308e-09 4.69334e-23 0)
(5.69464e-07 1.574e-08 -2.75754e-24 -4.76978e-09 -2.45524e-25 0)
(5.34288e-07 1.67261e-08 -4.16821e-24 -5.10209e-09 -8.94655e-25 0)
)
;
    }
    right
    {
        type            calculated;
        value           nonuniform List<symmTensor> 
30
(
(4.5469e-07 4.33541e-11 6.88952e-20 -1.95017e-07 1.734e-20 -8.75272e-35)
(4.54632e-07 4.37011e-11 6.93421e-20 -1.94879e-07 4.90698e-22 7.6872e-35)
(4.55213e-07 4.47229e-11 6.94645e-20 -1.96234e-07 4.94573e-22 5.73018e-38)
(4.56707e-07 4.7161e-11 6.90642e-20 -1.99716e-07 1.32743e-22 -1.11058e-34)
(4.58939e-07 5.06812e-11 7.02228e-20 -2.04916e-07 1.18321e-21 1.09976e-34)
(4.6176e-07 5.49154e-11 7.05716e-20 -2.11489e-07 9.6212e-22 -7.9609e-37)
(4.64918e-07 6.04879e-11 7.0896e-20 -2.18846e-07 9.67565e-22 -3.26022e-37)
(4.68185e-07 6.51719e-11 7.15734e-20 -2.26459e-07 1.05962e-21 -8.65232e-37)
(4.71339e-07 7.02939e-11 7.13404e-20 -2.33807e-07 5.6487e-22 -6.53082e-35)
(4.74173e-07 7.47682e-11 7.18483e-20 -2.40412e-07 5.07937e-22 -2.76432e-37)
(4.76499e-07 7.93177e-11 7.23926e-20 -2.4583e-07 1.9036e-22 3.22023e-37)
(4.78226e-07 8.17877e-11 7.26481e-20 -2.49857e-07 -9.81729e-37 -2.14064e-49)
(4.79394e-07 8.30329e-11 7.27116e-20 -2.52579e-07 -5.42231e-23 -1.60943e-49)
(4.80027e-07 8.49039e-11 7.28217e-20 -2.54051e-07 -5.45393e-23 0)
(4.8002e-07 8.44981e-11 7.31808e-20 -2.54036e-07 1.09072e-22 0)
(4.7942e-07 8.31154e-11 7.29018e-20 -2.52636e-07 6.19746e-35 -1.07406e-49)
(4.78318e-07 8.14118e-11 7.27755e-20 -2.50067e-07 -1.11464e-36 -2.1444e-49)
(4.7671e-07 7.8708e-11 7.26876e-20 -2.46323e-07 5.28802e-23 1.77812e-64)
(4.74691e-07 7.57007e-11 7.22277e-20 -2.41621e-07 -5.18707e-23 -1.5985e-49)
(4.72342e-07 7.26147e-11 7.20372e-20 -2.36145e-07 6.12618e-35 -1.06132e-49)
(4.69763e-07 6.78544e-11 7.1709e-20 -2.30137e-07 -3.40399e-37 0)
(4.67067e-07 6.38883e-11 7.13627e-20 -2.23855e-07 -3.31107e-37 0)
(4.64373e-07 5.96929e-11 7.10149e-20 -2.17578e-07 -1.60911e-37 0)
(4.61803e-07 5.50878e-11 7.06821e-20 -2.11588e-07 -6.08371e-35 -1.04136e-49)
(4.59482e-07 5.14193e-11 7.03773e-20 -2.06181e-07 -2.68039e-37 -2.07374e-49)
(4.57524e-07 4.8399e-11 7.01176e-20 -2.01618e-07 6.03799e-35 -1.03305e-49)
(4.56041e-07 4.61898e-11 6.99144e-20 -1.98164e-07 1.20393e-34 -1.06455e-63)
(4.5508e-07 4.41302e-11 6.97692e-20 -1.95924e-07 -2.94623e-37 0)
(4.54702e-07 4.39936e-11 6.97995e-20 -1.95044e-07 4.18717e-23 0)
(4.54733e-07 4.40221e-11 6.96382e-20 -1.95115e-07 1.77663e-20 0)
)
;
    }
    down
    {
        type            calculated;
        value           nonuniform List<symmTensor> 
30
(
(-2.33812e-09 -1.86986e-10 3.95732e-20 4.62359e-10 3.63573e-20 1.80208e-34)
(1.53929e-09 -1.85269e-10 -2.08491e-23 -1.19745e-09 3.61432e-20 1.55233e-36)
(2.06664e-08 -1.76363e-10 -2.38386e-22 -9.38442e-09 3.5416e-20 1.93482e-35)
(5.0835e-08 -1.60789e-10 -2.15243e-24 -2.22982e-08 3.56734e-20 0)
(8.55888e-08 -1.43442e-10 -3.3384e-23 -3.71743e-08 3.52938e-20 -1.5529e-36)
(1.21925e-07 -1.24253e-10 -3.2634e-22 -5.27273e-08 3.56293e-20 3.24766e-35)
(1.57427e-07 -1.07049e-10 7.0743e-23 -6.79243e-08 3.60081e-20 1.5527e-36)
(1.91276e-07 -9.02974e-11 -2.17314e-22 -8.24132e-08 3.57754e-20 2.95374e-35)
(2.22329e-07 -7.3741e-11 1.72036e-22 -9.5705e-08 3.58415e-20 -1.28253e-35)
(2.51099e-07 -5.91326e-11 5.15662e-22 -1.0802e-07 3.57395e-20 -3.87011e-35)
(2.77001e-07 -4.57842e-11 8.1467e-22 -1.19107e-07 3.59626e-20 -1.15255e-35)
(2.99571e-07 -3.42643e-11 9.23095e-22 -1.28767e-07 3.57025e-20 -2.53398e-35)
(3.20304e-07 -2.42169e-11 5.19588e-22 -1.37641e-07 3.52548e-20 -1.47897e-35)
(3.38947e-07 -1.44259e-11 5.60416e-22 -1.45623e-07 3.54928e-20 -6.49393e-37)
(3.55765e-07 -5.20934e-12 3.26915e-22 -1.5282e-07 3.55222e-20 3.85886e-35)
(3.70836e-07 1.77554e-12 5.89044e-22 -1.59272e-07 3.56152e-20 0)
(3.84346e-07 7.45197e-12 5.556e-22 -1.65055e-07 3.56089e-20 0)
(3.9639e-07 1.41826e-11 6.32208e-22 -1.7021e-07 3.57383e-20 5.02006e-37)
(4.07108e-07 1.97e-11 5.85758e-22 -1.74798e-07 3.56334e-20 -1.31273e-35)
(4.16582e-07 2.41691e-11 6.85161e-22 -1.78853e-07 3.58657e-20 8.5198e-37)
(4.24908e-07 2.93131e-11 7.15478e-22 -1.82417e-07 3.5699e-20 -3.97876e-35)
(4.32141e-07 3.15937e-11 2.83379e-22 -1.85513e-07 3.5543e-20 1.3331e-35)
(4.38335e-07 3.54121e-11 6.4896e-22 -1.88165e-07 3.56918e-20 -4.01998e-35)
(4.43521e-07 3.8362e-11 -5.8851e-23 -1.90383e-07 3.51448e-20 -8.07378e-37)
(4.47713e-07 4.02222e-11 2.97692e-22 -1.92179e-07 3.56733e-20 1.37684e-35)
(4.50933e-07 4.24666e-11 2.3852e-22 -1.93556e-07 3.55647e-20 -3.25985e-45)
(4.5317e-07 4.26391e-11 7.52704e-23 -1.94514e-07 3.54148e-20 -1.47097e-37)
(4.54507e-07 4.32633e-11 2.90473e-22 -1.95086e-07 3.57077e-20 1.0556e-37)
(4.54939e-07 4.40353e-11 1.88329e-22 -1.95271e-07 3.53753e-20 -4.16041e-35)
(4.54793e-07 4.43098e-11 3.41714e-20 -1.95209e-07 3.5032e-20 -8.75272e-35)
)
;
    }
    up
    {
        type            calculated;
        value           nonuniform List<symmTensor> 
30
(
(2.1623e-07 -7.71512e-11 5.80389e-23 -9.3094e-08 3.58379e-20 -5.96371e-35)
(1.65837e-07 -1.02154e-10 2.73166e-22 -7.15229e-08 3.58004e-20 5.94797e-35)
(1.48279e-07 -1.1137e-10 2.37903e-22 -6.4008e-08 3.59266e-20 -5.86367e-35)
(1.42834e-07 -1.13381e-10 3.88702e-22 -6.16771e-08 3.58812e-20 -1.89925e-35)
(1.48702e-07 -1.10472e-10 3.92875e-22 -6.41893e-08 3.58326e-20 1.88815e-35)
(1.60343e-07 -1.05311e-10 3.61172e-22 -6.91722e-08 3.57311e-20 1.79816e-35)
(1.76349e-07 -9.75134e-11 4.66533e-22 -7.60233e-08 3.57675e-20 -2.63817e-38)
(1.95102e-07 -8.66466e-11 3.88916e-22 -8.40501e-08 3.57201e-20 1.69706e-35)
(2.15313e-07 -7.72733e-11 4.76662e-22 -9.27021e-08 3.57917e-20 6.56591e-38)
(2.36448e-07 -6.69938e-11 1.78942e-22 -1.01749e-07 3.57271e-20 3.11395e-35)
(2.56886e-07 -5.63901e-11 -4.77464e-23 -1.10496e-07 3.55622e-20 1.538e-35)
(2.75909e-07 -4.66641e-11 -5.92315e-23 -1.18639e-07 3.5561e-20 -2.62689e-50)
(2.94729e-07 -3.68529e-11 -6.32718e-23 -1.26695e-07 3.55415e-20 -2.62577e-50)
(3.12804e-07 -2.73091e-11 1.52831e-35 -1.34432e-07 3.56313e-20 0)
(3.30153e-07 -1.88436e-11 7.08766e-23 -1.41858e-07 3.57289e-20 0)
(3.46511e-07 -1.11521e-11 7.43882e-23 -1.48859e-07 3.57204e-20 2.62307e-50)
(3.61868e-07 -3.17781e-12 -7.76851e-23 -1.55433e-07 3.54853e-20 -5.24476e-50)
(3.76111e-07 4.30691e-12 -8.07427e-23 -1.61529e-07 3.54761e-20 1.8061e-64)
(3.89235e-07 1.08143e-11 8.35602e-23 -1.67148e-07 3.56996e-20 -7.86385e-50)
(4.01205e-07 1.62639e-11 3.061e-35 -1.72271e-07 3.55785e-20 -5.24175e-50)
(4.12022e-07 2.23077e-11 0 -1.76901e-07 3.55738e-20 0)
(4.21675e-07 2.65024e-11 -2.98156e-35 -1.81033e-07 3.55703e-20 -5.24053e-50)
(4.30158e-07 3.10309e-11 1.08906e-36 -1.84664e-07 3.55676e-20 -1.04803e-49)
(4.37455e-07 3.56998e-11 7.67396e-37 -1.87788e-07 3.55658e-20 -1.04797e-49)
(4.43528e-07 3.8064e-11 1.09073e-36 -1.90387e-07 3.55648e-20 -1.04795e-49)
(4.48349e-07 4.03509e-11 1.42045e-36 -1.9245e-07 3.55646e-20 -1.04794e-49)
(4.51847e-07 4.28634e-11 -9.70016e-23 -1.93948e-07 3.54549e-20 -5.23977e-50)
(4.54055e-07 4.34532e-11 3.05104e-35 -1.94893e-07 3.55662e-20 0)
(4.54916e-07 4.38988e-11 0 -1.95262e-07 3.55674e-20 0)
(4.54851e-07 4.4099e-11 3.47843e-20 -1.95234e-07 3.55683e-20 0)
)
;
    }
    hole
    {
        type            calculated;
        value           nonuniform List<symmTensor> 
20
(
(2.78059e-07 -5.77591e-07 1.45008e-19 1.8488e-07 1.57781e-19 2.15206e-34)
(4.31446e-07 -6.60575e-07 1.43331e-19 1.11819e-07 1.82898e-19 1.23051e-35)
(6.0956e-07 -7.17864e-07 1.3578e-19 1.22396e-08 2.03209e-19 0)
(8.04706e-07 -7.4218e-07 1.19363e-19 -1.07722e-07 2.13946e-19 -6.46917e-36)
(1.00607e-06 -7.27486e-07 9.8207e-20 -2.39634e-07 2.13489e-19 -1.24247e-34)
(1.20497e-06 -6.73013e-07 7.32286e-20 -3.74411e-07 2.0055e-19 -1.29975e-34)
(1.38689e-06 -5.77252e-07 5.09091e-20 -5.0104e-07 1.7643e-19 -2.80086e-34)
(1.55365e-06 -4.47998e-07 3.00447e-20 -6.1449e-07 1.42412e-19 -1.14432e-35)
(1.68062e-06 -2.84932e-07 1.27302e-20 -7.00504e-07 1.006e-19 1.17589e-34)
(1.7941e-06 -9.99596e-08 2.73293e-21 -7.66182e-07 5.68099e-20 1.22775e-34)
(-1.98179e-10 -1.6026e-10 7.93003e-20 -8.21923e-10 2.16863e-20 1.80208e-34)
(-2.07391e-10 -1.11755e-10 8.17973e-20 -8.08847e-10 9.96649e-21 5.04233e-35)
(-6.45679e-09 -4.63881e-09 8.28921e-20 1.49541e-08 1.64808e-20 -2.23741e-36)
(-1.80464e-08 -2.06645e-08 8.53043e-20 4.85092e-08 2.37797e-20 -3.94277e-35)
(-2.98226e-08 -5.3525e-08 8.69947e-20 9.45481e-08 3.26994e-20 8.42123e-35)
(-3.50429e-08 -1.06676e-07 9.36656e-20 1.46035e-07 4.28134e-20 -9.63901e-35)
(-2.58109e-08 -1.80099e-07 1.0498e-19 1.93553e-07 5.83402e-20 -7.92401e-35)
(5.28953e-09 -2.70882e-07 1.18885e-19 2.28089e-07 7.82552e-20 -1.30159e-34)
(6.42916e-08 -3.73035e-07 1.30733e-19 2.41564e-07 1.03109e-19 1.52625e-34)
(1.54936e-07 -4.78481e-07 1.39934e-19 2.28186e-07 1.29444e-19 2.01057e-35)
)
;
    }
    frontAndBack
    {
        type            empty;
    }
}


// ************************************************************************* //
