/*--------------------------------*- C++ -*----------------------------------*\
  =========                 |
  \\      /  F ield         | OpenFOAM: The Open Source CFD Toolbox
   \\    /   O peration     | Website:  https://openfoam.org
    \\  /    A nd           | Version:  9
     \\/     M anipulation  |
\*---------------------------------------------------------------------------*/
FoamFile
{
    format      ascii;
    class       pointVectorField;
    location    "1";
    object      pointD;
}
// * * * * * * * * * * * * * * * * * * * * * * * * * * * * * * * * * * * * * //

dimensions      [0 1 0 0 0 0 0];

internalField   nonuniform List<vector> 
2142
(
(7.40868e-07 2.17373e-07 -1.02695e-20)
(6.8667e-07 2.5159e-07 0)
(6.48791e-07 2.76003e-07 0)
(6.21232e-07 2.95847e-07 0)
(6.01401e-07 3.12112e-07 0)
(5.87335e-07 3.26122e-07 0)
(5.77629e-07 3.38446e-07 0)
(5.71293e-07 3.49587e-07 0)
(5.67562e-07 3.59846e-07 0)
(5.65879e-07 3.69429e-07 0)
(5.66216e-07 3.79832e-07 0)
(6.76947e-07 1.99436e-07 -1.13522e-20)
(6.19586e-07 2.26397e-07 0)
(5.7983e-07 2.45397e-07 0)
(5.51076e-07 2.60982e-07 0)
(5.30438e-07 2.73727e-07 0)
(5.15774e-07 2.84756e-07 0)
(5.05564e-07 2.94465e-07 0)
(4.98756e-07 3.03278e-07 0)
(4.94524e-07 3.11396e-07 0)
(4.92288e-07 3.19065e-07 0)
(4.8246e-07 3.19439e-07 0)
(6.10432e-07 1.81797e-07 -1.21115e-20)
(5.5152e-07 2.00679e-07 0)
(5.10942e-07 2.13852e-07 0)
(4.81758e-07 2.2498e-07 0)
(4.6089e-07 2.34148e-07 0)
(4.46072e-07 2.42219e-07 0)
(4.35704e-07 2.49382e-07 0)
(4.28688e-07 2.55952e-07 0)
(4.2417e-07 2.62015e-07 0)
(4.21528e-07 2.67809e-07 0)
(4.1272e-07 2.67204e-07 0)
(5.4159e-07 1.64614e-07 -1.24175e-20)
(4.82872e-07 1.7495e-07 0)
(4.42618e-07 1.82098e-07 0)
(4.13842e-07 1.88723e-07 0)
(3.93379e-07 1.94373e-07 0)
(3.78896e-07 1.99615e-07 0)
(3.68756e-07 2.04401e-07 0)
(3.61841e-07 2.08916e-07 0)
(3.573e-07 2.13128e-07 0)
(3.54501e-07 2.1722e-07 0)
(3.4689e-07 2.15953e-07 0)
(4.70669e-07 1.4798e-07 -1.21857e-20)
(4.13927e-07 1.49694e-07 0)
(3.75195e-07 1.50858e-07 0)
(3.47721e-07 1.53111e-07 0)
(3.28344e-07 1.55439e-07 0)
(3.14721e-07 1.58085e-07 0)
(3.05219e-07 1.60747e-07 0)
(2.98727e-07 1.63462e-07 0)
(2.94425e-07 1.66081e-07 0)
(2.91691e-07 1.68709e-07 0)
(2.85333e-07 1.6707e-07 0)
(3.97998e-07 1.31888e-07 -1.13904e-20)
(3.44903e-07 1.25293e-07 0)
(3.08893e-07 1.2078e-07 0)
(2.83655e-07 1.19007e-07 0)
(2.66085e-07 1.18379e-07 0)
(2.53866e-07 1.18801e-07 0)
(2.45413e-07 1.19701e-07 0)
(2.39656e-07 1.20958e-07 0)
(2.3583e-07 1.22309e-07 0)
(2.3335e-07 1.23768e-07 0)
(2.28241e-07 1.22042e-07 0)
(3.23794e-07 1.16159e-07 -1.00622e-20)
(2.75816e-07 1.01961e-07 0)
(2.43758e-07 9.23754e-08 0)
(2.21742e-07 8.72005e-08 0)
(2.0673e-07 8.42036e-08 0)
(1.96465e-07 8.29362e-08 0)
(1.89454e-07 8.25489e-08 0)
(1.84713e-07 8.27696e-08 0)
(1.81565e-07 8.32311e-08 0)
(1.79492e-07 8.38673e-08 0)
(1.75584e-07 8.23209e-08 0)
(2.48689e-07 1.00325e-07 -8.30343e-21)
(2.0675e-07 7.95993e-08 0)
(1.79887e-07 6.59692e-08 0)
(1.62129e-07 5.84237e-08 0)
(1.50414e-07 5.39371e-08 0)
(1.42593e-07 5.17049e-08 0)
(1.37341e-07 5.06186e-08 0)
(1.33822e-07 5.0284e-08 0)
(1.31488e-07 5.02669e-08 0)
(1.29923e-07 5.0442e-08 0)
(1.27133e-07 4.92926e-08 0)
(1.73085e-07 8.29701e-08 -6.23362e-21)
(1.3738e-07 5.73772e-08 0)
(1.17278e-07 4.15475e-08 0)
(1.04869e-07 3.33303e-08 0)
(9.70934e-08 2.8642e-08 0)
(9.20796e-08 2.63574e-08 0)
(8.87716e-08 2.52225e-08 0)
(8.65736e-08 2.48047e-08 0)
(8.51066e-08 2.4678e-08 0)
(8.40932e-08 2.47055e-08 0)
(8.23155e-08 2.40694e-08 0)
(1.01742e-07 6.1072e-08 -4.0035e-21)
(6.82924e-08 3.37918e-08 0)
(5.68663e-08 1.97754e-08 0)
(5.07443e-08 1.34754e-08 0)
(4.71513e-08 1.02414e-08 0)
(4.49057e-08 8.82622e-09 0)
(4.34283e-08 8.191e-09 0)
(4.24425e-08 8.0073e-09 0)
(4.17682e-08 7.98393e-09 0)
(4.12797e-08 8.03266e-09 0)
(4.0405e-08 7.84304e-09 0)
(3.42275e-08 2.42744e-08 -1.43884e-21)
(0 0 0)
(0 0 0)
(0 0 0)
(0 0 0)
(0 0 0)
(0 0 0)
(0 0 0)
(0 0 0)
(0 0 0)
(0 0 0)
(7.40868e-07 2.17373e-07 -1.02695e-20)
(6.8667e-07 2.5159e-07 0)
(6.48791e-07 2.76003e-07 0)
(6.21232e-07 2.95847e-07 0)
(6.01401e-07 3.12112e-07 0)
(5.87335e-07 3.26122e-07 0)
(5.77629e-07 3.38446e-07 0)
(5.71293e-07 3.49587e-07 0)
(5.67562e-07 3.59846e-07 0)
(5.65879e-07 3.69429e-07 0)
(5.66216e-07 3.79832e-07 0)
(6.76947e-07 1.99436e-07 -1.13522e-20)
(6.19586e-07 2.26397e-07 0)
(5.7983e-07 2.45397e-07 0)
(5.51076e-07 2.60982e-07 0)
(5.30438e-07 2.73727e-07 0)
(5.15774e-07 2.84756e-07 0)
(5.05564e-07 2.94465e-07 0)
(4.98756e-07 3.03278e-07 0)
(4.94524e-07 3.11396e-07 0)
(4.92288e-07 3.19065e-07 0)
(4.8246e-07 3.19439e-07 0)
(6.10432e-07 1.81797e-07 -1.21115e-20)
(5.5152e-07 2.00679e-07 0)
(5.10942e-07 2.13852e-07 0)
(4.81758e-07 2.2498e-07 0)
(4.6089e-07 2.34148e-07 0)
(4.46072e-07 2.42219e-07 0)
(4.35704e-07 2.49382e-07 0)
(4.28688e-07 2.55952e-07 0)
(4.2417e-07 2.62015e-07 0)
(4.21528e-07 2.67809e-07 0)
(4.1272e-07 2.67204e-07 0)
(5.4159e-07 1.64614e-07 -1.24175e-20)
(4.82872e-07 1.7495e-07 0)
(4.42618e-07 1.82098e-07 0)
(4.13842e-07 1.88723e-07 0)
(3.93379e-07 1.94373e-07 0)
(3.78896e-07 1.99615e-07 0)
(3.68756e-07 2.04401e-07 0)
(3.61841e-07 2.08916e-07 0)
(3.573e-07 2.13128e-07 0)
(3.54501e-07 2.1722e-07 0)
(3.4689e-07 2.15953e-07 0)
(4.70669e-07 1.4798e-07 -1.21857e-20)
(4.13927e-07 1.49694e-07 0)
(3.75195e-07 1.50858e-07 0)
(3.47721e-07 1.53111e-07 0)
(3.28344e-07 1.55439e-07 0)
(3.14721e-07 1.58085e-07 0)
(3.05219e-07 1.60747e-07 0)
(2.98727e-07 1.63462e-07 0)
(2.94425e-07 1.66081e-07 0)
(2.91691e-07 1.68709e-07 0)
(2.85333e-07 1.6707e-07 0)
(3.97998e-07 1.31888e-07 -1.13904e-20)
(3.44903e-07 1.25293e-07 0)
(3.08893e-07 1.2078e-07 0)
(2.83655e-07 1.19007e-07 0)
(2.66085e-07 1.18379e-07 0)
(2.53866e-07 1.18801e-07 0)
(2.45413e-07 1.19701e-07 0)
(2.39656e-07 1.20958e-07 0)
(2.3583e-07 1.22309e-07 0)
(2.3335e-07 1.23768e-07 0)
(2.28241e-07 1.22042e-07 0)
(3.23794e-07 1.16159e-07 -1.00622e-20)
(2.75816e-07 1.01961e-07 0)
(2.43758e-07 9.23754e-08 0)
(2.21742e-07 8.72005e-08 0)
(2.0673e-07 8.42036e-08 0)
(1.96465e-07 8.29362e-08 0)
(1.89454e-07 8.25489e-08 0)
(1.84713e-07 8.27696e-08 0)
(1.81565e-07 8.32311e-08 0)
(1.79492e-07 8.38673e-08 0)
(1.75584e-07 8.23209e-08 0)
(2.48689e-07 1.00325e-07 -8.30343e-21)
(2.0675e-07 7.95993e-08 0)
(1.79887e-07 6.59692e-08 0)
(1.62129e-07 5.84237e-08 0)
(1.50414e-07 5.39371e-08 0)
(1.42593e-07 5.17049e-08 0)
(1.37341e-07 5.06186e-08 0)
(1.33822e-07 5.0284e-08 0)
(1.31488e-07 5.02669e-08 0)
(1.29923e-07 5.0442e-08 0)
(1.27133e-07 4.92926e-08 0)
(1.73085e-07 8.29701e-08 -6.23362e-21)
(1.3738e-07 5.73772e-08 0)
(1.17278e-07 4.15475e-08 0)
(1.04869e-07 3.33303e-08 0)
(9.70934e-08 2.8642e-08 0)
(9.20796e-08 2.63574e-08 0)
(8.87716e-08 2.52225e-08 0)
(8.65736e-08 2.48047e-08 0)
(8.51066e-08 2.4678e-08 0)
(8.40932e-08 2.47055e-08 0)
(8.23155e-08 2.40694e-08 0)
(1.01742e-07 6.1072e-08 -4.0035e-21)
(6.82924e-08 3.37918e-08 0)
(5.68663e-08 1.97754e-08 0)
(5.07443e-08 1.34754e-08 0)
(4.71513e-08 1.02414e-08 0)
(4.49057e-08 8.82622e-09 0)
(4.34283e-08 8.191e-09 0)
(4.24425e-08 8.0073e-09 0)
(4.17682e-08 7.98393e-09 0)
(4.12797e-08 8.03266e-09 0)
(4.0405e-08 7.84304e-09 0)
(3.42275e-08 2.42744e-08 -1.43884e-21)
(0 0 0)
(0 0 0)
(0 0 0)
(0 0 0)
(0 0 0)
(0 0 0)
(0 0 0)
(0 0 0)
(0 0 0)
(0 0 0)
(1.20225e-06 3.56759e-07 -2.78123e-21)
(1.21081e-06 3.91256e-07 -1.53777e-21)
(1.20973e-06 4.35609e-07 -1.67789e-21)
(1.20899e-06 4.76759e-07 -1.81813e-21)
(1.20968e-06 5.14637e-07 -1.95821e-21)
(1.2122e-06 5.49627e-07 -2.09808e-21)
(1.2167e-06 5.8218e-07 -2.23776e-21)
(1.22316e-06 6.12757e-07 -2.37728e-21)
(1.2315e-06 6.4174e-07 -2.51666e-21)
(1.24155e-06 6.69491e-07 -2.65594e-21)
(1.25319e-06 6.96156e-07 -2.75714e-21)
(1.17552e-06 3.43384e-07 -4.15119e-21)
(1.17182e-06 3.89691e-07 0)
(1.16872e-06 4.33761e-07 0)
(1.16706e-06 4.74302e-07 0)
(1.16724e-06 5.11328e-07 0)
(1.16939e-06 5.45293e-07 0)
(1.1735e-06 5.76697e-07 0)
(1.17948e-06 6.06041e-07 0)
(1.1872e-06 6.33735e-07 0)
(1.19648e-06 6.60168e-07 0)
(1.2079e-06 6.85664e-07 0)
(1.13912e-06 3.37709e-07 -4.25641e-21)
(1.13145e-06 3.85032e-07 0)
(1.12521e-06 4.28693e-07 0)
(1.1212e-06 4.68382e-07 0)
(1.11958e-06 5.04322e-07 0)
(1.1203e-06 5.37076e-07 0)
(1.12319e-06 5.67191e-07 0)
(1.12803e-06 5.95198e-07 0)
(1.13463e-06 6.21523e-07 0)
(1.14277e-06 6.4658e-07 0)
(1.15388e-06 6.70957e-07 0)
(1.10056e-06 3.28537e-07 -4.37728e-21)
(1.08808e-06 3.77404e-07 0)
(1.07809e-06 4.20501e-07 0)
(1.0711e-06 4.59025e-07 0)
(1.0671e-06 4.93529e-07 0)
(1.06586e-06 5.24764e-07 0)
(1.06706e-06 5.53335e-07 0)
(1.07038e-06 5.79801e-07 0)
(1.07557e-06 6.04598e-07 0)
(1.08231e-06 6.2815e-07 0)
(1.09311e-06 6.51441e-07 0)
(1.05913e-06 3.1671e-07 -4.60322e-21)
(1.04103e-06 3.66918e-07 0)
(1.02688e-06 4.09204e-07 0)
(1.01658e-06 4.46275e-07 0)
(1.0099e-06 4.79039e-07 0)
(1.00643e-06 5.08468e-07 0)
(1.00571e-06 5.3524e-07 0)
(1.00732e-06 5.59942e-07 0)
(1.01094e-06 5.83021e-07 0)
(1.01617e-06 6.049e-07 0)
(1.02668e-06 6.27106e-07 0)
(1.01446e-06 3.02797e-07 -5.0206e-21)
(9.90089e-07 3.53623e-07 0)
(9.71515e-07 3.94669e-07 0)
(9.57784e-07 4.29937e-07 0)
(9.48367e-07 4.6065e-07 0)
(9.42621e-07 4.87997e-07 0)
(9.39946e-07 5.12726e-07 0)
(9.39818e-07 5.35453e-07 0)
(9.4184e-07 5.56631e-07 0)
(9.45552e-07 5.76676e-07 0)
(9.55861e-07 5.9781e-07 0)
(9.6638e-07 2.87312e-07 -5.6872e-21)
(9.35368e-07 3.37642e-07 0)
(9.12288e-07 3.76859e-07 0)
(8.95163e-07 4.09929e-07 0)
(8.83086e-07 4.38294e-07 0)
(8.75155e-07 4.63321e-07 0)
(8.70611e-07 4.85804e-07 0)
(8.68824e-07 5.0638e-07 0)
(8.6933e-07 5.25504e-07 0)
(8.71604e-07 5.43575e-07 0)
(8.81821e-07 5.63661e-07 0)
(9.14881e-07 2.70674e-07 -6.61327e-21)
(8.77186e-07 3.19149e-07 0)
(8.4971e-07 3.5582e-07 0)
(8.29371e-07 3.8625e-07 0)
(8.14832e-07 4.11974e-07 0)
(8.04907e-07 4.34469e-07 0)
(7.9867e-07 4.54542e-07 0)
(7.95387e-07 4.72832e-07 0)
(7.94524e-07 4.89787e-07 0)
(7.95505e-07 5.05776e-07 0)
(8.05743e-07 5.24852e-07 0)
(8.60032e-07 2.5326e-07 -7.75499e-21)
(8.15996e-07 2.98406e-07 0)
(7.84446e-07 3.31749e-07 0)
(7.6121e-07 3.5908e-07 0)
(7.44501e-07 3.81886e-07 0)
(7.32849e-07 4.01673e-07 0)
(7.25157e-07 4.19217e-07 0)
(7.20594e-07 4.35135e-07 0)
(7.18549e-07 4.49848e-07 0)
(7.18421e-07 4.63684e-07 0)
(7.28789e-07 4.81775e-07 0)
(8.01968e-07 2.35396e-07 -9.01846e-21)
(7.52312e-07 2.75748e-07 0)
(7.17227e-07 3.04984e-07 0)
(6.91543e-07 3.2877e-07 0)
(6.73042e-07 3.48407e-07 0)
(6.59991e-07 3.6535e-07 0)
(6.51128e-07 3.80293e-07 0)
(6.45533e-07 3.93804e-07 0)
(6.42525e-07 4.06256e-07 0)
(6.41509e-07 4.17893e-07 0)
(6.52058e-07 4.34992e-07 0)
(1.20225e-06 3.56759e-07 -2.78123e-21)
(1.21081e-06 3.91256e-07 -1.53777e-21)
(1.20973e-06 4.35609e-07 -1.67789e-21)
(1.20899e-06 4.76759e-07 -1.81813e-21)
(1.20968e-06 5.14637e-07 -1.95821e-21)
(1.2122e-06 5.49627e-07 -2.09808e-21)
(1.2167e-06 5.8218e-07 -2.23776e-21)
(1.22316e-06 6.12757e-07 -2.37728e-21)
(1.2315e-06 6.4174e-07 -2.51666e-21)
(1.24155e-06 6.69491e-07 -2.65594e-21)
(1.25319e-06 6.96156e-07 -2.75714e-21)
(1.17552e-06 3.43384e-07 -4.15119e-21)
(1.17182e-06 3.89691e-07 0)
(1.16872e-06 4.33761e-07 0)
(1.16706e-06 4.74302e-07 0)
(1.16724e-06 5.11328e-07 0)
(1.16939e-06 5.45293e-07 0)
(1.1735e-06 5.76697e-07 0)
(1.17948e-06 6.06041e-07 0)
(1.1872e-06 6.33735e-07 0)
(1.19648e-06 6.60168e-07 0)
(1.2079e-06 6.85664e-07 0)
(1.13912e-06 3.37709e-07 -4.25641e-21)
(1.13145e-06 3.85032e-07 0)
(1.12521e-06 4.28693e-07 0)
(1.1212e-06 4.68382e-07 0)
(1.11958e-06 5.04322e-07 0)
(1.1203e-06 5.37076e-07 0)
(1.12319e-06 5.67191e-07 0)
(1.12803e-06 5.95198e-07 0)
(1.13463e-06 6.21523e-07 0)
(1.14277e-06 6.4658e-07 0)
(1.15388e-06 6.70957e-07 0)
(1.10056e-06 3.28537e-07 -4.37728e-21)
(1.08808e-06 3.77404e-07 0)
(1.07809e-06 4.20501e-07 0)
(1.0711e-06 4.59025e-07 0)
(1.0671e-06 4.93529e-07 0)
(1.06586e-06 5.24764e-07 0)
(1.06706e-06 5.53335e-07 0)
(1.07038e-06 5.79801e-07 0)
(1.07557e-06 6.04598e-07 0)
(1.08231e-06 6.2815e-07 0)
(1.09311e-06 6.51441e-07 0)
(1.05913e-06 3.1671e-07 -4.60322e-21)
(1.04103e-06 3.66918e-07 0)
(1.02688e-06 4.09204e-07 0)
(1.01658e-06 4.46275e-07 0)
(1.0099e-06 4.79039e-07 0)
(1.00643e-06 5.08468e-07 0)
(1.00571e-06 5.3524e-07 0)
(1.00732e-06 5.59942e-07 0)
(1.01094e-06 5.83021e-07 0)
(1.01617e-06 6.049e-07 0)
(1.02668e-06 6.27106e-07 0)
(1.01446e-06 3.02797e-07 -5.0206e-21)
(9.90089e-07 3.53623e-07 0)
(9.71515e-07 3.94669e-07 0)
(9.57784e-07 4.29937e-07 0)
(9.48367e-07 4.6065e-07 0)
(9.42621e-07 4.87997e-07 0)
(9.39946e-07 5.12726e-07 0)
(9.39818e-07 5.35453e-07 0)
(9.4184e-07 5.56631e-07 0)
(9.45552e-07 5.76676e-07 0)
(9.55861e-07 5.9781e-07 0)
(9.6638e-07 2.87312e-07 -5.6872e-21)
(9.35368e-07 3.37642e-07 0)
(9.12288e-07 3.76859e-07 0)
(8.95163e-07 4.09929e-07 0)
(8.83086e-07 4.38294e-07 0)
(8.75155e-07 4.63321e-07 0)
(8.70611e-07 4.85804e-07 0)
(8.68824e-07 5.0638e-07 0)
(8.6933e-07 5.25504e-07 0)
(8.71604e-07 5.43575e-07 0)
(8.81821e-07 5.63661e-07 0)
(9.14881e-07 2.70674e-07 -6.61327e-21)
(8.77186e-07 3.19149e-07 0)
(8.4971e-07 3.5582e-07 0)
(8.29371e-07 3.8625e-07 0)
(8.14832e-07 4.11974e-07 0)
(8.04907e-07 4.34469e-07 0)
(7.9867e-07 4.54542e-07 0)
(7.95387e-07 4.72832e-07 0)
(7.94524e-07 4.89787e-07 0)
(7.95505e-07 5.05776e-07 0)
(8.05743e-07 5.24852e-07 0)
(8.60032e-07 2.5326e-07 -7.75499e-21)
(8.15996e-07 2.98406e-07 0)
(7.84446e-07 3.31749e-07 0)
(7.6121e-07 3.5908e-07 0)
(7.44501e-07 3.81886e-07 0)
(7.32849e-07 4.01673e-07 0)
(7.25157e-07 4.19217e-07 0)
(7.20594e-07 4.35135e-07 0)
(7.18549e-07 4.49848e-07 0)
(7.18421e-07 4.63684e-07 0)
(7.28789e-07 4.81775e-07 0)
(8.01968e-07 2.35396e-07 -9.01846e-21)
(7.52312e-07 2.75748e-07 0)
(7.17227e-07 3.04984e-07 0)
(6.91543e-07 3.2877e-07 0)
(6.73042e-07 3.48407e-07 0)
(6.59991e-07 3.6535e-07 0)
(6.51128e-07 3.80293e-07 0)
(6.45533e-07 3.93804e-07 0)
(6.42525e-07 4.06256e-07 0)
(6.41509e-07 4.17893e-07 0)
(6.52058e-07 4.34992e-07 0)
(1.26643e-06 7.22066e-07 -2.78152e-21)
(1.28104e-06 7.47571e-07 -2.76715e-21)
(1.29679e-06 7.72693e-07 -2.7528e-21)
(1.31356e-06 7.97554e-07 -2.73847e-21)
(1.33126e-06 8.22255e-07 -2.72416e-21)
(1.34978e-06 8.46877e-07 -2.70988e-21)
(1.36903e-06 8.71492e-07 -2.69562e-21)
(1.38893e-06 8.96157e-07 -2.68139e-21)
(1.4094e-06 9.20923e-07 -2.66718e-21)
(1.43038e-06 9.45831e-07 -2.653e-21)
(1.4518e-06 9.70917e-07 -2.63885e-21)
(1.4736e-06 9.96212e-07 -2.62472e-21)
(1.49574e-06 1.02174e-06 -2.61063e-21)
(1.51814e-06 1.04752e-06 -2.59656e-21)
(1.54076e-06 1.07356e-06 -2.58252e-21)
(1.56354e-06 1.09986e-06 -2.56853e-21)
(1.58641e-06 1.12641e-06 -2.55457e-21)
(1.60932e-06 1.15319e-06 -2.54066e-21)
(1.63217e-06 1.18012e-06 -2.52682e-21)
(1.63974e-06 1.19689e-06 4.7232e-22)
(1.22203e-06 7.10793e-07 0)
(1.23788e-06 7.35757e-07 0)
(1.25465e-06 7.60391e-07 0)
(1.27226e-06 7.84824e-07 0)
(1.29063e-06 8.09154e-07 0)
(1.30968e-06 8.33458e-07 0)
(1.32935e-06 8.57804e-07 0)
(1.34956e-06 8.82246e-07 0)
(1.37027e-06 9.06831e-07 0)
(1.39142e-06 9.31598e-07 0)
(1.41296e-06 9.56581e-07 0)
(1.43484e-06 9.81807e-07 0)
(1.45702e-06 1.0073e-06 0)
(1.47945e-06 1.03308e-06 0)
(1.50208e-06 1.05915e-06 0)
(1.52488e-06 1.08551e-06 0)
(1.5478e-06 1.11217e-06 0)
(1.57081e-06 1.13907e-06 0)
(1.59385e-06 1.16616e-06 0)
(1.6168e-06 1.1933e-06 3.48791e-21)
(1.16937e-06 6.95576e-07 0)
(1.18715e-06 7.2036e-07 0)
(1.20559e-06 7.44832e-07 0)
(1.22464e-06 7.69131e-07 0)
(1.24424e-06 7.93358e-07 0)
(1.26436e-06 8.17587e-07 0)
(1.28494e-06 8.41888e-07 0)
(1.30594e-06 8.66314e-07 0)
(1.32734e-06 8.90913e-07 0)
(1.34908e-06 9.15722e-07 0)
(1.37114e-06 9.40774e-07 0)
(1.39349e-06 9.66097e-07 0)
(1.41608e-06 9.91715e-07 0)
(1.4389e-06 1.01764e-06 0)
(1.46191e-06 1.0439e-06 0)
(1.48508e-06 1.07048e-06 0)
(1.50838e-06 1.09738e-06 0)
(1.53177e-06 1.12457e-06 0)
(1.55523e-06 1.15202e-06 0)
(1.5785e-06 1.17958e-06 3.51904e-21)
(1.11029e-06 6.75856e-07 0)
(1.13047e-06 7.0087e-07 0)
(1.15104e-06 7.25567e-07 0)
(1.17196e-06 7.5008e-07 0)
(1.19323e-06 7.74521e-07 0)
(1.21481e-06 7.98964e-07 0)
(1.23669e-06 8.23486e-07 0)
(1.25885e-06 8.48139e-07 0)
(1.28127e-06 8.72975e-07 0)
(1.30394e-06 8.98032e-07 0)
(1.32683e-06 9.23345e-07 0)
(1.34994e-06 9.48944e-07 0)
(1.37324e-06 9.74854e-07 0)
(1.39671e-06 1.0011e-06 0)
(1.42035e-06 1.02768e-06 0)
(1.44412e-06 1.05463e-06 0)
(1.46802e-06 1.08194e-06 0)
(1.492e-06 1.1096e-06 0)
(1.51604e-06 1.1376e-06 0)
(1.5398e-06 1.16583e-06 3.57813e-21)
(1.04585e-06 6.51599e-07 0)
(1.0688e-06 6.77232e-07 0)
(1.09188e-06 7.0252e-07 0)
(1.11504e-06 7.27583e-07 0)
(1.13831e-06 7.5255e-07 0)
(1.16169e-06 7.77493e-07 0)
(1.18518e-06 8.02497e-07 0)
(1.2088e-06 8.27619e-07 0)
(1.23254e-06 8.52915e-07 0)
(1.2564e-06 8.78428e-07 0)
(1.28038e-06 9.04196e-07 0)
(1.30449e-06 9.30254e-07 0)
(1.32872e-06 9.56628e-07 0)
(1.35307e-06 9.83346e-07 0)
(1.37753e-06 1.01043e-06 0)
(1.4021e-06 1.0379e-06 0)
(1.42675e-06 1.06576e-06 0)
(1.45148e-06 1.09405e-06 0)
(1.47625e-06 1.12277e-06 0)
(1.50066e-06 1.15185e-06 3.66447e-21)
(9.77229e-07 6.22678e-07 0)
(1.00324e-06 6.49328e-07 0)
(1.02911e-06 6.75588e-07 0)
(1.05477e-06 7.01547e-07 0)
(1.08032e-06 7.2736e-07 0)
(1.10575e-06 7.53098e-07 0)
(1.1311e-06 7.78857e-07 0)
(1.15641e-06 8.047e-07 0)
(1.18168e-06 8.30689e-07 0)
(1.20695e-06 8.56874e-07 0)
(1.23222e-06 8.83298e-07 0)
(1.25752e-06 9.1e-07 0)
(1.28285e-06 9.37015e-07 0)
(1.30823e-06 9.64373e-07 0)
(1.33367e-06 9.92106e-07 0)
(1.35916e-06 1.02024e-06 0)
(1.38471e-06 1.04882e-06 0)
(1.41031e-06 1.07787e-06 0)
(1.43592e-06 1.10743e-06 0)
(1.46113e-06 1.13748e-06 3.7768e-21)
(9.05544e-07 5.89196e-07 0)
(9.3481e-07 6.17246e-07 0)
(9.63658e-07 6.44844e-07 0)
(9.92016e-07 6.72034e-07 0)
(1.02002e-06 6.99003e-07 0)
(1.04769e-06 7.25822e-07 0)
(1.07509e-06 7.52602e-07 0)
(1.10225e-06 7.79411e-07 0)
(1.12923e-06 8.06323e-07 0)
(1.15606e-06 8.33392e-07 0)
(1.18277e-06 8.60671e-07 0)
(1.2094e-06 8.88204e-07 0)
(1.23597e-06 9.16032e-07 0)
(1.2625e-06 9.44194e-07 0)
(1.28902e-06 9.72728e-07 0)
(1.31555e-06 1.00168e-06 0)
(1.34208e-06 1.03108e-06 0)
(1.36863e-06 1.06101e-06 0)
(1.39519e-06 1.09152e-06 0)
(1.42132e-06 1.12261e-06 3.9135e-21)
(8.3189e-07 5.5134e-07 0)
(8.64487e-07 5.81145e-07 0)
(8.96417e-07 6.10421e-07 0)
(9.2758e-07 6.39162e-07 0)
(9.58168e-07 6.67584e-07 0)
(9.88193e-07 6.95765e-07 0)
(1.01776e-06 7.23823e-07 0)
(1.04691e-06 7.51841e-07 0)
(1.07571e-06 7.79899e-07 0)
(1.10422e-06 8.08062e-07 0)
(1.13248e-06 8.36391e-07 0)
(1.16054e-06 8.64935e-07 0)
(1.18843e-06 8.93745e-07 0)
(1.21621e-06 9.22865e-07 0)
(1.24389e-06 9.52342e-07 0)
(1.27151e-06 9.82228e-07 0)
(1.29909e-06 1.01258e-06 0)
(1.32666e-06 1.04348e-06 0)
(1.35422e-06 1.075e-06 0)
(1.38138e-06 1.10718e-06 4.07259e-21)
(7.57349e-07 5.09464e-07 0)
(7.93243e-07 5.41344e-07 0)
(8.28265e-07 5.72588e-07 0)
(8.6227e-07 6.03169e-07 0)
(8.95483e-07 6.33302e-07 0)
(9.27929e-07 6.63092e-07 0)
(9.59724e-07 6.92662e-07 0)
(9.90932e-07 7.2211e-07 0)
(1.02163e-06 7.51525e-07 0)
(1.05189e-06 7.80981e-07 0)
(1.08176e-06 8.10546e-07 0)
(1.11132e-06 8.40278e-07 0)
(1.1406e-06 8.70233e-07 0)
(1.16966e-06 9.00462e-07 0)
(1.19856e-06 9.31019e-07 0)
(1.22732e-06 9.61962e-07 0)
(1.25599e-06 9.93359e-07 0)
(1.28461e-06 1.0253e-06 0)
(1.31321e-06 1.05788e-06 0)
(1.34149e-06 1.09116e-06 4.25192e-21)
(6.82889e-07 4.64073e-07 0)
(7.2191e-07 4.98257e-07 0)
(7.59905e-07 5.31678e-07 0)
(7.96724e-07 5.6435e-07 0)
(8.32558e-07 5.96434e-07 0)
(8.67452e-07 6.28062e-07 0)
(9.01513e-07 6.59359e-07 0)
(9.34819e-07 6.90438e-07 0)
(9.67456e-07 7.21399e-07 0)
(9.99502e-07 7.52327e-07 0)
(1.03103e-06 7.83297e-07 0)
(1.06211e-06 8.14376e-07 0)
(1.09282e-06 8.45624e-07 0)
(1.1232e-06 8.771e-07 0)
(1.15332e-06 9.08859e-07 0)
(1.18324e-06 9.40967e-07 0)
(1.21302e-06 9.73493e-07 0)
(1.2427e-06 1.00653e-06 0)
(1.27235e-06 1.04019e-06 0)
(1.30182e-06 1.07458e-06 4.449e-21)
(6.16787e-07 4.22773e-07 0)
(6.58138e-07 4.5894e-07 0)
(6.98354e-07 4.94137e-07 0)
(7.37354e-07 5.28579e-07 0)
(7.75254e-07 5.62359e-07 0)
(8.12111e-07 5.95614e-07 0)
(8.48011e-07 6.28463e-07 0)
(8.83033e-07 6.61018e-07 0)
(9.17264e-07 6.93382e-07 0)
(9.50784e-07 7.25643e-07 0)
(9.83675e-07 7.57882e-07 0)
(1.01601e-06 7.90166e-07 0)
(1.04787e-06 8.22559e-07 0)
(1.07933e-06 8.55121e-07 0)
(1.11044e-06 8.87907e-07 0)
(1.14129e-06 9.20982e-07 0)
(1.17193e-06 9.54414e-07 0)
(1.20245e-06 9.88294e-07 0)
(1.23292e-06 1.02272e-06 0)
(1.26336e-06 1.05786e-06 4.61355e-21)
(1.26643e-06 7.22066e-07 -2.78152e-21)
(1.28104e-06 7.47571e-07 -2.76715e-21)
(1.29679e-06 7.72693e-07 -2.7528e-21)
(1.31356e-06 7.97554e-07 -2.73847e-21)
(1.33126e-06 8.22255e-07 -2.72416e-21)
(1.34978e-06 8.46877e-07 -2.70988e-21)
(1.36903e-06 8.71492e-07 -2.69562e-21)
(1.38893e-06 8.96157e-07 -2.68139e-21)
(1.4094e-06 9.20923e-07 -2.66718e-21)
(1.43038e-06 9.45831e-07 -2.653e-21)
(1.4518e-06 9.70917e-07 -2.63885e-21)
(1.4736e-06 9.96212e-07 -2.62472e-21)
(1.49574e-06 1.02174e-06 -2.61063e-21)
(1.51814e-06 1.04752e-06 -2.59656e-21)
(1.54076e-06 1.07356e-06 -2.58252e-21)
(1.56354e-06 1.09986e-06 -2.56853e-21)
(1.58641e-06 1.12641e-06 -2.55457e-21)
(1.60932e-06 1.15319e-06 -2.54066e-21)
(1.63217e-06 1.18012e-06 -2.52682e-21)
(1.63974e-06 1.19689e-06 4.7232e-22)
(1.22203e-06 7.10793e-07 0)
(1.23788e-06 7.35757e-07 0)
(1.25465e-06 7.60391e-07 0)
(1.27226e-06 7.84824e-07 0)
(1.29063e-06 8.09154e-07 0)
(1.30968e-06 8.33458e-07 0)
(1.32935e-06 8.57804e-07 0)
(1.34956e-06 8.82246e-07 0)
(1.37027e-06 9.06831e-07 0)
(1.39142e-06 9.31598e-07 0)
(1.41296e-06 9.56581e-07 0)
(1.43484e-06 9.81807e-07 0)
(1.45702e-06 1.0073e-06 0)
(1.47945e-06 1.03308e-06 0)
(1.50208e-06 1.05915e-06 0)
(1.52488e-06 1.08551e-06 0)
(1.5478e-06 1.11217e-06 0)
(1.57081e-06 1.13907e-06 0)
(1.59385e-06 1.16616e-06 0)
(1.6168e-06 1.1933e-06 3.48791e-21)
(1.16937e-06 6.95576e-07 0)
(1.18715e-06 7.2036e-07 0)
(1.20559e-06 7.44832e-07 0)
(1.22464e-06 7.69131e-07 0)
(1.24424e-06 7.93358e-07 0)
(1.26436e-06 8.17587e-07 0)
(1.28494e-06 8.41888e-07 0)
(1.30594e-06 8.66314e-07 0)
(1.32734e-06 8.90913e-07 0)
(1.34908e-06 9.15722e-07 0)
(1.37114e-06 9.40774e-07 0)
(1.39349e-06 9.66097e-07 0)
(1.41608e-06 9.91715e-07 0)
(1.4389e-06 1.01764e-06 0)
(1.46191e-06 1.0439e-06 0)
(1.48508e-06 1.07048e-06 0)
(1.50838e-06 1.09738e-06 0)
(1.53177e-06 1.12457e-06 0)
(1.55523e-06 1.15202e-06 0)
(1.5785e-06 1.17958e-06 3.51904e-21)
(1.11029e-06 6.75856e-07 0)
(1.13047e-06 7.0087e-07 0)
(1.15104e-06 7.25567e-07 0)
(1.17196e-06 7.5008e-07 0)
(1.19323e-06 7.74521e-07 0)
(1.21481e-06 7.98964e-07 0)
(1.23669e-06 8.23486e-07 0)
(1.25885e-06 8.48139e-07 0)
(1.28127e-06 8.72975e-07 0)
(1.30394e-06 8.98032e-07 0)
(1.32683e-06 9.23345e-07 0)
(1.34994e-06 9.48944e-07 0)
(1.37324e-06 9.74854e-07 0)
(1.39671e-06 1.0011e-06 0)
(1.42035e-06 1.02768e-06 0)
(1.44412e-06 1.05463e-06 0)
(1.46802e-06 1.08194e-06 0)
(1.492e-06 1.1096e-06 0)
(1.51604e-06 1.1376e-06 0)
(1.5398e-06 1.16583e-06 3.57813e-21)
(1.04585e-06 6.51599e-07 0)
(1.0688e-06 6.77232e-07 0)
(1.09188e-06 7.0252e-07 0)
(1.11504e-06 7.27583e-07 0)
(1.13831e-06 7.5255e-07 0)
(1.16169e-06 7.77493e-07 0)
(1.18518e-06 8.02497e-07 0)
(1.2088e-06 8.27619e-07 0)
(1.23254e-06 8.52915e-07 0)
(1.2564e-06 8.78428e-07 0)
(1.28038e-06 9.04196e-07 0)
(1.30449e-06 9.30254e-07 0)
(1.32872e-06 9.56628e-07 0)
(1.35307e-06 9.83346e-07 0)
(1.37753e-06 1.01043e-06 0)
(1.4021e-06 1.0379e-06 0)
(1.42675e-06 1.06576e-06 0)
(1.45148e-06 1.09405e-06 0)
(1.47625e-06 1.12277e-06 0)
(1.50066e-06 1.15185e-06 3.66447e-21)
(9.77229e-07 6.22678e-07 0)
(1.00324e-06 6.49328e-07 0)
(1.02911e-06 6.75588e-07 0)
(1.05477e-06 7.01547e-07 0)
(1.08032e-06 7.2736e-07 0)
(1.10575e-06 7.53098e-07 0)
(1.1311e-06 7.78857e-07 0)
(1.15641e-06 8.047e-07 0)
(1.18168e-06 8.30689e-07 0)
(1.20695e-06 8.56874e-07 0)
(1.23222e-06 8.83298e-07 0)
(1.25752e-06 9.1e-07 0)
(1.28285e-06 9.37015e-07 0)
(1.30823e-06 9.64373e-07 0)
(1.33367e-06 9.92106e-07 0)
(1.35916e-06 1.02024e-06 0)
(1.38471e-06 1.04882e-06 0)
(1.41031e-06 1.07787e-06 0)
(1.43592e-06 1.10743e-06 0)
(1.46113e-06 1.13748e-06 3.7768e-21)
(9.05544e-07 5.89196e-07 0)
(9.3481e-07 6.17246e-07 0)
(9.63658e-07 6.44844e-07 0)
(9.92016e-07 6.72034e-07 0)
(1.02002e-06 6.99003e-07 0)
(1.04769e-06 7.25822e-07 0)
(1.07509e-06 7.52602e-07 0)
(1.10225e-06 7.79411e-07 0)
(1.12923e-06 8.06323e-07 0)
(1.15606e-06 8.33392e-07 0)
(1.18277e-06 8.60671e-07 0)
(1.2094e-06 8.88204e-07 0)
(1.23597e-06 9.16032e-07 0)
(1.2625e-06 9.44194e-07 0)
(1.28902e-06 9.72728e-07 0)
(1.31555e-06 1.00168e-06 0)
(1.34208e-06 1.03108e-06 0)
(1.36863e-06 1.06101e-06 0)
(1.39519e-06 1.09152e-06 0)
(1.42132e-06 1.12261e-06 3.9135e-21)
(8.3189e-07 5.5134e-07 0)
(8.64487e-07 5.81145e-07 0)
(8.96417e-07 6.10421e-07 0)
(9.2758e-07 6.39162e-07 0)
(9.58168e-07 6.67584e-07 0)
(9.88193e-07 6.95765e-07 0)
(1.01776e-06 7.23823e-07 0)
(1.04691e-06 7.51841e-07 0)
(1.07571e-06 7.79899e-07 0)
(1.10422e-06 8.08062e-07 0)
(1.13248e-06 8.36391e-07 0)
(1.16054e-06 8.64935e-07 0)
(1.18843e-06 8.93745e-07 0)
(1.21621e-06 9.22865e-07 0)
(1.24389e-06 9.52342e-07 0)
(1.27151e-06 9.82228e-07 0)
(1.29909e-06 1.01258e-06 0)
(1.32666e-06 1.04348e-06 0)
(1.35422e-06 1.075e-06 0)
(1.38138e-06 1.10718e-06 4.07259e-21)
(7.57349e-07 5.09464e-07 0)
(7.93243e-07 5.41344e-07 0)
(8.28265e-07 5.72588e-07 0)
(8.6227e-07 6.03169e-07 0)
(8.95483e-07 6.33302e-07 0)
(9.27929e-07 6.63092e-07 0)
(9.59724e-07 6.92662e-07 0)
(9.90932e-07 7.2211e-07 0)
(1.02163e-06 7.51525e-07 0)
(1.05189e-06 7.80981e-07 0)
(1.08176e-06 8.10546e-07 0)
(1.11132e-06 8.40278e-07 0)
(1.1406e-06 8.70233e-07 0)
(1.16966e-06 9.00462e-07 0)
(1.19856e-06 9.31019e-07 0)
(1.22732e-06 9.61962e-07 0)
(1.25599e-06 9.93359e-07 0)
(1.28461e-06 1.0253e-06 0)
(1.31321e-06 1.05788e-06 0)
(1.34149e-06 1.09116e-06 4.25192e-21)
(6.82889e-07 4.64073e-07 0)
(7.2191e-07 4.98257e-07 0)
(7.59905e-07 5.31678e-07 0)
(7.96724e-07 5.6435e-07 0)
(8.32558e-07 5.96434e-07 0)
(8.67452e-07 6.28062e-07 0)
(9.01513e-07 6.59359e-07 0)
(9.34819e-07 6.90438e-07 0)
(9.67456e-07 7.21399e-07 0)
(9.99502e-07 7.52327e-07 0)
(1.03103e-06 7.83297e-07 0)
(1.06211e-06 8.14376e-07 0)
(1.09282e-06 8.45624e-07 0)
(1.1232e-06 8.771e-07 0)
(1.15332e-06 9.08859e-07 0)
(1.18324e-06 9.40967e-07 0)
(1.21302e-06 9.73493e-07 0)
(1.2427e-06 1.00653e-06 0)
(1.27235e-06 1.04019e-06 0)
(1.30182e-06 1.07458e-06 4.449e-21)
(6.16787e-07 4.22773e-07 0)
(6.58138e-07 4.5894e-07 0)
(6.98354e-07 4.94137e-07 0)
(7.37354e-07 5.28579e-07 0)
(7.75254e-07 5.62359e-07 0)
(8.12111e-07 5.95614e-07 0)
(8.48011e-07 6.28463e-07 0)
(8.83033e-07 6.61018e-07 0)
(9.17264e-07 6.93382e-07 0)
(9.50784e-07 7.25643e-07 0)
(9.83675e-07 7.57882e-07 0)
(1.01601e-06 7.90166e-07 0)
(1.04787e-06 8.22559e-07 0)
(1.07933e-06 8.55121e-07 0)
(1.11044e-06 8.87907e-07 0)
(1.14129e-06 9.20982e-07 0)
(1.17193e-06 9.54414e-07 0)
(1.20245e-06 9.88294e-07 0)
(1.23292e-06 1.02272e-06 0)
(1.26336e-06 1.05786e-06 4.61355e-21)
(5.18861e-07 3.53805e-07 0)
(5.68656e-07 3.94441e-07 0)
(6.10808e-07 4.31446e-07 0)
(6.51812e-07 4.67443e-07 0)
(6.91653e-07 5.0275e-07 0)
(7.304e-07 5.37427e-07 0)
(7.68097e-07 5.7159e-07 0)
(8.04817e-07 6.05338e-07 0)
(8.40626e-07 6.3877e-07 0)
(8.75601e-07 6.71973e-07 0)
(9.09818e-07 7.0503e-07 0)
(9.43354e-07 7.38013e-07 0)
(9.76285e-07 7.70985e-07 0)
(1.00868e-06 8.04005e-07 0)
(1.04063e-06 8.37128e-07 0)
(1.07218e-06 8.70406e-07 0)
(1.10343e-06 9.03894e-07 0)
(1.13445e-06 9.37653e-07 0)
(1.16531e-06 9.71761e-07 0)
(1.19612e-06 1.00629e-06 0)
(1.22697e-06 1.04142e-06 4.68347e-21)
(4.83588e-07 3.33066e-07 0)
(5.31742e-07 3.73183e-07 0)
(5.736e-07 4.10258e-07 0)
(6.14457e-07 4.46516e-07 0)
(6.54263e-07 4.82196e-07 0)
(6.93064e-07 5.17329e-07 0)
(7.30878e-07 5.51995e-07 0)
(7.67758e-07 5.86272e-07 0)
(8.03754e-07 6.20234e-07 0)
(8.3893e-07 6.53956e-07 0)
(8.73349e-07 6.87503e-07 0)
(9.07081e-07 7.20937e-07 0)
(9.40194e-07 7.54312e-07 0)
(9.72759e-07 7.87678e-07 0)
(1.00485e-06 8.21081e-07 0)
(1.03653e-06 8.54565e-07 0)
(1.06789e-06 8.88177e-07 0)
(1.099e-06 9.21964e-07 0)
(1.12994e-06 9.55984e-07 0)
(1.16084e-06 9.90292e-07 0)
(1.19178e-06 1.02501e-06 4.69737e-21)
(4.52276e-07 3.13092e-07 0)
(4.98648e-07 3.52663e-07 0)
(5.39772e-07 3.89652e-07 0)
(5.8011e-07 4.26024e-07 0)
(6.19539e-07 4.61957e-07 0)
(6.58087e-07 4.97443e-07 0)
(6.95741e-07 5.32531e-07 0)
(7.32535e-07 5.67272e-07 0)
(7.68499e-07 6.01716e-07 0)
(8.03683e-07 6.35918e-07 0)
(8.38137e-07 6.69929e-07 0)
(8.71921e-07 7.03795e-07 0)
(9.05095e-07 7.3756e-07 0)
(9.37725e-07 7.71263e-07 0)
(9.69876e-07 8.04941e-07 0)
(1.00162e-06 8.38628e-07 0)
(1.03303e-06 8.72356e-07 0)
(1.06419e-06 9.0616e-07 0)
(1.09518e-06 9.40075e-07 0)
(1.12613e-06 9.7413e-07 0)
(1.15713e-06 1.00839e-06 4.70663e-21)
(4.24351e-07 2.94044e-07 0)
(4.68831e-07 3.32937e-07 0)
(5.08964e-07 3.69699e-07 0)
(5.48509e-07 4.06065e-07 0)
(5.87297e-07 4.42146e-07 0)
(6.25344e-07 4.77896e-07 0)
(6.62606e-07 5.13329e-07 0)
(6.99102e-07 5.48468e-07 0)
(7.34842e-07 5.83339e-07 0)
(7.69861e-07 6.17977e-07 0)
(8.04198e-07 6.52415e-07 0)
(8.37901e-07 6.86685e-07 0)
(8.71023e-07 7.20818e-07 0)
(9.03619e-07 7.54842e-07 0)
(9.35753e-07 7.88782e-07 0)
(9.67489e-07 8.22659e-07 0)
(9.98898e-07 8.56494e-07 0)
(1.03006e-06 8.90303e-07 0)
(1.06107e-06 9.24098e-07 0)
(1.09205e-06 9.57881e-07 0)
(1.12307e-06 9.91666e-07 4.71089e-21)
(3.99329e-07 2.7598e-07 0)
(4.41876e-07 3.14127e-07 0)
(4.80826e-07 3.50553e-07 0)
(5.1937e-07 3.86803e-07 0)
(5.57314e-07 4.22926e-07 0)
(5.94657e-07 4.58842e-07 0)
(6.31336e-07 4.94535e-07 0)
(6.67352e-07 5.29996e-07 0)
(7.02702e-07 5.6523e-07 0)
(7.37407e-07 6.00249e-07 0)
(7.71492e-07 6.35068e-07 0)
(8.04995e-07 6.69704e-07 0)
(8.3796e-07 7.04174e-07 0)
(8.70436e-07 7.38494e-07 0)
(9.02477e-07 7.72675e-07 0)
(9.34144e-07 8.06727e-07 0)
(9.65503e-07 8.40655e-07 0)
(9.96629e-07 8.74459e-07 0)
(1.02761e-06 9.08121e-07 0)
(1.05857e-06 9.41631e-07 0)
(1.08958e-06 9.74954e-07 4.70982e-21)
(3.76713e-07 2.58903e-07 0)
(4.1734e-07 2.96247e-07 0)
(4.54985e-07 3.32251e-07 0)
(4.92386e-07 3.68294e-07 0)
(5.29332e-07 4.0437e-07 0)
(5.65816e-07 4.40367e-07 0)
(6.01758e-07 4.7624e-07 0)
(6.37148e-07 5.11952e-07 0)
(6.71969e-07 5.47484e-07 0)
(7.0623e-07 5.82826e-07 0)
(7.39946e-07 6.17976e-07 0)
(7.73145e-07 6.52935e-07 0)
(8.05861e-07 6.87704e-07 0)
(8.38137e-07 7.22288e-07 0)
(8.70019e-07 7.56685e-07 0)
(9.01562e-07 7.90892e-07 0)
(9.32825e-07 8.24899e-07 0)
(9.6388e-07 8.58686e-07 0)
(9.94798e-07 8.92219e-07 0)
(1.02569e-06 9.25467e-07 0)
(1.05664e-06 9.58338e-07 4.70392e-21)
(3.56068e-07 2.42784e-07 0)
(3.94815e-07 2.79299e-07 0)
(4.31079e-07 3.14823e-07 0)
(4.67238e-07 3.5059e-07 0)
(5.03079e-07 3.86543e-07 0)
(5.38586e-07 4.22546e-07 0)
(5.73671e-07 4.58525e-07 0)
(6.08316e-07 4.94417e-07 0)
(6.42494e-07 5.30182e-07 0)
(6.76204e-07 5.65788e-07 0)
(7.09453e-07 6.01215e-07 0)
(7.42259e-07 6.36448e-07 0)
(7.74648e-07 6.71476e-07 0)
(8.06654e-07 7.06288e-07 0)
(8.38318e-07 7.40871e-07 0)
(8.69686e-07 7.7521e-07 0)
(9.0081e-07 8.0928e-07 0)
(9.31755e-07 8.43048e-07 0)
(9.62581e-07 8.76459e-07 0)
(9.93391e-07 9.0946e-07 0)
(1.02425e-06 9.41907e-07 4.69359e-21)
(3.36992e-07 2.27567e-07 0)
(3.73916e-07 2.6325e-07 0)
(4.08759e-07 2.98259e-07 0)
(4.43613e-07 3.33701e-07 0)
(4.78272e-07 3.69473e-07 0)
(5.12716e-07 4.05419e-07 0)
(5.46855e-07 4.41439e-07 0)
(5.80664e-07 4.77448e-07 0)
(6.14108e-07 5.13384e-07 0)
(6.47181e-07 5.49195e-07 0)
(6.79881e-07 5.84845e-07 0)
(7.1222e-07 6.20304e-07 0)
(7.44215e-07 6.55546e-07 0)
(7.75894e-07 6.90548e-07 0)
(8.07288e-07 7.25286e-07 0)
(8.38439e-07 7.59733e-07 0)
(8.69387e-07 7.93851e-07 0)
(9.0019e-07 8.27595e-07 0)
(9.30898e-07 8.60894e-07 0)
(9.61596e-07 8.93674e-07 0)
(9.92336e-07 9.25756e-07 4.67927e-21)
(3.19127e-07 2.13189e-07 0)
(3.5429e-07 2.4806e-07 0)
(3.8769e-07 2.82541e-07 0)
(4.21202e-07 3.17625e-07 0)
(4.54628e-07 3.53174e-07 0)
(4.87949e-07 3.89012e-07 0)
(5.21075e-07 4.25019e-07 0)
(5.53978e-07 4.61088e-07 0)
(5.8662e-07 4.97136e-07 0)
(6.18989e-07 5.33097e-07 0)
(6.51076e-07 5.68917e-07 0)
(6.82888e-07 6.04551e-07 0)
(7.14435e-07 6.39962e-07 0)
(7.45738e-07 6.75114e-07 0)
(7.76822e-07 7.09974e-07 0)
(8.07719e-07 7.44503e-07 0)
(8.38462e-07 7.78655e-07 0)
(8.69097e-07 8.12373e-07 0)
(8.99663e-07 8.45573e-07 0)
(9.30228e-07 8.7817e-07 0)
(9.60829e-07 9.09952e-07 4.66169e-21)
(3.02147e-07 1.99587e-07 0)
(3.35604e-07 2.3368e-07 0)
(3.67556e-07 2.67636e-07 0)
(3.99703e-07 3.02347e-07 0)
(4.31864e-07 3.37644e-07 0)
(4.64021e-07 3.73336e-07 0)
(4.96087e-07 4.09283e-07 0)
(5.28035e-07 4.45361e-07 0)
(5.59824e-07 4.8147e-07 0)
(5.91438e-07 5.17528e-07 0)
(6.22866e-07 5.53466e-07 0)
(6.54106e-07 5.89227e-07 0)
(6.85164e-07 6.24761e-07 0)
(7.16055e-07 6.60023e-07 0)
(7.46795e-07 6.9497e-07 0)
(7.77409e-07 7.29556e-07 0)
(8.07923e-07 7.63726e-07 0)
(8.38369e-07 7.97418e-07 0)
(8.68777e-07 8.30537e-07 0)
(8.99191e-07 8.62992e-07 0)
(9.29635e-07 8.94551e-07 4.64157e-21)
(2.85752e-07 1.86702e-07 0)
(3.17548e-07 2.20065e-07 0)
(3.4805e-07 2.53513e-07 0)
(3.78821e-07 2.87848e-07 0)
(4.09697e-07 3.22874e-07 0)
(4.40663e-07 3.58391e-07 0)
(4.7164e-07 3.9424e-07 0)
(5.02599e-07 4.30283e-07 0)
(5.33501e-07 4.66406e-07 0)
(5.64328e-07 5.02511e-07 0)
(5.95062e-07 5.38518e-07 0)
(6.257e-07 5.74358e-07 0)
(6.56241e-07 6.0997e-07 0)
(6.86693e-07 6.45302e-07 0)
(7.17067e-07 6.80302e-07 0)
(7.47379e-07 7.14918e-07 0)
(7.77646e-07 7.49092e-07 0)
(8.07889e-07 7.82756e-07 0)
(8.38125e-07 8.15814e-07 0)
(8.68378e-07 8.48172e-07 0)
(8.98654e-07 8.79592e-07 4.6198e-21)
(2.69658e-07 1.74485e-07 0)
(2.99825e-07 2.07173e-07 0)
(3.28876e-07 2.40139e-07 0)
(3.58263e-07 2.74103e-07 0)
(3.87843e-07 3.0885e-07 0)
(4.17604e-07 3.44169e-07 0)
(4.47475e-07 3.7989e-07 0)
(4.77427e-07 4.15859e-07 0)
(5.07424e-07 4.51952e-07 0)
(5.37444e-07 4.88058e-07 0)
(5.67468e-07 5.24087e-07 0)
(5.97487e-07 5.5996e-07 0)
(6.27496e-07 5.95607e-07 0)
(6.57495e-07 6.30969e-07 0)
(6.8749e-07 6.65988e-07 0)
(7.17489e-07 7.00609e-07 0)
(7.47499e-07 7.3477e-07 0)
(7.7753e-07 7.68405e-07 0)
(8.07588e-07 8.01422e-07 0)
(8.37674e-07 8.33728e-07 0)
(8.67778e-07 8.65096e-07 4.59738e-21)
(2.53593e-07 1.62906e-07 0)
(2.82143e-07 1.94974e-07 0)
(3.09738e-07 2.27489e-07 0)
(3.37736e-07 2.61093e-07 0)
(3.66015e-07 2.95556e-07 0)
(3.94566e-07 3.3066e-07 0)
(4.23325e-07 3.66224e-07 0)
(4.52267e-07 4.02085e-07 0)
(4.81355e-07 4.38107e-07 0)
(5.10565e-07 4.74171e-07 0)
(5.39877e-07 5.10178e-07 0)
(5.69275e-07 5.46039e-07 0)
(5.9875e-07 5.8168e-07 0)
(6.28296e-07 6.17033e-07 0)
(6.5791e-07 6.52038e-07 0)
(6.87593e-07 6.86637e-07 0)
(7.17344e-07 7.20769e-07 0)
(7.47163e-07 7.54373e-07 0)
(7.77042e-07 7.87363e-07 0)
(8.06963e-07 8.19662e-07 0)
(8.36899e-07 8.5106e-07 4.57541e-21)
(2.37279e-07 1.5194e-07 0)
(2.64205e-07 1.83446e-07 0)
(2.90334e-07 2.15539e-07 0)
(3.16939e-07 2.48795e-07 0)
(3.43916e-07 2.82971e-07 0)
(3.7126e-07 3.17845e-07 0)
(3.98915e-07 3.53226e-07 0)
(4.26856e-07 3.88945e-07 0)
(4.55047e-07 4.24858e-07 0)
(4.83461e-07 4.6084e-07 0)
(5.12075e-07 4.96781e-07 0)
(5.40867e-07 5.3259e-07 0)
(5.69822e-07 5.68184e-07 0)
(5.98927e-07 6.03492e-07 0)
(6.28172e-07 6.38451e-07 0)
(6.57549e-07 6.73002e-07 0)
(6.87049e-07 7.07089e-07 0)
(7.16661e-07 7.40654e-07 0)
(7.46367e-07 7.73631e-07 0)
(7.76132e-07 8.05957e-07 0)
(8.05911e-07 8.37463e-07 4.55482e-21)
(2.20429e-07 1.41592e-07 0)
(2.45703e-07 1.72585e-07 0)
(2.70351e-07 2.04283e-07 0)
(2.95559e-07 2.37198e-07 0)
(3.21241e-07 2.71082e-07 0)
(3.47391e-07 3.05706e-07 0)
(3.73962e-07 3.40878e-07 0)
(4.00926e-07 3.76421e-07 0)
(4.28248e-07 4.12187e-07 0)
(4.55897e-07 4.48045e-07 0)
(4.83844e-07 4.8388e-07 0)
(5.12062e-07 5.19595e-07 0)
(5.40529e-07 5.55104e-07 0)
(5.69223e-07 5.90333e-07 0)
(5.98126e-07 6.25215e-07 0)
(6.2722e-07 6.59694e-07 0)
(6.56488e-07 6.93716e-07 0)
(6.85909e-07 7.27236e-07 0)
(7.15455e-07 7.60205e-07 0)
(7.45079e-07 7.92584e-07 0)
(7.74721e-07 8.24261e-07 4.5366e-21)
(2.02725e-07 1.31859e-07 0)
(2.263e-07 1.62381e-07 0)
(2.49451e-07 1.937e-07 0)
(2.73261e-07 2.26275e-07 0)
(2.97659e-07 2.59855e-07 0)
(3.22642e-07 2.94209e-07 0)
(3.48162e-07 3.29142e-07 0)
(3.74192e-07 3.64475e-07 0)
(4.00691e-07 4.00056e-07 0)
(4.27626e-07 4.35749e-07 0)
(4.54959e-07 4.71438e-07 0)
(4.82657e-07 5.07021e-07 0)
(5.10688e-07 5.4241e-07 0)
(5.3902e-07 5.77527e-07 0)
(5.67626e-07 6.12305e-07 0)
(5.96478e-07 6.46689e-07 0)
(6.25548e-07 6.8063e-07 0)
(6.54806e-07 7.14093e-07 0)
(6.84217e-07 7.47051e-07 0)
(7.13722e-07 7.79495e-07 0)
(7.43253e-07 8.11385e-07 4.52165e-21)
(1.83826e-07 1.22801e-07 0)
(2.05638e-07 1.52871e-07 0)
(2.27274e-07 1.83811e-07 0)
(2.49691e-07 2.16032e-07 0)
(2.72832e-07 2.49282e-07 0)
(2.96686e-07 2.83334e-07 0)
(3.21209e-07 3.1799e-07 0)
(3.46366e-07 3.53071e-07 0)
(3.72111e-07 3.88423e-07 0)
(3.98404e-07 4.23909e-07 0)
(4.25199e-07 4.5941e-07 0)
(4.52453e-07 4.94823e-07 0)
(4.80123e-07 5.30056e-07 0)
(5.08166e-07 5.65031e-07 0)
(5.36543e-07 5.99681e-07 0)
(5.65215e-07 6.33949e-07 0)
(5.94141e-07 6.67794e-07 0)
(6.23282e-07 7.01188e-07 0)
(6.52592e-07 7.34126e-07 0)
(6.8201e-07 7.66631e-07 0)
(7.1146e-07 7.98746e-07 4.5104e-21)
(1.63308e-07 1.14396e-07 0)
(1.83281e-07 1.44018e-07 0)
(2.03393e-07 1.74564e-07 0)
(2.24436e-07 2.06405e-07 0)
(2.46362e-07 2.39294e-07 0)
(2.69151e-07 2.73005e-07 0)
(2.92752e-07 3.07342e-07 0)
(3.17124e-07 3.42129e-07 0)
(3.42211e-07 3.77209e-07 0)
(3.67963e-07 4.12447e-07 0)
(3.94323e-07 4.47721e-07 0)
(4.21237e-07 4.82928e-07 0)
(4.4865e-07 5.17975e-07 0)
(4.76507e-07 5.52782e-07 0)
(5.04754e-07 5.87283e-07 0)
(5.33338e-07 6.21421e-07 0)
(5.62204e-07 6.55157e-07 0)
(5.91298e-07 6.88473e-07 0)
(6.20563e-07 7.21377e-07 0)
(6.49935e-07 7.53922e-07 0)
(6.79341e-07 7.86238e-07 4.50321e-21)
(1.40774e-07 1.06804e-07 0)
(1.58825e-07 1.35938e-07 0)
(1.77417e-07 1.66036e-07 0)
(1.97125e-07 1.97436e-07 0)
(2.17903e-07 2.29902e-07 0)
(2.39711e-07 2.63211e-07 0)
(2.62493e-07 2.9717e-07 0)
(2.86192e-07 3.31603e-07 0)
(3.10742e-07 3.66356e-07 0)
(3.36078e-07 4.01293e-07 0)
(3.62132e-07 4.36294e-07 0)
(3.88837e-07 4.71253e-07 0)
(4.16124e-07 5.06079e-07 0)
(4.43924e-07 5.40691e-07 0)
(4.7217e-07 5.75023e-07 0)
(5.00789e-07 6.09019e-07 0)
(5.29712e-07 6.42641e-07 0)
(5.58863e-07 6.75873e-07 0)
(5.88169e-07 7.08735e-07 0)
(6.17554e-07 7.41292e-07 0)
(6.46952e-07 7.73725e-07 4.49898e-21)
(1.15476e-07 9.98871e-08 2.27928e-21)
(1.31499e-07 1.28444e-07 2.30346e-21)
(1.48618e-07 1.58032e-07 2.30243e-21)
(1.67076e-07 1.88933e-07 2.3015e-21)
(1.86815e-07 2.20918e-07 2.30066e-21)
(2.07779e-07 2.53769e-07 2.29992e-21)
(2.29892e-07 2.87297e-07 2.29927e-21)
(2.53079e-07 3.21328e-07 2.29871e-21)
(2.7726e-07 3.5571e-07 2.29823e-21)
(3.02353e-07 3.90305e-07 2.29783e-21)
(3.28276e-07 4.24996e-07 2.29749e-21)
(3.54947e-07 4.59677e-07 2.29723e-21)
(3.82285e-07 4.94256e-07 2.29703e-21)
(4.10209e-07 5.28653e-07 2.29688e-21)
(4.38634e-07 5.62802e-07 2.29679e-21)
(4.67475e-07 5.96648e-07 2.29676e-21)
(4.96641e-07 6.30155e-07 2.29677e-21)
(5.26033e-07 6.63307e-07 2.29681e-21)
(5.55544e-07 6.96124e-07 2.29689e-21)
(5.85046e-07 7.28673e-07 2.29696e-21)
(6.15238e-07 7.5617e-07 3.39712e-21)
(5.18861e-07 3.53805e-07 0)
(5.68656e-07 3.94441e-07 0)
(6.10808e-07 4.31446e-07 0)
(6.51812e-07 4.67443e-07 0)
(6.91653e-07 5.0275e-07 0)
(7.304e-07 5.37427e-07 0)
(7.68097e-07 5.7159e-07 0)
(8.04817e-07 6.05338e-07 0)
(8.40626e-07 6.3877e-07 0)
(8.75601e-07 6.71973e-07 0)
(9.09818e-07 7.0503e-07 0)
(9.43354e-07 7.38013e-07 0)
(9.76285e-07 7.70985e-07 0)
(1.00868e-06 8.04005e-07 0)
(1.04063e-06 8.37128e-07 0)
(1.07218e-06 8.70406e-07 0)
(1.10343e-06 9.03894e-07 0)
(1.13445e-06 9.37653e-07 0)
(1.16531e-06 9.71761e-07 0)
(1.19612e-06 1.00629e-06 0)
(1.22697e-06 1.04142e-06 4.68347e-21)
(4.83588e-07 3.33066e-07 0)
(5.31742e-07 3.73183e-07 0)
(5.736e-07 4.10258e-07 0)
(6.14457e-07 4.46516e-07 0)
(6.54263e-07 4.82196e-07 0)
(6.93064e-07 5.17329e-07 0)
(7.30878e-07 5.51995e-07 0)
(7.67758e-07 5.86272e-07 0)
(8.03754e-07 6.20234e-07 0)
(8.3893e-07 6.53956e-07 0)
(8.73349e-07 6.87503e-07 0)
(9.07081e-07 7.20937e-07 0)
(9.40194e-07 7.54312e-07 0)
(9.72759e-07 7.87678e-07 0)
(1.00485e-06 8.21081e-07 0)
(1.03653e-06 8.54565e-07 0)
(1.06789e-06 8.88177e-07 0)
(1.099e-06 9.21964e-07 0)
(1.12994e-06 9.55984e-07 0)
(1.16084e-06 9.90292e-07 0)
(1.19178e-06 1.02501e-06 4.69737e-21)
(4.52276e-07 3.13092e-07 0)
(4.98648e-07 3.52663e-07 0)
(5.39772e-07 3.89652e-07 0)
(5.8011e-07 4.26024e-07 0)
(6.19539e-07 4.61957e-07 0)
(6.58087e-07 4.97443e-07 0)
(6.95741e-07 5.32531e-07 0)
(7.32535e-07 5.67272e-07 0)
(7.68499e-07 6.01716e-07 0)
(8.03683e-07 6.35918e-07 0)
(8.38137e-07 6.69929e-07 0)
(8.71921e-07 7.03795e-07 0)
(9.05095e-07 7.3756e-07 0)
(9.37725e-07 7.71263e-07 0)
(9.69876e-07 8.04941e-07 0)
(1.00162e-06 8.38628e-07 0)
(1.03303e-06 8.72356e-07 0)
(1.06419e-06 9.0616e-07 0)
(1.09518e-06 9.40075e-07 0)
(1.12613e-06 9.7413e-07 0)
(1.15713e-06 1.00839e-06 4.70663e-21)
(4.24351e-07 2.94044e-07 0)
(4.68831e-07 3.32937e-07 0)
(5.08964e-07 3.69699e-07 0)
(5.48509e-07 4.06065e-07 0)
(5.87297e-07 4.42146e-07 0)
(6.25344e-07 4.77896e-07 0)
(6.62606e-07 5.13329e-07 0)
(6.99102e-07 5.48468e-07 0)
(7.34842e-07 5.83339e-07 0)
(7.69861e-07 6.17977e-07 0)
(8.04198e-07 6.52415e-07 0)
(8.37901e-07 6.86685e-07 0)
(8.71023e-07 7.20818e-07 0)
(9.03619e-07 7.54842e-07 0)
(9.35753e-07 7.88782e-07 0)
(9.67489e-07 8.22659e-07 0)
(9.98898e-07 8.56494e-07 0)
(1.03006e-06 8.90303e-07 0)
(1.06107e-06 9.24098e-07 0)
(1.09205e-06 9.57881e-07 0)
(1.12307e-06 9.91666e-07 4.71089e-21)
(3.99329e-07 2.7598e-07 0)
(4.41876e-07 3.14127e-07 0)
(4.80826e-07 3.50553e-07 0)
(5.1937e-07 3.86803e-07 0)
(5.57314e-07 4.22926e-07 0)
(5.94657e-07 4.58842e-07 0)
(6.31336e-07 4.94535e-07 0)
(6.67352e-07 5.29996e-07 0)
(7.02702e-07 5.6523e-07 0)
(7.37407e-07 6.00249e-07 0)
(7.71492e-07 6.35068e-07 0)
(8.04995e-07 6.69704e-07 0)
(8.3796e-07 7.04174e-07 0)
(8.70436e-07 7.38494e-07 0)
(9.02477e-07 7.72675e-07 0)
(9.34144e-07 8.06727e-07 0)
(9.65503e-07 8.40655e-07 0)
(9.96629e-07 8.74459e-07 0)
(1.02761e-06 9.08121e-07 0)
(1.05857e-06 9.41631e-07 0)
(1.08958e-06 9.74954e-07 4.70982e-21)
(3.76713e-07 2.58903e-07 0)
(4.1734e-07 2.96247e-07 0)
(4.54985e-07 3.32251e-07 0)
(4.92386e-07 3.68294e-07 0)
(5.29332e-07 4.0437e-07 0)
(5.65816e-07 4.40367e-07 0)
(6.01758e-07 4.7624e-07 0)
(6.37148e-07 5.11952e-07 0)
(6.71969e-07 5.47484e-07 0)
(7.0623e-07 5.82826e-07 0)
(7.39946e-07 6.17976e-07 0)
(7.73145e-07 6.52935e-07 0)
(8.05861e-07 6.87704e-07 0)
(8.38137e-07 7.22288e-07 0)
(8.70019e-07 7.56685e-07 0)
(9.01562e-07 7.90892e-07 0)
(9.32825e-07 8.24899e-07 0)
(9.6388e-07 8.58686e-07 0)
(9.94798e-07 8.92219e-07 0)
(1.02569e-06 9.25467e-07 0)
(1.05664e-06 9.58338e-07 4.70392e-21)
(3.56068e-07 2.42784e-07 0)
(3.94815e-07 2.79299e-07 0)
(4.31079e-07 3.14823e-07 0)
(4.67238e-07 3.5059e-07 0)
(5.03079e-07 3.86543e-07 0)
(5.38586e-07 4.22546e-07 0)
(5.73671e-07 4.58525e-07 0)
(6.08316e-07 4.94417e-07 0)
(6.42494e-07 5.30182e-07 0)
(6.76204e-07 5.65788e-07 0)
(7.09453e-07 6.01215e-07 0)
(7.42259e-07 6.36448e-07 0)
(7.74648e-07 6.71476e-07 0)
(8.06654e-07 7.06288e-07 0)
(8.38318e-07 7.40871e-07 0)
(8.69686e-07 7.7521e-07 0)
(9.0081e-07 8.0928e-07 0)
(9.31755e-07 8.43048e-07 0)
(9.62581e-07 8.76459e-07 0)
(9.93391e-07 9.0946e-07 0)
(1.02425e-06 9.41907e-07 4.69359e-21)
(3.36992e-07 2.27567e-07 0)
(3.73916e-07 2.6325e-07 0)
(4.08759e-07 2.98259e-07 0)
(4.43613e-07 3.33701e-07 0)
(4.78272e-07 3.69473e-07 0)
(5.12716e-07 4.05419e-07 0)
(5.46855e-07 4.41439e-07 0)
(5.80664e-07 4.77448e-07 0)
(6.14108e-07 5.13384e-07 0)
(6.47181e-07 5.49195e-07 0)
(6.79881e-07 5.84845e-07 0)
(7.1222e-07 6.20304e-07 0)
(7.44215e-07 6.55546e-07 0)
(7.75894e-07 6.90548e-07 0)
(8.07288e-07 7.25286e-07 0)
(8.38439e-07 7.59733e-07 0)
(8.69387e-07 7.93851e-07 0)
(9.0019e-07 8.27595e-07 0)
(9.30898e-07 8.60894e-07 0)
(9.61596e-07 8.93674e-07 0)
(9.92336e-07 9.25756e-07 4.67927e-21)
(3.19127e-07 2.13189e-07 0)
(3.5429e-07 2.4806e-07 0)
(3.8769e-07 2.82541e-07 0)
(4.21202e-07 3.17625e-07 0)
(4.54628e-07 3.53174e-07 0)
(4.87949e-07 3.89012e-07 0)
(5.21075e-07 4.25019e-07 0)
(5.53978e-07 4.61088e-07 0)
(5.8662e-07 4.97136e-07 0)
(6.18989e-07 5.33097e-07 0)
(6.51076e-07 5.68917e-07 0)
(6.82888e-07 6.04551e-07 0)
(7.14435e-07 6.39962e-07 0)
(7.45738e-07 6.75114e-07 0)
(7.76822e-07 7.09974e-07 0)
(8.07719e-07 7.44503e-07 0)
(8.38462e-07 7.78655e-07 0)
(8.69097e-07 8.12373e-07 0)
(8.99663e-07 8.45573e-07 0)
(9.30228e-07 8.7817e-07 0)
(9.60829e-07 9.09952e-07 4.66169e-21)
(3.02147e-07 1.99587e-07 0)
(3.35604e-07 2.3368e-07 0)
(3.67556e-07 2.67636e-07 0)
(3.99703e-07 3.02347e-07 0)
(4.31864e-07 3.37644e-07 0)
(4.64021e-07 3.73336e-07 0)
(4.96087e-07 4.09283e-07 0)
(5.28035e-07 4.45361e-07 0)
(5.59824e-07 4.8147e-07 0)
(5.91438e-07 5.17528e-07 0)
(6.22866e-07 5.53466e-07 0)
(6.54106e-07 5.89227e-07 0)
(6.85164e-07 6.24761e-07 0)
(7.16055e-07 6.60023e-07 0)
(7.46795e-07 6.9497e-07 0)
(7.77409e-07 7.29556e-07 0)
(8.07923e-07 7.63726e-07 0)
(8.38369e-07 7.97418e-07 0)
(8.68777e-07 8.30537e-07 0)
(8.99191e-07 8.62992e-07 0)
(9.29635e-07 8.94551e-07 4.64157e-21)
(2.85752e-07 1.86702e-07 0)
(3.17548e-07 2.20065e-07 0)
(3.4805e-07 2.53513e-07 0)
(3.78821e-07 2.87848e-07 0)
(4.09697e-07 3.22874e-07 0)
(4.40663e-07 3.58391e-07 0)
(4.7164e-07 3.9424e-07 0)
(5.02599e-07 4.30283e-07 0)
(5.33501e-07 4.66406e-07 0)
(5.64328e-07 5.02511e-07 0)
(5.95062e-07 5.38518e-07 0)
(6.257e-07 5.74358e-07 0)
(6.56241e-07 6.0997e-07 0)
(6.86693e-07 6.45302e-07 0)
(7.17067e-07 6.80302e-07 0)
(7.47379e-07 7.14918e-07 0)
(7.77646e-07 7.49092e-07 0)
(8.07889e-07 7.82756e-07 0)
(8.38125e-07 8.15814e-07 0)
(8.68378e-07 8.48172e-07 0)
(8.98654e-07 8.79592e-07 4.6198e-21)
(2.69658e-07 1.74485e-07 0)
(2.99825e-07 2.07173e-07 0)
(3.28876e-07 2.40139e-07 0)
(3.58263e-07 2.74103e-07 0)
(3.87843e-07 3.0885e-07 0)
(4.17604e-07 3.44169e-07 0)
(4.47475e-07 3.7989e-07 0)
(4.77427e-07 4.15859e-07 0)
(5.07424e-07 4.51952e-07 0)
(5.37444e-07 4.88058e-07 0)
(5.67468e-07 5.24087e-07 0)
(5.97487e-07 5.5996e-07 0)
(6.27496e-07 5.95607e-07 0)
(6.57495e-07 6.30969e-07 0)
(6.8749e-07 6.65988e-07 0)
(7.17489e-07 7.00609e-07 0)
(7.47499e-07 7.3477e-07 0)
(7.7753e-07 7.68405e-07 0)
(8.07588e-07 8.01422e-07 0)
(8.37674e-07 8.33728e-07 0)
(8.67778e-07 8.65096e-07 4.59738e-21)
(2.53593e-07 1.62906e-07 0)
(2.82143e-07 1.94974e-07 0)
(3.09738e-07 2.27489e-07 0)
(3.37736e-07 2.61093e-07 0)
(3.66015e-07 2.95556e-07 0)
(3.94566e-07 3.3066e-07 0)
(4.23325e-07 3.66224e-07 0)
(4.52267e-07 4.02085e-07 0)
(4.81355e-07 4.38107e-07 0)
(5.10565e-07 4.74171e-07 0)
(5.39877e-07 5.10178e-07 0)
(5.69275e-07 5.46039e-07 0)
(5.9875e-07 5.8168e-07 0)
(6.28296e-07 6.17033e-07 0)
(6.5791e-07 6.52038e-07 0)
(6.87593e-07 6.86637e-07 0)
(7.17344e-07 7.20769e-07 0)
(7.47163e-07 7.54373e-07 0)
(7.77042e-07 7.87363e-07 0)
(8.06963e-07 8.19662e-07 0)
(8.36899e-07 8.5106e-07 4.57541e-21)
(2.37279e-07 1.5194e-07 0)
(2.64205e-07 1.83446e-07 0)
(2.90334e-07 2.15539e-07 0)
(3.16939e-07 2.48795e-07 0)
(3.43916e-07 2.82971e-07 0)
(3.7126e-07 3.17845e-07 0)
(3.98915e-07 3.53226e-07 0)
(4.26856e-07 3.88945e-07 0)
(4.55047e-07 4.24858e-07 0)
(4.83461e-07 4.6084e-07 0)
(5.12075e-07 4.96781e-07 0)
(5.40867e-07 5.3259e-07 0)
(5.69822e-07 5.68184e-07 0)
(5.98927e-07 6.03492e-07 0)
(6.28172e-07 6.38451e-07 0)
(6.57549e-07 6.73002e-07 0)
(6.87049e-07 7.07089e-07 0)
(7.16661e-07 7.40654e-07 0)
(7.46367e-07 7.73631e-07 0)
(7.76132e-07 8.05957e-07 0)
(8.05911e-07 8.37463e-07 4.55482e-21)
(2.20429e-07 1.41592e-07 0)
(2.45703e-07 1.72585e-07 0)
(2.70351e-07 2.04283e-07 0)
(2.95559e-07 2.37198e-07 0)
(3.21241e-07 2.71082e-07 0)
(3.47391e-07 3.05706e-07 0)
(3.73962e-07 3.40878e-07 0)
(4.00926e-07 3.76421e-07 0)
(4.28248e-07 4.12187e-07 0)
(4.55897e-07 4.48045e-07 0)
(4.83844e-07 4.8388e-07 0)
(5.12062e-07 5.19595e-07 0)
(5.40529e-07 5.55104e-07 0)
(5.69223e-07 5.90333e-07 0)
(5.98126e-07 6.25215e-07 0)
(6.2722e-07 6.59694e-07 0)
(6.56488e-07 6.93716e-07 0)
(6.85909e-07 7.27236e-07 0)
(7.15455e-07 7.60205e-07 0)
(7.45079e-07 7.92584e-07 0)
(7.74721e-07 8.24261e-07 4.5366e-21)
(2.02725e-07 1.31859e-07 0)
(2.263e-07 1.62381e-07 0)
(2.49451e-07 1.937e-07 0)
(2.73261e-07 2.26275e-07 0)
(2.97659e-07 2.59855e-07 0)
(3.22642e-07 2.94209e-07 0)
(3.48162e-07 3.29142e-07 0)
(3.74192e-07 3.64475e-07 0)
(4.00691e-07 4.00056e-07 0)
(4.27626e-07 4.35749e-07 0)
(4.54959e-07 4.71438e-07 0)
(4.82657e-07 5.07021e-07 0)
(5.10688e-07 5.4241e-07 0)
(5.3902e-07 5.77527e-07 0)
(5.67626e-07 6.12305e-07 0)
(5.96478e-07 6.46689e-07 0)
(6.25548e-07 6.8063e-07 0)
(6.54806e-07 7.14093e-07 0)
(6.84217e-07 7.47051e-07 0)
(7.13722e-07 7.79495e-07 0)
(7.43253e-07 8.11385e-07 4.52165e-21)
(1.83826e-07 1.22801e-07 0)
(2.05638e-07 1.52871e-07 0)
(2.27274e-07 1.83811e-07 0)
(2.49691e-07 2.16032e-07 0)
(2.72832e-07 2.49282e-07 0)
(2.96686e-07 2.83334e-07 0)
(3.21209e-07 3.1799e-07 0)
(3.46366e-07 3.53071e-07 0)
(3.72111e-07 3.88423e-07 0)
(3.98404e-07 4.23909e-07 0)
(4.25199e-07 4.5941e-07 0)
(4.52453e-07 4.94823e-07 0)
(4.80123e-07 5.30056e-07 0)
(5.08166e-07 5.65031e-07 0)
(5.36543e-07 5.99681e-07 0)
(5.65215e-07 6.33949e-07 0)
(5.94141e-07 6.67794e-07 0)
(6.23282e-07 7.01188e-07 0)
(6.52592e-07 7.34126e-07 0)
(6.8201e-07 7.66631e-07 0)
(7.1146e-07 7.98746e-07 4.5104e-21)
(1.63308e-07 1.14396e-07 0)
(1.83281e-07 1.44018e-07 0)
(2.03393e-07 1.74564e-07 0)
(2.24436e-07 2.06405e-07 0)
(2.46362e-07 2.39294e-07 0)
(2.69151e-07 2.73005e-07 0)
(2.92752e-07 3.07342e-07 0)
(3.17124e-07 3.42129e-07 0)
(3.42211e-07 3.77209e-07 0)
(3.67963e-07 4.12447e-07 0)
(3.94323e-07 4.47721e-07 0)
(4.21237e-07 4.82928e-07 0)
(4.4865e-07 5.17975e-07 0)
(4.76507e-07 5.52782e-07 0)
(5.04754e-07 5.87283e-07 0)
(5.33338e-07 6.21421e-07 0)
(5.62204e-07 6.55157e-07 0)
(5.91298e-07 6.88473e-07 0)
(6.20563e-07 7.21377e-07 0)
(6.49935e-07 7.53922e-07 0)
(6.79341e-07 7.86238e-07 4.50321e-21)
(1.40774e-07 1.06804e-07 0)
(1.58825e-07 1.35938e-07 0)
(1.77417e-07 1.66036e-07 0)
(1.97125e-07 1.97436e-07 0)
(2.17903e-07 2.29902e-07 0)
(2.39711e-07 2.63211e-07 0)
(2.62493e-07 2.9717e-07 0)
(2.86192e-07 3.31603e-07 0)
(3.10742e-07 3.66356e-07 0)
(3.36078e-07 4.01293e-07 0)
(3.62132e-07 4.36294e-07 0)
(3.88837e-07 4.71253e-07 0)
(4.16124e-07 5.06079e-07 0)
(4.43924e-07 5.40691e-07 0)
(4.7217e-07 5.75023e-07 0)
(5.00789e-07 6.09019e-07 0)
(5.29712e-07 6.42641e-07 0)
(5.58863e-07 6.75873e-07 0)
(5.88169e-07 7.08735e-07 0)
(6.17554e-07 7.41292e-07 0)
(6.46952e-07 7.73725e-07 4.49898e-21)
(1.15476e-07 9.98871e-08 2.27928e-21)
(1.31499e-07 1.28444e-07 2.30346e-21)
(1.48618e-07 1.58032e-07 2.30243e-21)
(1.67076e-07 1.88933e-07 2.3015e-21)
(1.86815e-07 2.20918e-07 2.30066e-21)
(2.07779e-07 2.53769e-07 2.29992e-21)
(2.29892e-07 2.87297e-07 2.29927e-21)
(2.53079e-07 3.21328e-07 2.29871e-21)
(2.7726e-07 3.5571e-07 2.29823e-21)
(3.02353e-07 3.90305e-07 2.29783e-21)
(3.28276e-07 4.24996e-07 2.29749e-21)
(3.54947e-07 4.59677e-07 2.29723e-21)
(3.82285e-07 4.94256e-07 2.29703e-21)
(4.10209e-07 5.28653e-07 2.29688e-21)
(4.38634e-07 5.62802e-07 2.29679e-21)
(4.67475e-07 5.96648e-07 2.29676e-21)
(4.96641e-07 6.30155e-07 2.29677e-21)
(5.26033e-07 6.63307e-07 2.29681e-21)
(5.55544e-07 6.96124e-07 2.29689e-21)
(5.85046e-07 7.28673e-07 2.29696e-21)
(6.15238e-07 7.5617e-07 3.39712e-21)
(0 0 0)
(3.85781e-08 7.21398e-09 0)
(7.85684e-08 2.22103e-08 0)
(1.21197e-07 4.57247e-08 0)
(1.67118e-07 7.67955e-08 0)
(2.16879e-07 1.14492e-07 0)
(2.70718e-07 1.57582e-07 0)
(3.28696e-07 2.04751e-07 0)
(3.90663e-07 2.54609e-07 0)
(4.5634e-07 3.05913e-07 0)
(0 0 0)
(3.64076e-08 6.4082e-09 0)
(7.41272e-08 1.99338e-08 0)
(1.14202e-07 4.13714e-08 0)
(1.57179e-07 6.99585e-08 0)
(2.03553e-07 1.0494e-07 0)
(2.53551e-07 1.45261e-07 0)
(3.07254e-07 1.89773e-07 0)
(3.64556e-07 2.37223e-07 0)
(4.25192e-07 2.8654e-07 0)
(0 0 0)
(3.44443e-08 5.57697e-09 0)
(7.01356e-08 1.77212e-08 0)
(1.07959e-07 3.72575e-08 0)
(1.48357e-07 6.35718e-08 0)
(1.91758e-07 9.60452e-08 0)
(2.38366e-07 1.33761e-07 0)
(2.88268e-07 1.7571e-07 0)
(3.41422e-07 2.2076e-07 0)
(3.97589e-07 2.67979e-07 0)
(0 0 0)
(3.26333e-08 4.70959e-09 0)
(6.64789e-08 1.55439e-08 0)
(1.02294e-07 3.33381e-08 0)
(1.40424e-07 5.75873e-08 0)
(1.81234e-07 8.77759e-08 0)
(2.24898e-07 1.23096e-07 0)
(2.71485e-07 1.62648e-07 0)
(3.20983e-07 2.05397e-07 0)
(3.73142e-07 2.50474e-07 0)
(0 0 0)
(3.0939e-08 3.79708e-09 0)
(6.30743e-08 1.33618e-08 0)
(9.70563e-08 2.95291e-08 0)
(1.33145e-07 5.18738e-08 0)
(1.71646e-07 7.99585e-08 0)
(2.12704e-07 1.13061e-07 0)
(2.56367e-07 1.50369e-07 0)
(3.02654e-07 1.90943e-07 0)
(3.51294e-07 2.33951e-07 0)
(0 0 0)
(2.93369e-08 2.83736e-09 0)
(5.98685e-08 1.11605e-08 0)
(9.21576e-08 2.57984e-08 0)
(1.26388e-07 4.63847e-08 0)
(1.62813e-07 7.2539e-08 0)
(2.01545e-07 1.03606e-07 0)
(2.4261e-07 1.38837e-07 0)
(2.86042e-07 1.77372e-07 0)
(3.31564e-07 2.184e-07 0)
(0 0 0)
(2.78035e-08 1.82759e-09 0)
(5.68094e-08 8.92126e-09 0)
(8.75078e-08 2.2102e-08 0)
(1.20016e-07 4.10462e-08 0)
(1.54541e-07 6.54154e-08 0)
(1.91167e-07 9.46063e-08 0)
(2.29901e-07 1.27921e-07 0)
(2.70784e-07 1.64565e-07 0)
(3.1354e-07 2.03746e-07 0)
(0 0 0)
(2.63225e-08 7.68536e-10 0)
(5.38619e-08 6.63713e-09 0)
(8.30472e-08 1.84195e-08 0)
(1.13936e-07 3.5823e-08 0)
(1.46696e-07 5.85383e-08 0)
(1.81387e-07 8.60014e-08 0)
(2.17999e-07 1.17551e-07 0)
(2.56576e-07 1.52448e-07 0)
(2.96852e-07 1.89915e-07 0)
(0 0 0)
(2.48788e-08 -3.4045e-10 0)
(5.09933e-08 4.29906e-09 0)
(7.87199e-08 1.47276e-08 0)
(1.08063e-07 3.06743e-08 0)
(1.39157e-07 5.18493e-08 0)
(1.72039e-07 7.77175e-08 0)
(2.06691e-07 1.07644e-07 0)
(2.43153e-07 1.40935e-07 0)
(2.81178e-07 1.7683e-07 0)
(0 0 0)
(2.34612e-08 -1.4987e-09 0)
(4.81794e-08 1.90271e-09 0)
(7.44841e-08 1.10132e-08 0)
(1.02331e-07 2.55765e-08 0)
(1.31825e-07 4.53132e-08 0)
(1.62986e-07 6.97074e-08 0)
(1.95794e-07 9.81437e-08 0)
(2.30284e-07 1.29962e-07 0)
(2.66233e-07 1.64419e-07 0)
(0 0 0)
(2.20603e-08 -2.707e-09 0)
(4.54001e-08 -5.57367e-10 0)
(7.0304e-08 7.26385e-09 0)
(9.66806e-08 2.05088e-08 0)
(1.24612e-07 3.88997e-08 0)
(1.54106e-07 6.19312e-08 0)
(1.85143e-07 8.90005e-08 0)
(2.1776e-07 1.19472e-07 0)
(2.51757e-07 1.52624e-07 0)
(0 0 0)
(2.06709e-08 -3.96703e-09 0)
(4.26428e-08 -3.08629e-09 0)
(6.61533e-08 3.47073e-09 0)
(9.10651e-08 1.54583e-08 0)
(1.17443e-07 3.25904e-08 0)
(1.45287e-07 5.43636e-08 0)
(1.74589e-07 8.01812e-08 0)
(2.05385e-07 1.09427e-07 0)
(2.37506e-07 1.41397e-07 0)
(0 0 0)
(1.9292e-08 -5.28373e-09 0)
(3.99026e-08 -5.69065e-09 0)
(6.20142e-08 -3.71988e-10 0)
(8.5445e-08 1.04202e-08 0)
(1.10248e-07 2.63797e-08 0)
(1.36427e-07 4.69954e-08 0)
(1.63987e-07 7.16712e-08 0)
(1.92973e-07 9.98035e-08 0)
(2.23248e-07 1.30709e-07 0)
(0 0 0)
(1.79323e-08 -6.66706e-09 0)
(3.719e-08 -8.3814e-09 0)
(5.78837e-08 -4.27095e-09 0)
(7.97917e-08 5.39341e-09 0)
(1.02966e-07 2.02689e-08 0)
(1.27423e-07 3.98268e-08 0)
(1.53193e-07 6.34662e-08 0)
(1.80335e-07 9.05925e-08 0)
(2.08746e-07 1.20542e-07 0)
(0 0 0)
(1.66133e-08 -8.13884e-09 0)
(3.45342e-08 -1.11719e-08 0)
(5.37735e-08 -8.22153e-09 0)
(7.40848e-08 3.9905e-10 0)
(9.55346e-08 1.42887e-08 0)
(1.18171e-07 3.28911e-08 0)
(1.42057e-07 5.55966e-08 0)
(1.67273e-07 8.18178e-08 0)
(1.93754e-07 1.10911e-07 0)
(0 0 0)
(1.53933e-08 -9.73671e-09 0)
(3.2012e-08 -1.40883e-08 0)
(4.97298e-08 -1.22265e-08 0)
(6.83201e-08 -4.54673e-09 0)
(8.78943e-08 8.46588e-09 0)
(1.08553e-07 2.62173e-08 0)
(1.30408e-07 4.80875e-08 0)
(1.53564e-07 7.34968e-08 0)
(1.77996e-07 1.01823e-07 0)
(0 0 0)
(1.43801e-08 -1.15467e-08 0)
(2.97449e-08 -1.71533e-08 0)
(4.5822e-08 -1.62377e-08 0)
(6.24967e-08 -9.35136e-09 0)
(7.99748e-08 2.91239e-09 0)
(9.84377e-08 1.99203e-08 0)
(1.18054e-07 4.10472e-08 0)
(1.3896e-07 6.5725e-08 0)
(1.61174e-07 9.33575e-08 0)
(0 0 0)
(1.39038e-08 -1.36879e-08 0)
(2.8022e-08 -2.04101e-08 0)
(4.22004e-08 -2.02351e-08 0)
(5.66256e-08 -1.39694e-08 0)
(7.16764e-08 -2.3207e-09 0)
(8.76363e-08 1.4044e-08 0)
(1.04736e-07 3.4506e-08 0)
(1.23141e-07 5.85169e-08 0)
(1.42907e-07 8.55109e-08 0)
(0 0 0)
(1.45897e-08 -1.64647e-08 0)
(2.71981e-08 -2.37998e-08 0)
(3.90209e-08 -2.39601e-08 0)
(5.06984e-08 -1.80785e-08 0)
(6.28835e-08 -6.91272e-09 0)
(7.59539e-08 8.88679e-09 0)
(9.01959e-08 2.87319e-08 0)
(1.05794e-07 5.21069e-08 0)
(1.22835e-07 7.84819e-08 0)
(7.71367e-09 -7.31111e-09 8.97191e-22)
(1.9826e-08 -2.01427e-08 1.80364e-21)
(2.83974e-08 -2.72214e-08 1.81872e-21)
(3.65307e-08 -2.72964e-08 1.84457e-21)
(4.461e-08 -2.1564e-08 1.88095e-21)
(5.33085e-08 -1.07471e-08 1.92759e-21)
(6.29964e-08 4.56844e-09 1.98423e-21)
(7.39559e-08 2.383e-08 2.05051e-21)
(8.63695e-08 4.65543e-08 2.12603e-21)
(1.00311e-07 7.22381e-08 2.21028e-21)
(0 0 0)
(3.85781e-08 7.21398e-09 0)
(7.85684e-08 2.22103e-08 0)
(1.21197e-07 4.57247e-08 0)
(1.67118e-07 7.67955e-08 0)
(2.16879e-07 1.14492e-07 0)
(2.70718e-07 1.57582e-07 0)
(3.28696e-07 2.04751e-07 0)
(3.90663e-07 2.54609e-07 0)
(4.5634e-07 3.05913e-07 0)
(0 0 0)
(3.64076e-08 6.4082e-09 0)
(7.41272e-08 1.99338e-08 0)
(1.14202e-07 4.13714e-08 0)
(1.57179e-07 6.99585e-08 0)
(2.03553e-07 1.0494e-07 0)
(2.53551e-07 1.45261e-07 0)
(3.07254e-07 1.89773e-07 0)
(3.64556e-07 2.37223e-07 0)
(4.25192e-07 2.8654e-07 0)
(0 0 0)
(3.44443e-08 5.57697e-09 0)
(7.01356e-08 1.77212e-08 0)
(1.07959e-07 3.72575e-08 0)
(1.48357e-07 6.35718e-08 0)
(1.91758e-07 9.60452e-08 0)
(2.38366e-07 1.33761e-07 0)
(2.88268e-07 1.7571e-07 0)
(3.41422e-07 2.2076e-07 0)
(3.97589e-07 2.67979e-07 0)
(0 0 0)
(3.26333e-08 4.70959e-09 0)
(6.64789e-08 1.55439e-08 0)
(1.02294e-07 3.33381e-08 0)
(1.40424e-07 5.75873e-08 0)
(1.81234e-07 8.77759e-08 0)
(2.24898e-07 1.23096e-07 0)
(2.71485e-07 1.62648e-07 0)
(3.20983e-07 2.05397e-07 0)
(3.73142e-07 2.50474e-07 0)
(0 0 0)
(3.0939e-08 3.79708e-09 0)
(6.30743e-08 1.33618e-08 0)
(9.70563e-08 2.95291e-08 0)
(1.33145e-07 5.18738e-08 0)
(1.71646e-07 7.99585e-08 0)
(2.12704e-07 1.13061e-07 0)
(2.56367e-07 1.50369e-07 0)
(3.02654e-07 1.90943e-07 0)
(3.51294e-07 2.33951e-07 0)
(0 0 0)
(2.93369e-08 2.83736e-09 0)
(5.98685e-08 1.11605e-08 0)
(9.21576e-08 2.57984e-08 0)
(1.26388e-07 4.63847e-08 0)
(1.62813e-07 7.2539e-08 0)
(2.01545e-07 1.03606e-07 0)
(2.4261e-07 1.38837e-07 0)
(2.86042e-07 1.77372e-07 0)
(3.31564e-07 2.184e-07 0)
(0 0 0)
(2.78035e-08 1.82759e-09 0)
(5.68094e-08 8.92126e-09 0)
(8.75078e-08 2.2102e-08 0)
(1.20016e-07 4.10462e-08 0)
(1.54541e-07 6.54154e-08 0)
(1.91167e-07 9.46063e-08 0)
(2.29901e-07 1.27921e-07 0)
(2.70784e-07 1.64565e-07 0)
(3.1354e-07 2.03746e-07 0)
(0 0 0)
(2.63225e-08 7.68536e-10 0)
(5.38619e-08 6.63713e-09 0)
(8.30472e-08 1.84195e-08 0)
(1.13936e-07 3.5823e-08 0)
(1.46696e-07 5.85383e-08 0)
(1.81387e-07 8.60014e-08 0)
(2.17999e-07 1.17551e-07 0)
(2.56576e-07 1.52448e-07 0)
(2.96852e-07 1.89915e-07 0)
(0 0 0)
(2.48788e-08 -3.4045e-10 0)
(5.09933e-08 4.29906e-09 0)
(7.87199e-08 1.47276e-08 0)
(1.08063e-07 3.06743e-08 0)
(1.39157e-07 5.18493e-08 0)
(1.72039e-07 7.77175e-08 0)
(2.06691e-07 1.07644e-07 0)
(2.43153e-07 1.40935e-07 0)
(2.81178e-07 1.7683e-07 0)
(0 0 0)
(2.34612e-08 -1.4987e-09 0)
(4.81794e-08 1.90271e-09 0)
(7.44841e-08 1.10132e-08 0)
(1.02331e-07 2.55765e-08 0)
(1.31825e-07 4.53132e-08 0)
(1.62986e-07 6.97074e-08 0)
(1.95794e-07 9.81437e-08 0)
(2.30284e-07 1.29962e-07 0)
(2.66233e-07 1.64419e-07 0)
(0 0 0)
(2.20603e-08 -2.707e-09 0)
(4.54001e-08 -5.57367e-10 0)
(7.0304e-08 7.26385e-09 0)
(9.66806e-08 2.05088e-08 0)
(1.24612e-07 3.88997e-08 0)
(1.54106e-07 6.19312e-08 0)
(1.85143e-07 8.90005e-08 0)
(2.1776e-07 1.19472e-07 0)
(2.51757e-07 1.52624e-07 0)
(0 0 0)
(2.06709e-08 -3.96703e-09 0)
(4.26428e-08 -3.08629e-09 0)
(6.61533e-08 3.47073e-09 0)
(9.10651e-08 1.54583e-08 0)
(1.17443e-07 3.25904e-08 0)
(1.45287e-07 5.43636e-08 0)
(1.74589e-07 8.01812e-08 0)
(2.05385e-07 1.09427e-07 0)
(2.37506e-07 1.41397e-07 0)
(0 0 0)
(1.9292e-08 -5.28373e-09 0)
(3.99026e-08 -5.69065e-09 0)
(6.20142e-08 -3.71988e-10 0)
(8.5445e-08 1.04202e-08 0)
(1.10248e-07 2.63797e-08 0)
(1.36427e-07 4.69954e-08 0)
(1.63987e-07 7.16712e-08 0)
(1.92973e-07 9.98035e-08 0)
(2.23248e-07 1.30709e-07 0)
(0 0 0)
(1.79323e-08 -6.66706e-09 0)
(3.719e-08 -8.3814e-09 0)
(5.78837e-08 -4.27095e-09 0)
(7.97917e-08 5.39341e-09 0)
(1.02966e-07 2.02689e-08 0)
(1.27423e-07 3.98268e-08 0)
(1.53193e-07 6.34662e-08 0)
(1.80335e-07 9.05925e-08 0)
(2.08746e-07 1.20542e-07 0)
(0 0 0)
(1.66133e-08 -8.13884e-09 0)
(3.45342e-08 -1.11719e-08 0)
(5.37735e-08 -8.22153e-09 0)
(7.40848e-08 3.9905e-10 0)
(9.55346e-08 1.42887e-08 0)
(1.18171e-07 3.28911e-08 0)
(1.42057e-07 5.55966e-08 0)
(1.67273e-07 8.18178e-08 0)
(1.93754e-07 1.10911e-07 0)
(0 0 0)
(1.53933e-08 -9.73671e-09 0)
(3.2012e-08 -1.40883e-08 0)
(4.97298e-08 -1.22265e-08 0)
(6.83201e-08 -4.54673e-09 0)
(8.78943e-08 8.46588e-09 0)
(1.08553e-07 2.62173e-08 0)
(1.30408e-07 4.80875e-08 0)
(1.53564e-07 7.34968e-08 0)
(1.77996e-07 1.01823e-07 0)
(0 0 0)
(1.43801e-08 -1.15467e-08 0)
(2.97449e-08 -1.71533e-08 0)
(4.5822e-08 -1.62377e-08 0)
(6.24967e-08 -9.35136e-09 0)
(7.99748e-08 2.91239e-09 0)
(9.84377e-08 1.99203e-08 0)
(1.18054e-07 4.10472e-08 0)
(1.3896e-07 6.5725e-08 0)
(1.61174e-07 9.33575e-08 0)
(0 0 0)
(1.39038e-08 -1.36879e-08 0)
(2.8022e-08 -2.04101e-08 0)
(4.22004e-08 -2.02351e-08 0)
(5.66256e-08 -1.39694e-08 0)
(7.16764e-08 -2.3207e-09 0)
(8.76363e-08 1.4044e-08 0)
(1.04736e-07 3.4506e-08 0)
(1.23141e-07 5.85169e-08 0)
(1.42907e-07 8.55109e-08 0)
(0 0 0)
(1.45897e-08 -1.64647e-08 0)
(2.71981e-08 -2.37998e-08 0)
(3.90209e-08 -2.39601e-08 0)
(5.06984e-08 -1.80785e-08 0)
(6.28835e-08 -6.91272e-09 0)
(7.59539e-08 8.88679e-09 0)
(9.01959e-08 2.87319e-08 0)
(1.05794e-07 5.21069e-08 0)
(1.22835e-07 7.84819e-08 0)
(7.71367e-09 -7.31111e-09 8.97191e-22)
(1.9826e-08 -2.01427e-08 1.80364e-21)
(2.83974e-08 -2.72214e-08 1.81872e-21)
(3.65307e-08 -2.72964e-08 1.84457e-21)
(4.461e-08 -2.1564e-08 1.88095e-21)
(5.33085e-08 -1.07471e-08 1.92759e-21)
(6.29964e-08 4.56844e-09 1.98423e-21)
(7.39559e-08 2.383e-08 2.05051e-21)
(8.63695e-08 4.65543e-08 2.12603e-21)
(1.00311e-07 7.22381e-08 2.21028e-21)
)
;

boundaryField
{
    left
    {
        type            calculated;
    }
    right
    {
        type            calculated;
    }
    down
    {
        type            calculated;
    }
    up
    {
        type            calculated;
    }
    hole
    {
        type            calculated;
    }
    frontAndBack
    {
        type            empty;
    }
}


// ************************************************************************* //
