/*--------------------------------*- C++ -*----------------------------------*\
  =========                 |
  \\      /  F ield         | OpenFOAM: The Open Source CFD Toolbox
   \\    /   O peration     | Website:  https://openfoam.org
    \\  /    A nd           | Version:  9
     \\/     M anipulation  |
\*---------------------------------------------------------------------------*/
FoamFile
{
    format      ascii;
    class       volSymmTensorField;
    location    "1";
    object      epsilon;
}
// * * * * * * * * * * * * * * * * * * * * * * * * * * * * * * * * * * * * * //

dimensions      [0 0 0 0 0 0 0];

internalField   nonuniform List<symmTensor> 
1000
(
(4.23097e-07 -5.46563e-07 7.05699e-20 8.3909e-08 7.72538e-20 2.10851e-34)
(5.8288e-07 -4.21571e-07 -8.67335e-22 -1.0469e-07 4.86613e-22 0)
(6.61223e-07 -3.22978e-07 1.01267e-21 -1.94899e-07 -1.94253e-22 0)
(7.05165e-07 -2.48604e-07 2.59654e-22 -2.58216e-07 -1.86005e-22 0)
(7.26343e-07 -1.88774e-07 -1.09961e-21 -2.93305e-07 8.06361e-23 0)
(7.33456e-07 -1.4199e-07 -1.18568e-22 -3.15761e-07 1.30657e-22 0)
(7.32632e-07 -1.03964e-07 -1.00059e-21 -3.27911e-07 -5.36881e-22 0)
(7.25991e-07 -7.37258e-08 6.86486e-22 -3.34107e-07 3.20932e-22 0)
(7.17373e-07 -4.85891e-08 -3.55109e-22 -3.36361e-07 -4.02644e-22 0)
(7.04834e-07 -2.76731e-08 0 -3.36692e-07 0 0)
(5.71945e-07 -6.07731e-07 6.98122e-20 2.255e-08 8.9642e-20 1.21172e-35)
(6.958e-07 -4.35182e-07 0 -1.45146e-07 0 0)
(7.48886e-07 -3.106e-07 8.11893e-22 -2.1948e-07 3.86831e-22 0)
(7.7349e-07 -2.21051e-07 -1.39333e-21 -2.72233e-07 -7.42899e-22 0)
(7.79613e-07 -1.52768e-07 -5.92328e-22 -2.9887e-07 -3.56968e-22 0)
(7.74824e-07 -1.01685e-07 4.12822e-22 -3.15428e-07 4.20104e-22 0)
(7.64343e-07 -6.17958e-08 4.61726e-22 -3.22882e-07 3.09169e-22 0)
(7.5017e-07 -3.14716e-08 1.08513e-21 -3.26247e-07 6.33123e-22 0)
(7.3423e-07 -6.89441e-09 0 -3.25162e-07 0 0)
(7.17389e-07 1.2777e-08 0 -3.25729e-07 0 0)
(7.3872e-07 -6.4639e-07 6.69373e-20 -5.86941e-08 1.00178e-19 0)
(8.12772e-07 -4.34679e-07 0 -1.9088e-07 0 0)
(8.33027e-07 -2.89108e-07 7.73991e-22 -2.4138e-07 3.9979e-22 0)
(8.33694e-07 -1.87659e-07 -2.31715e-22 -2.78811e-07 8.21015e-23 0)
(8.22027e-07 -1.13388e-07 -1.13416e-23 -2.94157e-07 5.07078e-24 0)
(8.03703e-07 -5.98625e-08 -3.84931e-22 -3.03117e-07 -3.97473e-22 0)
(7.82704e-07 -1.96555e-08 5.24482e-22 -3.04862e-07 2.42553e-22 0)
(7.60375e-07 9.70938e-09 -3.89834e-22 -3.0464e-07 -2.87559e-22 0)
(7.37724e-07 3.25335e-08 -3.10047e-23 -3.00447e-07 5.41661e-23 0)
(7.1589e-07 5.10896e-08 -8.21439e-23 -3.00121e-07 -3.54405e-23 0)
(9.17197e-07 -6.57024e-07 5.87309e-20 -1.55234e-07 1.05682e-19 -6.74979e-36)
(9.30876e-07 -4.18338e-07 4.42587e-22 -2.40168e-07 -4.5729e-23 0)
(9.1232e-07 -2.58841e-07 -3.53837e-22 -2.60195e-07 -1.99552e-22 0)
(8.85239e-07 -1.50056e-07 -2.2371e-22 -2.78267e-07 4.34734e-23 0)
(8.53553e-07 -7.30584e-08 4.01831e-22 -2.80029e-07 3.87745e-22 0)
(8.20568e-07 -1.93756e-08 -4.83199e-22 -2.80243e-07 -3.19264e-22 0)
(7.88601e-07 1.94351e-08 -4.17511e-22 -2.75906e-07 -2.96815e-22 0)
(7.5824e-07 4.67571e-08 -9.30555e-22 -2.7204e-07 -6.80063e-22 0)
(7.2932e-07 6.68988e-08 -1.33813e-22 -2.65314e-07 -1.62699e-22 0)
(7.03181e-07 8.32975e-08 2.2814e-22 -2.63815e-07 2.01335e-22 0)
(1.09853e-06 -6.34691e-07 4.85085e-20 -2.60816e-07 1.05686e-19 -1.23425e-34)
(1.04627e-06 -3.839e-07 2.31522e-26 -2.90736e-07 1.1055e-27 0)
(9.84752e-07 -2.19324e-07 -1.14537e-21 -2.75127e-07 -5.6096e-22 0)
(9.27201e-07 -1.09057e-07 1.03893e-22 -2.70652e-07 -3.94394e-24 0)
(8.73973e-07 -3.35765e-08 -1.45524e-22 -2.57073e-07 1.54632e-23 0)
(8.25745e-07 1.72695e-08 3.48352e-22 -2.47787e-07 3.21133e-22 0)
(7.82899e-07 5.25162e-08 -3.8806e-23 -2.37317e-07 1.15222e-23 0)
(7.44899e-07 7.63115e-08 3.67121e-22 -2.30008e-07 2.45202e-22 0)
(7.10574e-07 9.26961e-08 -8.02982e-23 -2.21491e-07 -1.69789e-22 0)
(6.80728e-07 1.06049e-07 -1.45327e-22 -2.19071e-07 -1.17193e-22 0)
(1.27669e-06 -5.78152e-07 3.58988e-20 -3.68467e-07 9.93666e-20 -1.29598e-34)
(1.15617e-06 -3.299e-07 2.11196e-26 -3.39228e-07 4.46199e-27 0)
(1.04911e-06 -1.69996e-07 -1.14235e-26 -2.84356e-07 -1.76804e-27 0)
(9.59276e-07 -6.5451e-08 9.18159e-23 -2.55467e-07 1.12856e-23 0)
(8.83768e-07 3.33483e-09 -4.95776e-22 -2.25848e-07 -3.01248e-22 0)
(8.20447e-07 4.77762e-08 5.63247e-24 -2.07237e-07 -5.02499e-26 0)
(7.67365e-07 7.71e-08 3.69038e-22 -1.91263e-07 2.49689e-22 0)
(7.22575e-07 9.58633e-08 7.84941e-22 -1.81193e-07 5.73359e-22 0)
(6.83843e-07 1.07615e-07 1.42179e-22 -1.71778e-07 1.04202e-22 0)
(6.5107e-07 1.17209e-07 -2.48396e-22 -1.68852e-07 -1.95258e-22 0)
(1.43972e-06 -4.83777e-07 2.59223e-20 -4.69613e-07 8.7828e-20 -2.7888e-34)
(1.25412e-06 -2.52311e-07 3.31364e-22 -3.80495e-07 1.32917e-22 0)
(1.09975e-06 -1.094e-07 3.50648e-22 -2.83758e-07 1.5925e-22 0)
(9.77655e-07 -1.97219e-08 -7.54617e-23 -2.30535e-07 -2.25494e-23 0)
(8.81129e-07 3.59573e-08 3.58754e-22 -1.86211e-07 2.39722e-22 0)
(8.04562e-07 6.98284e-08 -3.3015e-22 -1.6004e-07 -2.27073e-22 0)
(7.43184e-07 9.07682e-08 9.33854e-23 -1.40332e-07 5.7748e-24 0)
(6.93284e-07 1.03121e-07 -2.94627e-22 -1.28894e-07 -1.92913e-22 0)
(6.51638e-07 1.09702e-07 -2.01789e-23 -1.19803e-07 2.5207e-24 0)
(6.16932e-07 1.15174e-07 -1.49223e-22 -1.1701e-07 -9.73808e-23 0)
(1.59248e-06 -3.51252e-07 1.5842e-20 -5.56841e-07 7.09978e-20 -1.13966e-35)
(1.33657e-06 -1.47183e-07 -8.84289e-22 -4.04354e-07 -3.18643e-22 0)
(1.13311e-06 -3.66544e-08 6.83931e-24 -2.65109e-07 3.75548e-24 0)
(9.81408e-07 2.55277e-08 1.10314e-22 -1.92042e-07 5.60367e-23 0)
(8.67337e-07 6.08023e-08 8.19788e-22 -1.37867e-07 4.07733e-22 0)
(7.81162e-07 8.02252e-08 -4.82593e-23 -1.08337e-07 -1.521e-23 0)
(7.14509e-07 9.11827e-08 1.19998e-27 -8.81716e-08 2.40858e-28 0)
(6.61833e-07 9.67029e-08 -2.88199e-22 -7.75527e-08 -1.52077e-22 0)
(6.19002e-07 9.84953e-08 6.92678e-24 -7.0257e-08 3.1876e-25 0)
(5.83478e-07 1.00228e-07 2.1517e-23 -6.83384e-08 1.06437e-23 0)
(1.71041e-06 -1.64096e-07 6.73904e-21 -6.07968e-07 4.99746e-20 1.1703e-34)
(1.3766e-06 -1.42061e-08 -9.73909e-22 -3.84121e-07 -4.09004e-22 0)
(1.12659e-06 3.84669e-08 1.01618e-22 -2.10938e-07 8.6566e-23 0)
(9.56183e-07 5.81636e-08 9.5393e-23 -1.32093e-07 7.55819e-23 0)
(8.36249e-07 6.80335e-08 -3.98791e-23 -8.06349e-08 -2.4427e-23 0)
(7.48837e-07 7.14081e-08 3.19426e-22 -5.58216e-08 1.16179e-22 0)
(6.82723e-07 7.30683e-08 1.73344e-23 -4.03577e-08 5.39709e-24 0)
(6.30837e-07 7.30523e-08 5.15138e-22 -3.33305e-08 1.97359e-22 0)
(5.88949e-07 7.17793e-08 1.13747e-22 -2.91843e-08 4.40243e-23 0)
(5.53742e-07 7.11286e-08 6.38805e-23 -2.86584e-08 2.55241e-23 0)
(1.81535e-06 1.47428e-07 1.60863e-21 -5.60773e-07 2.81891e-20 1.21822e-34)
(1.34193e-06 1.65254e-07 -7.45241e-23 -2.52708e-07 -1.291e-22 0)
(1.07929e-06 1.09362e-07 3.38272e-22 -1.05785e-07 1.43897e-22 0)
(9.15735e-07 7.11504e-08 1.73455e-23 -5.22209e-08 2.44293e-23 0)
(8.05745e-07 5.62463e-08 5.92166e-28 -2.45848e-08 5.54188e-28 0)
(7.24665e-07 4.7921e-08 3.23839e-22 -1.35038e-08 5.85137e-23 0)
(6.63081e-07 4.49282e-08 4.98537e-24 -7.59971e-09 1.49527e-24 0)
(6.1362e-07 4.31756e-08 2.48219e-22 -5.62288e-09 4.72625e-23 0)
(5.73193e-07 4.17942e-08 -2.71479e-24 -4.74701e-09 -2.14255e-25 0)
(5.38222e-07 4.08495e-08 -4.15726e-24 -5.08445e-09 -8.85347e-25 0)
(-2.27328e-10 1.55181e-09 3.56165e-20 -1.1566e-09 2.07265e-20 1.69542e-34)
(3.65489e-09 -4.31647e-09 -1.9763e-23 -1.40358e-09 1.90813e-20 1.61792e-36)
(2.2808e-08 -1.41507e-08 -2.39083e-22 -1.06664e-08 1.83362e-20 2.01543e-35)
(5.30051e-08 -2.2026e-08 -2.24016e-24 -2.44695e-08 1.85735e-20 0)
(8.77831e-08 -2.6888e-08 -3.46932e-23 -3.98089e-08 1.81733e-20 -1.6146e-36)
(1.24138e-07 -2.96596e-08 -3.2639e-22 -5.55865e-08 1.849e-20 3.37324e-35)
(1.5965e-07 -3.07527e-08 7.19018e-23 -7.08187e-08 1.88518e-20 1.61111e-36)
(1.93506e-07 -3.0847e-08 -2.16744e-22 -8.52017e-08 1.86033e-20 3.06191e-35)
(2.24564e-07 -3.00339e-08 1.72573e-22 -9.84387e-08 1.86563e-20 -1.32833e-35)
(2.53333e-07 -2.94067e-08 5.22184e-22 -1.10355e-07 1.85559e-20 -4.00506e-35)
(5.21218e-09 -4.66218e-09 3.66163e-20 -2.47902e-09 4.61872e-21 4.57063e-35)
(2.41796e-08 -2.64002e-08 2.62319e-22 -1.02983e-09 2.87573e-22 0)
(5.87898e-08 -5.04191e-08 -2.45499e-22 -1.54282e-08 -2.46419e-22 0)
(9.72798e-08 -6.87791e-08 1.90623e-24 -3.48548e-08 -2.03836e-22 0)
(1.35887e-07 -8.00767e-08 0 -5.42165e-08 0 0)
(1.72497e-07 -8.64141e-08 -3.71795e-22 -7.2453e-08 -5.55461e-23 0)
(2.06222e-07 -8.87073e-08 6.36515e-23 -8.88584e-08 3.20021e-22 0)
(2.37207e-07 -8.85652e-08 4.73554e-24 -1.03529e-07 1.72162e-23 0)
(2.64506e-07 -8.6124e-08 -2.02363e-22 -1.16423e-07 -5.81902e-22 0)
(2.89854e-07 -8.41783e-08 1.46808e-22 -1.2738e-07 2.29711e-23 0)
(7.30138e-09 -2.39618e-08 3.74472e-20 6.19996e-09 7.44096e-21 -2.03657e-36)
(4.36239e-08 -6.63082e-08 2.6828e-22 1.48669e-09 2.84051e-22 0)
(9.24824e-08 -9.60553e-08 2.80199e-22 -2.08963e-08 5.88852e-23 0)
(1.40443e-07 -1.15993e-07 1.39203e-23 -4.86725e-08 -1.96559e-22 0)
(1.84575e-07 -1.26989e-07 0 -7.42724e-08 0 0)
(2.23391e-07 -1.3217e-07 -4.1624e-22 -9.67257e-08 -1.08976e-22 0)
(2.57098e-07 -1.32818e-07 -5.67768e-22 -1.15584e-07 -1.59437e-22 0)
(2.86731e-07 -1.30714e-07 3.76046e-22 -1.31464e-07 2.29847e-22 0)
(3.11365e-07 -1.26101e-07 2.30531e-24 -1.44418e-07 7.32945e-24 0)
(3.34351e-07 -1.22221e-07 -3.38285e-22 -1.54953e-07 -2.13722e-22 0)
(1.04434e-08 -5.42014e-08 3.93511e-20 2.68424e-08 1.08197e-20 -3.60668e-35)
(7.02459e-08 -1.14136e-07 6.55627e-23 4.11164e-09 -2.38343e-22 0)
(1.32314e-07 -1.4541e-07 3.07912e-22 -2.82535e-08 6.03933e-23 0)
(1.88875e-07 -1.62958e-07 0 -6.42397e-08 0 0)
(2.37856e-07 -1.70243e-07 -5.23871e-22 -9.55578e-08 1.94937e-22 0)
(2.78806e-07 -1.71618e-07 7.80084e-24 -1.22055e-07 4.83546e-22 0)
(3.12676e-07 -1.6872e-07 -2.69523e-23 -1.43444e-07 -2.59759e-22 0)
(3.4129e-07 -1.63328e-07 -7.65548e-23 -1.60789e-07 -4.00941e-22 0)
(3.63601e-07 -1.55817e-07 1.71434e-22 -1.74189e-07 5.57343e-23 0)
(3.84624e-07 -1.49467e-07 3.20065e-22 -1.84728e-07 1.20207e-22 0)
(1.85926e-08 -9.69134e-08 3.94652e-20 5.55371e-08 1.51648e-20 7.77465e-35)
(1.07716e-07 -1.66194e-07 -5.39662e-22 3.4949e-09 3.61813e-22 0)
(1.83023e-07 -1.94306e-07 -3.27915e-22 -4.24041e-08 -9.66369e-23 0)
(2.469e-07 -2.06016e-07 -8.74845e-23 -8.72928e-08 3.54465e-22 0)
(2.9909e-07 -2.06822e-07 -3.40438e-24 -1.23795e-07 2.18643e-23 0)
(3.40828e-07 -2.02285e-07 5.04666e-22 -1.53536e-07 -1.35183e-22 0)
(3.73854e-07 -1.9432e-07 2.20209e-22 -1.76671e-07 5.79325e-23 0)
(4.00704e-07 -1.84549e-07 0 -1.948e-07 0 0)
(4.20247e-07 -1.73565e-07 -2.36122e-22 -2.08115e-07 -3.09262e-22 0)
(4.3896e-07 -1.64221e-07 9.37593e-23 -2.18251e-07 2.28252e-23 0)
(3.63591e-08 -1.53041e-07 4.29749e-20 8.78153e-08 1.94442e-20 -8.98111e-35)
(1.57294e-07 -2.18964e-07 2.19628e-22 -4.77904e-10 -4.29587e-22 0)
(2.45104e-07 -2.38286e-07 -2.71319e-22 -6.1787e-08 -2.92123e-22 0)
(3.14453e-07 -2.41172e-07 5.90326e-23 -1.15378e-07 -1.65042e-22 0)
(3.67837e-07 -2.33762e-07 5.72925e-22 -1.56013e-07 1.91912e-22 0)
(4.08599e-07 -2.22262e-07 -5.51885e-22 -1.87844e-07 6.11155e-23 0)
(4.39397e-07 -2.0859e-07 -5.74893e-25 -2.11709e-07 1.46542e-23 0)
(4.63371e-07 -1.94063e-07 -4.31114e-22 -2.29775e-07 -2.9652e-22 0)
(4.79444e-07 -1.79501e-07 9.27723e-25 -2.42463e-07 5.75101e-24 0)
(4.95178e-07 -1.67012e-07 -4.70305e-22 -2.51708e-07 -2.15009e-22 0)
(6.88984e-08 -2.21975e-07 4.95105e-20 1.16809e-07 2.72758e-20 -7.45974e-35)
(2.19395e-07 -2.7035e-07 1.21668e-23 -9.18469e-09 -1.84761e-23 0)
(3.17415e-07 -2.74743e-07 -8.9047e-27 -8.58851e-08 1.52578e-26 0)
(3.89767e-07 -2.65824e-07 -5.85884e-22 -1.47383e-07 -4.10166e-22 0)
(4.42101e-07 -2.48823e-07 -9.84446e-23 -1.90943e-07 2.65416e-22 0)
(4.79949e-07 -2.29795e-07 -5.36449e-22 -2.23652e-07 -2.18386e-22 0)
(5.07e-07 -2.1026e-07 9.64467e-22 -2.47152e-07 4.29975e-22 0)
(5.26836e-07 -1.91051e-07 -7.32463e-26 -2.64251e-07 1.15077e-23 0)
(5.38677e-07 -1.73156e-07 1.89457e-22 -2.75658e-07 -6.73844e-25 0)
(5.50588e-07 -1.57625e-07 -2.57261e-22 -2.83493e-07 -1.22488e-22 0)
(1.20978e-07 -3.01154e-07 5.75688e-20 1.36073e-07 3.72847e-20 -1.24289e-34)
(2.93806e-07 -3.18346e-07 3.13554e-22 -2.32116e-08 -3.75311e-22 0)
(3.97668e-07 -3.01942e-07 -1.20936e-22 -1.12617e-07 1.61589e-22 0)
(4.69694e-07 -2.78567e-07 7.38492e-23 -1.80047e-07 -1.15544e-22 0)
(5.18492e-07 -2.51039e-07 6.57337e-27 -2.24913e-07 -1.29779e-26 0)
(5.51482e-07 -2.24386e-07 6.21893e-22 -2.57199e-07 5.29493e-23 0)
(5.7338e-07 -1.99288e-07 4.59153e-23 -2.79363e-07 -2.02448e-22 0)
(5.87924e-07 -1.75924e-07 -1.49117e-23 -2.9466e-07 1.66588e-22 0)
(5.94996e-07 -1.55276e-07 2.52753e-24 -3.04487e-07 8.31859e-23 0)
(6.02221e-07 -1.37106e-07 1.97036e-22 -3.10353e-07 1.83545e-22 0)
(1.96367e-07 -3.8594e-07 6.34799e-20 1.39553e-07 5.00901e-20 1.47286e-34)
(3.80001e-07 -3.60975e-07 -9.97924e-23 -4.35545e-08 6.88449e-22 0)
(4.83406e-07 -3.19089e-07 -1.1698e-26 -1.40608e-07 1.22911e-26 0)
(5.50962e-07 -2.79263e-07 8.05131e-22 -2.10906e-07 1.89312e-22 0)
(5.93491e-07 -2.40707e-07 6.15391e-22 -2.55023e-07 3.07116e-22 0)
(6.19676e-07 -2.06706e-07 5.55207e-22 -2.8552e-07 2.77149e-22 0)
(6.35085e-07 -1.76604e-07 -5.99231e-23 -3.0529e-07 1.74004e-22 0)
(6.43283e-07 -1.49953e-07 -6.68711e-22 -3.18225e-07 -3.73404e-22 0)
(6.45202e-07 -1.27253e-07 4.10019e-22 -3.25983e-07 9.73503e-23 0)
(6.47183e-07 -1.06948e-07 1.84179e-22 -3.30405e-07 1.09364e-22 0)
(2.97106e-07 -4.70178e-07 6.78958e-20 1.22953e-07 6.28522e-20 1.95686e-35)
(4.76869e-07 -3.96145e-07 -2.03474e-22 -7.06466e-08 1.50375e-22 0)
(5.71991e-07 -3.26046e-07 -3.95605e-22 -1.68343e-07 -1.84423e-22 0)
(6.30239e-07 -2.68788e-07 1.71268e-21 -2.37447e-07 4.01749e-22 0)
(6.63505e-07 -2.19258e-07 1.04395e-23 -2.78371e-07 -1.19108e-23 0)
(6.80922e-07 -1.78433e-07 -5.46119e-22 -3.05519e-07 -3.09836e-22 0)
(6.8858e-07 -1.44097e-07 -5.84273e-22 -3.21988e-07 -9.22878e-23 0)
(6.89504e-07 -1.15124e-07 -2.20512e-22 -3.31608e-07 -1.31771e-22 0)
(6.86494e-07 -9.16321e-08 2.35593e-23 -3.37831e-07 -1.82176e-22 0)
(6.81521e-07 -7.12531e-08 1.11197e-22 -3.38361e-07 2.30392e-22 0)
(2.79235e-07 -2.72778e-08 8.34878e-22 -1.21437e-07 1.87961e-20 -1.19186e-35)
(3.01806e-07 -2.43287e-08 9.47166e-22 -1.30671e-07 1.85378e-20 -2.61874e-35)
(3.22536e-07 -2.17666e-08 5.4031e-22 -1.39239e-07 1.8075e-20 -1.52753e-35)
(3.41176e-07 -1.94407e-08 5.80943e-22 -1.46991e-07 1.82996e-20 -6.7036e-37)
(3.57992e-07 -1.72838e-08 3.46645e-22 -1.53965e-07 1.83166e-20 3.98154e-35)
(3.7306e-07 -1.53536e-08 6.07506e-22 -1.60251e-07 1.83986e-20 0)
(3.86567e-07 -1.35841e-08 5.72793e-22 -1.65877e-07 1.83821e-20 0)
(3.98607e-07 -1.19871e-08 6.48784e-22 -1.7091e-07 1.85025e-20 5.17362e-37)
(4.0932e-07 -1.05244e-08 6.00552e-22 -1.75388e-07 1.83893e-20 -1.35246e-35)
(4.18788e-07 -9.18356e-09 6.99975e-22 -1.79358e-07 1.86143e-20 8.77532e-37)
(4.27106e-07 -7.93666e-09 7.2803e-22 -1.8285e-07 1.84411e-20 -4.0971e-35)
(4.34333e-07 -6.76426e-09 2.94652e-22 -1.85893e-07 1.82789e-20 1.37246e-35)
(4.40519e-07 -5.6449e-09 6.59277e-22 -1.88507e-07 1.8423e-20 -4.13793e-35)
(4.45696e-07 -4.56098e-09 -5.15668e-23 -1.90705e-07 1.78713e-20 -8.3094e-37)
(4.49879e-07 -3.49961e-09 3.06248e-22 -1.92495e-07 1.83966e-20 1.41685e-35)
(4.5309e-07 -2.45874e-09 2.45428e-22 -1.93883e-07 1.82853e-20 -3.35426e-45)
(4.55318e-07 -1.45354e-09 8.0493e-23 -1.94864e-07 1.81331e-20 -1.51345e-37)
(4.56648e-07 -5.40576e-10 2.95793e-22 -1.95455e-07 1.84247e-20 1.08603e-37)
(4.57072e-07 1.58102e-10 1.90887e-22 -1.95634e-07 1.80913e-20 -4.28027e-35)
(4.56922e-07 3.22765e-10 3.12975e-20 -1.95369e-07 1.78423e-20 -7.71734e-35)
(3.10702e-07 -7.83798e-08 3.60774e-22 -1.37257e-07 4.4176e-22 0)
(3.27425e-07 -7.05373e-08 2.32921e-22 -1.44305e-07 6.4059e-23 0)
(3.43417e-07 -6.36308e-08 1.69941e-23 -1.50795e-07 -1.00809e-22 0)
(3.57762e-07 -5.7188e-08 5.30603e-22 -1.56753e-07 4.77163e-22 0)
(3.70972e-07 -5.11511e-08 -1.01636e-22 -1.62069e-07 -2.41252e-23 0)
(3.82898e-07 -4.56965e-08 -4.32934e-22 -1.66951e-07 -4.3735e-22 0)
(3.93759e-07 -4.06478e-08 2.20052e-22 -1.71331e-07 8.16013e-23 0)
(4.03536e-07 -3.60631e-08 0 -1.75313e-07 0 0)
(4.12361e-07 -3.18332e-08 1.04844e-22 -1.78894e-07 3.7224e-23 0)
(4.20256e-07 -2.79421e-08 2.1559e-22 -1.82122e-07 8.32542e-23 0)
(4.27301e-07 -2.43138e-08 6.47025e-22 -1.85011e-07 3.34441e-22 0)
(4.3353e-07 -2.09067e-08 2.92923e-24 -1.87585e-07 3.33604e-24 0)
(4.38989e-07 -1.76652e-08 8.34308e-23 -1.89854e-07 -6.5025e-23 0)
(4.43706e-07 -1.45502e-08 1.23874e-22 -1.91826e-07 1.41181e-22 0)
(4.47698e-07 -1.1531e-08 1.27078e-22 -1.93494e-07 1.45214e-22 0)
(4.50993e-07 -8.60694e-09 -1.25883e-22 -1.94841e-07 -1.44584e-22 0)
(4.53567e-07 -5.81197e-09 -1.26593e-22 -1.95822e-07 -1.46223e-22 0)
(4.55452e-07 -3.26852e-09 -2.54225e-22 -1.96356e-07 -2.95372e-22 0)
(4.565e-07 -1.16072e-09 -1.92289e-24 -1.96257e-07 -2.0981e-24 0)
(4.56758e-07 -4.21178e-11 3.17325e-20 -1.95225e-07 4.6514e-22 7.04927e-35)
(3.50399e-07 -1.1353e-07 9.88e-23 -1.63084e-07 1.34477e-22 0)
(3.60914e-07 -1.02841e-07 1.34157e-22 -1.67267e-07 4.79571e-23 0)
(3.7181e-07 -9.32511e-08 -3.13087e-22 -1.70777e-07 -3.92482e-22 0)
(3.81358e-07 -8.43495e-08 -2.75346e-23 -1.74109e-07 7.15543e-23 0)
(3.90511e-07 -7.58697e-08 5.69993e-22 -1.76951e-07 4.73523e-22 0)
(3.98805e-07 -6.81723e-08 -4.53065e-22 -1.79673e-07 -4.31282e-22 0)
(4.0658e-07 -6.0971e-08 -1.2074e-22 -1.82125e-07 -1.39254e-22 0)
(4.13671e-07 -5.43924e-08 2.30739e-22 -1.8444e-07 2.61388e-22 0)
(4.20225e-07 -4.82849e-08 1.3664e-25 -1.86585e-07 -1.69486e-22 0)
(4.26196e-07 -4.26468e-08 -2.44127e-22 -1.88601e-07 -2.73447e-22 0)
(4.31653e-07 -3.73846e-08 2.33917e-22 -1.90486e-07 2.61086e-22 0)
(4.36594e-07 -3.24526e-08 3.61443e-22 -1.92252e-07 4.03668e-22 0)
(4.41054e-07 -2.77831e-08 2.76519e-24 -1.93895e-07 3.03674e-24 0)
(4.45043e-07 -2.33302e-08 -1.2375e-22 -1.95407e-07 -1.39017e-22 0)
(4.48566e-07 -1.90509e-08 1.22502e-22 -1.96757e-07 1.38451e-22 0)
(4.51625e-07 -1.49309e-08 1.80554e-29 -1.9789e-07 2.00385e-29 0)
(4.54154e-07 -1.09782e-08 -1.26205e-22 -1.98698e-07 -1.44443e-22 0)
(4.56123e-07 -7.2563e-09 1.7501e-23 -1.99003e-07 1.04236e-22 0)
(4.57211e-07 -3.87952e-09 -4.12933e-22 -1.98434e-07 -5.36811e-23 0)
(4.57392e-07 -1.00104e-09 3.18332e-20 -1.96574e-07 4.53614e-22 5.25539e-38)
(3.95952e-07 -1.38338e-07 0 -1.91277e-07 0 0)
(4.00032e-07 -1.26093e-07 1.43444e-22 -1.92827e-07 5.23337e-23 0)
(4.05761e-07 -1.14799e-07 1.12718e-22 -1.93513e-07 1.28301e-22 0)
(4.10296e-07 -1.04499e-07 1.23723e-22 -1.94388e-07 1.42647e-22 0)
(4.15183e-07 -9.44727e-08 0 -1.94807e-07 0 0)
(4.19567e-07 -8.53718e-08 1.62478e-23 -1.95377e-07 -7.1908e-23 0)
(4.23982e-07 -7.67511e-08 -3.69234e-22 -1.95859e-07 -2.26591e-22 0)
(4.28092e-07 -6.88384e-08 -2.36224e-22 -1.96431e-07 -2.55733e-22 0)
(4.32091e-07 -6.14416e-08 -1.32359e-22 -1.97039e-07 -6.11456e-23 0)
(4.35855e-07 -5.45876e-08 1.0435e-25 -1.97724e-07 1.63346e-22 0)
(4.39447e-07 -4.81746e-08 -1.1595e-22 -1.9847e-07 3.57376e-23 0)
(4.42827e-07 -4.21615e-08 2.43492e-22 -1.9928e-07 1.04583e-22 0)
(4.46011e-07 -3.6477e-08 2.30699e-22 -2.00138e-07 1.17568e-23 0)
(4.48983e-07 -3.10684e-08 6.05808e-24 -2.01016e-07 8.7347e-23 0)
(4.51724e-07 -2.58827e-08 1.04164e-23 -2.01865e-07 9.26057e-23 0)
(4.54208e-07 -2.08802e-08 -1.24778e-22 -2.02603e-07 -1.39908e-22 0)
(4.56325e-07 -1.60351e-08 -2.66477e-29 -2.03085e-07 -2.9898e-29 0)
(4.58017e-07 -1.13155e-08 2.66478e-22 -2.031e-07 3.88865e-22 0)
(4.58876e-07 -6.76167e-09 -1.39309e-23 -2.02233e-07 -1.022e-22 0)
(4.58914e-07 -2.04474e-09 3.13489e-20 -2.00056e-07 7.82502e-23 -1.01907e-34)
(4.45369e-07 -1.51194e-07 1.18189e-23 -2.22777e-07 1.79022e-22 0)
(4.42776e-07 -1.389e-07 -1.55924e-22 -2.21634e-07 -6.81712e-23 0)
(4.4331e-07 -1.26906e-07 -3.9287e-22 -2.19261e-07 -3.1943e-22 0)
(4.42701e-07 -1.16346e-07 2.58472e-22 -2.17574e-07 1.757e-22 0)
(4.43248e-07 -1.05736e-07 6.72538e-22 -2.15422e-07 4.41242e-22 0)
(4.43572e-07 -9.61473e-08 -1.23796e-22 -2.13674e-07 -1.28933e-22 0)
(4.44481e-07 -8.6925e-08 0 -2.1201e-07 0 0)
(4.4543e-07 -7.84144e-08 1.20553e-22 -2.10646e-07 1.25015e-22 0)
(4.46686e-07 -7.03931e-08 -3.86703e-22 -2.09525e-07 -1.6542e-22 0)
(4.48038e-07 -6.29192e-08 -2.51265e-22 -2.08683e-07 -1.84912e-22 0)
(4.49554e-07 -5.58978e-08 1.32633e-23 -2.08105e-07 -1.42475e-22 0)
(4.51154e-07 -4.92976e-08 -1.27238e-22 -2.07782e-07 -2.13618e-22 0)
(4.52836e-07 -4.30501e-08 -1.16839e-23 -2.0769e-07 2.24181e-22 0)
(4.54558e-07 -3.70971e-08 2.48311e-22 -2.07789e-07 3.48164e-22 0)
(4.56278e-07 -3.13761e-08 1.20306e-22 -2.08018e-07 5.13611e-23 0)
(4.57949e-07 -2.58154e-08 -4.94878e-24 -2.0828e-07 -8.67466e-23 0)
(4.59436e-07 -2.03505e-08 2.33178e-22 -2.08418e-07 9.60675e-23 0)
(4.60669e-07 -1.48451e-08 1.14679e-22 -2.08223e-07 4.61109e-23 0)
(4.61231e-07 -9.29454e-09 4.7151e-22 -2.07301e-07 3.71884e-22 0)
(4.61162e-07 -2.96521e-09 3.2378e-20 -2.05264e-07 1.11918e-21 1.00992e-34)
(4.96501e-07 -1.52758e-07 9.23683e-23 -2.54037e-07 1.262e-22 0)
(4.87174e-07 -1.42002e-07 2.23318e-24 -2.50602e-07 4.84476e-24 0)
(4.82676e-07 -1.30271e-07 -2.83866e-22 -2.45349e-07 -1.96436e-22 0)
(4.76929e-07 -1.20494e-07 -6.819e-22 -2.41305e-07 -5.09354e-22 0)
(4.73218e-07 -1.10165e-07 2.66299e-22 -2.36776e-07 1.81172e-22 0)
(4.69486e-07 -1.00867e-07 2.51065e-22 -2.32826e-07 2.484e-22 0)
(4.6688e-07 -9.17583e-08 -1.23008e-22 -2.29124e-07 -1.2189e-22 0)
(4.64624e-07 -8.32816e-08 -1.93479e-23 -2.25872e-07 5.45558e-23 0)
(4.63056e-07 -7.52196e-08 5.38477e-22 -2.23039e-07 3.2057e-22 0)
(4.61896e-07 -6.76472e-08 -3.60726e-22 -2.20647e-07 -3.6679e-22 0)
(4.61206e-07 -6.04911e-08 -1.28315e-22 -2.18691e-07 -1.32102e-22 0)
(4.60876e-07 -5.37283e-08 3.49596e-22 -2.17159e-07 5.14802e-22 0)
(4.60889e-07 -4.73015e-08 -5.07632e-22 -2.16026e-07 -1.51658e-22 0)
(4.61184e-07 -4.1151e-08 -3.63184e-22 -2.15255e-07 -3.86685e-22 0)
(4.61705e-07 -3.52074e-08 5.04586e-25 -2.14785e-07 -7.80075e-23 0)
(4.6239e-07 -2.93717e-08 -4.88598e-22 -2.14527e-07 -3.73306e-22 0)
(4.63108e-07 -2.35508e-08 -3.55952e-24 -2.14339e-07 -3.33825e-24 0)
(4.63781e-07 -1.75189e-08 4.80596e-22 -2.14042e-07 4.58248e-22 0)
(4.64066e-07 -1.12449e-08 7.95956e-24 -2.13323e-07 9.44656e-23 0)
(4.63977e-07 -3.68532e-09 3.25509e-20 -2.11851e-07 8.9142e-22 -7.31776e-37)
(5.46858e-07 -1.4302e-07 -9.67636e-23 -2.83437e-07 -1.2348e-22 0)
(5.31097e-07 -1.35522e-07 1.33457e-22 -2.78345e-07 1.21461e-22 0)
(5.22054e-07 -1.25059e-07 1.64405e-22 -2.70705e-07 8.58589e-23 0)
(5.11416e-07 -1.17055e-07 -1.30232e-22 -2.64589e-07 -1.21722e-22 0)
(5.037e-07 -1.07933e-07 -3.07777e-22 -2.58017e-07 -1.53735e-22 0)
(4.96079e-07 -9.96687e-08 1.50248e-22 -2.52004e-07 7.47233e-23 0)
(4.9004e-07 -9.1374e-08 4.25573e-22 -2.46374e-07 2.73504e-22 0)
(4.8464e-07 -8.35069e-08 -6.84781e-22 -2.41276e-07 -4.59152e-22 0)
(4.80253e-07 -7.5922e-08 -4.22348e-22 -2.36749e-07 -2.7787e-22 0)
(4.76568e-07 -6.87026e-08 6.62935e-22 -2.32805e-07 4.48341e-22 0)
(4.73627e-07 -6.18206e-08 -2.70077e-22 -2.29458e-07 -1.29229e-22 0)
(4.71307e-07 -5.5266e-08 3.58851e-22 -2.26696e-07 3.66287e-22 0)
(4.69571e-07 -4.90004e-08 3.85639e-22 -2.24499e-07 2.51021e-22 0)
(4.68346e-07 -4.29671e-08 -2.25908e-22 -2.22835e-07 -3.1278e-22 0)
(4.6757e-07 -3.70961e-08 -1.46039e-22 -2.21655e-07 7.57689e-23 0)
(4.67175e-07 -3.12698e-08 6.96835e-24 -2.20887e-07 6.41176e-24 0)
(4.67053e-07 -2.53747e-08 -5.95524e-22 -2.20426e-07 -4.94616e-22 0)
(4.67121e-07 -1.91182e-08 1.18403e-22 -2.20141e-07 1.32547e-22 0)
(4.67162e-07 -1.24591e-08 2.34339e-22 -2.19825e-07 1.83086e-22 0)
(4.67119e-07 -4.1517e-09 3.2675e-20 -2.1923e-07 8.94007e-22 -3.00013e-37)
(5.93803e-07 -1.22701e-07 1.17269e-24 -3.08393e-07 3.93216e-24 0)
(5.72361e-07 -1.20137e-07 -1.3795e-22 -3.02466e-07 -1.20998e-22 0)
(5.59545e-07 -1.1203e-07 2.9279e-23 -2.9345e-07 -3.19909e-23 0)
(5.44552e-07 -1.06462e-07 0 -2.85629e-07 0 0)
(5.33236e-07 -9.9371e-08 0 -2.77651e-07 0 0)
(5.22177e-07 -9.27213e-08 -4.12898e-22 -2.70046e-07 -3.22538e-22 0)
(5.12974e-07 -8.58816e-08 3.67668e-22 -2.62913e-07 3.417e-22 0)
(5.04676e-07 -7.91836e-08 7.74857e-22 -2.56287e-07 6.73794e-22 0)
(4.976e-07 -7.2601e-08 -5.86384e-22 -2.50274e-07 -5.6123e-22 0)
(4.91472e-07 -6.61998e-08 -5.13326e-22 -2.44902e-07 -4.35963e-22 0)
(4.86305e-07 -6.00023e-08 2.369e-22 -2.40213e-07 2.34765e-22 0)
(4.81986e-07 -5.4015e-08 -2.27998e-23 -2.36221e-07 4.64305e-23 0)
(4.78466e-07 -4.82264e-08 4.04287e-22 -2.32929e-07 1.99902e-22 0)
(4.75671e-07 -4.25948e-08 6.30365e-22 -2.30329e-07 4.3551e-22 0)
(4.73544e-07 -3.7059e-08 8.61341e-24 -2.28398e-07 7.84945e-24 0)
(4.72012e-07 -3.1498e-08 2.85446e-22 -2.27098e-07 -7.77993e-23 0)
(4.71014e-07 -2.57914e-08 0 -2.26376e-07 0 0)
(4.70457e-07 -1.96107e-08 -2.41141e-22 -2.26161e-07 -1.06633e-22 0)
(4.70294e-07 -1.29134e-08 1.16003e-22 -2.26377e-07 4.91645e-23 0)
(4.70356e-07 -4.35135e-09 3.31403e-20 -2.26871e-07 9.87347e-22 -7.97101e-37)
(6.35327e-07 -9.37628e-08 -9.21218e-25 -3.27089e-07 -3.43887e-24 0)
(6.09024e-07 -9.7038e-08 1.70945e-22 -3.20922e-07 1.02084e-22 0)
(5.93575e-07 -9.29668e-08 -1.70042e-22 -3.12619e-07 -1.03473e-22 0)
(5.75224e-07 -9.03157e-08 -1.67358e-22 -3.03755e-07 -1.00781e-22 0)
(5.60659e-07 -8.61087e-08 4.59706e-22 -2.94881e-07 3.13121e-22 0)
(5.4667e-07 -8.14713e-08 3.2733e-22 -2.85971e-07 1.9528e-22 0)
(5.34575e-07 -7.64175e-08 -4.34949e-22 -2.77515e-07 -2.90728e-22 0)
(5.23686e-07 -7.11392e-08 5.72264e-23 -2.69566e-07 -6.0913e-23 0)
(5.14161e-07 -6.57824e-08 9.88903e-23 -2.62264e-07 9.14136e-23 0)
(5.05799e-07 -6.04283e-08 -5.30081e-23 -2.55668e-07 7.18461e-23 0)
(4.98568e-07 -5.51455e-08 -4.41287e-22 -2.49828e-07 -2.41964e-22 0)
(4.92368e-07 -4.99642e-08 3.95811e-24 -2.44776e-07 3.8057e-24 0)
(4.87143e-07 -4.48929e-08 -2.02737e-22 -2.40531e-07 -2.74325e-22 0)
(4.82825e-07 -3.99058e-08 -6.83222e-24 -2.37109e-07 -6.23234e-24 0)
(4.79367e-07 -3.49523e-08 2.57663e-22 -2.34516e-07 1.25558e-22 0)
(4.76704e-07 -2.99166e-08 -5.14957e-24 -2.32753e-07 -4.48997e-24 0)
(4.7483e-07 -2.46803e-08 3.15488e-22 -2.31832e-07 4.20946e-22 0)
(4.73648e-07 -1.89081e-08 -1.18595e-22 -2.3175e-07 -5.31345e-23 0)
(4.73298e-07 -1.25562e-08 -5.5708e-22 -2.32569e-07 -5.49858e-22 0)
(4.73481e-07 -4.26887e-09 3.26973e-20 -2.34249e-07 4.9705e-22 -6.02313e-35)
(6.68381e-07 -5.66214e-08 -2.17771e-23 -3.3923e-07 -1.09842e-23 0)
(6.41132e-07 -6.37826e-08 -1.83227e-22 -3.31672e-07 -1.07959e-22 0)
(6.23483e-07 -6.54707e-08 1.48958e-22 -3.25955e-07 1.167e-22 0)
(6.03847e-07 -6.61522e-08 -3.90204e-22 -3.17894e-07 -3.54181e-22 0)
(5.86653e-07 -6.58253e-08 -4.0127e-22 -3.09503e-07 -3.32717e-22 0)
(5.70399e-07 -6.43282e-08 2.37723e-22 -3.00516e-07 2.44467e-22 0)
(5.55703e-07 -6.20163e-08 2.06839e-22 -2.91465e-07 2.45302e-22 0)
(5.42367e-07 -5.90238e-08 3.59845e-22 -2.82628e-07 3.23319e-22 0)
(5.30459e-07 -5.55608e-08 -4.21803e-22 -2.74235e-07 -3.14352e-22 0)
(5.19881e-07 -5.17843e-08 1.08293e-24 -2.66463e-07 8.61135e-24 0)
(5.10594e-07 -4.78188e-08 -5.23901e-24 -2.59429e-07 -2.56786e-23 0)
(5.02512e-07 -4.37542e-08 -3.30271e-22 -2.53223e-07 -3.21758e-22 0)
(4.95581e-07 -3.96442e-08 0 -2.4791e-07 0 0)
(4.8973e-07 -3.55026e-08 -2.98188e-22 -2.4354e-07 -9.72091e-23 0)
(4.84928e-07 -3.13084e-08 -1.42218e-24 -2.40165e-07 -5.9333e-24 0)
(4.81112e-07 -2.69718e-08 -3.85295e-22 -2.37833e-07 -1.87757e-22 0)
(4.78336e-07 -2.23921e-08 1.05831e-22 -2.36622e-07 1.11279e-22 0)
(4.765e-07 -1.72596e-08 2.4295e-22 -2.36607e-07 1.11318e-22 0)
(4.75949e-07 -1.15359e-08 3.0126e-24 -2.38001e-07 -2.41655e-25 0)
(4.76266e-07 -3.94504e-09 3.30147e-20 -2.40886e-07 4.6126e-22 -2.5519e-37)
(6.84545e-07 -2.60215e-08 1.88829e-22 -3.4025e-07 1.65659e-22 0)
(6.59722e-07 -2.98485e-08 -1.7437e-22 -3.339e-07 -1.09563e-22 0)
(6.40642e-07 -3.69093e-08 -1.01183e-22 -3.29902e-07 -8.37718e-23 0)
(6.21158e-07 -4.02547e-08 1.67552e-22 -3.2337e-07 1.0239e-22 0)
(6.03108e-07 -4.26098e-08 -3.30833e-22 -3.15705e-07 -1.50613e-22 0)
(5.85976e-07 -4.36683e-08 -2.23158e-22 -3.07295e-07 -1.05565e-22 0)
(5.70173e-07 -4.37051e-08 -2.78701e-22 -2.98488e-07 -2.01923e-22 0)
(5.556e-07 -4.28982e-08 3.3276e-23 -2.8966e-07 -2.31965e-23 0)
(5.42379e-07 -4.14099e-08 5.6307e-22 -2.8108e-07 3.58683e-22 0)
(5.30456e-07 -3.94097e-08 -1.94178e-23 -2.7297e-07 -2.07886e-23 0)
(5.19835e-07 -3.70291e-08 3.00837e-22 -2.65498e-07 1.70407e-22 0)
(5.1046e-07 -3.43786e-08 -1.48906e-23 -2.58797e-07 -1.67942e-23 0)
(5.02303e-07 -3.15344e-08 1.10206e-36 -2.52975e-07 1.11524e-36 0)
(4.95313e-07 -2.85353e-08 -1.32213e-22 -2.48124e-07 -6.59337e-23 0)
(4.89487e-07 -2.53883e-08 1.29238e-22 -2.44339e-07 6.29962e-23 0)
(4.84778e-07 -2.20383e-08 -5.83117e-24 -2.41714e-07 -8.37275e-24 0)
(4.81295e-07 -1.84149e-08 2.02327e-23 -2.40395e-07 -5.43629e-23 0)
(4.78935e-07 -1.42768e-08 1.18701e-24 -2.40522e-07 3.88384e-24 0)
(4.78208e-07 -9.59812e-09 -1.18444e-24 -2.42436e-07 1.54487e-24 0)
(4.78593e-07 -3.29448e-09 3.34053e-20 -2.46334e-07 1.75804e-22 2.97516e-37)
(6.71013e-07 4.02046e-09 1.75224e-22 -3.27864e-07 1.38287e-22 0)
(6.54471e-07 -3.83707e-10 0 -3.29709e-07 0 0)
(6.37208e-07 -8.99997e-09 -1.36795e-22 -3.26643e-07 -1.20174e-22 0)
(6.19941e-07 -1.46511e-08 1.78724e-36 -3.21694e-07 1.44366e-36 0)
(6.03468e-07 -1.91006e-08 4.09373e-37 -3.15139e-07 2.96543e-37 0)
(5.87557e-07 -2.22538e-08 1.94182e-36 -3.07652e-07 1.44169e-36 0)
(5.72621e-07 -2.42916e-08 2.97998e-36 -2.99584e-07 2.40247e-36 0)
(5.58607e-07 -2.53961e-08 -1.19921e-22 -2.91318e-07 -1.12011e-22 0)
(5.45685e-07 -2.57128e-08 0 -2.83139e-07 0 0)
(5.33849e-07 -2.54018e-08 1.14606e-22 -2.75293e-07 1.10677e-22 0)
(5.23152e-07 -2.45905e-08 -1.64741e-37 -2.67973e-07 -2.74482e-37 0)
(5.13582e-07 -2.33916e-08 -1.10255e-22 -2.61338e-07 -1.10239e-22 0)
(5.0515e-07 -2.18879e-08 1.08445e-22 -2.55523e-07 1.10302e-22 0)
(4.97839e-07 -2.01334e-08 1.55508e-36 -2.50651e-07 1.13122e-36 0)
(4.9168e-07 -1.81501e-08 -1.05553e-22 -2.46847e-07 -1.1093e-22 0)
(4.86656e-07 -1.59203e-08 -9.35121e-37 -2.44243e-07 -8.62287e-37 0)
(4.82925e-07 -1.33952e-08 1.03673e-22 -2.4303e-07 1.12247e-22 0)
(4.80399e-07 -1.04236e-08 1.03131e-22 -2.43391e-07 1.13229e-22 0)
(4.79709e-07 -7.01125e-09 -1.11203e-36 -2.45766e-07 -9.67838e-37 0)
(4.80267e-07 -2.40056e-09 3.35468e-20 -2.50387e-07 -9.82793e-37 -1.97896e-49)
(6.59299e-07 3.41499e-08 3.26707e-23 -3.15071e-07 5.589e-23 0)
(6.45201e-07 2.72282e-08 -1.11473e-22 -3.194e-07 -6.85682e-23 0)
(6.31489e-07 1.70699e-08 -2.48982e-22 -3.18885e-07 -1.89202e-22 0)
(6.1628e-07 9.55981e-09 0 -3.15931e-07 0 0)
(6.01653e-07 3.34455e-09 1.32259e-23 -3.11112e-07 5.05829e-23 0)
(5.87012e-07 -1.60097e-09 -1.07211e-22 -3.05018e-07 -1.50342e-23 0)
(5.73056e-07 -5.37722e-09 -2.40028e-22 -2.98082e-07 -1.78688e-22 0)
(5.59707e-07 -8.18158e-09 -3.5454e-22 -2.90703e-07 -2.38494e-22 0)
(5.47228e-07 -1.01277e-08 1.17478e-22 -2.83202e-07 1.12872e-22 0)
(5.35638e-07 -1.13678e-08 -2.34281e-22 -2.75853e-07 -1.18439e-22 0)
(5.25041e-07 -1.20179e-08 -1.16989e-22 -2.68882e-07 -5.77231e-23 0)
(5.15453e-07 -1.219e-08 -2.33591e-22 -2.62481e-07 -1.12698e-22 0)
(5.06921e-07 -1.19701e-08 -2.33167e-22 -2.56815e-07 -1.10265e-22 0)
(4.99458e-07 -1.14259e-08 -1.1637e-22 -2.52037e-07 -5.41069e-23 0)
(4.93121e-07 -1.05965e-08 -2.32332e-22 -2.48307e-07 -1.06612e-22 0)
(4.87924e-07 -9.50053e-09 -2.31957e-22 -2.45788e-07 -1.0553e-22 0)
(4.84056e-07 -8.11395e-09 -1.03916e-22 -2.44718e-07 -1.1232e-22 0)
(4.8144e-07 -6.39901e-09 -1.15645e-22 -2.45284e-07 -5.26571e-23 0)
(4.80788e-07 -4.33946e-09 -1.1548e-22 -2.47984e-07 -5.32368e-23 0)
(4.81432e-07 -1.48621e-09 3.35288e-20 -2.53132e-07 -5.43419e-23 -1.48852e-49)
(6.42532e-07 5.74929e-08 6.38748e-22 -3.01364e-07 5.3751e-22 0)
(6.31672e-07 5.04223e-08 1.00946e-22 -3.08249e-07 6.61742e-23 0)
(6.21101e-07 3.97953e-08 -3.70506e-22 -3.09723e-07 -3.08328e-22 0)
(6.08198e-07 3.14073e-08 3.79344e-36 -3.08493e-07 3.15692e-36 0)
(5.95626e-07 2.40368e-08 1.47639e-22 -3.05204e-07 1.71313e-22 0)
(5.82576e-07 1.78101e-08 -2.01325e-37 -3.00396e-07 -1.18485e-37 0)
(5.69934e-07 1.26678e-08 1.10708e-22 -2.94567e-07 6.3237e-23 0)
(5.57606e-07 8.47017e-09 -2.39411e-22 -2.8811e-07 -2.30411e-22 0)
(5.45922e-07 5.1325e-09 4.74463e-36 -2.81374e-07 3.9567e-36 0)
(5.34926e-07 2.53042e-09 2.29674e-22 -2.74646e-07 2.27503e-22 0)
(5.2476e-07 5.63416e-10 -1.12987e-22 -2.6817e-07 -5.75703e-23 0)
(5.1547e-07 -8.70956e-10 -1.33218e-36 -2.62157e-07 -1.05946e-36 0)
(5.07132e-07 -1.85683e-09 -5.68482e-36 -2.56792e-07 -5.22126e-36 0)
(4.99783e-07 -2.47333e-09 1.13423e-22 -2.5225e-07 5.41526e-23 0)
(4.93504e-07 -2.77062e-09 -3.38209e-36 -2.48707e-07 -2.87789e-36 0)
(4.88341e-07 -2.81806e-09 -2.09672e-22 -2.46358e-07 -2.24535e-22 0)
(4.84477e-07 -2.57634e-09 1.49604e-36 -2.45434e-07 1.13608e-36 0)
(4.81911e-07 -2.18455e-09 9.34456e-23 -2.46185e-07 1.72205e-22 0)
(4.81364e-07 -1.46353e-09 -1.13371e-22 -2.49198e-07 -5.34973e-23 0)
(4.82062e-07 -4.6968e-10 3.35899e-20 -2.54623e-07 -5.4662e-23 0)
(6.22379e-07 7.68859e-08 1.7526e-22 -2.86277e-07 1.22915e-22 0)
(6.14431e-07 6.97233e-08 2.23611e-22 -2.94878e-07 1.84947e-22 0)
(6.06874e-07 5.91638e-08 1.90579e-22 -2.98072e-07 1.27979e-22 0)
(5.96416e-07 5.03943e-08 3.09041e-37 -2.98544e-07 3.862e-37 0)
(5.86069e-07 4.23618e-08 3.2766e-22 -2.96835e-07 2.46558e-22 0)
(5.74847e-07 3.52953e-08 -2.03504e-23 -2.93438e-07 -5.52163e-23 0)
(5.63775e-07 2.91694e-08 -1.62202e-23 -2.88857e-07 -5.53226e-23 0)
(5.52736e-07 2.39064e-08 2.12493e-22 -2.8348e-07 1.21714e-22 0)
(5.42121e-07 1.94534e-08 1.16382e-22 -2.77667e-07 1.15762e-22 0)
(5.31995e-07 1.57189e-08 2.22553e-22 -2.71717e-07 1.73426e-22 0)
(5.22531e-07 1.2623e-08 2.1818e-22 -2.65889e-07 1.14161e-22 0)
(5.13802e-07 1.0079e-08 -6.25075e-25 -2.60409e-07 -5.81003e-23 0)
(5.05901e-07 8.00537e-09 1.11661e-22 -2.55477e-07 -3.88012e-24 0)
(4.98897e-07 6.32539e-09 1.10484e-22 -2.51287e-07 5.39457e-23 0)
(4.92865e-07 4.96547e-09 3.27306e-22 -2.48019e-07 2.1937e-22 0)
(4.87924e-07 3.8609e-09 1.10944e-22 -2.45902e-07 5.27898e-23 0)
(4.8411e-07 2.95651e-09 0 -2.45135e-07 0 0)
(4.81864e-07 2.11088e-09 3.25812e-22 -2.46137e-07 2.1777e-22 0)
(4.80656e-07 1.58041e-09 3.29166e-22 -2.48814e-07 1.89391e-22 0)
(4.82234e-07 4.29576e-10 3.39392e-20 -2.5462e-07 1.09323e-22 0)
(6.00259e-07 9.17858e-08 -9.48781e-23 -2.71213e-07 -6.82138e-23 0)
(5.94956e-07 8.50631e-08 -8.38226e-23 -2.81099e-07 -6.03457e-23 0)
(5.90068e-07 7.51258e-08 -1.26675e-22 -2.85671e-07 -1.20131e-22 0)
(5.81962e-07 6.648e-08 0 -2.87552e-07 0 0)
(5.73789e-07 5.82294e-08 1.2318e-22 -2.87204e-07 1.19513e-22 0)
(5.64465e-07 5.07139e-08 2.1834e-22 -2.85085e-07 1.80137e-22 0)
(5.55076e-07 4.39378e-08 -2.18582e-22 -2.81683e-07 -1.78756e-22 0)
(5.45495e-07 3.78984e-08 -1.17106e-22 -2.77371e-07 -1.17607e-22 0)
(5.36144e-07 3.25762e-08 1.15098e-22 -2.72509e-07 1.16933e-22 0)
(5.27099e-07 2.79199e-08 1.04292e-22 -2.67394e-07 5.74037e-23 0)
(5.18558e-07 2.38728e-08 -1.92576e-38 -2.62295e-07 -2.0328e-37 0)
(5.10609e-07 2.03677e-08 1.0632e-22 -2.5744e-07 5.52668e-23 0)
(5.03371e-07 1.7331e-08 3.72272e-37 -2.53041e-07 3.94456e-37 0)
(4.96916e-07 1.46913e-08 -1.07654e-22 -2.49289e-07 -5.35169e-23 0)
(4.91362e-07 1.23557e-08 3.6339e-37 -2.46384e-07 3.90754e-37 0)
(4.86762e-07 1.02592e-08 1.08482e-22 -2.44532e-07 5.24956e-23 0)
(4.83363e-07 8.23862e-09 -1.03767e-22 -2.43982e-07 -1.12305e-22 0)
(4.81129e-07 6.25808e-09 -2.05632e-38 -2.45047e-07 2.02242e-37 0)
(4.80752e-07 4.04313e-09 -3.76138e-37 -2.48017e-07 -1.83423e-37 0)
(4.81489e-07 1.35388e-09 3.36861e-20 -2.53226e-07 5.72882e-35 -9.93586e-50)
(5.7698e-07 1.0293e-07 1.37116e-22 -2.56409e-07 1.2562e-22 0)
(5.73978e-07 9.68916e-08 7.72206e-23 -2.67044e-07 5.73285e-23 0)
(5.71403e-07 8.7856e-08 -1.22668e-22 -2.72626e-07 -1.19306e-22 0)
(5.65504e-07 7.96287e-08 1.71736e-36 -2.75652e-07 1.43435e-36 0)
(5.59407e-07 7.14823e-08 -1.81638e-37 -2.76481e-07 -1.84313e-37 0)
(5.51985e-07 6.38242e-08 9.19929e-23 -2.75533e-07 5.91509e-23 0)
(5.44331e-07 5.66889e-08 9.46503e-23 -2.73251e-07 5.8661e-23 0)
(5.36307e-07 5.01386e-08 -1.15133e-22 -2.6999e-07 -1.1848e-22 0)
(5.28349e-07 4.41857e-08 0 -2.66096e-07 0 0)
(5.20537e-07 3.88168e-08 2.12369e-22 -2.61861e-07 1.73503e-22 0)
(5.13086e-07 3.40016e-08 -1.45979e-36 -2.57548e-07 -1.18227e-36 0)
(5.06093e-07 2.96927e-08 -5.40473e-24 -2.53387e-07 -6.15944e-23 0)
(4.99687e-07 2.58301e-08 1.07272e-22 -2.49587e-07 1.15321e-22 0)
(4.93952e-07 2.23405e-08 1.05037e-22 -2.46341e-07 5.2884e-23 0)
(4.8901e-07 1.91358e-08 -1.0498e-22 -2.43846e-07 -1.13903e-22 0)
(4.8492e-07 1.61055e-08 1.06202e-22 -2.42287e-07 5.20138e-23 0)
(4.81911e-07 1.3129e-08 1.03456e-22 -2.4192e-07 1.12247e-22 0)
(4.7992e-07 9.97672e-09 1.03028e-22 -2.42934e-07 1.11223e-22 0)
(4.79618e-07 6.58407e-09 -7.38753e-37 -2.45741e-07 -3.63479e-37 0)
(4.80364e-07 2.25406e-09 3.36181e-20 -2.50658e-07 -1.11598e-36 -1.98317e-49)
(5.53216e-07 1.10659e-07 6.7027e-23 -2.4232e-07 5.20208e-23 0)
(5.52167e-07 1.0549e-07 7.18484e-23 -2.53307e-07 5.43795e-23 0)
(5.51559e-07 9.75501e-08 7.63996e-23 -2.59571e-07 5.57243e-23 0)
(5.47662e-07 8.99596e-08 0 -2.6345e-07 0 0)
(5.43486e-07 8.21567e-08 8.4264e-23 -2.65222e-07 5.69374e-23 0)
(5.37904e-07 7.45927e-08 0 -2.65268e-07 0 0)
(5.31972e-07 6.73307e-08 9.05658e-23 -2.63984e-07 5.66715e-23 0)
(5.25548e-07 6.04872e-08 0 -2.61699e-07 0 0)
(5.19058e-07 5.41055e-08 0 -2.58738e-07 0 0)
(5.12586e-07 4.82098e-08 0 -2.55376e-07 0 0)
(5.06348e-07 4.2795e-08 9.91013e-23 -2.51867e-07 5.40703e-23 0)
(5.00444e-07 3.78331e-08 0 -2.48432e-07 0 0)
(4.95011e-07 3.32789e-08 0 -2.45273e-07 0 0)
(4.90133e-07 2.90655e-08 1.02715e-22 -2.42574e-07 5.20753e-23 0)
(4.85933e-07 2.51027e-08 0 -2.40516e-07 0 0)
(4.82459e-07 2.12681e-08 0 -2.39273e-07 0 0)
(4.79928e-07 1.74189e-08 0 -2.39051e-07 0 0)
(4.78277e-07 1.32888e-08 1.05115e-22 -2.40057e-07 5.1535e-23 0)
(4.78081e-07 8.8139e-09 1.05479e-22 -2.42597e-07 5.20802e-23 0)
(4.78776e-07 3.02937e-09 3.36191e-20 -2.4691e-07 5.30061e-23 1.64367e-64)
(5.29349e-07 1.1547e-07 -1.86288e-22 -2.29065e-07 -1.68331e-22 0)
(5.29921e-07 1.11243e-07 0 -2.40031e-07 0 0)
(5.30968e-07 1.04452e-07 -7.2282e-23 -2.46671e-07 -5.29549e-23 0)
(5.28871e-07 9.76037e-08 0 -2.51138e-07 0 0)
(5.26457e-07 9.02919e-08 -8.0482e-23 -2.53638e-07 -5.44506e-23 0)
(5.22631e-07 8.29852e-08 -8.40319e-23 -2.54514e-07 -5.46385e-23 0)
(5.18383e-07 7.57726e-08 0 -2.54107e-07 0 0)
(5.13565e-07 6.88132e-08 0 -2.52719e-07 0 0)
(5.08585e-07 6.21782e-08 0 -2.50641e-07 0 0)
(5.0352e-07 5.59226e-08 -9.47515e-23 -2.48131e-07 -5.32684e-23 0)
(4.98579e-07 5.00635e-08 -9.66425e-23 -2.45426e-07 -5.26876e-23 0)
(4.93864e-07 4.45943e-08 -9.82598e-23 -2.42732e-07 -5.21092e-23 0)
(4.8951e-07 3.94851e-08 0 -2.40237e-07 0 0)
(4.85597e-07 3.46739e-08 0 -2.3811e-07 0 0)
(4.8224e-07 3.0079e-08 0 -2.36513e-07 0 0)
(4.79482e-07 2.5565e-08 -1.02455e-22 -2.35591e-07 -5.05762e-23 0)
(4.77502e-07 2.09908e-08 0 -2.35515e-07 0 0)
(4.76235e-07 1.60403e-08 -1.03575e-22 -2.36435e-07 -5.07574e-23 0)
(4.76158e-07 1.06408e-08 -1.04009e-22 -2.38605e-07 -5.12233e-23 0)
(4.7678e-07 3.65185e-09 3.32743e-20 -2.42197e-07 -5.19943e-23 -1.47678e-49)
(5.05592e-07 1.17731e-07 -3.42897e-22 -2.16716e-07 -3.4211e-22 0)
(5.0751e-07 1.14438e-07 -6.44866e-23 -2.27375e-07 -4.88124e-23 0)
(5.09953e-07 1.08774e-07 7.63806e-38 -2.34142e-07 2.39269e-37 0)
(5.09466e-07 1.02706e-07 4.72726e-38 -2.38961e-07 2.42065e-37 0)
(5.08667e-07 9.59661e-08 1.092e-22 -2.41992e-07 1.18814e-22 0)
(5.06505e-07 8.90232e-08 -1.90041e-22 -2.43535e-07 -1.7181e-22 0)
(5.03887e-07 8.1987e-08 -1.92832e-22 -2.43879e-07 -1.72216e-22 0)
(5.00664e-07 7.50507e-08 0 -2.43292e-07 0 0)
(4.97209e-07 6.83056e-08 1.0674e-22 -2.42034e-07 1.19663e-22 0)
(4.93591e-07 6.18334e-08 1.32773e-23 -2.40337e-07 6.76395e-23 0)
(4.90006e-07 5.56716e-08 2.91371e-37 -2.38414e-07 -5.48506e-38 0)
(4.86551e-07 4.98328e-08 -2.00944e-22 -2.36456e-07 -1.6865e-22 0)
(4.83352e-07 4.42987e-08 -1.03765e-22 -2.3463e-07 -1.17007e-22 0)
(4.80483e-07 3.90197e-08 -9.92404e-23 -2.33087e-07 -5.00387e-23 0)
(4.78048e-07 3.39203e-08 1.02626e-22 -2.3196e-07 1.14839e-22 0)
(4.76079e-07 2.88645e-08 -1.01121e-22 -2.31368e-07 -4.96696e-23 0)
(4.74711e-07 2.37098e-08 6.99371e-37 -2.31428e-07 3.41303e-37 0)
(4.73883e-07 1.81186e-08 1.01732e-22 -2.32246e-07 1.10157e-22 0)
(4.73933e-07 1.20166e-08 0 -2.33974e-07 0 0)
(4.74456e-07 4.12274e-09 3.32192e-20 -2.36706e-07 5.65153e-35 -9.79817e-50)
(4.82009e-07 1.17762e-07 1.03477e-22 -2.05187e-07 1.08048e-22 0)
(4.8506e-07 1.15331e-07 2.63413e-37 -2.15322e-07 1.3973e-37 0)
(4.88702e-07 1.10702e-07 -1.04914e-22 -2.22014e-07 -1.14642e-22 0)
(4.89678e-07 1.05393e-07 0 -2.27e-07 0 0)
(4.90376e-07 9.92464e-08 1.05273e-22 -2.30403e-07 1.18268e-22 0)
(4.89799e-07 9.27244e-08 1.05149e-22 -2.32475e-07 1.19257e-22 0)
(4.88766e-07 8.59531e-08 -1.04927e-22 -2.33462e-07 -1.19808e-22 0)
(4.87118e-07 7.91463e-08 -1.04574e-22 -2.33592e-07 -1.20003e-22 0)
(4.85191e-07 7.2411e-08 1.0416e-22 -2.33091e-07 1.19896e-22 0)
(4.83043e-07 6.585e-08 -2.31375e-36 -2.32163e-07 -1.90647e-36 0)
(4.8085e-07 5.95157e-08 -1.32107e-36 -2.30996e-07 -9.22354e-37 0)
(4.787e-07 5.34362e-08 4.17357e-38 -2.29758e-07 4.62103e-37 0)
(4.76707e-07 4.76063e-08 1.71131e-36 -2.28597e-07 1.53595e-36 0)
(4.7494e-07 4.19886e-08 2.06754e-36 -2.27638e-07 1.70503e-36 0)
(4.73481e-07 3.65171e-08 6.82171e-37 -2.26987e-07 3.34755e-37 0)
(4.72355e-07 3.10618e-08 -3.44205e-37 -2.26728e-07 -1.67186e-37 0)
(4.71647e-07 2.54878e-08 -1.01252e-22 -2.26925e-07 -1.1189e-22 0)
(4.71292e-07 1.94507e-08 -6.9977e-37 -2.27624e-07 -3.36682e-37 0)
(4.71483e-07 1.28773e-08 -1.39873e-36 -2.28868e-07 -1.07784e-36 0)
(4.71905e-07 4.4149e-09 3.30414e-20 -2.30679e-07 -3.41201e-37 0)
(4.58559e-07 1.15768e-07 -3.0857e-22 -1.94387e-07 -3.2604e-22 0)
(4.62611e-07 1.14078e-07 -5.52165e-37 -2.03849e-07 -5.29419e-37 0)
(4.67325e-07 1.10353e-07 -1.09197e-37 -2.10325e-07 7.95355e-38 0)
(4.69666e-07 1.05741e-07 1.85251e-37 -2.15341e-07 2.12865e-37 0)
(4.71785e-07 1.00174e-07 1.01282e-22 -2.18994e-07 1.17638e-22 0)
(4.72741e-07 9.40993e-08 -1.01487e-22 -2.21489e-07 -1.18872e-22 0)
(4.73258e-07 8.76526e-08 -1.01598e-22 -2.23026e-07 -1.1962e-22 0)
(4.73172e-07 8.1059e-08 0 -2.23798e-07 0 0)
(4.72775e-07 7.44378e-08 1.01494e-22 -2.23994e-07 1.1997e-22 0)
(4.72109e-07 6.79032e-08 1.01351e-22 -2.23788e-07 1.19684e-22 0)
(4.71328e-07 6.15196e-08 -6.28303e-37 -2.23343e-07 -3.24844e-37 0)
(4.70509e-07 5.5326e-08 -1.01008e-22 -2.22801e-07 -1.18403e-22 0)
(4.69752e-07 4.93294e-08 -1.00845e-22 -2.22287e-07 -1.17462e-22 0)
(4.69116e-07 4.35029e-08 3.55402e-37 -2.21904e-07 6.35105e-37 0)
(4.68666e-07 3.77938e-08 1.00612e-22 -2.21728e-07 1.15034e-22 0)
(4.68415e-07 3.20858e-08 3.4642e-37 -2.21806e-07 3.91097e-37 0)
(4.68401e-07 2.62564e-08 0 -2.22149e-07 0 0)
(4.68551e-07 1.99783e-08 1.00588e-22 -2.22741e-07 1.0974e-22 0)
(4.68905e-07 1.31845e-08 -1.3923e-36 -2.23502e-07 -1.06818e-36 0)
(4.69234e-07 4.514e-09 3.28538e-20 -2.24373e-07 -3.31874e-37 0)
(4.35129e-07 1.11873e-07 -5.75986e-24 -1.84079e-07 -2.96644e-24 0)
(4.4013e-07 1.10771e-07 -6.11266e-23 -1.92795e-07 -4.13889e-23 0)
(4.45869e-07 1.07792e-07 -9.57183e-23 -1.98985e-07 -1.12174e-22 0)
(4.49539e-07 1.0379e-07 0 -2.03958e-07 0 0)
(4.5305e-07 9.87643e-08 9.72599e-23 -2.0779e-07 1.16948e-22 0)
(4.55524e-07 9.31428e-08 1.76191e-22 -2.10643e-07 1.63612e-22 0)
(4.57583e-07 8.70636e-08 -1.80164e-22 -2.12673e-07 -1.64969e-22 0)
(4.59059e-07 8.07566e-08 -2.68793e-22 -2.14036e-07 -2.11693e-22 0)
(4.60197e-07 7.43442e-08 9.87942e-23 -2.14886e-07 1.19898e-22 0)
(4.61022e-07 6.79466e-08 9.05057e-23 -2.15367e-07 4.62345e-23 0)
(4.61665e-07 6.16351e-08 -1.1366e-38 -2.15612e-07 -2.45807e-37 0)
(4.62187e-07 5.54562e-08 9.46351e-23 -2.1574e-07 4.63146e-23 0)
(4.62674e-07 4.94242e-08 -1.92546e-22 -2.15853e-07 -9.26778e-23 0)
(4.63178e-07 4.35234e-08 -9.76565e-23 -2.16031e-07 -4.63771e-23 0)
(4.63745e-07 3.77149e-08 -1.97617e-22 -2.16322e-07 -9.28793e-23 0)
(4.64379e-07 3.19022e-08 9.97583e-23 -2.16742e-07 4.65299e-23 0)
(4.65075e-07 2.59839e-08 -9.98414e-23 -2.17251e-07 -1.1169e-22 0)
(4.6575e-07 1.96715e-08 -3.48558e-37 -2.17766e-07 -1.6105e-37 0)
(4.66301e-07 1.29104e-08 -1.03813e-36 -2.18089e-07 -8.98203e-37 0)
(4.6656e-07 4.40908e-09 3.26655e-20 -2.18069e-07 -1.61275e-37 0)
(4.11553e-07 1.06057e-07 9.32927e-23 -1.74167e-07 1.04588e-22 0)
(4.17546e-07 1.05377e-07 6.19914e-23 -1.82125e-07 3.90983e-23 0)
(4.24341e-07 1.02977e-07 -9.10967e-23 -1.88011e-07 -1.10995e-22 0)
(4.29375e-07 9.94934e-08 -2.37196e-38 -1.92917e-07 2.9132e-37 0)
(4.34306e-07 9.49631e-08 -6.10303e-37 -1.969e-07 -2.31845e-37 0)
(4.38325e-07 8.97972e-08 7.92685e-23 -2.00078e-07 4.29523e-23 0)
(4.41949e-07 8.41272e-08 2.72525e-22 -2.02568e-07 2.81271e-22 0)
(4.45006e-07 7.81798e-08 -9.55331e-23 -2.04488e-07 -1.19492e-22 0)
(4.47696e-07 7.20741e-08 -1.92221e-22 -2.05958e-07 -2.39369e-22 0)
(4.50022e-07 6.59316e-08 1.8783e-22 -2.0709e-07 1.63986e-22 0)
(4.52093e-07 5.98223e-08 -9.63169e-37 -2.07991e-07 -4.59055e-37 0)
(4.53954e-07 5.37954e-08 1.92708e-22 -2.08755e-07 1.63166e-22 0)
(4.55678e-07 4.78701e-08 9.78241e-23 -2.09465e-07 1.174e-22 0)
(4.57307e-07 4.20402e-08 9.81883e-23 -2.10178e-07 4.51207e-23 0)
(4.58875e-07 3.62781e-08 -9.85105e-23 -2.10922e-07 -1.14882e-22 0)
(4.6038e-07 3.05137e-08 -9.74403e-23 -2.11684e-07 -1.81212e-22 0)
(4.61782e-07 2.46727e-08 9.91344e-23 -2.12381e-07 1.11573e-22 0)
(4.6299e-07 1.85273e-08 9.93938e-23 -2.12874e-07 1.0956e-22 0)
(4.63772e-07 1.2046e-08 6.93823e-37 -2.12847e-07 5.25988e-37 0)
(4.64003e-07 4.09406e-09 3.24849e-20 -2.12053e-07 -5.59922e-35 -9.58157e-50)
(3.87656e-07 9.82432e-08 -4.88612e-37 -1.64234e-07 -4.68511e-37 0)
(3.94782e-07 9.78134e-08 6.38911e-23 -1.71519e-07 3.68214e-23 0)
(4.02748e-07 9.58317e-08 7.02238e-37 -1.77177e-07 3.88729e-37 0)
(4.09252e-07 9.27785e-08 0 -1.82076e-07 0 0)
(4.15691e-07 8.87073e-08 -7.9025e-37 -1.86256e-07 -4.08648e-37 0)
(4.21329e-07 8.40069e-08 -8.11058e-23 -1.89791e-07 -4.07439e-23 0)
(4.26576e-07 7.87955e-08 8.45343e-23 -1.9276e-07 4.13814e-23 0)
(4.3126e-07 7.32909e-08 1.75198e-22 -1.95246e-07 8.38302e-23 0)
(4.35531e-07 6.76011e-08 0 -1.97334e-07 0 0)
(4.39376e-07 6.18415e-08 -9.26906e-23 -1.99107e-07 -4.27439e-23 0)
(4.42876e-07 5.60764e-08 -1.30628e-36 -2.00646e-07 -1.63259e-36 0)
(4.46067e-07 5.03538e-08 -9.65093e-23 -2.02024e-07 -4.33702e-23 0)
(4.49005e-07 4.46916e-08 1.96e-22 -2.03302e-07 8.72889e-23 0)
(4.51723e-07 3.90896e-08 9.92475e-23 -2.04522e-07 4.39064e-23 0)
(4.54249e-07 3.35311e-08 2.00563e-22 -2.05695e-07 8.83165e-23 0)
(4.5658e-07 2.79722e-08 -1.01132e-22 -2.06792e-07 -4.43937e-23 0)
(4.58655e-07 2.23721e-08 0 -2.07701e-07 0 0)
(4.60379e-07 1.65835e-08 1.04658e-36 -2.08239e-07 4.5688e-37 0)
(4.6143e-07 1.06113e-08 2.41255e-36 -2.07994e-07 1.93259e-36 0)
(4.61686e-07 3.57122e-09 3.23196e-20 -2.06619e-07 -2.67175e-37 -1.90656e-49)
(3.63241e-07 8.81045e-08 -7.79799e-23 -1.54444e-07 -9.9622e-23 0)
(3.71754e-07 8.77784e-08 2.74933e-37 -1.61182e-07 3.60364e-37 0)
(3.811e-07 8.60811e-08 4.05132e-37 -1.6672e-07 5.45256e-37 0)
(3.8926e-07 8.3402e-08 -1.01304e-37 -1.71698e-07 3.12765e-37 0)
(3.97359e-07 7.97827e-08 8.53042e-23 -1.76137e-07 1.14547e-22 0)
(4.04736e-07 7.55881e-08 -8.6888e-23 -1.80071e-07 -1.16427e-22 0)
(4.11702e-07 7.09151e-08 -8.83833e-23 -1.83542e-07 -1.17721e-22 0)
(4.18082e-07 6.59633e-08 0 -1.86599e-07 0 0)
(4.23979e-07 6.08256e-08 9.1019e-23 -1.89297e-07 1.18856e-22 0)
(4.29368e-07 5.56046e-08 9.21759e-23 -1.91692e-07 1.18818e-22 0)
(4.34304e-07 5.03553e-08 -9.60751e-37 -1.93839e-07 -1.22052e-36 0)
(4.38809e-07 4.51179e-08 -9.42026e-23 -1.95791e-07 -1.17781e-22 0)
(4.42924e-07 3.99056e-08 -9.5086e-23 -1.97591e-07 -1.16864e-22 0)
(4.46679e-07 3.47187e-08 0 -1.99271e-07 0 0)
(4.50095e-07 2.95476e-08 9.66256e-23 -2.00832e-07 1.14394e-22 0)
(4.53174e-07 2.43715e-08 0 -2.02238e-07 0 0)
(4.55854e-07 1.91821e-08 -1.41552e-36 -2.0337e-07 -5.99849e-37 0)
(4.58044e-07 1.3925e-08 9.83319e-23 -2.04021e-07 1.09497e-22 0)
(4.59381e-07 8.65859e-09 1.38165e-36 -2.03722e-07 1.03585e-36 0)
(4.59718e-07 2.85692e-09 3.21786e-20 -2.02029e-07 5.54945e-35 -9.49123e-50)
(3.38179e-07 7.54198e-08 6.59187e-23 -1.43898e-07 3.08918e-23 0)
(3.48445e-07 7.50794e-08 0 -1.50388e-07 0 0)
(3.59473e-07 7.35737e-08 3.9439e-37 -1.56071e-07 3.00219e-37 0)
(3.69555e-07 7.12482e-08 0 -1.6136e-07 0 0)
(3.79523e-07 6.81089e-08 -1.39928e-37 -1.66249e-07 -1.95122e-37 0)
(3.88811e-07 6.44915e-08 3.34979e-37 -1.70735e-07 -4.1523e-37 0)
(3.97623e-07 6.04632e-08 0 -1.74827e-07 0 0)
(4.05794e-07 5.61983e-08 0 -1.78545e-07 0 0)
(4.13382e-07 5.17709e-08 0 -1.81917e-07 0 0)
(4.2035e-07 4.72652e-08 -6.47477e-37 -1.84972e-07 -5.43029e-37 0)
(4.26731e-07 4.27223e-08 2.84594e-38 -1.87744e-07 -2.66276e-37 0)
(4.32533e-07 3.81704e-08 3.47716e-37 -1.90268e-07 1.40714e-37 0)
(4.37785e-07 3.36154e-08 0 -1.92572e-07 0 0)
(4.4251e-07 2.90528e-08 0 -1.94677e-07 0 0)
(4.46725e-07 2.44741e-08 0 -1.96583e-07 0 0)
(4.50438e-07 1.98744e-08 3.58498e-37 -1.98258e-07 1.46623e-37 0)
(4.53602e-07 1.52745e-08 0 -1.99597e-07 0 0)
(4.56148e-07 1.07098e-08 2.04299e-36 -2.00407e-07 2.02793e-36 0)
(4.57746e-07 6.30995e-09 -3.62289e-37 -2.00227e-07 -1.48079e-37 0)
(4.5821e-07 1.99013e-09 3.20681e-20 -1.98552e-07 1.1059e-34 -9.77538e-64)
(3.1237e-07 5.92769e-08 -1.36801e-22 -1.33824e-07 -1.90496e-22 0)
(3.24884e-07 5.88899e-08 -7.0602e-24 -1.40307e-07 7.19697e-23 0)
(3.37986e-07 5.75701e-08 -1.65697e-37 -1.46322e-07 7.14058e-38 0)
(3.50324e-07 5.56617e-08 -1.56991e-37 -1.52067e-07 8.96646e-38 0)
(3.62428e-07 5.31165e-08 7.78053e-23 -1.57503e-07 1.12534e-22 0)
(3.73834e-07 5.02247e-08 -1.73275e-22 -1.62603e-07 -1.49493e-22 0)
(3.84651e-07 4.70206e-08 -1.78431e-22 -1.67345e-07 -1.51969e-22 0)
(3.94726e-07 4.36447e-08 0 -1.71728e-07 0 0)
(4.04081e-07 4.01476e-08 8.67474e-23 -1.75755e-07 1.17476e-22 0)
(4.12673e-07 3.65923e-08 -1.32636e-23 -1.79436e-07 7.90456e-23 0)
(4.20513e-07 3.30041e-08 -3.33792e-38 -1.82786e-07 2.72259e-37 0)
(4.27601e-07 2.93991e-08 -1.95918e-22 -1.85824e-07 -1.56637e-22 0)
(4.33951e-07 2.57725e-08 -9.31597e-23 -1.88565e-07 -1.15917e-22 0)
(4.39576e-07 2.21131e-08 -1.05369e-22 -1.91024e-07 -4.10086e-23 0)
(4.4449e-07 1.84082e-08 9.54222e-23 -1.93199e-07 1.13626e-22 0)
(4.48702e-07 1.46542e-08 -1.05959e-22 -1.95071e-07 -4.18775e-23 0)
(4.52188e-07 1.08854e-08 4.05791e-37 -1.96569e-07 -7.90867e-38 0)
(4.54914e-07 7.19346e-09 9.76601e-23 -1.97543e-07 1.09362e-22 0)
(4.56654e-07 3.78535e-09 -1.47875e-36 -1.97618e-07 -5.89471e-37 0)
(4.57219e-07 1.05187e-09 3.1989e-20 -1.96294e-07 -2.9518e-37 0)
(2.85875e-07 3.99403e-08 -1.70679e-23 -1.21607e-07 6.94813e-23 0)
(3.01276e-07 3.95279e-08 -8.37924e-23 -1.2875e-07 -2.76398e-23 0)
(3.16953e-07 3.84659e-08 2.05175e-23 -1.35665e-07 -7.59515e-23 0)
(3.3195e-07 3.70818e-08 0 -1.42356e-07 0 0)
(3.46508e-07 3.52776e-08 1.70592e-22 -1.48749e-07 1.43284e-22 0)
(3.60272e-07 3.32752e-08 7.73424e-23 -1.548e-07 1.13472e-22 0)
(3.73272e-07 3.10785e-08 -1.81795e-22 -1.6047e-07 -1.49454e-22 0)
(3.85376e-07 2.87863e-08 -8.27317e-23 -1.65741e-07 -1.16026e-22 0)
(3.96583e-07 2.64242e-08 8.51376e-23 -1.70601e-07 1.16592e-22 0)
(4.06848e-07 2.40321e-08 -5.91745e-37 -1.75048e-07 -7.91047e-37 0)
(4.16173e-07 2.1621e-08 1.07291e-22 -1.79083e-07 3.84452e-23 0)
(4.24548e-07 1.91948e-08 3.13977e-37 -1.82711e-07 3.999e-37 0)
(4.31975e-07 1.67416e-08 -4.23397e-37 -1.85936e-07 1.23076e-37 0)
(4.38454e-07 1.42437e-08 -1.08225e-22 -1.88761e-07 -4.05228e-23 0)
(4.43979e-07 1.1682e-08 -4.14654e-37 -1.91181e-07 1.07924e-37 0)
(4.48549e-07 9.04599e-09 2.92525e-37 -1.93184e-07 6.28352e-37 0)
(4.52138e-07 6.36806e-09 -9.7064e-23 -1.94731e-07 -1.10521e-22 0)
(4.54759e-07 3.75232e-09 1.07613e-22 -1.95758e-07 4.20249e-23 0)
(4.56314e-07 1.455e-09 1.07517e-22 -1.96087e-07 4.20956e-23 0)
(4.5681e-07 2.15979e-10 3.20543e-20 -1.95402e-07 4.19485e-23 0)
(2.58846e-07 1.37777e-08 -4.48274e-23 -1.12205e-07 1.83145e-20 1.59057e-35)
(2.77847e-07 1.35818e-08 -5.96477e-23 -1.20182e-07 1.83124e-20 -2.71529e-50)
(2.96653e-07 1.31427e-08 -6.36849e-23 -1.28042e-07 1.8291e-20 -2.71276e-50)
(3.14716e-07 1.26338e-08 1.57818e-35 -1.35629e-07 1.83784e-20 0)
(3.32058e-07 1.19843e-08 7.12856e-23 -1.42897e-07 1.84734e-20 0)
(3.48415e-07 1.12784e-08 7.4797e-23 -1.49769e-07 1.84619e-20 2.70619e-50)
(3.63776e-07 1.05119e-08 -7.80947e-23 -1.56217e-07 1.82237e-20 -5.4087e-50)
(3.78027e-07 9.72046e-09 -8.11542e-23 -1.62206e-07 1.82113e-20 1.86183e-64)
(3.91163e-07 8.90886e-09 8.39742e-23 -1.67726e-07 1.84316e-20 -8.10366e-50)
(4.03149e-07 8.09149e-09 3.15289e-35 -1.72767e-07 1.83073e-20 -5.39983e-50)
(4.13985e-07 7.27003e-09 0 -1.77325e-07 1.82995e-20 0)
(4.23659e-07 6.44398e-09 -3.07169e-35 -1.81399e-07 1.82929e-20 -5.39557e-50)
(4.32166e-07 5.60578e-09 1.09047e-36 -1.84985e-07 1.82873e-20 -1.07879e-49)
(4.39485e-07 4.74727e-09 7.6734e-37 -1.88077e-07 1.82828e-20 -1.07852e-49)
(4.45582e-07 3.85724e-09 1.09221e-36 -1.90662e-07 1.82793e-20 -1.07831e-49)
(4.50425e-07 2.92717e-09 1.42349e-36 -1.92728e-07 1.82768e-20 -1.07817e-49)
(4.53944e-07 1.96688e-09 -9.74517e-23 -1.94248e-07 1.81651e-20 -5.39041e-50)
(4.56168e-07 1.01363e-09 3.13858e-35 -1.95224e-07 1.82749e-20 0)
(4.5704e-07 2.0025e-10 0 -1.95627e-07 1.82753e-20 0)
(4.5698e-07 -8.53488e-11 3.19176e-20 -1.95468e-07 1.82763e-20 0)
(5.08979e-07 3.79984e-08 1.96826e-22 -5.67874e-09 3.87273e-23 0)
(5.24035e-07 6.70811e-08 -2.63925e-23 -2.81127e-08 -8.58196e-24 0)
(5.52012e-07 9.68644e-08 -1.81657e-22 -6.45774e-08 -1.01013e-22 0)
(5.84098e-07 1.14729e-07 2.23088e-23 -1.09723e-07 1.53287e-23 0)
(6.17853e-07 1.2114e-07 -6.43078e-23 -1.58626e-07 -4.47178e-23 0)
(6.48314e-07 1.15089e-07 6.88081e-23 -2.06973e-07 7.45807e-23 0)
(6.72793e-07 9.76082e-08 2.30595e-22 -2.51148e-07 1.64458e-22 0)
(6.88691e-07 7.02686e-08 -1.05135e-22 -2.88201e-07 -7.78431e-23 0)
(6.95176e-07 3.59382e-08 -1.55373e-22 -3.16557e-07 -1.19826e-22 0)
(6.90306e-07 -3.41192e-09 0 -3.31504e-07 0 0)
(4.82195e-07 3.41353e-08 6.0605e-24 -6.08788e-09 1.78173e-24 0)
(4.96586e-07 6.10958e-08 2.31994e-22 -2.70071e-08 8.94799e-23 0)
(5.22577e-07 9.04771e-08 2.50024e-22 -5.93512e-08 1.37825e-22 0)
(5.52892e-07 1.10582e-07 2.32014e-22 -9.94423e-08 1.54984e-22 0)
(5.86088e-07 1.21521e-07 -5.70526e-23 -1.43492e-07 -4.05173e-23 0)
(6.17899e-07 1.21815e-07 -2.89943e-22 -1.88031e-07 -2.37968e-22 0)
(6.45955e-07 1.11977e-07 -2.51469e-22 -2.30047e-07 -1.8067e-22 0)
(6.67289e-07 9.26977e-08 3.74787e-22 -2.66696e-07 2.94268e-22 0)
(6.80286e-07 6.63943e-08 -1.07521e-22 -2.96945e-07 -6.97537e-23 0)
(6.81604e-07 2.82551e-08 1.7397e-22 -3.17948e-07 1.38651e-22 0)
(4.58152e-07 3.00298e-08 -1.09955e-23 -6.76669e-09 -3.91794e-24 0)
(4.72112e-07 5.53056e-08 -2.02639e-22 -2.71638e-08 -7.55783e-23 0)
(4.96203e-07 8.39911e-08 -2.07713e-22 -5.69153e-08 -1.11369e-22 0)
(5.24076e-07 1.05198e-07 2.91542e-22 -9.33816e-08 1.91549e-22 0)
(5.55039e-07 1.18846e-07 2.59734e-22 -1.33638e-07 1.94679e-22 0)
(5.85485e-07 1.23153e-07 2.79207e-22 -1.7495e-07 2.27486e-22 0)
(6.13659e-07 1.18386e-07 -1.37516e-24 -2.14925e-07 2.15226e-25 0)
(6.37365e-07 1.04786e-07 -2.24337e-22 -2.5111e-07 -2.0757e-22 0)
(6.55162e-07 8.56038e-08 -3.43752e-25 -2.82313e-07 5.77115e-25 0)
(6.65908e-07 5.49484e-08 5.68265e-23 -3.06117e-07 1.68708e-23 0)
(4.3619e-07 2.54501e-08 0 -7.53643e-09 0 0)
(4.50062e-07 4.92742e-08 6.66421e-23 -2.77176e-08 1.89398e-23 0)
(4.72841e-07 7.72737e-08 -7.42914e-23 -5.52192e-08 -4.87836e-23 0)
(4.98829e-07 9.93629e-08 -1.96864e-22 -8.82348e-08 -1.35887e-22 0)
(5.27983e-07 1.15456e-07 1.45253e-22 -1.24553e-07 1.09553e-22 0)
(5.57202e-07 1.23595e-07 -2.16854e-22 -1.62069e-07 -1.75055e-22 0)
(5.84977e-07 1.23771e-07 -8.62343e-23 -1.98915e-07 -8.66731e-23 0)
(6.09573e-07 1.15466e-07 2.51317e-22 -2.33209e-07 2.14431e-22 0)
(6.28872e-07 1.01515e-07 -1.04817e-24 -2.63912e-07 3.62838e-25 0)
(6.44802e-07 7.62786e-08 3.44205e-22 -2.90096e-07 2.96924e-22 0)
(4.1561e-07 2.0334e-08 7.52159e-23 -8.30743e-09 1.02513e-23 0)
(4.29534e-07 4.28565e-08 1.05972e-22 -2.86779e-08 4.06831e-23 0)
(4.51236e-07 6.99957e-08 0 -5.47064e-08 0 0)
(4.75437e-07 9.23566e-08 -1.2093e-22 -8.51524e-08 -8.02688e-23 0)
(5.02628e-07 1.09896e-07 -9.53084e-23 -1.18352e-07 -6.97358e-23 0)
(5.30238e-07 1.20629e-07 5.04163e-23 -1.52728e-07 4.16781e-23 0)
(5.5705e-07 1.24513e-07 -1.18624e-22 -1.86791e-07 -9.77806e-23 0)
(5.82048e-07 1.20812e-07 -8.35268e-23 -2.19072e-07 -5.96681e-23 0)
(6.0224e-07 1.11958e-07 -7.60411e-23 -2.4822e-07 -5.86692e-23 0)
(6.21451e-07 9.31699e-08 -3.80334e-22 -2.73895e-07 -2.97848e-22 0)
(3.96249e-07 1.4772e-08 -1.44173e-22 -9.06419e-09 -1.62742e-23 0)
(4.10383e-07 3.62769e-08 8.87642e-23 -2.97806e-08 3.06359e-23 0)
(4.31338e-07 6.27169e-08 2.60186e-22 -5.46389e-08 1.26154e-22 0)
(4.54085e-07 8.52748e-08 -8.53455e-23 -8.28239e-08 -5.20542e-23 0)
(4.79527e-07 1.0397e-07 -1.29373e-22 -1.13094e-07 -9.75945e-23 0)
(5.05491e-07 1.16811e-07 9.25737e-23 -1.44333e-07 7.87766e-23 0)
(5.30912e-07 1.2364e-07 1.06484e-22 -1.75411e-07 9.09443e-23 0)
(5.55467e-07 1.23596e-07 5.22154e-23 -2.05388e-07 4.89887e-23 0)
(5.75571e-07 1.18504e-07 2.0432e-22 -2.32903e-07 1.64737e-22 0)
(5.96508e-07 1.05243e-07 -1.41263e-22 -2.57716e-07 -1.25679e-22 0)
(3.77673e-07 8.68703e-09 0 -9.80402e-09 0 0)
(3.92098e-07 2.93536e-08 -3.78429e-23 -3.10517e-08 -2.65887e-23 0)
(4.12504e-07 5.5144e-08 9.73085e-23 -5.51565e-08 4.98416e-23 0)
(4.34005e-07 7.77214e-08 8.15513e-23 -8.16048e-08 4.80068e-23 0)
(4.57854e-07 9.7173e-08 -2.64421e-22 -1.0948e-07 -1.8794e-22 0)
(4.82241e-07 1.11585e-07 -9.25989e-23 -1.38025e-07 -7.34535e-23 0)
(5.06227e-07 1.20741e-07 2.54221e-22 -1.6636e-07 2.17088e-22 0)
(5.30042e-07 1.23846e-07 -1.64052e-22 -1.93905e-07 -1.47766e-22 0)
(5.49679e-07 1.22018e-07 7.32465e-23 -2.19348e-07 5.13249e-23 0)
(5.71105e-07 1.13587e-07 4.49677e-22 -2.4238e-07 3.99397e-22 0)
(3.59727e-07 2.14834e-09 6.1957e-23 -1.05059e-08 4.65219e-25 0)
(3.74513e-07 2.21933e-08 -1.24304e-23 -3.23616e-08 -9.45085e-24 0)
(3.94551e-07 4.7502e-08 3.99652e-25 -5.59254e-08 4.38922e-25 0)
(4.15014e-07 7.01023e-08 2.65e-23 -8.09015e-08 2.24446e-23 0)
(4.37442e-07 9.01272e-08 -1.52189e-22 -1.0664e-07 -1.18202e-22 0)
(4.60313e-07 1.05749e-07 9.43562e-24 -1.327e-07 -1.07298e-25 0)
(4.82812e-07 1.16672e-07 -1.02373e-24 -1.58456e-07 -9.25476e-25 0)
(5.056e-07 1.22257e-07 -3.1493e-22 -1.83635e-07 -2.82725e-22 0)
(5.2455e-07 1.23025e-07 -2.869e-22 -2.07087e-07 -2.4239e-22 0)
(5.45764e-07 1.18606e-07 1.76767e-22 -2.28195e-07 1.68737e-22 0)
(3.42164e-07 -4.87754e-09 8.14085e-24 -1.11894e-08 6.20945e-24 0)
(3.57353e-07 1.47186e-08 -3.09287e-23 -3.3744e-08 1.53095e-23 0)
(3.77151e-07 3.96784e-08 -7.06071e-23 -5.69953e-08 -2.73546e-23 0)
(3.96729e-07 6.23021e-08 2.2768e-22 -8.07928e-08 1.26014e-22 0)
(4.17898e-07 8.27492e-08 6.33958e-23 -1.04713e-07 5.62006e-23 0)
(4.39365e-07 9.93053e-08 -2.98875e-22 -1.28566e-07 -2.38914e-22 0)
(4.60457e-07 1.11612e-07 2.28701e-22 -1.51947e-07 2.00269e-22 0)
(4.82099e-07 1.19211e-07 1.51785e-22 -1.74791e-07 1.42551e-22 0)
(5.00251e-07 1.22124e-07 -2.76031e-22 -1.96189e-07 -2.34318e-22 0)
(5.20795e-07 1.20949e-07 -5.2216e-22 -2.15251e-07 -4.72204e-22 0)
(3.24844e-07 -1.23561e-08 1.19893e-23 -1.18465e-08 9.81173e-24 0)
(3.40468e-07 6.96922e-09 1.62404e-22 -3.51506e-08 5.00826e-23 0)
(3.60119e-07 3.17507e-08 1.84964e-22 -5.82276e-08 5.69314e-23 0)
(3.78918e-07 5.44544e-08 -1.46457e-22 -8.10169e-08 -7.83929e-23 0)
(3.98945e-07 7.52385e-08 1.62441e-22 -1.03314e-07 1.46097e-22 0)
(4.19091e-07 9.25028e-08 7.29253e-23 -1.2515e-07 6.51577e-23 0)
(4.38855e-07 1.05842e-07 1.84097e-22 -1.46349e-07 1.58758e-22 0)
(4.593e-07 1.14993e-07 5.2607e-22 -1.66994e-07 4.78914e-22 0)
(4.76637e-07 1.19629e-07 1.56592e-22 -1.86427e-07 1.32253e-22 0)
(4.96297e-07 1.21032e-07 -1.7287e-22 -2.03516e-07 -1.76281e-22 0)
(3.07617e-07 -2.02988e-08 -1.97443e-23 -1.25003e-08 -1.71731e-23 0)
(3.23696e-07 -1.0728e-09 1.48243e-22 -3.66131e-08 -8.85081e-24 0)
(3.4325e-07 2.37006e-08 1.10841e-22 -5.96345e-08 2.53559e-23 0)
(3.61327e-07 4.65545e-08 -1.83895e-22 -8.15443e-08 -8.40499e-23 0)
(3.8029e-07 6.76176e-08 -2.11403e-22 -1.0237e-07 -1.54607e-22 0)
(3.9919e-07 8.54127e-08 2.72995e-22 -1.22346e-07 2.24942e-22 0)
(4.1772e-07 9.95126e-08 1.70335e-22 -1.41512e-07 1.47406e-22 0)
(4.36981e-07 1.09833e-07 1.40845e-22 -1.60067e-07 1.20099e-22 0)
(4.53524e-07 1.15827e-07 1.52059e-22 -1.77595e-07 1.26066e-22 0)
(4.72226e-07 1.19217e-07 -5.58977e-28 -1.92819e-07 -4.49766e-28 0)
(2.90391e-07 -2.86927e-08 -1.16883e-22 -1.31671e-08 9.25854e-24 0)
(3.06934e-07 -9.36555e-09 -1.49778e-22 -3.81505e-08 -3.94014e-23 0)
(3.26386e-07 1.55976e-08 -6.24899e-23 -6.11846e-08 -1.86657e-23 0)
(3.43728e-07 3.86897e-08 -6.6228e-23 -8.22619e-08 -3.22936e-23 0)
(3.61646e-07 5.99778e-08 -2.37439e-22 -1.01688e-07 -1.77887e-22 0)
(3.79342e-07 7.8125e-08 -1.51842e-22 -1.19902e-07 -1.17919e-22 0)
(3.96719e-07 9.27197e-08 1.23027e-22 -1.37161e-07 1.08132e-22 0)
(4.14849e-07 1.03847e-07 1.28003e-22 -1.53753e-07 1.25206e-22 0)
(4.30661e-07 1.10852e-07 2.34915e-22 -1.69471e-07 2.38861e-22 0)
(4.48434e-07 1.1572e-07 4.31299e-23 -1.8298e-07 5.16766e-23 0)
(2.73121e-07 -3.75524e-08 6.32301e-23 -1.39118e-08 -2.5822e-25 0)
(2.90113e-07 -1.78757e-08 6.61994e-23 -3.98246e-08 1.15862e-23 0)
(3.09374e-07 7.50073e-09 -4.12493e-23 -6.28728e-08 1.87415e-24 0)
(3.25878e-07 3.09265e-08 6.29472e-25 -8.30617e-08 5.50056e-25 0)
(3.42698e-07 5.23794e-08 -1.68844e-22 -1.01068e-07 -1.1655e-22 0)
(3.59199e-07 7.06954e-08 -7.12806e-23 -1.1755e-07 -6.08465e-23 0)
(3.75499e-07 8.55236e-08 1.04835e-22 -1.32982e-07 1.00505e-22 0)
(3.92583e-07 9.7113e-08 5.29564e-29 -1.47719e-07 4.20214e-29 0)
(4.07763e-07 1.04789e-07 1.04708e-28 -1.61726e-07 8.01489e-29 0)
(4.24712e-07 1.10674e-07 6.07035e-23 -1.73683e-07 1.46634e-23 0)
(2.55829e-07 -4.6885e-08 0 -1.48202e-08 0 0)
(2.73213e-07 -2.645e-08 1.11191e-23 -4.17519e-08 1.14499e-23 0)
(2.92067e-07 -3.93155e-10 1.81361e-23 -6.47532e-08 1.79088e-23 0)
(3.07514e-07 2.34385e-08 6.03687e-23 -8.39155e-08 2.71835e-23 0)
(3.23098e-07 4.49255e-08 3.08715e-23 -1.00403e-07 2.69347e-23 0)
(3.38379e-07 6.31598e-08 9.93844e-25 -1.15137e-07 8.10337e-25 0)
(3.53667e-07 7.79077e-08 4.18626e-23 -1.28792e-07 3.2689e-23 0)
(3.69817e-07 8.95912e-08 -7.83364e-23 -1.41781e-07 -7.67838e-23 0)
(3.84504e-07 9.75795e-08 -1.01958e-22 -1.54189e-07 -7.31317e-23 0)
(4.00796e-07 1.04053e-07 1.43546e-22 -1.64767e-07 1.34887e-22 0)
(2.38734e-07 -5.67279e-08 0 -1.61819e-08 0 0)
(2.56328e-07 -3.4922e-08 0 -4.41212e-08 0 0)
(2.74271e-07 -7.87909e-09 -5.35866e-23 -6.67367e-08 -5.51175e-23 0)
(2.88256e-07 1.63884e-08 0 -8.44719e-08 0 0)
(3.02366e-07 3.77065e-08 -1.85662e-22 -9.91806e-08 -1.32092e-22 0)
(3.16384e-07 5.55356e-08 7.91158e-23 -1.12072e-07 6.18185e-23 0)
(3.30746e-07 6.98377e-08 2.50911e-22 -1.23981e-07 2.23855e-22 0)
(3.4613e-07 8.12205e-08 1.73926e-22 -1.3534e-07 1.91546e-22 0)
(3.60525e-07 8.91427e-08 -8.31562e-23 -1.46302e-07 -8.78371e-23 0)
(3.76403e-07 9.57851e-08 -3.07444e-22 -1.5571e-07 -3.13561e-22 0)
(2.22223e-07 -6.70826e-08 -3.48018e-24 -1.83057e-08 -4.94169e-24 0)
(2.39598e-07 -4.26443e-08 1.38556e-22 -4.72561e-08 -2.88499e-23 0)
(2.55729e-07 -1.43016e-08 3.35041e-23 -6.89819e-08 3.7029e-23 0)
(2.67644e-07 1.0205e-08 1.39059e-24 -8.48372e-08 1.10755e-24 0)
(2.79954e-07 3.08824e-08 -1.1448e-22 -9.74677e-08 -7.46237e-23 0)
(2.92661e-07 4.77709e-08 -2.56321e-22 -1.08427e-07 -2.05323e-22 0)
(3.06227e-07 6.11149e-08 2.83876e-22 -1.18635e-07 2.47051e-22 0)
(3.21076e-07 7.17137e-08 5.02236e-23 -1.28503e-07 3.13656e-23 0)
(3.35458e-07 7.91389e-08 1.67433e-22 -1.38188e-07 9.96334e-23 0)
(3.51231e-07 8.5524e-08 7.81839e-23 -1.46641e-07 9.0583e-23 0)
(2.07545e-07 -7.78181e-08 -3.99878e-23 -2.26009e-08 2.8127e-23 0)
(2.23412e-07 -4.90558e-08 -1.29544e-22 -5.16872e-08 3.99405e-23 0)
(2.35839e-07 -1.91956e-08 4.85377e-23 -7.08452e-08 5.84717e-23 0)
(2.44733e-07 5.08476e-09 2.19049e-23 -8.36699e-08 -2.99168e-23 0)
(2.54896e-07 2.44763e-08 1.00699e-22 -9.36937e-08 7.68539e-23 0)
(2.66373e-07 3.97513e-08 -1.9289e-22 -1.02609e-07 -1.51288e-22 0)
(2.79425e-07 5.15534e-08 1.62441e-24 -1.11249e-07 1.19598e-24 0)
(2.9412e-07 6.08505e-08 1.78937e-22 -1.19883e-07 1.70547e-22 0)
(3.08902e-07 6.73362e-08 -5.9047e-23 -1.2861e-07 -3.06466e-23 0)
(3.25011e-07 7.30376e-08 -6.18615e-23 -1.36469e-07 -3.03902e-23 0)
(1.96523e-07 -8.7514e-08 2.5539e-31 -2.99587e-08 -3.78162e-31 0)
(2.07775e-07 -5.11845e-08 9.63682e-24 -5.78359e-08 3.13134e-23 0)
(2.13701e-07 -2.04649e-08 5.72697e-23 -7.26235e-08 -9.44906e-23 0)
(2.1845e-07 1.9029e-09 -2.48615e-23 -8.16959e-08 -2.29863e-23 0)
(2.26252e-07 1.85034e-08 -1.35149e-22 -8.88726e-08 -9.77441e-23 0)
(2.36731e-07 3.10074e-08 0 -9.58452e-08 0 0)
(2.49725e-07 4.04169e-08 -1.05023e-22 -1.03158e-07 -5.43149e-23 0)
(2.64799e-07 4.77555e-08 5.62363e-23 -1.10861e-07 6.87071e-23 0)
(2.80532e-07 5.2797e-08 1.20588e-22 -1.18929e-07 1.55357e-22 0)
(2.97524e-07 5.73634e-08 -6.54452e-23 -1.26505e-07 -9.15613e-23 0)
(1.96693e-07 -9.20543e-08 -1.27763e-22 -4.78549e-08 1.47543e-22 0)
(1.91449e-07 -4.78123e-08 7.57381e-23 -6.5643e-08 -5.69458e-23 0)
(1.86135e-07 -1.78026e-08 1.08825e-22 -7.0391e-08 -1.33599e-24 0)
(1.85829e-07 2.90791e-10 -4.03453e-23 -7.35872e-08 1.10512e-23 0)
(1.91889e-07 1.26482e-08 -7.41435e-23 -7.78266e-08 -5.26808e-23 0)
(2.02325e-07 2.1292e-08 -4.75096e-23 -8.33311e-08 -2.26863e-23 0)
(2.16219e-07 2.75891e-08 0 -9.00195e-08 0 0)
(2.32576e-07 3.24263e-08 -6.46767e-23 -9.75286e-08 -2.4814e-23 0)
(2.50055e-07 3.56346e-08 7.0308e-23 -1.05674e-07 2.53666e-23 0)
(2.68658e-07 3.86885e-08 -4.08103e-28 -1.13688e-07 -1.40016e-28 0)
(2.18563e-07 -5.31287e-08 6.09136e-23 -7.75844e-08 1.84827e-20 -6.17119e-35)
(1.68063e-07 -2.14245e-08 2.80081e-22 -7.09179e-08 1.84882e-20 6.16456e-35)
(1.50478e-07 -6.92238e-09 2.4666e-22 -6.56671e-08 1.86417e-20 -6.08064e-35)
(1.44991e-07 -9.38031e-12 4.01614e-22 -6.40367e-08 1.86165e-20 -1.96995e-35)
(1.50836e-07 4.4212e-09 4.08324e-22 -6.66327e-08 1.85821e-20 1.9582e-35)
(1.62446e-07 7.37957e-09 3.77283e-22 -7.15869e-08 1.849e-20 1.86435e-35)
(1.78423e-07 9.51435e-09 4.83504e-22 -7.83416e-08 1.85311e-20 -2.73416e-38)
(1.97143e-07 1.11667e-08 4.05599e-22 -8.62075e-08 1.84837e-20 1.75794e-35)
(2.17325e-07 1.22453e-08 4.92349e-22 -9.47769e-08 1.85521e-20 6.79787e-38)
(2.38433e-07 1.33371e-08 1.89931e-22 -1.03564e-07 1.84817e-20 3.22214e-35)
)
;

boundaryField
{
    left
    {
        type            calculated;
        value           nonuniform List<symmTensor> 
30
(
(5.06444e-07 1.65215e-08 1.96826e-22 -5.67874e-09 3.87273e-23 0)
(4.7949e-07 1.46898e-08 6.0605e-24 -6.08788e-09 1.78173e-24 0)
(4.55258e-07 1.22896e-08 -1.09955e-23 -6.76669e-09 -3.91794e-24 0)
(4.33054e-07 9.03551e-09 0 -7.53643e-09 0 0)
(4.12228e-07 4.98248e-09 7.52159e-23 -8.30743e-09 1.02513e-23 0)
(3.92613e-07 2.43889e-10 -1.44173e-22 -9.06419e-09 -1.62742e-23 0)
(3.73783e-07 -5.21119e-09 0 -9.80402e-09 0 0)
(3.5559e-07 -1.12816e-08 6.1957e-23 -1.05059e-08 4.65219e-25 0)
(3.37784e-07 -1.79778e-08 8.14085e-24 -1.11894e-08 6.20945e-24 0)
(3.20224e-07 -2.52424e-08 1.19893e-23 -1.18465e-08 9.81173e-24 0)
(3.02758e-07 -3.30732e-08 -1.97443e-23 -1.25003e-08 -1.71731e-23 0)
(2.85284e-07 -4.14469e-08 -1.16883e-22 -1.31671e-08 9.25854e-24 0)
(2.67742e-07 -5.03753e-08 6.32301e-23 -1.39118e-08 -2.5822e-25 0)
(2.50128e-07 -5.99002e-08 0 -1.48202e-08 0 0)
(2.32616e-07 -7.01036e-08 0 -1.61819e-08 0 0)
(2.15579e-07 -8.12573e-08 -3.48018e-24 -1.83057e-08 -4.94169e-24 0)
(2.00404e-07 -9.34812e-08 -3.99878e-23 -2.26009e-08 2.8127e-23 0)
(1.90072e-07 -1.0693e-07 2.5539e-31 -2.99587e-08 -3.78162e-31 0)
(1.99074e-07 -1.18536e-07 -1.27763e-22 -4.78549e-08 1.47543e-22 0)
(2.58466e-07 -9.95879e-08 5.04184e-24 -7.75844e-08 1.84827e-20 -6.17119e-35)
(1.88816e-06 3.56243e-07 5.06991e-22 -5.60773e-07 2.81891e-20 1.21822e-34)
(1.30006e-06 1.89802e-07 -7.45241e-23 -2.52708e-07 -1.291e-22 0)
(1.04748e-06 8.6985e-08 3.38272e-22 -1.05785e-07 1.43897e-22 0)
(8.9724e-07 3.53339e-08 1.73455e-23 -5.22209e-08 2.44293e-23 0)
(7.96123e-07 2.0158e-08 5.92166e-28 -2.45848e-08 5.54188e-28 0)
(7.19132e-07 1.41006e-08 3.23839e-22 -1.35038e-08 5.85137e-23 0)
(6.5983e-07 1.42431e-08 4.98537e-24 -7.59971e-09 1.49527e-24 0)
(6.11264e-07 1.52623e-08 2.48219e-22 -5.62288e-09 4.72625e-23 0)
(5.71211e-07 1.62193e-08 -2.71479e-24 -4.74701e-09 -2.14255e-25 0)
(5.36045e-07 1.72138e-08 -4.15726e-24 -5.08445e-09 -8.85347e-25 0)
)
;
    }
    right
    {
        type            calculated;
        value           nonuniform List<symmTensor> 
30
(
(4.5682e-07 9.10998e-11 6.31406e-20 -1.95369e-07 1.78423e-20 -7.71734e-35)
(4.56759e-07 9.18338e-11 6.35834e-20 -1.95225e-07 4.6514e-22 7.04927e-35)
(4.57338e-07 9.02802e-11 6.37089e-20 -1.96574e-07 4.53614e-22 5.25539e-38)
(4.58836e-07 8.55371e-11 6.33224e-20 -2.00056e-07 7.82502e-23 -1.01907e-34)
(4.61075e-07 7.91533e-11 6.45093e-20 -2.05264e-07 1.11918e-21 1.00992e-34)
(4.63907e-07 7.13825e-11 6.48885e-20 -2.11851e-07 8.9142e-22 -7.31776e-37)
(4.67079e-07 6.13412e-11 6.52492e-20 -2.1923e-07 8.94007e-22 -3.00013e-37)
(4.70365e-07 5.26417e-11 6.59645e-20 -2.26871e-07 9.87347e-22 -7.97101e-37)
(4.73536e-07 4.32521e-11 6.57677e-20 -2.34249e-07 4.9705e-22 -6.02313e-35)
(4.76389e-07 3.48775e-11 6.63101e-20 -2.40886e-07 4.6126e-22 -2.5519e-37)
(4.78732e-07 2.78931e-11 6.68831e-20 -2.46334e-07 1.75804e-22 2.97516e-37)
(4.80476e-07 2.29342e-11 6.7161e-20 -2.50387e-07 -9.82793e-37 -1.97896e-49)
(4.81655e-07 1.99902e-11 6.72404e-20 -2.53132e-07 -5.43419e-23 -1.48852e-49)
(4.82297e-07 1.84448e-11 6.73607e-20 -2.54623e-07 -5.4662e-23 0)
(4.82295e-07 1.84212e-11 6.77234e-20 -2.5462e-07 1.09323e-22 0)
(4.81695e-07 1.99117e-11 6.74396e-20 -2.53226e-07 5.72882e-35 -9.93586e-50)
(4.80592e-07 2.23161e-11 6.73036e-20 -2.50658e-07 -1.11598e-36 -1.98317e-49)
(4.78981e-07 2.8017e-11 6.71995e-20 -2.4691e-07 5.30061e-23 1.64367e-64)
(4.76953e-07 3.29976e-11 6.67199e-20 -2.42197e-07 -5.19943e-23 -1.47678e-49)
(4.74592e-07 3.97349e-11 6.65049e-20 -2.36706e-07 5.65153e-35 -9.79817e-50)
(4.72002e-07 4.80672e-11 6.61488e-20 -2.30679e-07 -3.41201e-37 0)
(4.69291e-07 5.5223e-11 6.57733e-20 -2.24373e-07 -3.31874e-37 0)
(4.66581e-07 6.3079e-11 6.53962e-20 -2.18069e-07 -1.61275e-37 0)
(4.63993e-07 7.13399e-11 6.50346e-20 -2.12053e-07 -5.59922e-35 -9.58157e-50)
(4.61657e-07 7.67059e-11 6.47036e-20 -2.06619e-07 -2.67175e-37 -1.90656e-49)
(4.59684e-07 8.36565e-11 6.44214e-20 -2.02029e-07 5.54945e-35 -9.49123e-50)
(4.58189e-07 8.73407e-11 6.42001e-20 -1.98552e-07 1.1059e-34 -9.77538e-64)
(4.57219e-07 9.00429e-11 6.40418e-20 -1.96294e-07 -2.9518e-37 0)
(4.56834e-07 9.18888e-11 6.40648e-20 -1.95402e-07 4.19485e-23 0)
(4.56862e-07 9.1243e-11 6.3899e-20 -1.95468e-07 1.82763e-20 0)
)
;
    }
    down
    {
        type            calculated;
        value           nonuniform List<symmTensor> 
30
(
(-2.27328e-10 2.66752e-10 3.56165e-20 2.84147e-11 3.78695e-20 1.69542e-34)
(3.65489e-09 2.65946e-10 -1.9763e-23 -1.63181e-09 3.76501e-20 1.61792e-36)
(2.2808e-08 2.59429e-10 -2.39083e-22 -9.82653e-09 3.69015e-20 2.01543e-35)
(5.30051e-08 2.47668e-10 -2.24016e-24 -2.27462e-08 3.71274e-20 0)
(8.77831e-08 2.33128e-10 -3.46932e-23 -3.76262e-08 3.6711e-20 -1.6146e-36)
(1.24138e-07 2.19045e-10 -3.2639e-22 -5.31804e-08 3.70086e-20 3.37324e-35)
(1.5965e-07 2.0538e-10 7.19018e-23 -6.83746e-08 3.73504e-20 1.61111e-36)
(1.93506e-07 1.92956e-10 -2.16744e-22 -8.28598e-08 3.70816e-20 3.06191e-35)
(2.24564e-07 1.81186e-10 1.72573e-22 -9.61477e-08 3.71152e-20 -1.32833e-35)
(2.53333e-07 1.69466e-10 5.22184e-22 -1.08457e-07 3.69832e-20 -4.00506e-35)
(2.79235e-07 1.59243e-10 8.34878e-22 -1.19539e-07 3.71788e-20 -1.19186e-35)
(3.01806e-07 1.50889e-10 9.47166e-22 -1.29195e-07 3.68948e-20 -2.61874e-35)
(3.22536e-07 1.42689e-10 5.4031e-22 -1.38065e-07 3.64249e-20 -1.52753e-35)
(3.41176e-07 1.35396e-10 5.80943e-22 -1.4604e-07 3.6643e-20 -6.7036e-37)
(3.57992e-07 1.29527e-10 3.46645e-22 -1.53234e-07 3.66544e-20 3.98154e-35)
(3.7306e-07 1.23592e-10 6.07506e-22 -1.59681e-07 3.67314e-20 0)
(3.86567e-07 1.17989e-10 5.72793e-22 -1.6546e-07 3.67107e-20 0)
(3.98607e-07 1.14724e-10 6.48784e-22 -1.70612e-07 3.68274e-20 5.17362e-37)
(4.0932e-07 1.08813e-10 6.00552e-22 -1.75195e-07 3.6711e-20 -1.35246e-35)
(4.18788e-07 1.05847e-10 6.99975e-22 -1.79246e-07 3.69332e-20 8.77532e-37)
(4.27106e-07 1.02227e-10 7.2803e-22 -1.82805e-07 3.67576e-20 -4.0971e-35)
(4.34333e-07 1.00131e-10 2.94652e-22 -1.85897e-07 3.65934e-20 1.37246e-35)
(4.40519e-07 9.7848e-11 6.59277e-22 -1.88543e-07 3.67358e-20 -4.13793e-35)
(4.45696e-07 9.55722e-11 -5.15668e-23 -1.90758e-07 3.61827e-20 -8.3094e-37)
(4.49879e-07 9.33165e-11 3.06248e-22 -1.92548e-07 3.67069e-20 1.41685e-35)
(4.5309e-07 9.26122e-11 2.45428e-22 -1.93922e-07 3.65947e-20 -3.35426e-45)
(4.55318e-07 9.20014e-11 8.0493e-23 -1.94875e-07 3.64419e-20 -1.51345e-37)
(4.56648e-07 9.18756e-11 2.95793e-22 -1.95444e-07 3.6733e-20 1.08603e-37)
(4.57072e-07 9.03486e-11 1.90887e-22 -1.95626e-07 3.63997e-20 -4.28027e-35)
(4.56922e-07 9.16831e-11 3.12975e-20 -1.95562e-07 3.60553e-20 -7.71734e-35)
)
;
    }
    up
    {
        type            calculated;
        value           nonuniform List<symmTensor> 
30
(
(2.18563e-07 1.82278e-10 6.09136e-23 -9.358e-08 3.7088e-20 -6.17119e-35)
(1.68063e-07 2.02034e-10 2.80081e-22 -7.19736e-08 3.71073e-20 6.16456e-35)
(1.50478e-07 2.08988e-10 2.4666e-22 -6.44503e-08 3.72543e-20 -6.08064e-35)
(1.44991e-07 2.11456e-10 4.01614e-22 -6.21017e-08 3.72158e-20 -1.96995e-35)
(1.50836e-07 2.08728e-10 4.08324e-22 -6.46029e-08 3.71615e-20 1.9582e-35)
(1.62446e-07 2.04401e-10 3.77283e-22 -6.95707e-08 3.70485e-20 1.86435e-35)
(1.78423e-07 1.98049e-10 4.83504e-22 -7.64057e-08 3.7069e-20 -2.73416e-38)
(1.97143e-07 1.91744e-10 4.05599e-22 -8.44157e-08 3.70024e-20 1.75794e-35)
(2.17325e-07 1.82967e-10 4.92349e-22 -9.30504e-08 3.70536e-20 6.79787e-38)
(2.38433e-07 1.75071e-10 1.89931e-22 -1.02081e-07 3.69672e-20 3.22214e-35)
(2.58846e-07 1.68053e-10 -4.48274e-23 -1.10814e-07 3.67817e-20 1.59057e-35)
(2.77847e-07 1.60189e-10 -5.96477e-23 -1.18944e-07 3.6761e-20 -2.71529e-50)
(2.96653e-07 1.52209e-10 -6.36849e-23 -1.26991e-07 3.67225e-20 -2.71276e-50)
(3.14716e-07 1.45714e-10 1.57818e-35 -1.34719e-07 3.67938e-20 0)
(3.32058e-07 1.39847e-10 7.12856e-23 -1.42138e-07 3.68739e-20 0)
(3.48415e-07 1.32423e-10 7.4797e-23 -1.49136e-07 3.68488e-20 2.70619e-50)
(3.63776e-07 1.26843e-10 -7.80947e-23 -1.55709e-07 3.6598e-20 -5.4087e-50)
(3.78027e-07 1.2207e-10 -8.11542e-23 -1.61806e-07 3.65744e-20 1.86183e-64)
(3.91163e-07 1.16048e-10 8.39742e-23 -1.67426e-07 3.67847e-20 -8.10366e-50)
(4.03149e-07 1.11875e-10 3.15289e-35 -1.72555e-07 3.66515e-20 -5.39983e-50)
(4.13985e-07 1.07602e-10 0 -1.7719e-07 3.66359e-20 0)
(4.23659e-07 1.04443e-10 -3.07169e-35 -1.81329e-07 3.66226e-20 -5.39557e-50)
(4.32166e-07 1.0059e-10 1.09047e-36 -1.84969e-07 3.66115e-20 -1.07879e-49)
(4.39485e-07 9.76831e-11 7.6734e-37 -1.88102e-07 3.66024e-20 -1.07852e-49)
(4.45582e-07 9.54655e-11 1.09221e-36 -1.9071e-07 3.65954e-20 -1.07831e-49)
(4.50425e-07 9.31413e-11 1.42349e-36 -1.92782e-07 3.65904e-20 -1.07817e-49)
(4.53944e-07 9.25386e-11 -9.74517e-23 -1.94287e-07 3.64773e-20 -5.39041e-50)
(4.56168e-07 9.17043e-11 3.13858e-35 -1.95239e-07 3.65866e-20 0)
(4.5704e-07 9.18846e-11 0 -1.95612e-07 3.65873e-20 0)
(4.5698e-07 9.12783e-11 3.19176e-20 -1.95587e-07 3.65894e-20 0)
)
;
    }
    hole
    {
        type            calculated;
        value           nonuniform List<symmTensor> 
20
(
(2.80271e-07 -5.77195e-07 1.42063e-19 1.8478e-07 1.54595e-19 2.10851e-34)
(4.33724e-07 -6.60287e-07 1.41123e-19 1.11624e-07 1.801e-19 1.21172e-35)
(6.11863e-07 -7.17711e-07 1.34218e-19 1.19651e-08 2.00871e-19 0)
(8.06994e-07 -7.42202e-07 1.18321e-19 -1.08046e-07 2.12087e-19 -6.413e-36)
(1.00832e-06 -7.27727e-07 9.75543e-20 -2.39977e-07 2.12074e-19 -1.23425e-34)
(1.20719e-06 -6.73512e-07 7.28442e-20 -3.74749e-07 1.99512e-19 -1.29303e-34)
(1.38909e-06 -5.78014e-07 5.06971e-20 -5.01361e-07 1.75672e-19 -2.7888e-34)
(1.55588e-06 -4.48997e-07 2.99325e-20 -6.14792e-07 1.41835e-19 -1.13966e-35)
(1.68284e-06 -2.86068e-07 1.26744e-20 -7.00755e-07 1.00122e-19 1.1703e-34)
(1.79614e-06 -1.01148e-07 2.71592e-21 -7.66277e-07 5.63699e-20 1.21822e-34)
(1.91822e-09 2.9117e-10 7.13355e-20 -1.25898e-09 2.213e-20 1.69542e-34)
(1.90872e-09 3.41043e-10 7.40839e-20 -1.24838e-09 9.05337e-21 4.57063e-35)
(-4.36079e-09 -4.15769e-09 7.54212e-20 1.454e-08 1.49945e-20 -2.03657e-36)
(-1.59917e-08 -2.01308e-08 7.81007e-20 4.81631e-08 2.17483e-20 -3.60668e-35)
(-2.78204e-08 -5.29351e-08 8.01152e-20 9.4303e-08 3.01613e-20 7.76268e-35)
(-3.30853e-08 -1.06046e-07 8.72007e-20 1.45904e-07 3.98326e-20 -8.98111e-35)
(-2.38671e-08 -1.79461e-07 9.90491e-20 1.93521e-07 5.50187e-20 -7.47542e-35)
(7.25722e-09 -2.70271e-07 1.13606e-19 2.28117e-07 7.47276e-20 -1.24289e-34)
(6.63235e-08 -3.72479e-07 1.262e-19 2.41595e-07 9.95347e-20 1.47286e-34)
(1.5706e-07 -4.77996e-07 1.36195e-19 2.28169e-07 1.25987e-19 1.95686e-35)
)
;
    }
    frontAndBack
    {
        type            empty;
    }
}


// ************************************************************************* //
