/*--------------------------------*- C++ -*----------------------------------*\
  =========                 |
  \\      /  F ield         | OpenFOAM: The Open Source CFD Toolbox
   \\    /   O peration     | Website:  https://openfoam.org
    \\  /    A nd           | Version:  9
     \\/     M anipulation  |
\*---------------------------------------------------------------------------*/
FoamFile
{
    format      ascii;
    class       volSymmTensorField;
    location    "1";
    object      epsilon;
}
// * * * * * * * * * * * * * * * * * * * * * * * * * * * * * * * * * * * * * //

dimensions      [0 0 0 0 0 0 0];

internalField   nonuniform List<symmTensor> 
1000
(
(4.20917e-07 -5.47068e-07 7.17859e-20 8.49147e-08 7.85696e-20 2.14457e-34)
(5.80724e-07 -4.2184e-07 -8.68203e-22 -1.03654e-07 4.8635e-22 0)
(6.59013e-07 -3.23068e-07 1.01273e-21 -1.93805e-07 -1.94652e-22 0)
(7.02886e-07 -2.4859e-07 2.60087e-22 -2.57098e-07 -1.86029e-22 0)
(7.24004e-07 -1.88697e-07 -1.09959e-21 -2.92161e-07 8.16218e-23 0)
(7.31068e-07 -1.41886e-07 -1.19032e-22 -3.14608e-07 1.30784e-22 0)
(7.3021e-07 -1.03848e-07 -9.98708e-22 -3.26749e-07 -5.35587e-22 0)
(7.23545e-07 -7.361e-08 6.85479e-22 -3.32944e-07 3.19935e-22 0)
(7.1491e-07 -4.84775e-08 -3.53364e-22 -3.35196e-07 -4.02455e-22 0)
(7.02361e-07 -2.75731e-08 0 -3.35524e-07 0 0)
(5.69775e-07 -6.08166e-07 7.07342e-20 2.35539e-08 9.08109e-20 1.22744e-35)
(6.93656e-07 -4.35379e-07 0 -1.44152e-07 0 0)
(7.46664e-07 -3.10652e-07 8.10468e-22 -2.18424e-07 3.8585e-22 0)
(7.71189e-07 -2.21037e-07 -1.39063e-21 -2.71153e-07 -7.4117e-22 0)
(7.77255e-07 -1.5272e-07 -5.9105e-22 -2.97767e-07 -3.56211e-22 0)
(7.72427e-07 -1.01631e-07 4.11321e-22 -3.14321e-07 4.19562e-22 0)
(7.61923e-07 -6.17439e-08 4.60632e-22 -3.21775e-07 3.08576e-22 0)
(7.47737e-07 -3.14265e-08 1.08308e-21 -3.25146e-07 6.31584e-22 0)
(7.31795e-07 -6.85721e-09 0 -3.24067e-07 0 0)
(7.14955e-07 1.28031e-08 0 -3.24633e-07 0 0)
(7.3656e-07 -6.46729e-07 6.75972e-20 -5.76882e-08 1.01166e-19 0)
(8.10609e-07 -4.34802e-07 0 -1.89911e-07 0 0)
(8.30772e-07 -2.89146e-07 7.72489e-22 -2.4036e-07 3.98777e-22 0)
(8.31368e-07 -1.87682e-07 -2.31828e-22 -2.77776e-07 8.21612e-23 0)
(8.19661e-07 -1.13412e-07 -1.13546e-23 -2.93112e-07 5.07806e-24 0)
(8.01318e-07 -5.99001e-08 -3.83496e-22 -3.02083e-07 -3.96937e-22 0)
(7.80317e-07 -1.97031e-08 5.23756e-22 -3.03838e-07 2.41785e-22 0)
(7.57993e-07 9.65277e-09 -3.88829e-22 -3.03631e-07 -2.87053e-22 0)
(7.35354e-07 3.24719e-08 -3.14317e-23 -2.99449e-07 5.43854e-23 0)
(7.13531e-07 5.10198e-08 -8.21641e-23 -2.99126e-07 -3.52301e-23 0)
(9.15035e-07 -6.5724e-07 5.91767e-20 -1.54223e-07 1.06477e-19 -6.80045e-36)
(9.28655e-07 -4.18402e-07 4.42441e-22 -2.39206e-07 -4.57409e-23 0)
(9.10012e-07 -2.589e-07 -3.53074e-22 -2.59211e-07 -1.99032e-22 0)
(8.82894e-07 -1.50157e-07 -2.23733e-22 -2.77295e-07 4.35463e-23 0)
(8.51203e-07 -7.31935e-08 4.00459e-22 -2.79072e-07 3.87049e-22 0)
(8.18231e-07 -1.9538e-08 -4.82081e-22 -2.79312e-07 -3.18575e-22 0)
(7.86286e-07 1.92608e-08 -4.16486e-22 -2.74997e-07 -2.9623e-22 0)
(7.55948e-07 4.65774e-08 -9.28259e-22 -2.71152e-07 -6.78781e-22 0)
(7.27052e-07 6.67226e-08 -1.33003e-22 -2.64441e-07 -1.62677e-22 0)
(7.00932e-07 8.31241e-08 2.27313e-22 -2.62946e-07 2.01139e-22 0)
(1.09635e-06 -6.34772e-07 4.87895e-20 -2.59798e-07 1.06295e-19 -1.24134e-34)
(1.04396e-06 -3.83946e-07 2.31351e-26 -2.89771e-07 1.10123e-27 0)
(9.82397e-07 -2.19454e-07 -1.14304e-21 -2.74192e-07 -5.59328e-22 0)
(9.24863e-07 -1.09278e-07 1.03879e-22 -2.69771e-07 -3.98317e-24 0)
(8.71679e-07 -3.3853e-08 -1.45613e-22 -2.56238e-07 1.55507e-23 0)
(8.23498e-07 1.69625e-08 3.47107e-22 -2.46995e-07 3.20548e-22 0)
(7.80698e-07 5.22043e-08 -3.8944e-23 -2.36553e-07 1.15882e-23 0)
(7.42735e-07 7.60049e-08 3.66391e-22 -2.29266e-07 2.44643e-22 0)
(7.08439e-07 9.24054e-08 -7.90626e-23 -2.20762e-07 -1.69971e-22 0)
(6.78615e-07 1.05774e-07 -1.44895e-22 -2.18343e-07 -1.17018e-22 0)
(1.27444e-06 -5.781e-07 3.60631e-20 -3.67439e-07 9.98091e-20 -1.30172e-34)
(1.15377e-06 -3.29987e-07 2.1096e-26 -3.38263e-07 4.45417e-27 0)
(1.04673e-06 -1.70248e-07 -1.14144e-26 -2.83501e-07 -1.76364e-27 0)
(9.56988e-07 -6.58258e-08 9.17966e-23 -2.54713e-07 1.12496e-23 0)
(8.81575e-07 2.90362e-09 -4.94659e-22 -2.25169e-07 -3.00441e-22 0)
(8.18332e-07 4.73246e-08 5.64304e-24 -2.06612e-07 -5.42894e-26 0)
(7.6531e-07 7.66555e-08 3.68169e-22 -1.90667e-07 2.49106e-22 0)
(7.20561e-07 9.54391e-08 7.82822e-22 -1.80614e-07 5.72172e-22 0)
(6.81858e-07 1.07221e-07 1.41808e-22 -1.71203e-07 1.03994e-22 0)
(6.49103e-07 1.16845e-07 -2.47562e-22 -1.6827e-07 -1.94963e-22 0)
(1.43735e-06 -4.83627e-07 2.60067e-20 -4.68578e-07 8.81339e-20 -2.79859e-34)
(1.25167e-06 -2.52522e-07 3.30877e-22 -3.79574e-07 1.32729e-22 0)
(1.09742e-06 -1.09829e-07 3.49941e-22 -2.83033e-07 1.58684e-22 0)
(9.7549e-07 -2.02693e-08 -7.5454e-23 -2.29947e-07 -2.2523e-23 0)
(8.79092e-07 3.53729e-08 3.57647e-22 -1.85714e-07 2.38947e-22 0)
(8.02615e-07 6.92455e-08 -3.29116e-22 -1.59592e-07 -2.26414e-22 0)
(7.41297e-07 9.0209e-08 9.37695e-23 -1.39905e-07 5.70726e-24 0)
(6.91432e-07 1.02595e-07 -2.93876e-22 -1.28471e-07 -1.92419e-22 0)
(6.49805e-07 1.09217e-07 -2.04092e-23 -1.19374e-07 2.59056e-24 0)
(6.15108e-07 1.14729e-07 -1.4895e-22 -1.16567e-07 -9.71078e-23 0)
(1.58991e-06 -3.51078e-07 1.58803e-20 -5.55808e-07 7.12034e-20 -1.14303e-35)
(1.33412e-06 -1.47595e-07 -8.82668e-22 -4.03544e-07 -3.17252e-22 0)
(1.13092e-06 -3.72823e-08 6.83369e-24 -2.64578e-07 3.75236e-24 0)
(9.79418e-07 2.48202e-08 1.10337e-22 -1.9165e-07 5.60145e-23 0)
(8.65481e-07 6.00911e-08 8.17889e-22 -1.37551e-07 4.06123e-22 0)
(7.79382e-07 7.95357e-08 -4.83928e-23 -1.08051e-07 -1.52155e-23 0)
(7.12773e-07 9.05299e-08 1.20566e-27 -8.78911e-08 2.40701e-28 0)
(6.60117e-07 9.60911e-08 -2.87613e-22 -7.7266e-08 -1.51543e-22 0)
(6.17294e-07 9.79275e-08 7.00826e-24 -6.99576e-08 3.01017e-25 0)
(5.81771e-07 9.97035e-08 2.15516e-23 -6.80211e-08 1.05837e-23 0)
(1.70767e-06 -1.6404e-07 6.75538e-21 -6.07009e-07 5.01166e-20 1.17366e-34)
(1.37436e-06 -1.49064e-08 -9.7229e-22 -3.83546e-07 -4.07472e-22 0)
(1.12468e-06 3.76095e-08 1.0157e-22 -2.10649e-07 8.65402e-23 0)
(9.54436e-07 5.72959e-08 9.54739e-23 -1.31885e-07 7.55898e-23 0)
(8.34585e-07 6.71992e-08 -3.99636e-23 -8.04622e-08 -2.44435e-23 0)
(7.4721e-07 7.06157e-08 3.1859e-22 -5.56548e-08 1.15429e-22 0)
(6.81114e-07 7.23214e-08 1.74318e-23 -4.01869e-08 5.40129e-24 0)
(6.29234e-07 7.23499e-08 5.13851e-22 -3.31516e-08 1.96207e-22 0)
(5.87346e-07 7.11224e-08 1.13444e-22 -2.89954e-08 4.37691e-23 0)
(5.52136e-07 7.05172e-08 6.35258e-23 -2.84576e-08 2.54104e-23 0)
(1.81251e-06 1.47183e-07 1.61359e-21 -5.60042e-07 2.8295e-20 1.22289e-34)
(1.34002e-06 1.64183e-07 -7.44043e-23 -2.52493e-07 -1.29034e-22 0)
(1.07766e-06 1.08295e-07 3.3781e-22 -1.05713e-07 1.43284e-22 0)
(9.14171e-07 7.01353e-08 1.7374e-23 -5.21611e-08 2.44406e-23 0)
(8.04201e-07 5.52904e-08 5.93909e-28 -2.45234e-08 5.5461e-28 0)
(7.23126e-07 4.70189e-08 3.23106e-22 -1.34402e-08 5.76856e-23 0)
(6.61544e-07 4.40794e-08 5.01725e-24 -7.53316e-09 1.49542e-24 0)
(6.12085e-07 4.23769e-08 2.476e-22 -5.55408e-09 4.66157e-23 0)
(5.71658e-07 4.10453e-08 -2.74717e-24 -4.67667e-09 -2.07914e-25 0)
(5.36687e-07 4.01491e-08 -4.16439e-24 -5.01154e-09 -8.72044e-25 0)
(-2.46303e-09 1.13639e-09 3.88061e-20 1.01599e-10 2.02818e-20 1.78252e-34)
(1.42048e-09 -4.72633e-09 -2.09308e-23 -1.51164e-10 1.85125e-20 1.56846e-36)
(2.05589e-08 -1.45378e-08 -2.3829e-22 -9.40709e-09 1.77755e-20 1.95456e-35)
(5.07367e-08 -2.23834e-08 -2.17378e-24 -2.32042e-08 1.80232e-20 0)
(8.5498e-08 -2.7216e-08 -3.33613e-23 -3.85407e-08 1.76359e-20 -1.5678e-36)
(1.21839e-07 -2.99618e-08 -3.26214e-22 -5.43189e-08 1.79657e-20 3.27774e-35)
(1.57343e-07 -3.10308e-08 7.06839e-23 -6.95542e-08 1.83395e-20 1.56657e-36)
(1.91194e-07 -3.11049e-08 -2.17234e-22 -8.39434e-08 1.81039e-20 2.97919e-35)
(2.22246e-07 -3.02729e-08 1.71945e-22 -9.71855e-08 1.81675e-20 -1.29322e-35)
(2.51013e-07 -2.96279e-08 5.17033e-22 -1.09108e-07 1.80767e-20 -3.90133e-35)
(2.96866e-09 -5.07676e-09 3.97206e-20 -1.21473e-09 4.98681e-21 4.95128e-35)
(2.19256e-08 -2.67998e-08 2.61518e-22 2.1718e-10 2.86892e-22 0)
(5.65079e-08 -5.07809e-08 -2.4476e-22 -1.41682e-08 -2.45818e-22 0)
(9.49721e-08 -6.9101e-08 2.53635e-24 -3.35805e-08 -2.03642e-22 0)
(1.33565e-07 -8.03614e-08 0 -5.2933e-08 0 0)
(1.70169e-07 -8.66684e-08 -3.71635e-22 -7.11671e-08 -5.49368e-23 0)
(2.03893e-07 -8.89353e-08 6.23767e-23 -8.75743e-08 3.19764e-22 0)
(2.34881e-07 -8.87716e-08 4.66278e-24 -1.02251e-07 1.72029e-23 0)
(2.62182e-07 -8.63104e-08 -1.99786e-22 -1.15151e-07 -5.81468e-22 0)
(2.87535e-07 -8.43468e-08 1.46792e-22 -1.26116e-07 2.26986e-23 0)
(5.05559e-09 -2.43854e-08 4.04557e-20 7.45925e-09 8.03983e-21 -2.19872e-36)
(4.13494e-08 -6.66926e-08 2.67474e-22 2.73079e-09 2.83396e-22 0)
(9.0176e-08 -9.63948e-08 2.79969e-22 -1.96344e-08 5.84746e-23 0)
(1.38112e-07 -1.16287e-07 1.45414e-23 -4.73916e-08 -1.96396e-22 0)
(1.82232e-07 -1.27239e-07 0 -7.2979e-08 0 0)
(2.21045e-07 -1.32384e-07 -4.15873e-22 -9.54286e-08 -1.08327e-22 0)
(2.54754e-07 -1.33e-07 -5.67246e-22 -1.14288e-07 -1.58531e-22 0)
(2.84394e-07 -1.30868e-07 3.75163e-22 -1.30173e-07 2.29203e-22 0)
(3.09034e-07 -1.2623e-07 2.27186e-24 -1.43132e-07 7.325e-24 0)
(3.32027e-07 -1.2233e-07 -3.37424e-22 -1.53675e-07 -2.13159e-22 0)
(8.20394e-09 -5.46472e-08 4.22518e-20 2.80767e-08 1.1637e-20 -3.87805e-35)
(6.79487e-08 -1.14509e-07 6.61513e-23 5.3531e-09 -2.38145e-22 0)
(1.29987e-07 -1.45731e-07 3.07669e-22 -2.6987e-08 5.9981e-23 0)
(1.8653e-07 -1.63228e-07 0 -6.29542e-08 0 0)
(2.35505e-07 -1.70462e-07 -5.24567e-22 -9.42602e-08 1.95437e-22 0)
(2.76455e-07 -1.71793e-07 5.91808e-24 -1.20754e-07 4.83261e-22 0)
(3.10329e-07 -1.68855e-07 -2.58638e-23 -1.42144e-07 -2.59619e-22 0)
(3.38947e-07 -1.63428e-07 -7.47685e-23 -1.59492e-07 -4.00743e-22 0)
(3.61264e-07 -1.55889e-07 1.71249e-22 -1.72896e-07 5.54682e-23 0)
(3.8229e-07 -1.49513e-07 3.19645e-22 -1.8344e-07 1.19702e-22 0)
(1.63646e-08 -9.73914e-08 4.22359e-20 5.67318e-08 1.61877e-20 8.30729e-35)
(1.05401e-07 -1.66563e-07 -5.40417e-22 4.73136e-09 3.61951e-22 0)
(1.80684e-07 -1.94611e-07 -3.27564e-22 -4.11364e-08 -9.61992e-23 0)
(2.44551e-07 -2.06259e-07 -8.86339e-23 -8.60095e-08 3.54254e-22 0)
(2.9674e-07 -2.07004e-07 -3.48319e-24 -1.22501e-07 2.18529e-23 0)
(3.38478e-07 -2.02414e-07 5.05264e-22 -1.52241e-07 -1.35718e-22 0)
(3.71507e-07 -1.94401e-07 2.20017e-22 -1.75375e-07 5.76299e-23 0)
(3.98358e-07 -1.8459e-07 0 -1.93506e-07 0 0)
(4.17901e-07 -1.73573e-07 -2.34736e-22 -2.06821e-07 -3.08928e-22 0)
(4.36613e-07 -1.64201e-07 9.36998e-23 -2.1696e-07 2.26799e-23 0)
(3.41446e-08 -1.53553e-07 4.55821e-20 8.89638e-08 2.06472e-20 -9.51283e-35)
(1.54973e-07 -2.19335e-07 2.20658e-22 7.49862e-10 -4.29306e-22 0)
(2.42767e-07 -2.38573e-07 -2.70413e-22 -6.05256e-08 -2.91577e-22 0)
(3.12111e-07 -2.41381e-07 5.95673e-23 -1.14105e-07 -1.64962e-22 0)
(3.65495e-07 -2.33898e-07 5.72242e-22 -1.5473e-07 1.91181e-22 0)
(4.06255e-07 -2.22335e-07 -5.52195e-22 -1.8656e-07 6.17123e-23 0)
(4.37048e-07 -2.0861e-07 -6.37486e-25 -2.10423e-07 1.46511e-23 0)
(4.61015e-07 -1.9404e-07 -4.29917e-22 -2.28486e-07 -2.95922e-22 0)
(4.77082e-07 -1.79445e-07 9.00081e-25 -2.41172e-07 5.75074e-24 0)
(4.92808e-07 -1.66929e-07 -4.69494e-22 -2.50416e-07 -2.14329e-22 0)
(6.66941e-08 -2.22517e-07 5.19054e-20 1.17911e-07 2.8617e-20 -7.82213e-35)
(2.17086e-07 -2.70725e-07 1.22103e-23 -7.97643e-09 -1.84652e-23 0)
(3.15098e-07 -2.75005e-07 -8.94699e-27 -8.4642e-08 1.52507e-26 0)
(3.87444e-07 -2.6599e-07 -5.84498e-22 -1.46133e-07 -4.09297e-22 0)
(4.39771e-07 -2.48904e-07 -9.93889e-23 -1.89682e-07 2.65349e-22 0)
(4.77607e-07 -2.29808e-07 -5.35659e-22 -2.22388e-07 -2.17711e-22 0)
(5.04645e-07 -2.10217e-07 9.62883e-22 -2.4588e-07 4.28725e-22 0)
(5.24464e-07 -1.90968e-07 -1.26005e-25 -2.62973e-07 1.1509e-23 0)
(5.36292e-07 -1.73041e-07 1.89565e-22 -2.74374e-07 -9.68813e-25 0)
(5.48185e-07 -1.57488e-07 -2.56804e-22 -2.82204e-07 -1.22122e-22 0)
(1.1878e-07 -3.01714e-07 5.97061e-20 1.37135e-07 3.87119e-20 -1.29056e-34)
(2.91526e-07 -3.18719e-07 3.14412e-22 -2.20323e-08 -3.75106e-22 0)
(3.95383e-07 -3.0217e-07 -1.21368e-22 -1.11403e-07 1.61526e-22 0)
(4.67394e-07 -2.78682e-07 7.42048e-23 -1.78826e-07 -1.15514e-22 0)
(5.16173e-07 -2.51062e-07 6.61817e-27 -2.23678e-07 -1.29767e-26 0)
(5.49137e-07 -2.24342e-07 6.21743e-22 -2.55957e-07 5.22629e-23 0)
(5.7101e-07 -1.99191e-07 4.67714e-23 -2.7811e-07 -2.02497e-22 0)
(5.85529e-07 -1.75791e-07 -1.56782e-23 -2.93397e-07 1.66657e-22 0)
(5.92582e-07 -1.55119e-07 2.11753e-24 -3.03215e-07 8.32339e-23 0)
(5.99784e-07 -1.36935e-07 1.9622e-22 -3.09074e-07 1.83349e-22 0)
(1.94174e-07 -3.86503e-07 6.53226e-20 1.40586e-07 5.15425e-20 1.51641e-34)
(3.77762e-07 -3.61333e-07 -1.01501e-22 -4.24164e-08 6.87648e-22 0)
(4.81156e-07 -3.19275e-07 -1.17289e-26 -1.3943e-07 1.22871e-26 0)
(5.48681e-07 -2.79326e-07 8.04396e-22 -2.09718e-07 1.88513e-22 0)
(5.91176e-07 -2.40675e-07 6.14296e-22 -2.53817e-07 3.0638e-22 0)
(6.17322e-07 -2.06614e-07 5.54201e-22 -2.84303e-07 2.76477e-22 0)
(6.32697e-07 -1.7647e-07 -6.06519e-23 -3.04059e-07 1.741e-22 0)
(6.40864e-07 -1.49793e-07 -6.67327e-22 -3.16984e-07 -3.72548e-22 0)
(6.42759e-07 -1.27079e-07 4.09841e-22 -3.24731e-07 9.6679e-23 0)
(6.44716e-07 -1.0677e-07 1.83773e-22 -3.29147e-07 1.09114e-22 0)
(2.94918e-07 -4.70725e-07 6.9427e-20 1.23968e-07 6.42676e-20 2.00096e-35)
(4.74677e-07 -3.9647e-07 -2.0378e-22 -6.95593e-08 1.50295e-22 0)
(5.6977e-07 -3.26184e-07 -3.94973e-22 -1.67207e-07 -1.83954e-22 0)
(6.27967e-07 -2.68803e-07 1.71103e-21 -2.36295e-07 4.00105e-22 0)
(6.61182e-07 -2.19189e-07 1.04764e-23 -2.77194e-07 -1.19144e-23 0)
(6.78553e-07 -1.78317e-07 -5.44999e-22 -3.0433e-07 -3.09172e-22 0)
(6.86172e-07 -1.43953e-07 -5.84041e-22 -3.20786e-07 -9.14975e-23 0)
(6.87067e-07 -1.14969e-07 -2.20032e-22 -3.30399e-07 -1.31489e-22 0)
(6.84031e-07 -9.1471e-08 2.45394e-23 -3.36612e-07 -1.82465e-22 0)
(6.79038e-07 -7.10951e-08 1.09995e-22 -3.37141e-07 2.30547e-22 0)
(2.76912e-07 -2.74839e-08 8.1893e-22 -1.20195e-07 1.83258e-20 -1.16157e-35)
(2.99479e-07 -2.45224e-08 9.28497e-22 -1.29434e-07 1.80756e-20 -2.55329e-35)
(3.20209e-07 -2.19483e-08 5.24734e-22 -1.38008e-07 1.76211e-20 -1.48995e-35)
(3.38848e-07 -1.96133e-08 5.65192e-22 -1.45765e-07 1.78526e-20 -6.54102e-37)
(3.55661e-07 -1.74481e-08 3.31432e-22 -1.52743e-07 1.78765e-20 3.88626e-35)
(3.70728e-07 -1.55102e-08 5.93142e-22 -1.59033e-07 1.79636e-20 0)
(3.84235e-07 -1.37336e-08 5.59395e-22 -1.64661e-07 1.79521e-20 0)
(3.96274e-07 -1.21312e-08 6.35682e-22 -1.69697e-07 1.8077e-20 5.0538e-37)
(4.06988e-07 -1.06625e-08 5.88959e-22 -1.74179e-07 1.79677e-20 -1.32141e-35)
(4.16458e-07 -9.31687e-09 6.88051e-22 -1.78152e-07 1.81963e-20 8.57543e-37)
(4.2478e-07 -8.06666e-09 7.18107e-22 -1.81648e-07 1.80259e-20 -4.00444e-35)
(4.32009e-07 -6.89142e-09 2.85849e-22 -1.84695e-07 1.78674e-20 1.34161e-35)
(4.38199e-07 -5.76914e-09 6.5109e-22 -1.87311e-07 1.8013e-20 -4.04541e-35)
(4.43382e-07 -4.68332e-09 -5.67805e-23 -1.89514e-07 1.74644e-20 -8.12444e-37)
(4.47571e-07 -3.62024e-09 2.99389e-22 -1.91307e-07 1.7991e-20 1.38542e-35)
(4.50787e-07 -2.57773e-09 2.4e-22 -1.92698e-07 1.78809e-20 -3.28007e-45)
(4.53022e-07 -1.57148e-09 7.65561e-23 -1.93683e-07 1.77298e-20 -1.48006e-37)
(4.54358e-07 -6.56862e-10 2.91442e-22 -1.94277e-07 1.80218e-20 1.0621e-37)
(4.54788e-07 4.42613e-11 1.89125e-22 -1.94459e-07 1.76885e-20 -4.18601e-35)
(4.54642e-07 2.0948e-10 3.36877e-20 -1.94197e-07 1.74483e-20 -8.57465e-35)
(3.08387e-07 -7.85355e-08 3.5879e-22 -1.35999e-07 4.41156e-22 0)
(3.25111e-07 -7.0685e-08 2.32796e-22 -1.43054e-07 6.36022e-23 0)
(3.41107e-07 -6.37714e-08 1.75687e-23 -1.49553e-07 -1.00904e-22 0)
(3.55453e-07 -5.73232e-08 5.28514e-22 -1.55517e-07 4.76305e-22 0)
(3.68663e-07 -5.12813e-08 -1.01625e-22 -1.60839e-07 -2.39064e-23 0)
(3.80588e-07 -4.58236e-08 -4.30936e-22 -1.65725e-07 -4.36722e-22 0)
(3.91448e-07 -4.07725e-08 2.19879e-22 -1.7011e-07 8.11378e-23 0)
(4.01224e-07 -3.61859e-08 0 -1.74095e-07 0 0)
(4.10049e-07 -3.19544e-08 1.04779e-22 -1.7768e-07 3.69959e-23 0)
(4.17945e-07 -2.80618e-08 2.15423e-22 -1.80912e-07 8.27898e-23 0)
(4.24991e-07 -2.44339e-08 6.46028e-22 -1.83805e-07 3.33149e-22 0)
(4.31221e-07 -2.10278e-08 2.91384e-24 -1.86382e-07 3.33256e-24 0)
(4.3668e-07 -1.77869e-08 8.39515e-23 -1.88654e-07 -6.53347e-23 0)
(4.41399e-07 -1.46723e-08 1.23238e-22 -1.90629e-07 1.41034e-22 0)
(4.45396e-07 -1.16536e-08 1.26432e-22 -1.92301e-07 1.45064e-22 0)
(4.48694e-07 -8.72951e-09 -1.25249e-22 -1.93653e-07 -1.44436e-22 0)
(4.51273e-07 -5.9343e-09 -1.2596e-22 -1.94639e-07 -1.46075e-22 0)
(4.53163e-07 -3.38918e-09 -2.52963e-22 -1.95177e-07 -2.95079e-22 0)
(4.54216e-07 -1.27966e-09 -1.9142e-24 -1.95083e-07 -2.09571e-24 0)
(4.54478e-07 -1.57249e-10 3.41237e-20 -1.94057e-07 4.86746e-22 7.57967e-35)
(3.48081e-07 -1.13625e-07 9.81677e-23 -1.61813e-07 1.34332e-22 0)
(3.586e-07 -1.02929e-07 1.34012e-22 -1.66004e-07 4.77179e-23 0)
(3.69501e-07 -9.33363e-08 -3.11198e-22 -1.69521e-07 -3.92071e-22 0)
(3.79052e-07 -8.44331e-08 -2.79734e-23 -1.72861e-07 7.16642e-23 0)
(3.88208e-07 -7.5952e-08 5.67895e-22 -1.75709e-07 4.72653e-22 0)
(3.96504e-07 -6.82551e-08 -4.51078e-22 -1.78438e-07 -4.30644e-22 0)
(4.04279e-07 -6.10556e-08 -1.20067e-22 -1.80894e-07 -1.39111e-22 0)
(4.11369e-07 -5.44788e-08 2.29484e-22 -1.83214e-07 2.61115e-22 0)
(4.17922e-07 -4.83738e-08 1.15774e-24 -1.85363e-07 -1.69684e-22 0)
(4.23892e-07 -4.27382e-08 -2.42834e-22 -1.87382e-07 -2.73158e-22 0)
(4.29349e-07 -3.74793e-08 2.32695e-22 -1.89271e-07 2.60809e-22 0)
(4.34289e-07 -3.25513e-08 3.59573e-22 -1.9104e-07 4.03238e-22 0)
(4.38749e-07 -2.78858e-08 2.75137e-24 -1.92686e-07 3.03335e-24 0)
(4.42739e-07 -2.34364e-08 -1.23122e-22 -1.94201e-07 -1.38869e-22 0)
(4.46262e-07 -1.91604e-08 1.21884e-22 -1.95556e-07 1.38304e-22 0)
(4.49324e-07 -1.50426e-08 1.79679e-29 -1.96695e-07 2.00162e-29 0)
(4.51857e-07 -1.1092e-08 -1.25579e-22 -1.97508e-07 -1.44293e-22 0)
(4.53831e-07 -7.37055e-09 1.69484e-23 -1.9782e-07 1.04319e-22 0)
(4.54924e-07 -3.99412e-09 -4.13234e-22 -1.97258e-07 -5.26771e-23 0)
(4.55111e-07 -1.11366e-09 3.42246e-20 -1.95409e-07 4.87672e-22 5.65019e-38)
(3.93623e-07 -1.3837e-07 0 -1.89993e-07 0 0)
(3.97708e-07 -1.26121e-07 1.43275e-22 -1.91549e-07 5.20915e-23 0)
(4.03443e-07 -1.14826e-07 1.12096e-22 -1.92243e-07 1.28161e-22 0)
(4.07983e-07 -1.04526e-07 1.23023e-22 -1.93124e-07 1.425e-22 0)
(4.12874e-07 -9.45021e-08 0 -1.93549e-07 0 0)
(4.1726e-07 -8.5405e-08 1.66945e-23 -1.94126e-07 -7.20157e-23 0)
(4.21676e-07 -7.67894e-08 -3.6833e-22 -1.94613e-07 -2.25974e-22 0)
(4.25787e-07 -6.88819e-08 -2.34988e-22 -1.9519e-07 -2.55459e-22 0)
(4.29787e-07 -6.14912e-08 -1.32166e-22 -1.95803e-07 -6.0894e-23 0)
(4.33549e-07 -5.46433e-08 -8.7755e-25 -1.9649e-07 1.63546e-22 0)
(4.37141e-07 -4.8237e-08 -1.16324e-22 -1.97241e-07 3.60758e-23 0)
(4.4052e-07 -4.22307e-08 2.43212e-22 -1.98055e-07 1.04091e-22 0)
(4.43703e-07 -3.65528e-08 2.30956e-22 -1.98916e-07 1.11765e-23 0)
(4.46675e-07 -3.11507e-08 5.55686e-24 -1.99797e-07 8.7441e-23 0)
(4.49416e-07 -2.59705e-08 9.89706e-24 -2.00651e-07 9.26942e-23 0)
(4.51901e-07 -2.09732e-08 -1.2416e-22 -2.01395e-07 -1.39757e-22 0)
(4.5402e-07 -1.61323e-08 -2.65178e-29 -2.01883e-07 -2.98653e-29 0)
(4.55717e-07 -1.14161e-08 2.64708e-22 -2.01908e-07 3.88644e-22 0)
(4.56583e-07 -6.86641e-09 -1.33983e-23 -2.01052e-07 -1.02284e-22 0)
(4.56629e-07 -2.15062e-09 3.37368e-20 -1.9889e-07 1.24163e-22 -1.09518e-34)
(4.43024e-07 -1.51162e-07 1.08526e-23 -2.21487e-07 1.79088e-22 0)
(4.40434e-07 -1.38866e-07 -1.55675e-22 -2.20345e-07 -6.79224e-23 0)
(4.40974e-07 -1.26873e-07 -3.91401e-22 -2.17977e-07 -3.18898e-22 0)
(4.40369e-07 -1.16317e-07 2.57703e-22 -2.16295e-07 1.75319e-22 0)
(4.40922e-07 -1.05712e-07 6.70642e-22 -2.14149e-07 4.40219e-22 0)
(4.4125e-07 -9.61295e-08 -1.23163e-22 -2.12406e-07 -1.28794e-22 0)
(4.42162e-07 -8.69147e-08 0 -2.10747e-07 0 0)
(4.43113e-07 -7.8412e-08 1.19944e-22 -2.09388e-07 1.24878e-22 0)
(4.44369e-07 -7.03992e-08 -3.86194e-22 -2.08271e-07 -1.64677e-22 0)
(4.45722e-07 -6.29344e-08 -2.50476e-22 -2.07433e-07 -1.84521e-22 0)
(4.47239e-07 -5.59231e-08 1.41345e-23 -2.06859e-07 -1.42695e-22 0)
(4.48838e-07 -4.93322e-08 -1.26137e-22 -2.0654e-07 -2.1357e-22 0)
(4.5052e-07 -4.30933e-08 -1.30209e-23 -2.06451e-07 2.24504e-22 0)
(4.52241e-07 -3.71496e-08 2.46618e-22 -2.06554e-07 3.47967e-22 0)
(4.53961e-07 -3.14371e-08 1.20173e-22 -2.06787e-07 5.11125e-23 0)
(4.55632e-07 -2.58843e-08 -4.46299e-24 -2.07056e-07 -8.68419e-23 0)
(4.57121e-07 -2.04266e-08 2.32956e-22 -2.07202e-07 9.55792e-23 0)
(4.58357e-07 -1.4928e-08 1.14579e-22 -2.07018e-07 4.58701e-23 0)
(4.58927e-07 -9.38377e-09 4.70133e-22 -2.0611e-07 3.71105e-22 0)
(4.58869e-07 -3.06131e-09 3.47536e-20 -2.0409e-07 1.1724e-21 1.08468e-34)
(4.9413e-07 -1.52665e-07 9.17451e-23 -2.52743e-07 1.26119e-22 0)
(4.84805e-07 -1.41909e-07 2.20757e-24 -2.49304e-07 4.84447e-24 0)
(4.80313e-07 -1.30183e-07 -2.82998e-22 -2.44054e-07 -1.96043e-22 0)
(4.74572e-07 -1.20412e-07 -6.79582e-22 -2.40012e-07 -5.08436e-22 0)
(4.70866e-07 -1.10091e-07 2.65501e-22 -2.35487e-07 1.80787e-22 0)
(4.67139e-07 -1.00801e-07 2.49841e-22 -2.3154e-07 2.48129e-22 0)
(4.64538e-07 -9.17023e-08 -1.22409e-22 -2.27843e-07 -1.21756e-22 0)
(4.62286e-07 -8.32363e-08 -1.9707e-23 -2.24595e-07 5.46787e-23 0)
(4.60722e-07 -7.51846e-08 5.37198e-22 -2.21766e-07 3.19661e-22 0)
(4.59564e-07 -6.76232e-08 -3.58958e-22 -2.19378e-07 -3.66384e-22 0)
(4.58875e-07 -6.04786e-08 -1.27683e-22 -2.17427e-07 -1.31956e-22 0)
(4.58545e-07 -5.37276e-08 3.46973e-22 -2.15898e-07 5.14608e-22 0)
(4.58559e-07 -4.73117e-08 -5.07396e-22 -2.1477e-07 -1.5053e-22 0)
(4.58854e-07 -4.11722e-08 -3.614e-22 -2.14003e-07 -3.86249e-22 0)
(4.59374e-07 -3.52392e-08 9.54508e-25 -2.13537e-07 -7.8112e-23 0)
(4.60059e-07 -2.94136e-08 -4.87113e-22 -2.13285e-07 -3.72496e-22 0)
(4.6078e-07 -2.36025e-08 -3.54549e-24 -2.13106e-07 -3.33306e-24 0)
(4.61458e-07 -1.75802e-08 4.78706e-22 -2.1282e-07 4.57543e-22 0)
(4.61751e-07 -1.13163e-08 7.4692e-24 -2.12116e-07 9.45493e-23 0)
(4.61672e-07 -3.7683e-09 3.49163e-20 -2.10663e-07 9.49934e-22 -7.85323e-37)
(5.44452e-07 -1.42879e-07 -9.61556e-23 -2.82143e-07 -1.23411e-22 0)
(5.28694e-07 -1.35382e-07 1.32885e-22 -2.77041e-07 1.21319e-22 0)
(5.19657e-07 -1.24927e-07 1.64073e-22 -2.69401e-07 8.56047e-23 0)
(5.09026e-07 -1.16929e-07 -1.2964e-22 -2.63285e-07 -1.21587e-22 0)
(5.01315e-07 -1.07816e-07 -3.07202e-22 -2.56714e-07 -1.53221e-22 0)
(4.93701e-07 -9.95622e-08 1.49971e-22 -2.50702e-07 7.44644e-23 0)
(4.87669e-07 -9.12787e-08 4.24408e-22 -2.45077e-07 2.72848e-22 0)
(4.82276e-07 -8.34232e-08 -6.82804e-22 -2.39982e-07 -4.58102e-22 0)
(4.77894e-07 -7.58501e-08 -4.21173e-22 -2.35458e-07 -2.77198e-22 0)
(4.74214e-07 -6.86432e-08 6.61039e-22 -2.31519e-07 4.47283e-22 0)
(4.71277e-07 -6.17744e-08 -2.6964e-22 -2.28176e-07 -1.28704e-22 0)
(4.68959e-07 -5.52321e-08 3.57109e-22 -2.25417e-07 3.65878e-22 0)
(4.67225e-07 -4.89788e-08 3.84641e-22 -2.23224e-07 2.50351e-22 0)
(4.66001e-07 -4.29577e-08 -2.24362e-22 -2.21565e-07 -3.12622e-22 0)
(4.65226e-07 -3.70994e-08 -1.4666e-22 -2.20389e-07 7.62704e-23 0)
(4.64831e-07 -3.12853e-08 6.94065e-24 -2.19626e-07 6.40162e-24 0)
(4.64711e-07 -2.54019e-08 -5.93503e-22 -2.19174e-07 -4.9366e-22 0)
(4.64783e-07 -1.91579e-08 1.17826e-22 -2.18899e-07 1.32395e-22 0)
(4.64832e-07 -1.25121e-08 2.33646e-22 -2.18598e-07 1.82683e-22 0)
(4.64799e-07 -4.22033e-09 3.50265e-20 -2.18021e-07 9.55108e-22 -3.2168e-37)
(5.91361e-07 -1.2253e-07 1.15111e-24 -3.07107e-07 3.93489e-24 0)
(5.69922e-07 -1.19964e-07 -1.37389e-22 -3.01163e-07 -1.20859e-22 0)
(5.57109e-07 -1.11866e-07 2.9515e-23 -2.92143e-07 -3.21128e-23 0)
(5.42126e-07 -1.06304e-07 0 -2.84319e-07 0 0)
(5.30816e-07 -9.92239e-08 0 -2.76339e-07 0 0)
(5.19766e-07 -9.25845e-08 -4.11409e-22 -2.68734e-07 -3.22021e-22 0)
(5.10572e-07 -8.57563e-08 3.65993e-22 -2.61603e-07 3.41326e-22 0)
(5.02282e-07 -7.90704e-08 7.71642e-22 -2.54979e-07 6.72891e-22 0)
(4.95214e-07 -7.25004e-08 -5.83643e-22 -2.48969e-07 -5.60616e-22 0)
(4.89094e-07 -6.61125e-08 -5.11299e-22 -2.436e-07 -4.35301e-22 0)
(4.83933e-07 -5.9928e-08 2.35767e-22 -2.38915e-07 2.34508e-22 0)
(4.79617e-07 -5.39539e-08 -2.31131e-23 -2.34925e-07 4.65736e-23 0)
(4.76101e-07 -4.81786e-08 4.03611e-22 -2.31638e-07 1.9909e-22 0)
(4.73309e-07 -4.25598e-08 6.28595e-22 -2.29042e-07 4.34426e-22 0)
(4.71183e-07 -3.70374e-08 8.57858e-24 -2.27115e-07 7.83723e-24 0)
(4.69653e-07 -3.14896e-08 2.86239e-22 -2.25819e-07 -7.87037e-23 0)
(4.68658e-07 -2.57963e-08 0 -2.25105e-07 0 0)
(4.68105e-07 -1.96304e-08 -2.40843e-22 -2.24898e-07 -1.06115e-22 0)
(4.67948e-07 -1.29485e-08 1.15875e-22 -2.25126e-07 4.89134e-23 0)
(4.6802e-07 -4.40616e-09 3.54771e-20 -2.25635e-07 1.04706e-21 -8.53894e-37)
(6.32854e-07 -9.35878e-08 -9.01615e-25 -3.25821e-07 -3.44281e-24 0)
(6.06554e-07 -9.68555e-08 1.7056e-22 -3.19629e-07 1.01834e-22 0)
(5.91104e-07 -9.27898e-08 -1.69643e-22 -3.11316e-07 -1.03222e-22 0)
(5.72762e-07 -9.01432e-08 -1.66966e-22 -3.02444e-07 -1.00525e-22 0)
(5.58204e-07 -8.59438e-08 4.58378e-22 -2.93564e-07 3.12477e-22 0)
(5.44226e-07 -8.13162e-08 3.26565e-22 -2.84652e-07 1.94748e-22 0)
(5.32142e-07 -7.62738e-08 -4.33721e-22 -2.76195e-07 -2.90071e-22 0)
(5.21262e-07 -7.10069e-08 5.77185e-23 -2.68246e-07 -6.12144e-23 0)
(5.11747e-07 -6.56621e-08 9.84477e-23 -2.60946e-07 9.13096e-23 0)
(5.03395e-07 -6.03213e-08 -5.35474e-23 -2.54354e-07 7.21507e-23 0)
(4.96172e-07 -5.50518e-08 -4.40398e-22 -2.48516e-07 -2.41123e-22 0)
(4.89978e-07 -4.98832e-08 3.94006e-24 -2.43466e-07 3.80114e-24 0)
(4.8476e-07 -4.48251e-08 -2.01342e-22 -2.39225e-07 -2.74223e-22 0)
(4.80446e-07 -3.98513e-08 -6.80393e-24 -2.35805e-07 -6.22308e-24 0)
(4.76991e-07 -3.4911e-08 2.57254e-22 -2.33216e-07 1.25015e-22 0)
(4.74332e-07 -2.98889e-08 -5.13013e-24 -2.31458e-07 -4.48211e-24 0)
(4.7246e-07 -2.46668e-08 3.13499e-22 -2.30542e-07 4.20662e-22 0)
(4.71281e-07 -1.89101e-08 -1.18442e-22 -2.30466e-07 -5.28737e-23 0)
(4.70938e-07 -1.25751e-08 -5.54774e-22 -2.31295e-07 -5.49005e-22 0)
(4.71128e-07 -4.31052e-09 3.50209e-20 -2.32985e-07 5.53937e-22 -6.44662e-35)
(6.65889e-07 -5.64675e-08 -2.1747e-23 -3.37994e-07 -1.09457e-23 0)
(6.38643e-07 -6.36201e-08 -1.82862e-22 -3.30412e-07 -1.0767e-22 0)
(6.20989e-07 -6.5304e-08 1.48453e-22 -3.24676e-07 1.16536e-22 0)
(6.01358e-07 -6.59871e-08 -3.88517e-22 -3.16599e-07 -3.53872e-22 0)
(5.8417e-07 -6.5663e-08 -3.99738e-22 -3.08197e-07 -3.32302e-22 0)
(5.67924e-07 -6.41728e-08 2.36472e-22 -2.99201e-07 2.44339e-22 0)
(5.5324e-07 -6.18693e-08 2.05522e-22 -2.90145e-07 2.45264e-22 0)
(5.39915e-07 -5.88865e-08 3.58287e-22 -2.81305e-07 3.22959e-22 0)
(5.28018e-07 -5.54342e-08 -4.20428e-22 -2.72912e-07 -3.13746e-22 0)
(5.17453e-07 -5.16682e-08 1.02755e-24 -2.65141e-07 8.62804e-24 0)
(5.08176e-07 -4.77146e-08 -5.08071e-24 -2.58108e-07 -2.57193e-23 0)
(5.00103e-07 -4.36623e-08 -3.28734e-22 -2.51904e-07 -3.21398e-22 0)
(4.9318e-07 -3.95647e-08 0 -2.46592e-07 0 0)
(4.87335e-07 -3.54355e-08 -2.98011e-22 -2.42225e-07 -9.64753e-23 0)
(4.82539e-07 -3.12537e-08 -1.38883e-24 -2.38853e-07 -5.93964e-24 0)
(4.78728e-07 -2.69302e-08 -3.84695e-22 -2.36524e-07 -1.86917e-22 0)
(4.75956e-07 -2.23648e-08 1.05329e-22 -2.35315e-07 1.11142e-22 0)
(4.74122e-07 -1.72481e-08 2.42623e-22 -2.35304e-07 1.10771e-22 0)
(4.73575e-07 -1.15411e-08 3.01752e-24 -2.36703e-07 -2.50676e-25 0)
(4.73896e-07 -3.97489e-09 3.53238e-20 -2.39592e-07 5.00564e-22 -2.72918e-37)
(6.82045e-07 -2.59017e-08 1.88106e-22 -3.39043e-07 1.65516e-22 0)
(6.57216e-07 -2.97197e-08 -1.74018e-22 -3.32668e-07 -1.0928e-22 0)
(6.38134e-07 -3.67677e-08 -1.00816e-22 -3.28644e-07 -8.36757e-23 0)
(6.1865e-07 -4.01105e-08 1.67217e-22 -3.22091e-07 1.021e-22 0)
(6.00605e-07 -4.24651e-08 -3.30551e-22 -3.14411e-07 -1.49858e-22 0)
(5.83479e-07 -4.35266e-08 -2.22923e-22 -3.05989e-07 -1.05067e-22 0)
(5.67688e-07 -4.35684e-08 -2.77866e-22 -2.97174e-07 -2.01519e-22 0)
(5.53127e-07 -4.2769e-08 3.35188e-23 -2.88341e-07 -2.33865e-23 0)
(5.39917e-07 -4.12888e-08 5.61716e-22 -2.79756e-07 3.57682e-22 0)
(5.28006e-07 -3.9298e-08 -1.9313e-23 -2.71645e-07 -2.07758e-23 0)
(5.17397e-07 -3.69275e-08 3.00245e-22 -2.64173e-07 1.69803e-22 0)
(5.08034e-07 -3.42871e-08 -1.48069e-23 -2.57473e-07 -1.67836e-23 0)
(4.99887e-07 -3.14531e-08 1.09676e-36 -2.51652e-07 1.11408e-36 0)
(4.92906e-07 -2.84654e-08 -1.32003e-22 -2.46803e-07 -6.56427e-23 0)
(4.87087e-07 -2.53293e-08 1.29041e-22 -2.43018e-07 6.27074e-23 0)
(4.82382e-07 -2.19915e-08 -5.78968e-24 -2.40393e-07 -8.36978e-24 0)
(4.78905e-07 -1.83807e-08 2.05732e-23 -2.39076e-07 -5.45193e-23 0)
(4.76548e-07 -1.42581e-08 1.16649e-24 -2.39204e-07 3.88647e-24 0)
(4.75821e-07 -9.5956e-09 -1.19461e-24 -2.41116e-07 1.55081e-24 0)
(4.76207e-07 -3.31524e-09 3.57031e-20 -2.45012e-07 1.87965e-22 3.17979e-37)
(6.68544e-07 4.09904e-09 1.74689e-22 -3.26699e-07 1.38094e-22 0)
(6.51977e-07 -2.88786e-10 0 -3.28505e-07 0 0)
(6.34709e-07 -8.89146e-09 -1.36258e-22 -3.25408e-07 -1.20067e-22 0)
(6.17436e-07 -1.45361e-08 1.78121e-36 -3.20433e-07 1.44165e-36 0)
(6.00965e-07 -1.89826e-08 4.08254e-37 -3.1386e-07 2.95932e-37 0)
(5.85057e-07 -2.21361e-08 1.93612e-36 -3.06357e-07 1.43887e-36 0)
(5.7013e-07 -2.41768e-08 2.96964e-36 -2.98278e-07 2.39872e-36 0)
(5.56125e-07 -2.52866e-08 -1.19388e-22 -2.90004e-07 -1.11905e-22 0)
(5.43213e-07 -2.5609e-08 0 -2.8182e-07 0 0)
(5.3139e-07 -2.53053e-08 1.14078e-22 -2.73971e-07 1.10568e-22 0)
(5.20705e-07 -2.45015e-08 -1.63204e-37 -2.66648e-07 -2.74623e-37 0)
(5.11147e-07 -2.33108e-08 -1.09732e-22 -2.60013e-07 -1.10127e-22 0)
(5.02724e-07 -2.18151e-08 1.07924e-22 -2.54198e-07 1.10187e-22 0)
(4.95423e-07 -2.00694e-08 1.55051e-36 -2.49326e-07 1.12846e-36 0)
(4.89272e-07 -1.80953e-08 -1.05036e-22 -2.45522e-07 -1.10811e-22 0)
(4.84255e-07 -1.58761e-08 -9.31318e-37 -2.42916e-07 -8.60918e-37 0)
(4.80528e-07 -1.33621e-08 1.03159e-22 -2.41701e-07 1.1212e-22 0)
(4.78004e-07 -1.04047e-08 1.02617e-22 -2.42058e-07 1.13097e-22 0)
(4.77313e-07 -7.00546e-09 -1.10802e-36 -2.44428e-07 -9.65913e-37 0)
(4.77868e-07 -2.41556e-09 3.58363e-20 -2.4904e-07 -9.80815e-37 -2.11402e-49)
(6.56858e-07 3.41819e-08 3.22635e-23 -3.13946e-07 5.60284e-23 0)
(6.42731e-07 2.72804e-08 -1.11348e-22 -3.1823e-07 -6.83171e-23 0)
(6.29005e-07 1.71381e-08 -2.48319e-22 -3.1768e-07 -1.88843e-22 0)
(6.13786e-07 9.63754e-09 0 -3.14696e-07 0 0)
(5.99156e-07 3.42729e-09 1.2826e-23 -3.09853e-07 5.07525e-23 0)
(5.84515e-07 -1.51559e-09 -1.0747e-22 -3.03741e-07 -1.45871e-23 0)
(5.70565e-07 -5.29231e-09 -2.39353e-22 -2.96791e-07 -1.78308e-22 0)
(5.57223e-07 -8.09837e-09 -3.53726e-22 -2.89401e-07 -2.3783e-22 0)
(5.44753e-07 -1.00477e-08 1.16947e-22 -2.81891e-07 1.12766e-22 0)
(5.33175e-07 -1.12927e-08 -2.34e-22 -2.74538e-07 -1.17874e-22 0)
(5.22589e-07 -1.19483e-08 -1.16849e-22 -2.67563e-07 -5.744e-23 0)
(5.13013e-07 -1.2126e-08 -2.33312e-22 -2.61159e-07 -1.1213e-22 0)
(5.04493e-07 -1.19122e-08 -2.32888e-22 -2.55491e-07 -1.09697e-22 0)
(4.97039e-07 -1.13738e-08 -1.16231e-22 -2.50712e-07 -5.38223e-23 0)
(4.90709e-07 -1.05517e-08 -2.32055e-22 -2.46979e-07 -1.06042e-22 0)
(4.85518e-07 -9.46396e-09 -2.3168e-22 -2.44456e-07 -1.04959e-22 0)
(4.81654e-07 -8.08658e-09 -1.03401e-22 -2.43382e-07 -1.12194e-22 0)
(4.7904e-07 -6.38246e-09 -1.15508e-22 -2.43941e-07 -5.23687e-23 0)
(4.78385e-07 -4.33363e-09 -1.15343e-22 -2.46631e-07 -5.29463e-23 0)
(4.79024e-07 -1.49852e-09 3.58122e-20 -2.51764e-07 -5.40482e-23 -1.58954e-49)
(6.40126e-07 5.74864e-08 6.36716e-22 -3.00277e-07 5.36861e-22 0)
(6.29234e-07 5.0436e-08 1.00847e-22 -3.07113e-07 6.59304e-23 0)
(6.18642e-07 3.98246e-08 -3.69344e-22 -3.08548e-07 -3.07889e-22 0)
(6.05724e-07 3.14478e-08 3.78132e-36 -3.07285e-07 3.15231e-36 0)
(5.93144e-07 2.4084e-08 1.46689e-22 -3.03968e-07 1.71387e-22 0)
(5.80091e-07 1.78616e-08 -2.01106e-37 -2.99138e-07 -1.17989e-37 0)
(5.67452e-07 1.27202e-08 1.10585e-22 -2.93291e-07 6.29632e-23 0)
(5.55128e-07 8.52255e-09 -2.38348e-22 -2.86822e-07 -2.30206e-22 0)
(5.43452e-07 5.18386e-09 4.7284e-36 -2.80077e-07 3.95002e-36 0)
(5.32465e-07 2.5791e-09 2.28617e-22 -2.73341e-07 2.27288e-22 0)
(5.2231e-07 6.09611e-10 -1.12858e-22 -2.66859e-07 -5.72888e-23 0)
(5.13031e-07 -8.27802e-10 -1.32792e-36 -2.60842e-07 -1.05727e-36 0)
(5.04704e-07 -1.81824e-09 -5.66196e-36 -2.55473e-07 -5.21358e-36 0)
(4.97365e-07 -2.43926e-09 1.13292e-22 -2.50928e-07 5.38688e-23 0)
(4.91093e-07 -2.74135e-09 -3.37003e-36 -2.47381e-07 -2.87243e-36 0)
(4.85935e-07 -2.79371e-09 -2.08639e-22 -2.45026e-07 -2.24292e-22 0)
(4.82075e-07 -2.55933e-09 1.49159e-36 -2.44095e-07 1.13325e-36 0)
(4.79509e-07 -2.17537e-09 9.25465e-23 -2.44835e-07 1.72239e-22 0)
(4.78956e-07 -1.46197e-09 -1.13239e-22 -2.47832e-07 -5.32041e-23 0)
(4.79646e-07 -4.81461e-10 3.58695e-20 -2.53237e-07 -5.43645e-23 0)
(6.20014e-07 7.68467e-08 1.75129e-22 -2.85223e-07 1.22462e-22 0)
(6.12029e-07 6.97021e-08 2.23021e-22 -2.93774e-07 1.84626e-22 0)
(6.04446e-07 5.91577e-08 1.90414e-22 -2.96926e-07 1.27487e-22 0)
(5.93969e-07 5.03984e-08 3.06692e-37 -2.97362e-07 3.86631e-37 0)
(5.83611e-07 4.23729e-08 3.26943e-22 -2.95623e-07 2.45948e-22 0)
(5.72382e-07 3.53107e-08 -1.9921e-23 -2.92203e-07 -5.53882e-23 0)
(5.61307e-07 2.91871e-08 -1.57947e-23 -2.87603e-07 -5.54953e-23 0)
(5.50271e-07 2.39257e-08 2.12277e-22 -2.8221e-07 1.21169e-22 0)
(5.39663e-07 1.94732e-08 1.15854e-22 -2.76386e-07 1.1566e-22 0)
(5.29544e-07 1.57381e-08 2.21913e-22 -2.70426e-07 1.73044e-22 0)
(5.20088e-07 1.26414e-08 2.17948e-22 -2.6459e-07 1.13604e-22 0)
(5.11367e-07 1.0096e-08 -2.20339e-25 -2.59104e-07 -5.82698e-23 0)
(5.03477e-07 8.02034e-09 1.11943e-22 -2.54167e-07 -4.32943e-24 0)
(4.96482e-07 6.33795e-09 1.10364e-22 -2.49971e-07 5.36634e-23 0)
(4.90458e-07 4.97592e-09 3.26545e-22 -2.46698e-07 2.18685e-22 0)
(4.85521e-07 3.86834e-09 1.10821e-22 -2.44573e-07 5.25045e-23 0)
(4.81709e-07 2.95969e-09 0 -2.43796e-07 0 0)
(4.79462e-07 2.10955e-09 3.25049e-22 -2.44783e-07 2.17064e-22 0)
(4.7825e-07 1.5744e-09 3.286e-22 -2.47443e-07 1.88593e-22 0)
(4.79814e-07 4.15501e-10 3.62172e-20 -2.53223e-07 1.08723e-22 0)
(5.97933e-07 9.17207e-08 -9.48509e-23 -2.70187e-07 -6.79339e-23 0)
(5.92592e-07 8.50128e-08 -8.37702e-23 -2.80022e-07 -6.01146e-23 0)
(5.87674e-07 7.50879e-08 -1.26161e-22 -2.84552e-07 -1.20055e-22 0)
(5.79545e-07 6.64507e-08 0 -2.86396e-07 0 0)
(5.71358e-07 5.8206e-08 1.22658e-22 -2.86018e-07 1.19429e-22 0)
(5.62025e-07 5.06942e-08 2.17736e-22 -2.83874e-07 1.79789e-22 0)
(5.52631e-07 4.39211e-08 -2.17972e-22 -2.80451e-07 -1.78399e-22 0)
(5.43049e-07 3.78841e-08 -1.16581e-22 -2.76121e-07 -1.17511e-22 0)
(5.33701e-07 3.25632e-08 1.14574e-22 -2.71245e-07 1.16834e-22 0)
(5.24661e-07 2.79074e-08 1.04194e-22 -2.6612e-07 5.71301e-23 0)
(5.16128e-07 2.38609e-08 -1.78144e-38 -2.61012e-07 -2.03863e-37 0)
(5.08187e-07 2.03559e-08 1.06216e-22 -2.56149e-07 5.49896e-23 0)
(5.00956e-07 1.73195e-08 3.70485e-37 -2.51742e-07 3.94072e-37 0)
(4.94508e-07 1.46792e-08 -1.07545e-22 -2.47983e-07 -5.32365e-23 0)
(4.88961e-07 1.23436e-08 3.61614e-37 -2.4507e-07 3.90356e-37 0)
(4.84364e-07 1.02465e-08 1.0837e-22 -2.43208e-07 5.22113e-23 0)
(4.80966e-07 8.22473e-09 -1.03253e-22 -2.42645e-07 -1.12186e-22 0)
(4.78729e-07 6.24347e-09 -2.19391e-38 -2.43693e-07 2.0283e-37 0)
(4.78343e-07 4.02845e-09 -3.75742e-37 -2.46641e-07 -1.82405e-37 0)
(4.79069e-07 1.33524e-09 3.59658e-20 -2.51823e-07 6.12049e-35 -1.06083e-49)
(5.74691e-07 1.02845e-07 1.36643e-22 -2.55402e-07 1.25504e-22 0)
(5.71651e-07 9.68176e-08 7.71881e-23 -2.65989e-07 5.71019e-23 0)
(5.69044e-07 8.77902e-08 -1.22161e-22 -2.71529e-07 -1.19239e-22 0)
(5.63122e-07 7.95695e-08 1.71335e-36 -2.7452e-07 1.43135e-36 0)
(5.57006e-07 7.14272e-08 -1.80821e-37 -2.75319e-07 -1.84217e-37 0)
(5.49573e-07 6.37718e-08 9.19321e-23 -2.74345e-07 5.88958e-23 0)
(5.41911e-07 5.66396e-08 9.45832e-23 -2.7204e-07 5.84011e-23 0)
(5.33884e-07 5.00913e-08 -1.14613e-22 -2.68761e-07 -1.18387e-22 0)
(5.25926e-07 4.41398e-08 0 -2.64852e-07 0 0)
(5.18119e-07 3.87723e-08 2.11768e-22 -2.60605e-07 1.73132e-22 0)
(5.10671e-07 3.39588e-08 -1.45563e-36 -2.56281e-07 -1.17968e-36 0)
(5.03683e-07 2.9651e-08 -4.97663e-24 -2.5211e-07 -6.17613e-23 0)
(4.97284e-07 2.57899e-08 1.06756e-22 -2.48302e-07 1.15211e-22 0)
(4.91555e-07 2.23016e-08 1.04942e-22 -2.45048e-07 5.26063e-23 0)
(4.86618e-07 1.90991e-08 -1.04466e-22 -2.42542e-07 -1.13789e-22 0)
(4.8253e-07 1.60709e-08 1.06103e-22 -2.40971e-07 5.17313e-23 0)
(4.7952e-07 1.30964e-08 1.02943e-22 -2.40589e-07 1.12131e-22 0)
(4.77527e-07 9.94667e-09 1.02515e-22 -2.41583e-07 1.11107e-22 0)
(4.77213e-07 6.55766e-09 -7.38033e-37 -2.44367e-07 -3.61446e-37 0)
(4.77945e-07 2.22923e-09 3.59015e-20 -2.49254e-07 -1.11311e-36 -2.11786e-49)
(5.50959e-07 1.10558e-07 6.70194e-23 -2.41325e-07 5.18073e-23 0)
(5.49872e-07 1.05397e-07 7.18335e-23 -2.52267e-07 5.41561e-23 0)
(5.49234e-07 9.74612e-08 7.63779e-23 -2.58492e-07 5.54926e-23 0)
(5.45314e-07 8.98735e-08 0 -2.62338e-07 0 0)
(5.41119e-07 8.2073e-08 8.42281e-23 -2.6408e-07 5.66922e-23 0)
(5.35523e-07 7.45111e-08 0 -2.641e-07 0 0)
(5.29581e-07 6.72502e-08 9.05165e-23 -2.62793e-07 5.6416e-23 0)
(5.2315e-07 6.04079e-08 0 -2.6049e-07 0 0)
(5.1666e-07 5.4028e-08 0 -2.57513e-07 0 0)
(5.10188e-07 4.81341e-08 0 -2.54138e-07 0 0)
(5.03951e-07 4.27204e-08 9.90312e-23 -2.50617e-07 5.38019e-23 0)
(4.98051e-07 3.77614e-08 0 -2.47171e-07 0 0)
(4.92624e-07 3.32098e-08 0 -2.44002e-07 0 0)
(4.87749e-07 2.89994e-08 1.02634e-22 -2.41293e-07 5.18003e-23 0)
(4.83553e-07 2.50407e-08 0 -2.39223e-07 0 0)
(4.8008e-07 2.12101e-08 0 -2.37967e-07 0 0)
(4.77546e-07 1.73659e-08 0 -2.37729e-07 0 0)
(4.75891e-07 1.3242e-08 1.05024e-22 -2.38714e-07 5.12466e-23 0)
(4.75683e-07 8.77369e-09 1.05386e-22 -2.41228e-07 5.17864e-23 0)
(4.76363e-07 2.99583e-09 3.59084e-20 -2.4551e-07 5.27057e-23 1.75596e-64)
(5.2712e-07 1.15358e-07 -1.85837e-22 -2.28076e-07 -1.68031e-22 0)
(5.27658e-07 1.11134e-07 0 -2.38999e-07 0 0)
(5.28676e-07 1.04343e-07 -7.22762e-23 -2.45605e-07 -5.2726e-23 0)
(5.26555e-07 9.74949e-08 0 -2.5004e-07 0 0)
(5.24122e-07 9.01831e-08 -8.04626e-23 -2.52513e-07 -5.42089e-23 0)
(5.20281e-07 8.28765e-08 -8.40056e-23 -2.53364e-07 -5.43916e-23 0)
(5.1602e-07 7.56636e-08 0 -2.52936e-07 0 0)
(5.11195e-07 6.87053e-08 0 -2.51528e-07 0 0)
(5.06212e-07 6.2071e-08 0 -2.49436e-07 0 0)
(5.01145e-07 5.58165e-08 -9.47014e-23 -2.46912e-07 -5.30066e-23 0)
(4.96204e-07 4.99597e-08 -9.65875e-23 -2.44193e-07 -5.2423e-23 0)
(4.91492e-07 4.44942e-08 -9.81999e-23 -2.41488e-07 -5.18422e-23 0)
(4.87139e-07 3.93875e-08 0 -2.38982e-07 0 0)
(4.83228e-07 3.45806e-08 0 -2.36844e-07 0 0)
(4.79873e-07 2.99912e-08 0 -2.35234e-07 0 0)
(4.77115e-07 2.54831e-08 -1.02382e-22 -2.34298e-07 -5.02986e-23 0)
(4.75132e-07 2.09167e-08 0 -2.34204e-07 0 0)
(4.73859e-07 1.59751e-08 -1.03497e-22 -2.35103e-07 -5.04715e-23 0)
(4.73769e-07 1.05862e-08 -1.03929e-22 -2.37247e-07 -5.09317e-23 0)
(4.74376e-07 3.6095e-09 3.55711e-20 -2.40808e-07 -5.16961e-23 -1.5784e-49)
(5.03386e-07 1.17609e-07 -3.41518e-22 -2.15725e-07 -3.41925e-22 0)
(5.05273e-07 1.14315e-07 -6.45009e-23 -2.26347e-07 -4.85918e-23 0)
(5.07689e-07 1.08647e-07 7.38668e-38 -2.33083e-07 2.40605e-37 0)
(5.07181e-07 1.02577e-07 4.47782e-38 -2.37874e-07 2.434e-37 0)
(5.06364e-07 9.58346e-08 1.08705e-22 -2.40881e-07 1.18753e-22 0)
(5.04185e-07 8.88896e-08 -1.89533e-22 -2.424e-07 -1.71498e-22 0)
(5.01556e-07 8.18525e-08 -1.92314e-22 -2.42724e-07 -1.71892e-22 0)
(4.98324e-07 7.49155e-08 0 -2.42119e-07 0 0)
(4.94862e-07 6.81707e-08 1.06236e-22 -2.40846e-07 1.19576e-22 0)
(4.9124e-07 6.17e-08 1.28078e-23 -2.39134e-07 6.78051e-23 0)
(4.87654e-07 5.55407e-08 2.92824e-37 -2.37199e-07 -5.63155e-38 0)
(4.84198e-07 4.97042e-08 -2.00393e-22 -2.35228e-07 -1.68286e-22 0)
(4.80998e-07 4.41739e-08 -1.0326e-22 -2.33391e-07 -1.16904e-22 0)
(4.78131e-07 3.89003e-08 -9.91871e-23 -2.31836e-07 -4.97702e-23 0)
(4.75696e-07 3.38077e-08 1.02121e-22 -2.30696e-07 1.14734e-22 0)
(4.73726e-07 2.87598e-08 -1.01061e-22 -2.30089e-07 -4.9395e-23 0)
(4.72354e-07 2.36144e-08 6.98942e-37 -2.30131e-07 3.39391e-37 0)
(4.71518e-07 1.80348e-08 1.01225e-22 -2.30928e-07 1.10056e-22 0)
(4.71555e-07 1.19465e-08 0 -2.32629e-07 0 0)
(4.72062e-07 4.06905e-09 3.55251e-20 -2.35331e-07 6.04767e-35 -1.04783e-49)
(4.79821e-07 1.17631e-07 1.03007e-22 -2.04189e-07 1.08022e-22 0)
(4.82847e-07 1.15195e-07 2.64352e-37 -2.14293e-07 1.3826e-37 0)
(4.86465e-07 1.1056e-07 -1.04433e-22 -2.20958e-07 -1.14602e-22 0)
(4.87421e-07 1.05245e-07 0 -2.2592e-07 0 0)
(4.88103e-07 9.9095e-08 1.04785e-22 -2.29302e-07 1.18212e-22 0)
(4.87511e-07 9.25697e-08 1.04658e-22 -2.31354e-07 1.19193e-22 0)
(4.86464e-07 8.57958e-08 -1.04433e-22 -2.32322e-07 -1.19737e-22 0)
(4.84806e-07 7.89868e-08 -1.04077e-22 -2.32435e-07 -1.19924e-22 0)
(4.82872e-07 7.22512e-08 1.03662e-22 -2.31918e-07 1.19811e-22 0)
(4.80719e-07 6.56912e-08 -2.30835e-36 -2.30976e-07 -1.90205e-36 0)
(4.78522e-07 5.93592e-08 -1.31907e-36 -2.29797e-07 -9.19369e-37 0)
(4.76369e-07 5.32824e-08 3.85623e-38 -2.28547e-07 4.63227e-37 0)
(4.74374e-07 4.74573e-08 1.70594e-36 -2.27373e-07 1.53312e-36 0)
(4.72605e-07 4.18454e-08 2.06195e-36 -2.26402e-07 1.70124e-36 0)
(4.71144e-07 3.63814e-08 6.81871e-37 -2.25737e-07 3.32911e-37 0)
(4.70015e-07 3.09354e-08 -3.44044e-37 -2.25463e-07 -1.66253e-37 0)
(4.69302e-07 2.53724e-08 -1.00749e-22 -2.25643e-07 -1.11791e-22 0)
(4.68939e-07 1.93494e-08 -6.9941e-37 -2.26321e-07 -3.34754e-37 0)
(4.69117e-07 1.27919e-08 -1.39486e-36 -2.27541e-07 -1.07525e-36 0)
(4.69523e-07 4.34971e-09 3.53579e-20 -2.29323e-07 -3.39194e-37 0)
(4.56387e-07 1.15628e-07 -3.07212e-22 -1.93378e-07 -3.2591e-22 0)
(4.60418e-07 1.1393e-07 -5.50674e-37 -2.02814e-07 -5.28562e-37 0)
(4.65113e-07 1.10197e-07 -1.11055e-37 -2.09269e-07 8.09774e-38 0)
(4.67436e-07 1.05578e-07 1.84371e-37 -2.14265e-07 2.12785e-37 0)
(4.69539e-07 1.00005e-07 1.008e-22 -2.17899e-07 1.17587e-22 0)
(4.70482e-07 9.39257e-08 -1.01002e-22 -2.20376e-07 -1.18812e-22 0)
(4.70986e-07 8.74752e-08 -1.0111e-22 -2.21898e-07 -1.19553e-22 0)
(4.70889e-07 8.08794e-08 0 -2.22654e-07 0 0)
(4.70484e-07 7.4257e-08 1.01003e-22 -2.22835e-07 1.19889e-22 0)
(4.6981e-07 6.77228e-08 1.00858e-22 -2.22616e-07 1.19597e-22 0)
(4.69023e-07 6.13407e-08 -6.28203e-37 -2.22158e-07 -3.23121e-37 0)
(4.682e-07 5.51504e-08 -1.00512e-22 -2.21604e-07 -1.18308e-22 0)
(4.67439e-07 4.91584e-08 -1.00349e-22 -2.21079e-07 -1.17365e-22 0)
(4.66798e-07 4.33387e-08 3.52081e-37 -2.20683e-07 6.35329e-37 0)
(4.66344e-07 3.76375e-08 1.00114e-22 -2.20493e-07 1.14935e-22 0)
(4.66089e-07 3.19397e-08 3.447e-37 -2.20557e-07 3.9076e-37 0)
(4.66068e-07 2.6123e-08 0 -2.20883e-07 0 0)
(4.6621e-07 1.98606e-08 1.00085e-22 -2.21455e-07 1.09649e-22 0)
(4.66552e-07 1.30848e-08 -1.38853e-36 -2.22194e-07 -1.06566e-36 0)
(4.66867e-07 4.43755e-09 3.51813e-20 -2.2304e-07 -3.29902e-37 0)
(4.32971e-07 1.11723e-07 -5.78035e-24 -1.83057e-07 -2.93415e-24 0)
(4.37956e-07 1.10612e-07 -6.11728e-23 -1.91753e-07 -4.11652e-23 0)
(4.43679e-07 1.07624e-07 -9.52482e-23 -1.97926e-07 -1.12144e-22 0)
(4.47336e-07 1.03614e-07 0 -2.02883e-07 0 0)
(4.50831e-07 9.85805e-08 9.67835e-23 -2.06699e-07 1.169e-22 0)
(4.53292e-07 9.29534e-08 1.75737e-22 -2.09537e-07 1.63318e-22 0)
(4.5534e-07 8.68695e-08 -1.79702e-22 -2.11554e-07 -1.64664e-22 0)
(4.56804e-07 8.05597e-08 -2.68334e-22 -2.12904e-07 -2.11134e-22 0)
(4.57932e-07 7.41452e-08 9.83081e-23 -2.13741e-07 1.19819e-22 0)
(4.58748e-07 6.77481e-08 9.05067e-23 -2.14208e-07 4.59858e-23 0)
(4.59384e-07 6.14377e-08 -9.69401e-39 -2.14441e-07 -2.46396e-37 0)
(4.59899e-07 5.52616e-08 9.46259e-23 -2.14558e-07 4.60608e-23 0)
(4.60381e-07 4.92345e-08 -1.92519e-22 -2.14659e-07 -9.21651e-23 0)
(4.60878e-07 4.3341e-08 -9.76388e-23 -2.14824e-07 -4.6118e-23 0)
(4.61438e-07 3.75408e-08 -1.97574e-22 -2.15103e-07 -9.23557e-23 0)
(4.62068e-07 3.17392e-08 9.97338e-23 -2.15509e-07 4.62651e-23 0)
(4.62756e-07 2.58349e-08 -9.93435e-23 -2.16002e-07 -1.11598e-22 0)
(4.63423e-07 1.95393e-08 -3.48454e-37 -2.165e-07 -1.60114e-37 0)
(4.63961e-07 1.27973e-08 -1.03457e-36 -2.16803e-07 -8.96692e-37 0)
(4.64208e-07 4.32145e-09 3.5004e-20 -2.16762e-07 -1.60308e-37 0)
(4.0941e-07 1.05895e-07 9.28528e-23 -1.73132e-07 1.04549e-22 0)
(4.15392e-07 1.05205e-07 6.20464e-23 -1.81074e-07 3.88727e-23 0)
(4.22175e-07 1.02796e-07 -9.06316e-23 -1.86948e-07 -1.10968e-22 0)
(4.27196e-07 9.93036e-08 -2.63924e-38 -1.91841e-07 2.92723e-37 0)
(4.32114e-07 9.47664e-08 -6.11516e-37 -1.95812e-07 -2.29535e-37 0)
(4.36121e-07 8.95945e-08 7.93018e-23 -1.98978e-07 4.27162e-23 0)
(4.39733e-07 8.39198e-08 2.71601e-22 -2.01456e-07 2.80908e-22 0)
(4.4278e-07 7.79688e-08 -9.5055e-23 -2.03365e-07 -1.19423e-22 0)
(4.45458e-07 7.18615e-08 -1.9126e-22 -2.04823e-07 -2.39217e-22 0)
(4.47775e-07 6.57187e-08 1.87358e-22 -2.05943e-07 1.63658e-22 0)
(4.49835e-07 5.96104e-08 -9.63225e-37 -2.06832e-07 -4.56487e-37 0)
(4.51689e-07 5.35865e-08 1.92221e-22 -2.07586e-07 1.62825e-22 0)
(4.53404e-07 4.76665e-08 9.7336e-23 -2.08284e-07 1.17307e-22 0)
(4.55025e-07 4.18434e-08 9.81794e-23 -2.08985e-07 4.48645e-23 0)
(4.56585e-07 3.6091e-08 -9.80188e-23 -2.09716e-07 -1.14788e-22 0)
(4.58083e-07 3.03381e-08 -9.64699e-23 -2.10465e-07 -1.81291e-22 0)
(4.59476e-07 2.4511e-08 9.86394e-23 -2.11148e-07 1.11485e-22 0)
(4.60675e-07 1.83836e-08 9.88969e-23 -2.11626e-07 1.09477e-22 0)
(4.61447e-07 1.19222e-08 6.92025e-37 -2.11583e-07 5.24788e-37 0)
(4.61667e-07 3.99613e-09 3.48345e-20 -2.10772e-07 -6.00281e-35 -1.02746e-49)
(3.85529e-07 9.80678e-08 -4.87274e-37 -1.63183e-07 -4.67706e-37 0)
(3.92647e-07 9.76286e-08 6.39537e-23 -1.70459e-07 3.65938e-23 0)
(4.00605e-07 9.56383e-08 7.02828e-37 -1.76108e-07 3.86385e-37 0)
(4.07099e-07 9.25774e-08 0 -1.80998e-07 0 0)
(4.13527e-07 8.84992e-08 -7.90723e-37 -1.85169e-07 -4.06265e-37 0)
(4.19153e-07 8.37934e-08 -8.11461e-23 -1.88695e-07 -4.05086e-23 0)
(4.24388e-07 7.85782e-08 8.45683e-23 -1.91654e-07 4.1144e-23 0)
(4.29061e-07 7.307e-08 1.75255e-22 -1.9413e-07 8.33509e-23 0)
(4.3332e-07 6.73786e-08 0 -1.96208e-07 0 0)
(4.37154e-07 6.16186e-08 -9.2707e-23 -1.97971e-07 -4.25e-23 0)
(4.40644e-07 5.58551e-08 -1.2997e-36 -1.99499e-07 -1.63143e-36 0)
(4.43824e-07 5.01352e-08 -9.65153e-23 -2.00867e-07 -4.31217e-23 0)
(4.4675e-07 4.44789e-08 1.96002e-22 -2.02133e-07 8.67872e-23 0)
(4.4946e-07 3.88842e-08 9.92448e-23 -2.03342e-07 4.36531e-23 0)
(4.51976e-07 3.33353e-08 2.0055e-22 -2.04504e-07 8.7805e-23 0)
(4.54297e-07 2.77884e-08 -1.01123e-22 -2.05589e-07 -4.41354e-23 0)
(4.56362e-07 2.22029e-08 0 -2.06485e-07 0 0)
(4.58076e-07 1.64317e-08 1.04643e-36 -2.07009e-07 4.54182e-37 0)
(4.59116e-07 1.04783e-08 2.40555e-36 -2.06751e-07 1.92884e-36 0)
(4.59365e-07 3.46465e-09 3.46789e-20 -2.05365e-07 -2.69475e-37 -2.04574e-49)
(3.61134e-07 8.79141e-08 -7.75276e-23 -1.53381e-07 -9.96151e-23 0)
(3.69644e-07 8.75803e-08 2.73373e-37 -1.60114e-07 3.60311e-37 0)
(3.78982e-07 8.58768e-08 4.02827e-37 -1.65645e-07 5.45162e-37 0)
(3.87135e-07 8.31916e-08 -1.04006e-37 -1.70618e-07 3.14193e-37 0)
(3.95223e-07 7.95661e-08 8.48456e-23 -1.75051e-07 1.14506e-22 0)
(4.02589e-07 7.53674e-08 -8.6427e-23 -1.78977e-07 -1.16378e-22 0)
(4.09543e-07 7.06909e-08 -8.79198e-23 -1.82441e-07 -1.17663e-22 0)
(4.15911e-07 6.57366e-08 0 -1.8549e-07 0 0)
(4.21796e-07 6.05977e-08 9.05503e-23 -1.88179e-07 1.18784e-22 0)
(4.27172e-07 5.53776e-08 9.17045e-23 -1.90565e-07 1.1874e-22 0)
(4.32096e-07 5.01304e-08 -9.55865e-37 -1.92702e-07 -1.21967e-36 0)
(4.36588e-07 4.48958e-08 -9.37258e-23 -1.94644e-07 -1.17696e-22 0)
(4.4069e-07 3.96895e-08 -9.46065e-23 -1.96434e-07 -1.16776e-22 0)
(4.44433e-07 3.45099e-08 0 -1.98103e-07 0 0)
(4.47837e-07 2.93481e-08 9.61409e-23 -1.99654e-07 1.14306e-22 0)
(4.50904e-07 2.4184e-08 0 -2.01048e-07 0 0)
(4.53572e-07 1.90091e-08 -1.41541e-36 -2.02169e-07 -5.96306e-37 0)
(4.55751e-07 1.37689e-08 9.78398e-23 -2.0281e-07 1.09419e-22 0)
(4.57079e-07 8.52077e-09 1.37817e-36 -2.025e-07 1.03358e-36 0)
(4.5741e-07 2.74322e-09 3.45466e-20 -2.008e-07 5.95579e-35 -1.01897e-49)
(3.36097e-07 7.5214e-08 6.60006e-23 -1.42826e-07 3.06615e-23 0)
(3.46363e-07 7.48691e-08 0 -1.49314e-07 0 0)
(3.57384e-07 7.33593e-08 3.93858e-37 -1.54994e-07 2.99383e-37 0)
(3.67459e-07 7.10304e-08 0 -1.60281e-07 0 0)
(3.77418e-07 6.78879e-08 -1.39151e-37 -1.65164e-07 -1.95053e-37 0)
(3.86694e-07 6.42679e-08 3.38595e-37 -1.69645e-07 -4.17318e-37 0)
(3.95495e-07 6.02374e-08 0 -1.7373e-07 0 0)
(4.03653e-07 5.59719e-08 0 -1.77443e-07 0 0)
(4.11227e-07 5.1544e-08 0 -1.80806e-07 0 0)
(4.18182e-07 4.70399e-08 -6.45953e-37 -1.83853e-07 -5.41943e-37 0)
(4.24547e-07 4.24994e-08 3.01247e-38 -1.86616e-07 -2.66837e-37 0)
(4.30334e-07 3.7951e-08 3.47753e-37 -1.8913e-07 1.39873e-37 0)
(4.35571e-07 3.34019e-08 0 -1.91425e-07 0 0)
(4.40282e-07 2.88471e-08 0 -1.93521e-07 0 0)
(4.44482e-07 2.42778e-08 0 -1.95416e-07 0 0)
(4.48181e-07 1.96894e-08 3.58483e-37 -1.97081e-07 1.45752e-37 0)
(4.51332e-07 1.51029e-08 0 -1.9841e-07 0 0)
(4.53866e-07 1.05546e-08 2.03455e-36 -1.99211e-07 2.02574e-36 0)
(4.55455e-07 6.17104e-09 -3.62251e-37 -1.99025e-07 -1.4719e-37 0)
(4.55913e-07 1.87256e-09 3.44429e-20 -1.97346e-07 1.18744e-34 -1.04993e-63)
(3.10319e-07 5.90556e-08 -1.35957e-22 -1.32744e-07 -1.90461e-22 0)
(3.22834e-07 5.8668e-08 -7.58092e-24 -1.39229e-07 7.21865e-23 0)
(3.35932e-07 5.73482e-08 -1.66715e-37 -1.45245e-07 7.21901e-38 0)
(3.48264e-07 5.54396e-08 -1.58025e-37 -1.50988e-07 9.04033e-38 0)
(3.60358e-07 5.28948e-08 7.73609e-23 -1.56421e-07 1.12495e-22 0)
(3.71752e-07 5.00032e-08 -1.72876e-22 -1.61516e-07 -1.49213e-22 0)
(3.82556e-07 4.67994e-08 -1.78022e-22 -1.66254e-07 -1.5168e-22 0)
(3.92617e-07 4.34245e-08 0 -1.7063e-07 0 0)
(4.01956e-07 3.99292e-08 8.62911e-23 -1.7465e-07 1.17408e-22 0)
(4.10532e-07 3.63765e-08 -1.37424e-23 -1.78323e-07 7.9211e-23 0)
(4.18355e-07 3.27916e-08 -3.50149e-38 -1.81666e-07 2.72793e-37 0)
(4.25425e-07 2.91906e-08 -1.95459e-22 -1.84695e-07 -1.56313e-22 0)
(4.31758e-07 2.55701e-08 -9.26889e-23 -1.87427e-07 -1.15833e-22 0)
(4.37366e-07 2.19186e-08 -1.05369e-22 -1.89877e-07 -4.07623e-23 0)
(4.42262e-07 1.82221e-08 9.49439e-23 -1.92042e-07 1.13542e-22 0)
(4.46457e-07 1.44786e-08 -1.05952e-22 -1.93905e-07 -4.16272e-23 0)
(4.49929e-07 1.07222e-08 4.07349e-37 -1.95394e-07 -8.05584e-38 0)
(4.52641e-07 7.04404e-09 9.71721e-23 -1.9636e-07 1.09287e-22 0)
(4.5437e-07 3.64996e-09 -1.47859e-36 -1.9643e-07 -5.85928e-37 0)
(4.5493e-07 9.33678e-10 3.43686e-20 -1.95105e-07 -2.93392e-37 0)
(2.83866e-07 3.97043e-08 -1.75933e-23 -1.20529e-07 6.97055e-23 0)
(2.99267e-07 3.92964e-08 -8.38767e-23 -1.27675e-07 -2.7409e-23 0)
(3.1494e-07 3.82394e-08 2.10241e-23 -1.34592e-07 -7.61592e-23 0)
(3.29932e-07 3.68592e-08 0 -1.41283e-07 0 0)
(3.44479e-07 3.50594e-08 1.70212e-22 -1.47674e-07 1.43015e-22 0)
(3.58229e-07 3.30608e-08 7.6904e-23 -1.53722e-07 1.13426e-22 0)
(3.71215e-07 3.0868e-08 -1.8139e-22 -1.59387e-07 -1.49168e-22 0)
(3.83303e-07 2.85792e-08 -8.22868e-23 -1.64652e-07 -1.15966e-22 0)
(3.94491e-07 2.62216e-08 8.46886e-23 -1.69505e-07 1.16525e-22 0)
(4.04736e-07 2.38341e-08 -5.88674e-37 -1.73944e-07 -7.9056e-37 0)
(4.14041e-07 2.14276e-08 1.07298e-22 -1.77972e-07 3.82067e-23 0)
(4.22395e-07 1.90064e-08 3.12385e-37 -1.81591e-07 3.99626e-37 0)
(4.29801e-07 1.6559e-08 -4.24982e-37 -1.84807e-07 1.2446e-37 0)
(4.3626e-07 1.40679e-08 -1.08218e-22 -1.87624e-07 -4.02787e-23 0)
(4.41764e-07 1.1514e-08 -4.16227e-37 -1.90034e-07 1.09335e-37 0)
(4.46314e-07 8.88692e-09 2.89259e-37 -1.92027e-07 6.28655e-37 0)
(4.49885e-07 6.21906e-09 -9.65804e-23 -1.93566e-07 -1.10444e-22 0)
(4.52492e-07 3.61411e-09 1.076e-22 -1.94585e-07 4.17732e-23 0)
(4.54036e-07 1.32749e-09 1.07503e-22 -1.9491e-07 4.18428e-23 0)
(4.54527e-07 9.96399e-11 3.44367e-20 -1.94224e-07 4.16956e-23 0)
(2.56889e-07 1.35344e-08 -4.70026e-23 -1.11128e-07 1.78455e-20 1.55007e-35)
(2.75889e-07 1.33487e-08 -5.92272e-23 -1.19108e-07 1.78498e-20 -2.64706e-50)
(2.94689e-07 1.29205e-08 -6.32632e-23 -1.2697e-07 1.78348e-20 -2.64549e-50)
(3.12746e-07 1.24203e-08 1.53955e-35 -1.34559e-07 1.79286e-20 0)
(3.30077e-07 1.178e-08 7.08604e-23 -1.41826e-07 1.80296e-20 0)
(3.4642e-07 1.10831e-08 7.43687e-23 -1.48696e-07 1.80238e-20 2.64159e-50)
(3.61763e-07 1.03248e-08 -7.76626e-23 -1.5514e-07 1.77911e-20 -5.28108e-50)
(3.75995e-07 9.54e-09 -8.07179e-23 -1.61123e-07 1.77837e-20 1.81838e-64)
(3.89109e-07 8.73654e-09 8.35333e-23 -1.66637e-07 1.80083e-20 -7.9164e-50)
(4.01071e-07 7.92599e-09 3.08107e-35 -1.71669e-07 1.78882e-20 -5.27622e-50)
(4.11882e-07 7.11047e-09 0 -1.76219e-07 1.78842e-20 0)
(4.21531e-07 6.29017e-09 -3.0011e-35 -1.80284e-07 1.7881e-20 -5.27407e-50)
(4.3001e-07 5.45826e-09 1.08876e-36 -1.8386e-07 1.78783e-20 -1.05466e-49)
(4.37304e-07 4.60498e-09 7.67209e-37 -1.86944e-07 1.78763e-20 -1.05454e-49)
(4.43376e-07 3.72051e-09 1.09043e-36 -1.89519e-07 1.78748e-20 -1.05445e-49)
(4.48196e-07 2.79615e-09 1.42004e-36 -1.91576e-07 1.78739e-20 -1.0544e-49)
(4.51693e-07 1.84117e-09 -9.69687e-23 -1.93087e-07 1.77635e-20 -5.27194e-50)
(4.53902e-07 8.92932e-10 3.06971e-35 -1.94057e-07 1.78739e-20 0)
(4.54763e-07 8.39153e-11 0 -1.94455e-07 1.78745e-20 0)
(4.54699e-07 -1.98567e-10 3.43019e-20 -1.94294e-07 1.78751e-20 0)
(5.07443e-07 3.73463e-08 1.9627e-22 -5.60552e-09 3.82129e-23 0)
(5.22427e-07 6.65121e-08 -2.62132e-23 -2.79047e-08 -8.5565e-24 0)
(5.50303e-07 9.63802e-08 -1.81011e-22 -6.42474e-08 -1.00725e-22 0)
(5.82283e-07 1.1432e-07 2.2229e-23 -1.09272e-07 1.53011e-23 0)
(6.15907e-07 1.20802e-07 -6.42702e-23 -1.58045e-07 -4.45654e-23 0)
(6.46234e-07 1.14826e-07 6.8194e-23 -2.0626e-07 7.47029e-23 0)
(6.70583e-07 9.74307e-08 2.30285e-22 -2.50304e-07 1.64008e-22 0)
(6.86369e-07 7.01807e-08 -1.04917e-22 -2.87235e-07 -7.76786e-23 0)
(6.92768e-07 3.59407e-08 -1.54961e-22 -3.15487e-07 -1.19629e-22 0)
(6.87849e-07 -3.33544e-09 0 -3.30358e-07 0 0)
(4.80658e-07 3.35281e-08 6.05894e-24 -6.0148e-09 1.76018e-24 0)
(4.94975e-07 6.05661e-08 2.31414e-22 -2.67976e-08 8.89138e-23 0)
(5.20869e-07 9.00274e-08 2.49412e-22 -5.90178e-08 1.37304e-22 0)
(5.51087e-07 1.10202e-07 2.31677e-22 -9.89925e-08 1.54457e-22 0)
(5.84168e-07 1.21203e-07 -5.70407e-23 -1.42927e-07 -4.03609e-23 0)
(6.15859e-07 1.21558e-07 -2.88957e-22 -1.87348e-07 -2.37702e-22 0)
(6.43792e-07 1.11786e-07 -2.51272e-22 -2.29248e-07 -1.80083e-22 0)
(6.65015e-07 9.25763e-08 3.73934e-22 -2.65786e-07 2.93714e-22 0)
(6.77915e-07 6.63484e-08 -1.07408e-22 -2.95932e-07 -6.95205e-23 0)
(6.79174e-07 2.82859e-08 1.7345e-22 -3.16848e-07 1.3846e-22 0)
(4.56613e-07 2.947e-08 -1.09921e-23 -6.69245e-09 -3.87439e-24 0)
(4.70497e-07 5.48183e-08 -2.02058e-22 -2.69501e-08 -7.50995e-23 0)
(4.94492e-07 8.35789e-08 -2.07102e-22 -5.65747e-08 -1.10969e-22 0)
(5.22277e-07 1.0485e-07 2.90612e-22 -9.29262e-08 1.9113e-22 0)
(5.53139e-07 1.18554e-07 2.59058e-22 -1.33075e-07 1.94276e-22 0)
(5.8348e-07 1.22911e-07 2.78235e-22 -1.7428e-07 2.27247e-22 0)
(6.11542e-07 1.18196e-07 -1.41182e-24 -2.1415e-07 2.42053e-25 0)
(6.35143e-07 1.0465e-07 -2.23326e-22 -2.50233e-07 -2.07542e-22 0)
(6.52839e-07 8.55283e-08 -3.5504e-25 -2.81338e-07 5.84943e-25 0)
(6.63512e-07 5.49396e-08 5.70229e-23 -3.05055e-07 1.65908e-23 0)
(4.34648e-07 2.49372e-08 0 -7.46251e-09 0 0)
(4.48441e-07 4.88302e-08 6.6356e-23 -2.75006e-08 1.88397e-23 0)
(4.71124e-07 7.69001e-08 -7.42854e-23 -5.4871e-08 -4.84858e-23 0)
(4.97028e-07 9.90476e-08 -1.96538e-22 -8.77713e-08 -1.35381e-22 0)
(5.2609e-07 1.15188e-07 1.44924e-22 -1.23986e-07 1.09281e-22 0)
(5.55217e-07 1.23368e-07 -2.16193e-22 -1.61405e-07 -1.74804e-22 0)
(5.82892e-07 1.23584e-07 -8.52684e-23 -1.98157e-07 -8.70572e-23 0)
(6.07393e-07 1.15321e-07 2.506e-22 -2.32358e-07 2.1414e-22 0)
(6.26596e-07 1.01417e-07 -1.06864e-24 -2.62971e-07 3.7933e-25 0)
(6.42446e-07 7.62348e-08 3.4303e-22 -2.89072e-07 2.96642e-22 0)
(4.14065e-07 1.98685e-08 7.4937e-23 -8.23333e-09 1.00828e-23 0)
(4.27907e-07 4.24569e-08 1.05673e-22 -2.84562e-08 4.04108e-23 0)
(4.49509e-07 6.96611e-08 0 -5.43485e-08 0 0)
(4.7363e-07 9.20749e-08 -1.20612e-22 -8.4677e-08 -8.00246e-23 0)
(5.00737e-07 1.09656e-07 -9.49763e-23 -1.17775e-07 -6.96331e-23 0)
(5.28265e-07 1.20423e-07 5.04118e-23 -1.5206e-07 4.1506e-23 0)
(5.54989e-07 1.24336e-07 -1.186e-22 -1.86037e-07 -9.74056e-23 0)
(5.79901e-07 1.20668e-07 -8.38116e-23 -2.18235e-07 -5.91992e-23 0)
(6.00006e-07 1.11847e-07 -7.60128e-23 -2.47303e-07 -5.84503e-23 0)
(6.19137e-07 9.30988e-08 -3.79785e-22 -2.72903e-07 -2.97036e-22 0)
(3.94699e-07 1.43559e-08 -1.4361e-22 -8.98844e-09 -1.59714e-23 0)
(4.08747e-07 3.59233e-08 8.84691e-23 -2.95524e-08 3.04363e-23 0)
(4.29601e-07 6.24227e-08 2.59246e-22 -5.42695e-08 1.25726e-22 0)
(4.52268e-07 8.50273e-08 -8.50234e-23 -8.23332e-08 -5.19538e-23 0)
(4.77629e-07 1.03757e-07 -1.29041e-22 -1.12502e-07 -9.73476e-23 0)
(5.03521e-07 1.16625e-07 9.25785e-23 -1.43654e-07 7.84276e-23 0)
(5.28866e-07 1.23477e-07 1.06136e-22 -1.74653e-07 9.0839e-23 0)
(5.53344e-07 1.23455e-07 5.18618e-23 -2.04557e-07 4.90769e-23 0)
(5.73373e-07 1.18387e-07 2.04259e-22 -2.32001e-07 1.64117e-22 0)
(5.94235e-07 1.05152e-07 -1.40795e-22 -2.56749e-07 -1.25555e-22 0)
(3.76117e-07 8.32241e-09 0 -9.72538e-09 0 0)
(3.90451e-07 2.90482e-08 -3.78401e-23 -3.08146e-08 -2.63873e-23 0)
(4.10752e-07 5.48924e-08 9.69941e-23 -5.47735e-08 4.96393e-23 0)
(4.32175e-07 7.75086e-08 8.12213e-23 -8.10963e-08 4.79254e-23 0)
(4.55947e-07 9.69883e-08 -2.6341e-22 -1.08869e-07 -1.87692e-22 0)
(4.80268e-07 1.1142e-07 -9.22417e-23 -1.37329e-07 -7.33885e-23 0)
(5.04187e-07 1.20591e-07 2.53151e-22 -1.65592e-07 2.17014e-22 0)
(5.27937e-07 1.23711e-07 -1.63339e-22 -1.93072e-07 -1.47744e-22 0)
(5.47508e-07 1.21898e-07 7.3615e-23 -2.18454e-07 5.08056e-23 0)
(5.68866e-07 1.13484e-07 4.48435e-22 -2.41428e-07 3.98817e-22 0)
(3.58164e-07 1.83637e-09 6.16706e-23 -1.04242e-08 3.74142e-25 0)
(3.72854e-07 2.19381e-08 -1.24312e-23 -3.21137e-08 -9.37889e-24 0)
(3.92783e-07 4.72935e-08 4.01068e-25 -5.5525e-08 4.3535e-25 0)
(4.13166e-07 6.99255e-08 2.65061e-23 -8.03712e-08 2.23061e-23 0)
(4.3552e-07 8.99701e-08 -1.51868e-22 -1.06006e-07 -1.17805e-22 0)
(4.58331e-07 1.05605e-07 9.05755e-24 -1.31983e-07 1.86389e-25 0)
(4.80773e-07 1.16537e-07 -1.02792e-24 -1.57671e-07 -9.18015e-25 0)
(5.03505e-07 1.22129e-07 -3.13839e-22 -1.82792e-07 -2.82452e-22 0)
(5.22398e-07 1.22905e-07 -2.86923e-22 -2.0619e-07 -2.41381e-22 0)
(5.43554e-07 1.18494e-07 1.76e-22 -2.27251e-07 1.68707e-22 0)
(3.40591e-07 -5.13341e-09 8.14062e-24 -1.11033e-08 6.16067e-24 0)
(3.55679e-07 1.45157e-08 -3.06163e-23 -3.34825e-08 1.51648e-23 0)
(3.75363e-07 3.95151e-08 -7.02785e-23 -5.6573e-08 -2.72976e-23 0)
(3.94861e-07 6.21611e-08 2.26661e-22 -8.02366e-08 1.25848e-22 0)
(4.15958e-07 8.26197e-08 6.34229e-23 -1.04051e-07 5.58703e-23 0)
(4.37371e-07 9.91816e-08 -2.97819e-22 -1.27822e-07 -2.38563e-22 0)
(4.58413e-07 1.11489e-07 2.28404e-22 -1.5114e-07 1.99602e-22 0)
(4.80006e-07 1.19089e-07 1.50619e-22 -1.73932e-07 1.42926e-22 0)
(4.98113e-07 1.22005e-07 -2.76126e-22 -1.95284e-07 -2.33266e-22 0)
(5.18608e-07 1.20832e-07 -5.20984e-22 -2.14307e-07 -4.7129e-22 0)
(3.2326e-07 -1.25525e-08 1.19901e-23 -1.17551e-08 9.73451e-24 0)
(3.38775e-07 6.82218e-09 1.61786e-22 -3.4872e-08 4.9743e-23 0)
(3.58307e-07 3.16346e-08 1.83951e-22 -5.77788e-08 5.69377e-23 0)
(3.77026e-07 5.435e-08 -1.45765e-22 -8.04288e-08 -7.83117e-23 0)
(3.96984e-07 7.5135e-08 1.6256e-22 -1.02619e-07 1.4517e-22 0)
(4.1708e-07 9.2397e-08 7.29721e-23 -1.24375e-07 6.47833e-23 0)
(4.36801e-07 1.05731e-07 1.83369e-22 -1.45514e-07 1.58621e-22 0)
(4.57207e-07 1.14877e-07 5.24221e-22 -1.66114e-07 4.7839e-22 0)
(4.74507e-07 1.19511e-07 1.56672e-22 -1.85506e-07 1.31622e-22 0)
(4.94127e-07 1.20909e-07 -1.71958e-22 -2.02564e-07 -1.76353e-22 0)
(3.06019e-07 -2.04315e-08 -1.97482e-23 -1.24009e-08 -1.7034e-23 0)
(3.21981e-07 -1.16133e-09 1.47269e-22 -3.63124e-08 -8.69191e-24 0)
(3.41409e-07 2.36318e-08 1.10142e-22 -5.9153e-08 2.54573e-23 0)
(3.59405e-07 4.64848e-08 -1.82808e-22 -8.09186e-08 -8.41603e-23 0)
(3.78304e-07 6.75378e-08 -2.10731e-22 -1.01638e-07 -1.54184e-22 0)
(3.9716e-07 8.53213e-08 2.72359e-22 -1.21536e-07 2.24256e-22 0)
(4.15654e-07 9.94103e-08 1.69583e-22 -1.40647e-07 1.47327e-22 0)
(4.34884e-07 1.09721e-07 1.40957e-22 -1.5916e-07 1.19453e-22 0)
(4.51397e-07 1.15708e-07 1.52167e-22 -1.76654e-07 1.25421e-22 0)
(4.70068e-07 1.1909e-07 -5.59338e-28 -1.91853e-07 -4.47541e-28 0)
(2.88775e-07 -2.87559e-08 -1.1628e-22 -1.30572e-08 9.36411e-24 0)
(3.05189e-07 -9.39244e-09 -1.4915e-22 -3.78198e-08 -3.91227e-23 0)
(3.24511e-07 1.55759e-08 -6.214e-23 -6.0663e-08 -1.86677e-23 0)
(3.41775e-07 3.86518e-08 -6.58645e-23 -8.15932e-08 -3.22961e-23 0)
(3.59632e-07 5.99183e-08 -2.3681e-22 -1.00913e-07 -1.77261e-22 0)
(3.77291e-07 7.80446e-08 -1.51086e-22 -1.19053e-07 -1.17887e-22 0)
(3.9464e-07 9.26219e-08 1.22218e-22 -1.36261e-07 1.08283e-22 0)
(4.12746e-07 1.03735e-07 1.27186e-22 -1.52817e-07 1.25345e-22 0)
(4.28537e-07 1.1073e-07 2.33703e-22 -1.68507e-07 2.38892e-22 0)
(4.46286e-07 1.15588e-07 4.27821e-23 -1.81997e-07 5.17717e-23 0)
(2.7148e-07 -3.75389e-08 6.29295e-23 -1.37877e-08 -3.53715e-25 0)
(2.8833e-07 -1.78379e-08 6.58775e-23 -3.94556e-08 1.15102e-23 0)
(3.07456e-07 7.52564e-09 -4.08606e-23 -6.23001e-08 1.69361e-24 0)
(3.23886e-07 3.09176e-08 6.2999e-25 -8.23405e-08 5.45781e-25 0)
(3.40653e-07 5.23347e-08 -1.68133e-22 -1.00244e-07 -1.1634e-22 0)
(3.57126e-07 7.06216e-08 -7.13866e-23 -1.16658e-07 -6.04115e-23 0)
(3.73406e-07 8.54258e-08 1.03503e-22 -1.32044e-07 1.01142e-22 0)
(3.90474e-07 9.69974e-08 5.30187e-29 -1.46752e-07 4.17619e-29 0)
(4.0564e-07 1.0466e-07 1.04821e-28 -1.60738e-07 7.96779e-29 0)
(4.22573e-07 1.10533e-07 6.13006e-23 -1.72681e-07 1.40425e-23 0)
(2.54153e-07 -4.67855e-08 0 -1.46744e-08 0 0)
(2.71382e-07 -2.63452e-08 1.11406e-23 -4.13327e-08 1.13354e-23 0)
(2.90097e-07 -3.2567e-10 1.8177e-23 -6.41177e-08 1.77375e-23 0)
(3.05479e-07 2.34518e-08 5.99864e-23 -8.31327e-08 2.72201e-23 0)
(3.21021e-07 4.48891e-08 3.09342e-23 -9.95235e-08 2.67112e-23 0)
(3.36285e-07 6.30845e-08 9.9403e-25 -1.14198e-07 8.05432e-25 0)
(3.51561e-07 7.78039e-08 4.19299e-23 -1.27817e-07 3.24552e-23 0)
(3.67704e-07 8.94671e-08 -7.79412e-23 -1.40783e-07 -7.67614e-23 0)
(3.82383e-07 9.74403e-08 -1.02086e-22 -1.53176e-07 -7.26692e-23 0)
(3.98665e-07 1.03901e-07 1.43171e-22 -1.63744e-07 1.34633e-22 0)
(2.37008e-07 -5.65301e-08 0 -1.59996e-08 0 0)
(2.54433e-07 -3.47502e-08 0 -4.36315e-08 0 0)
(2.72241e-07 -7.77615e-09 -5.376e-23 -6.60229e-08 -5.45416e-23 0)
(2.86175e-07 1.64138e-08 0 -8.36178e-08 0 0)
(3.00258e-07 3.76681e-08 -1.85027e-22 -9.82422e-08 -1.31673e-22 0)
(3.14271e-07 5.54508e-08 7.92796e-23 -1.11085e-07 6.13119e-23 0)
(3.28632e-07 6.97211e-08 2.49797e-22 -1.22967e-07 2.23606e-22 0)
(3.44017e-07 8.10823e-08 1.72651e-22 -1.34312e-07 1.91738e-22 0)
(3.58411e-07 8.89894e-08 -8.27525e-23 -1.45265e-07 -8.77946e-23 0)
(3.74283e-07 9.56193e-08 -3.06305e-22 -1.54667e-07 -3.13206e-22 0)
(2.20422e-07 -6.6768e-08 -3.49438e-24 -1.80681e-08 -4.87658e-24 0)
(2.37618e-07 -4.24114e-08 1.37422e-22 -4.66731e-08 -2.84702e-23 0)
(2.5363e-07 -1.41775e-08 3.36672e-23 -6.81749e-08 3.66039e-23 0)
(2.65517e-07 1.02263e-08 1.39172e-24 -8.39055e-08 1.098e-24 0)
(2.77818e-07 3.08278e-08 -1.13671e-22 -9.64688e-08 -7.47066e-23 0)
(2.90536e-07 4.76659e-08 -2.55313e-22 -1.07394e-07 -2.04892e-22 0)
(3.04112e-07 6.09768e-08 2.82863e-22 -1.17587e-07 2.46561e-22 0)
(3.18968e-07 7.15552e-08 5.03145e-23 -1.27447e-07 3.11196e-23 0)
(3.33354e-07 7.89671e-08 1.67685e-22 -1.37128e-07 9.89044e-23 0)
(3.49126e-07 8.53416e-08 7.77799e-23 -1.45581e-07 9.05497e-23 0)
(2.05628e-07 -7.73682e-08 -3.96189e-23 -2.22621e-08 2.7935e-23 0)
(2.21319e-07 -4.87759e-08 -1.28338e-22 -5.09701e-08 3.94358e-23 0)
(2.33664e-07 -1.90722e-08 4.88877e-23 -6.99242e-08 5.77257e-23 0)
(2.42564e-07 5.08258e-09 2.06933e-23 -8.2654e-08 -2.89276e-23 0)
(2.52744e-07 2.43913e-08 1.01081e-22 -9.26364e-08 7.60335e-23 0)
(2.64247e-07 3.96152e-08 -1.9232e-22 -1.01535e-07 -1.5081e-22 0)
(2.77317e-07 5.13866e-08 1.62328e-24 -1.1017e-07 1.19018e-24 0)
(2.92027e-07 6.06671e-08 1.78239e-22 -1.18804e-07 1.70293e-22 0)
(3.06817e-07 6.71423e-08 -5.91422e-23 -1.27533e-07 -3.04009e-23 0)
(3.2293e-07 7.28365e-08 -6.19497e-23 -1.35395e-07 -3.0155e-23 0)
(1.94419e-07 -8.69121e-08 2.51527e-31 -2.94593e-08 -3.73806e-31 0)
(2.05536e-07 -5.0899e-08 9.91352e-24 -5.69513e-08 3.0833e-23 0)
(2.11453e-07 -2.03862e-08 5.51371e-23 -7.15838e-08 -9.26427e-23 0)
(2.16253e-07 1.84615e-09 -2.5031e-23 -8.06016e-08 -2.26914e-23 0)
(2.24098e-07 1.83678e-08 -1.33908e-22 -8.77652e-08 -9.79451e-23 0)
(2.34618e-07 3.08277e-08 0 -9.47384e-08 0 0)
(2.47639e-07 4.02137e-08 -1.05284e-22 -1.02057e-07 -5.37758e-23 0)
(2.62731e-07 4.75416e-08 5.58369e-23 -1.09768e-07 6.87113e-23 0)
(2.78475e-07 5.25783e-08 1.19791e-22 -1.17842e-07 1.55343e-22 0)
(2.95472e-07 5.71424e-08 -6.50009e-23 -1.25423e-07 -9.15604e-23 0)
(1.94248e-07 -9.13399e-08 -1.2604e-22 -4.70172e-08 1.45933e-22 0)
(1.89044e-07 -4.75793e-08 7.45907e-23 -6.45181e-08 -5.61503e-23 0)
(1.83841e-07 -1.78189e-08 1.07491e-22 -6.92265e-08 -8.31212e-25 0)
(1.83641e-07 1.51048e-10 -3.84241e-23 -7.24326e-08 9.80925e-24 0)
(1.89763e-07 1.24438e-08 -7.3927e-23 -7.66874e-08 -5.2457e-23 0)
(2.00247e-07 2.10589e-08 -4.76804e-23 -8.22082e-08 -2.2403e-23 0)
(2.14171e-07 2.7343e-08 0 -8.89104e-08 0 0)
(2.30547e-07 3.21784e-08 -6.48091e-23 -9.64305e-08 -2.4554e-23 0)
(2.48038e-07 3.53897e-08 7.04252e-23 -1.04585e-07 2.5118e-23 0)
(2.66647e-07 3.84467e-08 -4.08683e-28 -1.12605e-07 -1.38708e-28 0)
(2.15494e-07 -5.27558e-08 5.938e-23 -7.62588e-08 1.80035e-20 -6.01174e-35)
(1.65559e-07 -2.14839e-08 2.73492e-22 -6.96113e-08 1.79902e-20 5.99889e-35)
(1.48184e-07 -7.12826e-09 2.40886e-22 -6.44258e-08 1.8134e-20 -5.91493e-35)
(1.4286e-07 -2.67574e-10 3.9187e-22 -6.28572e-08 1.81072e-20 -1.91598e-35)
(1.48771e-07 4.14101e-09 3.96283e-22 -6.54833e-08 1.80751e-20 1.9047e-35)
(1.6043e-07 7.09483e-09 3.64929e-22 -7.04606e-08 1.79868e-20 1.81376e-35)
(1.76431e-07 9.23174e-09 4.70517e-22 -7.72307e-08 1.80333e-20 -2.6607e-38)
(1.9517e-07 1.08917e-08 3.9275e-22 -8.51087e-08 1.79928e-20 1.71128e-35)
(2.1536e-07 1.19814e-08 4.80224e-22 -9.36873e-08 1.8068e-20 6.6198e-38)
(2.36473e-07 1.30825e-08 1.81339e-22 -1.02482e-07 1.80057e-20 3.13893e-35)
)
;

boundaryField
{
    left
    {
        type            calculated;
        value           nonuniform List<symmTensor> 
30
(
(5.04923e-07 1.58353e-08 1.9627e-22 -5.60552e-09 3.82129e-23 0)
(4.77968e-07 1.40502e-08 6.05894e-24 -6.0148e-09 1.76018e-24 0)
(4.53735e-07 1.16999e-08 -1.09921e-23 -6.69245e-09 -3.87439e-24 0)
(4.3153e-07 8.49404e-09 0 -7.46251e-09 0 0)
(4.10702e-07 4.4895e-09 7.4937e-23 -8.23333e-09 1.00828e-23 0)
(3.91081e-07 -1.99895e-10 -1.4361e-22 -8.98844e-09 -1.59714e-23 0)
(3.72249e-07 -5.603e-09 0 -9.72538e-09 0 0)
(3.5405e-07 -1.16211e-08 6.16706e-23 -1.04242e-08 3.74142e-25 0)
(3.36236e-07 -1.82613e-08 8.14062e-24 -1.11033e-08 6.16067e-24 0)
(3.18668e-07 -2.54671e-08 1.19901e-23 -1.17551e-08 9.73451e-24 0)
(3.0119e-07 -3.32346e-08 -1.97482e-23 -1.24009e-08 -1.7034e-23 0)
(2.83702e-07 -4.15391e-08 -1.1628e-22 -1.30572e-08 9.36411e-24 0)
(2.6614e-07 -5.03908e-08 6.29295e-23 -1.37877e-08 -3.53715e-25 0)
(2.48499e-07 -5.98286e-08 0 -1.46744e-08 0 0)
(2.30947e-07 -6.99288e-08 0 -1.59996e-08 0 0)
(2.13849e-07 -8.09517e-08 -3.49438e-24 -1.80681e-08 -4.87658e-24 0)
(1.98573e-07 -9.30108e-08 -3.96189e-23 -2.22621e-08 2.7935e-23 0)
(1.88056e-07 -1.06235e-07 2.51527e-31 -2.94593e-08 -3.73806e-31 0)
(1.96624e-07 -1.1759e-07 -1.2604e-22 -4.70172e-08 1.45933e-22 0)
(2.54913e-07 -9.86372e-08 4.95184e-24 -7.62588e-08 1.80035e-20 -6.01174e-35)
(1.88527e-06 3.55888e-07 5.0773e-22 -5.60042e-07 2.8295e-20 1.22289e-34)
(1.29826e-06 1.88698e-07 -7.44043e-23 -2.52493e-07 -1.29034e-22 0)
(1.04592e-06 8.58679e-08 3.3781e-22 -1.05713e-07 1.43284e-22 0)
(8.95696e-07 3.4256e-08 1.7374e-23 -5.21611e-08 2.44406e-23 0)
(7.94587e-07 1.91417e-08 5.93909e-28 -2.45234e-08 5.5461e-28 0)
(7.17599e-07 1.31434e-08 3.23106e-22 -1.34402e-08 5.76856e-23 0)
(6.583e-07 1.33451e-08 5.01725e-24 -7.53316e-09 1.49542e-24 0)
(6.09738e-07 1.442e-08 2.476e-22 -5.55408e-09 4.66157e-23 0)
(5.69687e-07 1.54308e-08 -2.74717e-24 -4.67667e-09 -2.07914e-25 0)
(5.34522e-07 1.64766e-08 -4.16439e-24 -5.01154e-09 -8.72044e-25 0)
)
;
    }
    right
    {
        type            calculated;
        value           nonuniform List<symmTensor> 
30
(
(4.5454e-07 -2.01011e-11 6.79261e-20 -1.94197e-07 1.74483e-20 -8.57465e-35)
(4.54479e-07 -1.98138e-11 6.83712e-20 -1.94057e-07 4.86746e-22 7.57967e-35)
(4.55059e-07 -1.95436e-11 6.84948e-20 -1.95409e-07 4.87672e-22 5.65019e-38)
(4.56554e-07 -1.82341e-11 6.80984e-20 -1.9889e-07 1.24163e-22 -1.09518e-34)
(4.58785e-07 -1.75267e-11 6.92635e-20 -2.0409e-07 1.1724e-21 1.08468e-34)
(4.61607e-07 -1.47879e-11 6.96201e-20 -2.10663e-07 9.49934e-22 -7.85323e-37)
(4.64765e-07 -1.26238e-11 6.99532e-20 -2.18021e-07 9.55108e-22 -3.2168e-37)
(4.68033e-07 -1.03637e-11 7.06399e-20 -2.25635e-07 1.04706e-21 -8.53894e-37)
(4.71187e-07 -8.84864e-12 7.04165e-20 -2.32985e-07 5.53937e-22 -6.44662e-35)
(4.74023e-07 -6.85943e-12 7.09323e-20 -2.39592e-07 5.00564e-22 -2.72918e-37)
(4.76349e-07 -4.44154e-12 7.14834e-20 -2.45012e-07 1.87965e-22 3.17979e-37)
(4.78076e-07 -3.77085e-12 7.17444e-20 -2.4904e-07 -9.80815e-37 -2.11402e-49)
(4.79247e-07 -2.9114e-12 7.18116e-20 -2.51764e-07 -5.40482e-23 -1.58954e-49)
(4.79879e-07 -2.35444e-12 7.19243e-20 -2.53237e-07 -5.43645e-23 0)
(4.79873e-07 -1.93138e-12 7.22842e-20 -2.53223e-07 1.08723e-22 0)
(4.79272e-07 -2.2863e-12 7.20036e-20 -2.51823e-07 6.12049e-35 -1.06083e-49)
(4.7817e-07 -3.71285e-12 7.18749e-20 -2.49254e-07 -1.11311e-36 -2.11786e-49)
(4.76563e-07 -4.55291e-12 7.17827e-20 -2.4551e-07 5.27057e-23 1.75596e-64)
(4.74544e-07 -5.34155e-12 7.13179e-20 -2.40808e-07 -5.16961e-23 -1.5784e-49)
(4.72194e-07 -7.55477e-12 7.11212e-20 -2.35331e-07 6.04767e-35 -1.04783e-49)
(4.69614e-07 -8.85464e-12 7.07865e-20 -2.29323e-07 -3.39194e-37 0)
(4.66918e-07 -1.13756e-11 7.04329e-20 -2.2304e-07 -3.29902e-37 0)
(4.64225e-07 -1.33835e-11 7.00779e-20 -2.16762e-07 -1.60308e-37 0)
(4.61653e-07 -1.55199e-11 6.97385e-20 -2.10772e-07 -6.00281e-35 -1.02746e-49)
(4.59333e-07 -1.66247e-11 6.9427e-20 -2.05365e-07 -2.69475e-37 -2.04574e-49)
(4.57374e-07 -1.76447e-11 6.91621e-20 -2.008e-07 5.95579e-35 -1.01897e-49)
(4.55891e-07 -1.91456e-11 6.89546e-20 -1.97346e-07 1.18744e-34 -1.04993e-63)
(4.54928e-07 -1.97468e-11 6.88059e-20 -1.95105e-07 -2.93392e-37 0)
(4.54551e-07 -1.88569e-11 6.88345e-20 -1.94224e-07 4.16956e-23 0)
(4.54582e-07 -1.98899e-11 6.86723e-20 -1.94294e-07 1.78751e-20 0)
)
;
    }
    down
    {
        type            calculated;
        value           nonuniform List<symmTensor> 
30
(
(-2.46303e-09 -1.4572e-10 3.88061e-20 1.2841e-09 3.67298e-20 1.78252e-34)
(1.42048e-09 -1.44484e-10 -2.09308e-23 -3.77759e-10 3.65135e-20 1.56846e-36)
(2.05589e-08 -1.39624e-10 -2.3829e-22 -8.57003e-09 3.57802e-20 1.95456e-35)
(5.07367e-08 -1.30621e-10 -2.17378e-24 -2.14889e-08 3.60273e-20 0)
(8.5498e-08 -1.20899e-10 -3.33613e-23 -3.63695e-08 3.56363e-20 -1.5678e-36)
(1.21839e-07 -1.1099e-10 -3.26214e-22 -5.19251e-08 3.59601e-20 3.27774e-35)
(1.57343e-07 -1.0109e-10 7.06839e-23 -6.71238e-08 3.63267e-20 1.56657e-36)
(1.91194e-07 -9.23547e-11 -2.17234e-22 -8.16151e-08 3.6083e-20 2.97919e-35)
(2.22246e-07 -8.39643e-11 1.71945e-22 -9.49069e-08 3.61385e-20 -1.29322e-35)
(2.51013e-07 -7.54108e-11 5.17033e-22 -1.07221e-07 3.60268e-20 -3.90133e-35)
(2.76912e-07 -6.84006e-11 8.1893e-22 -1.18308e-07 3.62413e-20 -1.16157e-35)
(2.99479e-07 -6.29838e-11 9.28497e-22 -1.27968e-07 3.59739e-20 -2.55329e-35)
(3.20209e-07 -5.63326e-11 5.24734e-22 -1.36842e-07 3.55195e-20 -1.48995e-35)
(3.38848e-07 -5.14228e-11 5.65192e-22 -1.4482e-07 3.57512e-20 -6.54102e-37)
(3.55661e-07 -4.68562e-11 3.31432e-22 -1.52017e-07 3.57755e-20 3.88626e-35)
(3.70728e-07 -4.25851e-11 5.93142e-22 -1.58468e-07 3.5863e-20 0)
(3.84235e-07 -3.95951e-11 5.59395e-22 -1.64249e-07 3.58521e-20 0)
(3.96274e-07 -3.59674e-11 6.35682e-22 -1.69403e-07 3.59775e-20 5.0538e-37)
(4.06988e-07 -3.28051e-11 5.88959e-22 -1.73989e-07 3.58688e-20 -1.32141e-35)
(4.16458e-07 -2.98139e-11 6.88051e-22 -1.78044e-07 3.60979e-20 8.57543e-37)
(4.2478e-07 -2.88335e-11 7.18107e-22 -1.81605e-07 3.59282e-20 -4.00444e-35)
(4.32009e-07 -2.58385e-11 2.85849e-22 -1.847e-07 3.57703e-20 1.34161e-35)
(4.38199e-07 -2.36541e-11 6.5109e-22 -1.87349e-07 3.59163e-20 -4.04541e-35)
(4.43382e-07 -2.24617e-11 -5.67805e-23 -1.89569e-07 3.53682e-20 -8.12444e-37)
(4.47571e-07 -2.15962e-11 2.99389e-22 -1.91361e-07 3.58952e-20 1.38542e-35)
(4.50787e-07 -2.0478e-11 2.4e-22 -1.92739e-07 3.57853e-20 -3.28007e-45)
(4.53022e-07 -2.03132e-11 7.65561e-23 -1.93695e-07 3.56346e-20 -1.48006e-37)
(4.54358e-07 -1.97848e-11 2.91442e-22 -1.94267e-07 3.59268e-20 1.0621e-37)
(4.54788e-07 -1.93092e-11 1.89125e-22 -1.9445e-07 3.55938e-20 -4.18601e-35)
(4.54642e-07 -1.98823e-11 3.36877e-20 -1.94389e-07 3.52512e-20 -8.57465e-35)
)
;
    }
    up
    {
        type            calculated;
        value           nonuniform List<symmTensor> 
30
(
(2.15494e-07 -8.60421e-11 5.938e-23 -9.20163e-08 3.61281e-20 -6.01174e-35)
(1.65559e-07 -9.92821e-11 2.73492e-22 -7.06407e-08 3.6109e-20 5.99889e-35)
(1.48184e-07 -1.03709e-10 2.40886e-22 -6.32026e-08 3.62393e-20 -5.91493e-35)
(1.4286e-07 -1.04999e-10 3.9187e-22 -6.09236e-08 3.61969e-20 -1.91598e-35)
(1.48771e-07 -1.0383e-10 3.96283e-22 -6.34544e-08 3.6147e-20 1.9047e-35)
(1.6043e-07 -1.00534e-10 3.64929e-22 -6.84442e-08 3.60417e-20 1.81376e-35)
(1.76431e-07 -9.67533e-11 4.70517e-22 -7.52944e-08 3.60731e-20 -2.6607e-38)
(1.9517e-07 -9.12313e-11 3.9275e-22 -8.33166e-08 3.60199e-20 1.71128e-35)
(2.1536e-07 -8.5441e-11 4.80224e-22 -9.19596e-08 3.60848e-20 6.6198e-38)
(2.36473e-07 -8.10485e-11 1.81339e-22 -1.00997e-07 3.60138e-20 3.13893e-35)
(2.56889e-07 -7.43309e-11 -4.70026e-23 -1.09736e-07 3.58424e-20 1.55007e-35)
(2.75889e-07 -6.95494e-11 -5.92272e-23 -1.1787e-07 3.58348e-20 -2.64706e-50)
(2.94689e-07 -6.3296e-11 -6.32632e-23 -1.25917e-07 3.58092e-20 -2.64549e-50)
(3.12746e-07 -5.95237e-11 1.53955e-35 -1.33647e-07 3.58934e-20 0)
(3.30077e-07 -5.37051e-11 7.08604e-23 -1.41066e-07 3.59855e-20 0)
(3.4642e-07 -4.92388e-11 7.43687e-23 -1.48061e-07 3.59717e-20 2.64159e-50)
(3.61763e-07 -4.51222e-11 -7.76626e-23 -1.5463e-07 3.57318e-20 -5.28108e-50)
(3.75995e-07 -4.17823e-11 -8.07179e-23 -1.60722e-07 3.57182e-20 1.81838e-64)
(3.89109e-07 -3.74726e-11 8.35333e-23 -1.66336e-07 3.59373e-20 -7.9164e-50)
(4.01071e-07 -3.44286e-11 3.08107e-35 -1.71456e-07 3.58125e-20 -5.27622e-50)
(4.11882e-07 -3.18128e-11 0 -1.76084e-07 3.58045e-20 0)
(4.21531e-07 -2.9055e-11 -3.0011e-35 -1.80214e-07 3.57979e-20 -5.27407e-50)
(4.3001e-07 -2.65115e-11 1.08876e-36 -1.83844e-07 3.57925e-20 -1.05466e-49)
(4.37304e-07 -2.48977e-11 7.67209e-37 -1.86967e-07 3.57885e-20 -1.05454e-49)
(4.43376e-07 -2.33598e-11 1.09043e-36 -1.89566e-07 3.57857e-20 -1.05445e-49)
(4.48196e-07 -2.17043e-11 1.42004e-36 -1.91628e-07 3.57839e-20 -1.0544e-49)
(4.51693e-07 -1.99742e-11 -9.69687e-23 -1.93127e-07 3.56732e-20 -5.27194e-50)
(4.53902e-07 -2.01148e-11 3.06971e-35 -1.94072e-07 3.57839e-20 0)
(4.54763e-07 -1.96339e-11 0 -1.9444e-07 3.57849e-20 0)
(4.54699e-07 -2.00307e-11 3.43019e-20 -1.94412e-07 3.57862e-20 0)
)
;
    }
    hole
    {
        type            calculated;
        value           nonuniform List<symmTensor> 
20
(
(2.77976e-07 -5.77762e-07 1.44502e-19 1.85786e-07 1.57233e-19 2.14457e-34)
(4.31392e-07 -6.60802e-07 1.42971e-19 1.12687e-07 1.82442e-19 1.22744e-35)
(6.09531e-07 -7.18146e-07 1.35541e-19 1.30662e-08 2.02852e-19 0)
(8.04699e-07 -7.42509e-07 1.19214e-19 -1.06935e-07 2.13681e-19 -6.46113e-36)
(1.00608e-06 -7.27854e-07 9.81169e-20 -2.38883e-07 2.13294e-19 -1.24134e-34)
(1.20497e-06 -6.73405e-07 7.31721e-20 -3.73682e-07 2.00397e-19 -1.29876e-34)
(1.38684e-06 -5.7765e-07 5.08685e-20 -5.00313e-07 1.76287e-19 -2.79859e-34)
(1.55349e-06 -4.48382e-07 3.00124e-20 -6.13725e-07 1.4225e-19 -1.14303e-35)
(1.68026e-06 -2.85295e-07 1.27078e-20 -6.99657e-07 1.00408e-19 1.17366e-34)
(1.79338e-06 -1.00321e-07 2.72512e-21 -7.65166e-07 5.65839e-20 1.22289e-34)
(-3.23176e-10 -1.19004e-10 7.77547e-20 -3.58468e-13 2.18121e-20 1.78252e-34)
(-3.34287e-10 -7.06172e-11 8.03085e-20 1.65974e-11 9.79079e-21 4.95128e-35)
(-6.58913e-09 -4.59663e-09 8.14531e-20 1.57925e-08 1.61948e-20 -2.19872e-36)
(-1.81862e-08 -2.06188e-08 8.3917e-20 4.93699e-08 2.33879e-20 -3.87805e-35)
(-2.99717e-08 -5.3481e-08 8.56709e-20 9.54373e-08 3.22117e-20 8.2945e-35)
(-3.51995e-08 -1.06644e-07 9.24263e-20 1.46953e-07 4.22427e-20 -9.51283e-35)
(-2.5969e-08 -1.80089e-07 1.0385e-19 1.94495e-07 5.77075e-20 -7.83857e-35)
(5.13868e-09 -2.70905e-07 1.17892e-19 2.29044e-07 7.75908e-20 -1.29056e-34)
(6.41573e-08 -3.73103e-07 1.29897e-19 2.42516e-07 1.02449e-19 1.51641e-34)
(1.54827e-07 -4.78598e-07 1.39265e-19 2.29121e-07 1.28825e-19 2.00096e-35)
)
;
    }
    frontAndBack
    {
        type            empty;
    }
}


// ************************************************************************* //
