/*--------------------------------*- C++ -*----------------------------------*\
  =========                 |
  \\      /  F ield         | OpenFOAM: The Open Source CFD Toolbox
   \\    /   O peration     | Website:  https://openfoam.org
    \\  /    A nd           | Version:  9
     \\/     M anipulation  |
\*---------------------------------------------------------------------------*/
FoamFile
{
    format      ascii;
    class       pointVectorField;
    location    "1";
    object      pointD;
}
// * * * * * * * * * * * * * * * * * * * * * * * * * * * * * * * * * * * * * //

dimensions      [0 1 0 0 0 0 0];

internalField   nonuniform List<vector> 
2142
(
(7.40767e-07 2.16719e-07 -1.02274e-20)
(6.86568e-07 2.50954e-07 0)
(6.48689e-07 2.75382e-07 0)
(6.21131e-07 2.9524e-07 0)
(6.013e-07 3.11518e-07 0)
(5.87235e-07 3.25542e-07 0)
(5.77529e-07 3.3788e-07 0)
(5.71193e-07 3.49036e-07 0)
(5.67463e-07 3.5931e-07 0)
(5.65781e-07 3.68909e-07 0)
(5.66117e-07 3.79331e-07 0)
(6.76849e-07 1.9882e-07 -1.13186e-20)
(6.19488e-07 2.25798e-07 0)
(5.79733e-07 2.44815e-07 0)
(5.5098e-07 2.60415e-07 0)
(5.30344e-07 2.73176e-07 0)
(5.15682e-07 2.84221e-07 0)
(5.05474e-07 2.93947e-07 0)
(4.98669e-07 3.02777e-07 0)
(4.94437e-07 3.10913e-07 0)
(4.92203e-07 3.18601e-07 0)
(4.82379e-07 3.19001e-07 0)
(6.10336e-07 1.81221e-07 -1.20858e-20)
(5.51426e-07 2.0012e-07 0)
(5.1085e-07 2.1331e-07 0)
(4.81669e-07 2.24455e-07 0)
(4.60805e-07 2.33641e-07 0)
(4.4599e-07 2.41731e-07 0)
(4.35626e-07 2.48913e-07 0)
(4.28613e-07 2.55502e-07 0)
(4.24098e-07 2.61585e-07 0)
(4.2146e-07 2.67399e-07 0)
(4.12656e-07 2.66822e-07 0)
(5.41496e-07 1.6408e-07 -1.23988e-20)
(4.82782e-07 1.74432e-07 0)
(4.42532e-07 1.81598e-07 0)
(4.13761e-07 1.88242e-07 0)
(3.93304e-07 1.93912e-07 0)
(3.78826e-07 1.99174e-07 0)
(3.68692e-07 2.0398e-07 0)
(3.61782e-07 2.08516e-07 0)
(3.57245e-07 2.1275e-07 0)
(3.54451e-07 2.16865e-07 0)
(3.46845e-07 2.15626e-07 0)
(4.70576e-07 1.47491e-07 -1.21726e-20)
(4.13842e-07 1.49221e-07 0)
(3.75117e-07 1.50403e-07 0)
(3.47651e-07 1.52677e-07 0)
(3.28282e-07 1.55026e-07 0)
(3.14666e-07 1.57693e-07 0)
(3.05171e-07 1.60378e-07 0)
(2.98686e-07 1.63115e-07 0)
(2.94389e-07 1.65757e-07 0)
(2.9166e-07 1.68408e-07 0)
(2.85308e-07 1.66797e-07 0)
(3.97906e-07 1.31448e-07 -1.13809e-20)
(3.44824e-07 1.24869e-07 0)
(3.08825e-07 1.20376e-07 0)
(2.83598e-07 1.18625e-07 0)
(2.66038e-07 1.18019e-07 0)
(2.53827e-07 1.18463e-07 0)
(2.45382e-07 1.19385e-07 0)
(2.39632e-07 1.20666e-07 0)
(2.35812e-07 1.22039e-07 0)
(2.33338e-07 1.23521e-07 0)
(2.28235e-07 1.21823e-07 0)
(3.23703e-07 1.15774e-07 -1.00543e-20)
(2.75745e-07 1.01594e-07 0)
(2.43702e-07 9.20295e-08 0)
(2.217e-07 8.68771e-08 0)
(2.06699e-07 8.39027e-08 0)
(1.96443e-07 8.26574e-08 0)
(1.8944e-07 8.22916e-08 0)
(1.84706e-07 8.25336e-08 0)
(1.81564e-07 8.30164e-08 0)
(1.79496e-07 8.36739e-08 0)
(1.75593e-07 8.21521e-08 0)
(2.48599e-07 1.00002e-07 -8.29553e-21)
(2.0669e-07 7.92978e-08 0)
(1.79846e-07 6.56913e-08 0)
(1.62103e-07 5.81683e-08 0)
(1.50398e-07 5.3703e-08 0)
(1.42586e-07 5.14906e-08 0)
(1.3734e-07 5.04233e-08 0)
(1.33828e-07 5.01069e-08 0)
(1.31499e-07 5.01079e-08 0)
(1.29938e-07 5.03009e-08 0)
(1.27153e-07 4.91718e-08 0)
(1.72998e-07 8.27207e-08 -6.22461e-21)
(1.37336e-07 5.71548e-08 0)
(1.17253e-07 4.13504e-08 0)
(1.04857e-07 3.31532e-08 0)
(9.70907e-08 2.84824e-08 0)
(9.20832e-08 2.62131e-08 0)
(8.87802e-08 2.50924e-08 0)
(8.65864e-08 2.46879e-08 0)
(8.5123e-08 2.45743e-08 0)
(8.41128e-08 2.46147e-08 0)
(8.23381e-08 2.3993e-08 0)
(1.01656e-07 6.09138e-08 -3.99294e-21)
(6.82679e-08 3.36663e-08 0)
(5.68566e-08 1.96718e-08 0)
(5.07427e-08 1.33851e-08 0)
(4.71543e-08 1.01615e-08 0)
(4.4912e-08 8.75463e-09 0)
(4.34371e-08 8.12687e-09 0)
(4.24533e-08 7.95008e-09 0)
(4.17808e-08 7.93349e-09 0)
(4.1294e-08 7.98891e-09 0)
(4.04207e-08 7.80672e-09 0)
(3.41838e-08 2.42207e-08 -1.43314e-21)
(0 0 0)
(0 0 0)
(0 0 0)
(0 0 0)
(0 0 0)
(0 0 0)
(0 0 0)
(0 0 0)
(0 0 0)
(0 0 0)
(7.40767e-07 2.16719e-07 -1.02274e-20)
(6.86568e-07 2.50954e-07 0)
(6.48689e-07 2.75382e-07 0)
(6.21131e-07 2.9524e-07 0)
(6.013e-07 3.11518e-07 0)
(5.87235e-07 3.25542e-07 0)
(5.77529e-07 3.3788e-07 0)
(5.71193e-07 3.49036e-07 0)
(5.67463e-07 3.5931e-07 0)
(5.65781e-07 3.68909e-07 0)
(5.66117e-07 3.79331e-07 0)
(6.76849e-07 1.9882e-07 -1.13186e-20)
(6.19488e-07 2.25798e-07 0)
(5.79733e-07 2.44815e-07 0)
(5.5098e-07 2.60415e-07 0)
(5.30344e-07 2.73176e-07 0)
(5.15682e-07 2.84221e-07 0)
(5.05474e-07 2.93947e-07 0)
(4.98669e-07 3.02777e-07 0)
(4.94437e-07 3.10913e-07 0)
(4.92203e-07 3.18601e-07 0)
(4.82379e-07 3.19001e-07 0)
(6.10336e-07 1.81221e-07 -1.20858e-20)
(5.51426e-07 2.0012e-07 0)
(5.1085e-07 2.1331e-07 0)
(4.81669e-07 2.24455e-07 0)
(4.60805e-07 2.33641e-07 0)
(4.4599e-07 2.41731e-07 0)
(4.35626e-07 2.48913e-07 0)
(4.28613e-07 2.55502e-07 0)
(4.24098e-07 2.61585e-07 0)
(4.2146e-07 2.67399e-07 0)
(4.12656e-07 2.66822e-07 0)
(5.41496e-07 1.6408e-07 -1.23988e-20)
(4.82782e-07 1.74432e-07 0)
(4.42532e-07 1.81598e-07 0)
(4.13761e-07 1.88242e-07 0)
(3.93304e-07 1.93912e-07 0)
(3.78826e-07 1.99174e-07 0)
(3.68692e-07 2.0398e-07 0)
(3.61782e-07 2.08516e-07 0)
(3.57245e-07 2.1275e-07 0)
(3.54451e-07 2.16865e-07 0)
(3.46845e-07 2.15626e-07 0)
(4.70576e-07 1.47491e-07 -1.21726e-20)
(4.13842e-07 1.49221e-07 0)
(3.75117e-07 1.50403e-07 0)
(3.47651e-07 1.52677e-07 0)
(3.28282e-07 1.55026e-07 0)
(3.14666e-07 1.57693e-07 0)
(3.05171e-07 1.60378e-07 0)
(2.98686e-07 1.63115e-07 0)
(2.94389e-07 1.65757e-07 0)
(2.9166e-07 1.68408e-07 0)
(2.85308e-07 1.66797e-07 0)
(3.97906e-07 1.31448e-07 -1.13809e-20)
(3.44824e-07 1.24869e-07 0)
(3.08825e-07 1.20376e-07 0)
(2.83598e-07 1.18625e-07 0)
(2.66038e-07 1.18019e-07 0)
(2.53827e-07 1.18463e-07 0)
(2.45382e-07 1.19385e-07 0)
(2.39632e-07 1.20666e-07 0)
(2.35812e-07 1.22039e-07 0)
(2.33338e-07 1.23521e-07 0)
(2.28235e-07 1.21823e-07 0)
(3.23703e-07 1.15774e-07 -1.00543e-20)
(2.75745e-07 1.01594e-07 0)
(2.43702e-07 9.20295e-08 0)
(2.217e-07 8.68771e-08 0)
(2.06699e-07 8.39027e-08 0)
(1.96443e-07 8.26574e-08 0)
(1.8944e-07 8.22916e-08 0)
(1.84706e-07 8.25336e-08 0)
(1.81564e-07 8.30164e-08 0)
(1.79496e-07 8.36739e-08 0)
(1.75593e-07 8.21521e-08 0)
(2.48599e-07 1.00002e-07 -8.29553e-21)
(2.0669e-07 7.92978e-08 0)
(1.79846e-07 6.56913e-08 0)
(1.62103e-07 5.81683e-08 0)
(1.50398e-07 5.3703e-08 0)
(1.42586e-07 5.14906e-08 0)
(1.3734e-07 5.04233e-08 0)
(1.33828e-07 5.01069e-08 0)
(1.31499e-07 5.01079e-08 0)
(1.29938e-07 5.03009e-08 0)
(1.27153e-07 4.91718e-08 0)
(1.72998e-07 8.27207e-08 -6.22461e-21)
(1.37336e-07 5.71548e-08 0)
(1.17253e-07 4.13504e-08 0)
(1.04857e-07 3.31532e-08 0)
(9.70907e-08 2.84824e-08 0)
(9.20832e-08 2.62131e-08 0)
(8.87802e-08 2.50924e-08 0)
(8.65864e-08 2.46879e-08 0)
(8.5123e-08 2.45743e-08 0)
(8.41128e-08 2.46147e-08 0)
(8.23381e-08 2.3993e-08 0)
(1.01656e-07 6.09138e-08 -3.99294e-21)
(6.82679e-08 3.36663e-08 0)
(5.68566e-08 1.96718e-08 0)
(5.07427e-08 1.33851e-08 0)
(4.71543e-08 1.01615e-08 0)
(4.4912e-08 8.75463e-09 0)
(4.34371e-08 8.12687e-09 0)
(4.24533e-08 7.95008e-09 0)
(4.17808e-08 7.93349e-09 0)
(4.1294e-08 7.98891e-09 0)
(4.04207e-08 7.80672e-09 0)
(3.41838e-08 2.42207e-08 -1.43314e-21)
(0 0 0)
(0 0 0)
(0 0 0)
(0 0 0)
(0 0 0)
(0 0 0)
(0 0 0)
(0 0 0)
(0 0 0)
(0 0 0)
(1.20207e-06 3.55773e-07 -2.74982e-21)
(1.21062e-06 3.90253e-07 -1.55379e-21)
(1.20953e-06 4.34595e-07 -1.69516e-21)
(1.20879e-06 4.75732e-07 -1.83642e-21)
(1.20947e-06 5.13595e-07 -1.97731e-21)
(1.21199e-06 5.4857e-07 -2.11785e-21)
(1.21649e-06 5.81107e-07 -2.25811e-21)
(1.22294e-06 6.11669e-07 -2.39813e-21)
(1.23128e-06 6.40636e-07 -2.53798e-21)
(1.24132e-06 6.68372e-07 -2.67771e-21)
(1.25296e-06 6.95022e-07 -2.77905e-21)
(1.17535e-06 3.42424e-07 -4.07415e-21)
(1.17164e-06 3.88724e-07 0)
(1.16854e-06 4.32785e-07 0)
(1.16688e-06 4.73316e-07 0)
(1.16705e-06 5.10331e-07 0)
(1.16919e-06 5.44284e-07 0)
(1.17331e-06 5.75675e-07 0)
(1.17928e-06 6.05006e-07 0)
(1.18699e-06 6.32687e-07 0)
(1.19627e-06 6.59109e-07 0)
(1.20769e-06 6.84592e-07 0)
(1.13896e-06 3.36782e-07 -4.1812e-21)
(1.13129e-06 3.84102e-07 0)
(1.12504e-06 4.27757e-07 0)
(1.12103e-06 4.67439e-07 0)
(1.11941e-06 5.0337e-07 0)
(1.12013e-06 5.36115e-07 0)
(1.12301e-06 5.66221e-07 0)
(1.12785e-06 5.94218e-07 0)
(1.13445e-06 6.20534e-07 0)
(1.14258e-06 6.45582e-07 0)
(1.15369e-06 6.69949e-07 0)
(1.10041e-06 3.27642e-07 -4.30355e-21)
(1.08792e-06 3.7651e-07 0)
(1.07793e-06 4.19605e-07 0)
(1.07094e-06 4.58124e-07 0)
(1.06694e-06 4.92623e-07 0)
(1.0657e-06 5.23852e-07 0)
(1.06689e-06 5.52417e-07 0)
(1.07021e-06 5.78877e-07 0)
(1.0754e-06 6.03668e-07 0)
(1.08214e-06 6.27214e-07 0)
(1.09293e-06 6.50497e-07 0)
(1.05899e-06 3.15848e-07 -4.5309e-21)
(1.04089e-06 3.66061e-07 0)
(1.02673e-06 4.08348e-07 0)
(1.01643e-06 4.45417e-07 0)
(1.00975e-06 4.7818e-07 0)
(1.00628e-06 5.07605e-07 0)
(1.00556e-06 5.34374e-07 0)
(1.00717e-06 5.59073e-07 0)
(1.01078e-06 5.82149e-07 0)
(1.01601e-06 6.04026e-07 0)
(1.02652e-06 6.26226e-07 0)
(1.01433e-06 3.01968e-07 -4.95022e-21)
(9.89956e-07 3.52803e-07 0)
(9.7138e-07 3.93853e-07 0)
(9.57648e-07 4.29122e-07 0)
(9.4823e-07 4.59836e-07 0)
(9.42483e-07 4.87183e-07 0)
(9.39806e-07 5.11912e-07 0)
(9.39675e-07 5.34639e-07 0)
(9.41694e-07 5.55818e-07 0)
(9.45403e-07 5.75863e-07 0)
(9.55708e-07 5.96994e-07 0)
(9.66258e-07 2.86516e-07 -5.61977e-21)
(9.35243e-07 3.36859e-07 0)
(9.12161e-07 3.76083e-07 0)
(8.95036e-07 4.09157e-07 0)
(8.82958e-07 4.37526e-07 0)
(8.75026e-07 4.62555e-07 0)
(8.7048e-07 4.85041e-07 0)
(8.68691e-07 5.0562e-07 0)
(8.69194e-07 5.24748e-07 0)
(8.71465e-07 5.42823e-07 0)
(8.81678e-07 5.62909e-07 0)
(9.14766e-07 2.69912e-07 -6.55018e-21)
(8.77068e-07 3.18402e-07 0)
(8.49591e-07 3.55082e-07 0)
(8.29252e-07 3.85519e-07 0)
(8.14711e-07 4.1125e-07 0)
(8.04785e-07 4.3375e-07 0)
(7.98547e-07 4.5383e-07 0)
(7.95262e-07 4.72126e-07 0)
(7.94397e-07 4.89087e-07 0)
(7.95375e-07 5.05083e-07 0)
(8.05609e-07 5.24161e-07 0)
(8.59922e-07 2.52533e-07 -7.69773e-21)
(8.15883e-07 2.97696e-07 0)
(7.84333e-07 3.31051e-07 0)
(7.61097e-07 3.58392e-07 0)
(7.44387e-07 3.81206e-07 0)
(7.32734e-07 4.01002e-07 0)
(7.25042e-07 4.18555e-07 0)
(7.20477e-07 4.34481e-07 0)
(7.18431e-07 4.49203e-07 0)
(7.183e-07 4.6305e-07 0)
(7.28665e-07 4.81145e-07 0)
(8.01863e-07 2.34705e-07 -8.96836e-21)
(7.52205e-07 2.75075e-07 0)
(7.1712e-07 3.04324e-07 0)
(6.91435e-07 3.28122e-07 0)
(6.72935e-07 3.4777e-07 0)
(6.59883e-07 3.64725e-07 0)
(6.5102e-07 3.79679e-07 0)
(6.45425e-07 3.93202e-07 0)
(6.42415e-07 4.05667e-07 0)
(6.41399e-07 4.17317e-07 0)
(6.51945e-07 4.34421e-07 0)
(1.20207e-06 3.55773e-07 -2.74982e-21)
(1.21062e-06 3.90253e-07 -1.55379e-21)
(1.20953e-06 4.34595e-07 -1.69516e-21)
(1.20879e-06 4.75732e-07 -1.83642e-21)
(1.20947e-06 5.13595e-07 -1.97731e-21)
(1.21199e-06 5.4857e-07 -2.11785e-21)
(1.21649e-06 5.81107e-07 -2.25811e-21)
(1.22294e-06 6.11669e-07 -2.39813e-21)
(1.23128e-06 6.40636e-07 -2.53798e-21)
(1.24132e-06 6.68372e-07 -2.67771e-21)
(1.25296e-06 6.95022e-07 -2.77905e-21)
(1.17535e-06 3.42424e-07 -4.07415e-21)
(1.17164e-06 3.88724e-07 0)
(1.16854e-06 4.32785e-07 0)
(1.16688e-06 4.73316e-07 0)
(1.16705e-06 5.10331e-07 0)
(1.16919e-06 5.44284e-07 0)
(1.17331e-06 5.75675e-07 0)
(1.17928e-06 6.05006e-07 0)
(1.18699e-06 6.32687e-07 0)
(1.19627e-06 6.59109e-07 0)
(1.20769e-06 6.84592e-07 0)
(1.13896e-06 3.36782e-07 -4.1812e-21)
(1.13129e-06 3.84102e-07 0)
(1.12504e-06 4.27757e-07 0)
(1.12103e-06 4.67439e-07 0)
(1.11941e-06 5.0337e-07 0)
(1.12013e-06 5.36115e-07 0)
(1.12301e-06 5.66221e-07 0)
(1.12785e-06 5.94218e-07 0)
(1.13445e-06 6.20534e-07 0)
(1.14258e-06 6.45582e-07 0)
(1.15369e-06 6.69949e-07 0)
(1.10041e-06 3.27642e-07 -4.30355e-21)
(1.08792e-06 3.7651e-07 0)
(1.07793e-06 4.19605e-07 0)
(1.07094e-06 4.58124e-07 0)
(1.06694e-06 4.92623e-07 0)
(1.0657e-06 5.23852e-07 0)
(1.06689e-06 5.52417e-07 0)
(1.07021e-06 5.78877e-07 0)
(1.0754e-06 6.03668e-07 0)
(1.08214e-06 6.27214e-07 0)
(1.09293e-06 6.50497e-07 0)
(1.05899e-06 3.15848e-07 -4.5309e-21)
(1.04089e-06 3.66061e-07 0)
(1.02673e-06 4.08348e-07 0)
(1.01643e-06 4.45417e-07 0)
(1.00975e-06 4.7818e-07 0)
(1.00628e-06 5.07605e-07 0)
(1.00556e-06 5.34374e-07 0)
(1.00717e-06 5.59073e-07 0)
(1.01078e-06 5.82149e-07 0)
(1.01601e-06 6.04026e-07 0)
(1.02652e-06 6.26226e-07 0)
(1.01433e-06 3.01968e-07 -4.95022e-21)
(9.89956e-07 3.52803e-07 0)
(9.7138e-07 3.93853e-07 0)
(9.57648e-07 4.29122e-07 0)
(9.4823e-07 4.59836e-07 0)
(9.42483e-07 4.87183e-07 0)
(9.39806e-07 5.11912e-07 0)
(9.39675e-07 5.34639e-07 0)
(9.41694e-07 5.55818e-07 0)
(9.45403e-07 5.75863e-07 0)
(9.55708e-07 5.96994e-07 0)
(9.66258e-07 2.86516e-07 -5.61977e-21)
(9.35243e-07 3.36859e-07 0)
(9.12161e-07 3.76083e-07 0)
(8.95036e-07 4.09157e-07 0)
(8.82958e-07 4.37526e-07 0)
(8.75026e-07 4.62555e-07 0)
(8.7048e-07 4.85041e-07 0)
(8.68691e-07 5.0562e-07 0)
(8.69194e-07 5.24748e-07 0)
(8.71465e-07 5.42823e-07 0)
(8.81678e-07 5.62909e-07 0)
(9.14766e-07 2.69912e-07 -6.55018e-21)
(8.77068e-07 3.18402e-07 0)
(8.49591e-07 3.55082e-07 0)
(8.29252e-07 3.85519e-07 0)
(8.14711e-07 4.1125e-07 0)
(8.04785e-07 4.3375e-07 0)
(7.98547e-07 4.5383e-07 0)
(7.95262e-07 4.72126e-07 0)
(7.94397e-07 4.89087e-07 0)
(7.95375e-07 5.05083e-07 0)
(8.05609e-07 5.24161e-07 0)
(8.59922e-07 2.52533e-07 -7.69773e-21)
(8.15883e-07 2.97696e-07 0)
(7.84333e-07 3.31051e-07 0)
(7.61097e-07 3.58392e-07 0)
(7.44387e-07 3.81206e-07 0)
(7.32734e-07 4.01002e-07 0)
(7.25042e-07 4.18555e-07 0)
(7.20477e-07 4.34481e-07 0)
(7.18431e-07 4.49203e-07 0)
(7.183e-07 4.6305e-07 0)
(7.28665e-07 4.81145e-07 0)
(8.01863e-07 2.34705e-07 -8.96836e-21)
(7.52205e-07 2.75075e-07 0)
(7.1712e-07 3.04324e-07 0)
(6.91435e-07 3.28122e-07 0)
(6.72935e-07 3.4777e-07 0)
(6.59883e-07 3.64725e-07 0)
(6.5102e-07 3.79679e-07 0)
(6.45425e-07 3.93202e-07 0)
(6.42415e-07 4.05667e-07 0)
(6.41399e-07 4.17317e-07 0)
(6.51945e-07 4.34421e-07 0)
(1.2662e-06 7.20917e-07 -2.803e-21)
(1.2808e-06 7.46409e-07 -2.78797e-21)
(1.29654e-06 7.71517e-07 -2.77301e-21)
(1.31332e-06 7.96364e-07 -2.75812e-21)
(1.33101e-06 8.21052e-07 -2.74331e-21)
(1.34952e-06 8.45661e-07 -2.72856e-21)
(1.36877e-06 8.70263e-07 -2.71388e-21)
(1.38866e-06 8.94916e-07 -2.69927e-21)
(1.40913e-06 9.1967e-07 -2.68471e-21)
(1.4301e-06 9.44566e-07 -2.67022e-21)
(1.45151e-06 9.69641e-07 -2.65579e-21)
(1.47331e-06 9.94923e-07 -2.6414e-21)
(1.49544e-06 1.02044e-06 -2.62707e-21)
(1.51784e-06 1.0462e-06 -2.6128e-21)
(1.54045e-06 1.07223e-06 -2.59858e-21)
(1.56322e-06 1.09852e-06 -2.58443e-21)
(1.58609e-06 1.12507e-06 -2.57033e-21)
(1.60898e-06 1.15183e-06 -2.55631e-21)
(1.63183e-06 1.17875e-06 -2.54237e-21)
(1.63939e-06 1.19553e-06 4.40344e-22)
(1.22181e-06 7.09708e-07 0)
(1.23766e-06 7.34657e-07 0)
(1.25443e-06 7.59277e-07 0)
(1.27203e-06 7.83696e-07 0)
(1.2904e-06 8.08013e-07 0)
(1.30944e-06 8.32303e-07 0)
(1.3291e-06 8.56637e-07 0)
(1.34931e-06 8.81066e-07 0)
(1.37001e-06 9.05639e-07 0)
(1.39116e-06 9.30394e-07 0)
(1.41269e-06 9.55364e-07 0)
(1.43456e-06 9.80579e-07 0)
(1.45673e-06 1.00606e-06 0)
(1.47915e-06 1.03183e-06 0)
(1.50178e-06 1.05788e-06 0)
(1.52457e-06 1.08424e-06 0)
(1.54749e-06 1.11088e-06 0)
(1.57048e-06 1.13777e-06 0)
(1.59352e-06 1.16485e-06 0)
(1.61646e-06 1.19197e-06 3.43919e-21)
(1.16918e-06 6.94555e-07 0)
(1.18694e-06 7.19324e-07 0)
(1.20538e-06 7.43782e-07 0)
(1.22442e-06 7.68067e-07 0)
(1.24402e-06 7.92279e-07 0)
(1.26413e-06 8.16495e-07 0)
(1.2847e-06 8.40783e-07 0)
(1.3057e-06 8.65197e-07 0)
(1.32709e-06 8.89783e-07 0)
(1.34883e-06 9.14579e-07 0)
(1.37088e-06 9.39619e-07 0)
(1.39322e-06 9.6493e-07 0)
(1.4158e-06 9.90535e-07 0)
(1.43861e-06 1.01645e-06 0)
(1.46161e-06 1.04269e-06 0)
(1.48478e-06 1.06926e-06 0)
(1.50807e-06 1.09615e-06 0)
(1.53146e-06 1.12333e-06 0)
(1.5549e-06 1.15077e-06 0)
(1.57816e-06 1.17831e-06 3.46987e-21)
(1.11011e-06 6.74899e-07 0)
(1.13028e-06 6.99898e-07 0)
(1.15085e-06 7.2458e-07 0)
(1.17176e-06 7.49079e-07 0)
(1.19302e-06 7.73506e-07 0)
(1.21459e-06 7.97936e-07 0)
(1.23646e-06 8.22444e-07 0)
(1.25862e-06 8.47084e-07 0)
(1.28103e-06 8.71906e-07 0)
(1.30369e-06 8.9695e-07 0)
(1.32658e-06 9.22251e-07 0)
(1.34968e-06 9.47838e-07 0)
(1.37297e-06 9.73735e-07 0)
(1.39643e-06 9.99964e-07 0)
(1.42006e-06 1.02654e-06 0)
(1.44383e-06 1.05347e-06 0)
(1.46772e-06 1.08077e-06 0)
(1.4917e-06 1.10842e-06 0)
(1.51572e-06 1.1364e-06 0)
(1.53947e-06 1.16462e-06 3.52835e-21)
(1.04568e-06 6.50707e-07 0)
(1.06862e-06 6.76325e-07 0)
(1.0917e-06 7.01598e-07 0)
(1.11485e-06 7.26646e-07 0)
(1.13811e-06 7.51598e-07 0)
(1.16148e-06 7.76527e-07 0)
(1.18497e-06 8.01517e-07 0)
(1.20858e-06 8.26626e-07 0)
(1.23231e-06 8.51908e-07 0)
(1.25616e-06 8.77408e-07 0)
(1.28014e-06 9.03164e-07 0)
(1.30424e-06 9.29208e-07 0)
(1.32846e-06 9.5557e-07 0)
(1.3528e-06 9.82275e-07 0)
(1.37725e-06 1.00934e-06 0)
(1.40181e-06 1.0368e-06 0)
(1.42646e-06 1.06465e-06 0)
(1.45118e-06 1.09293e-06 0)
(1.47594e-06 1.12163e-06 0)
(1.50034e-06 1.1507e-06 3.61395e-21)
(9.7707e-07 6.2185e-07 0)
(1.00308e-06 6.48485e-07 0)
(1.02894e-06 6.7473e-07 0)
(1.05459e-06 7.00673e-07 0)
(1.08013e-06 7.26472e-07 0)
(1.10555e-06 7.52195e-07 0)
(1.1309e-06 7.7794e-07 0)
(1.15619e-06 8.03769e-07 0)
(1.18146e-06 8.29745e-07 0)
(1.20672e-06 8.55916e-07 0)
(1.23198e-06 8.82327e-07 0)
(1.25727e-06 9.09016e-07 0)
(1.2826e-06 9.36017e-07 0)
(1.30797e-06 9.63363e-07 0)
(1.3334e-06 9.91082e-07 0)
(1.35888e-06 1.01921e-06 0)
(1.38442e-06 1.04777e-06 0)
(1.41001e-06 1.07681e-06 0)
(1.43562e-06 1.10636e-06 0)
(1.46082e-06 1.13639e-06 3.72537e-21)
(9.05395e-07 5.88432e-07 0)
(9.34655e-07 6.16466e-07 0)
(9.63495e-07 6.44048e-07 0)
(9.91845e-07 6.71223e-07 0)
(1.01984e-06 6.98177e-07 0)
(1.0475e-06 7.24982e-07 0)
(1.07489e-06 7.51747e-07 0)
(1.10205e-06 7.78542e-07 0)
(1.12902e-06 8.05439e-07 0)
(1.15584e-06 8.32495e-07 0)
(1.18254e-06 8.59761e-07 0)
(1.20916e-06 8.8728e-07 0)
(1.23572e-06 9.15095e-07 0)
(1.26225e-06 9.43243e-07 0)
(1.28876e-06 9.71764e-07 0)
(1.31528e-06 1.0007e-06 0)
(1.3418e-06 1.03009e-06 0)
(1.36834e-06 1.06001e-06 0)
(1.39489e-06 1.0905e-06 0)
(1.42101e-06 1.12158e-06 3.86098e-21)
(8.31751e-07 5.50638e-07 0)
(8.64341e-07 5.80427e-07 0)
(8.96263e-07 6.09687e-07 0)
(9.27419e-07 6.38413e-07 0)
(9.57998e-07 6.6682e-07 0)
(9.88015e-07 6.94986e-07 0)
(1.01757e-06 7.23029e-07 0)
(1.04671e-06 7.51033e-07 0)
(1.07551e-06 7.79077e-07 0)
(1.10401e-06 8.07226e-07 0)
(1.13226e-06 8.3554e-07 0)
(1.16031e-06 8.64071e-07 0)
(1.1882e-06 8.92867e-07 0)
(1.21596e-06 9.21974e-07 0)
(1.24363e-06 9.51437e-07 0)
(1.27125e-06 9.8131e-07 0)
(1.29882e-06 1.01165e-06 0)
(1.32638e-06 1.04253e-06 0)
(1.35393e-06 1.07404e-06 0)
(1.38108e-06 1.10621e-06 4.0188e-21)
(7.57219e-07 5.08824e-07 0)
(7.93106e-07 5.40687e-07 0)
(8.2812e-07 5.71916e-07 0)
(8.62117e-07 6.0248e-07 0)
(8.95321e-07 6.32598e-07 0)
(9.2776e-07 6.62373e-07 0)
(9.59546e-07 6.91928e-07 0)
(9.90745e-07 7.21362e-07 0)
(1.02144e-06 7.50762e-07 0)
(1.05168e-06 7.80204e-07 0)
(1.08155e-06 8.09755e-07 0)
(1.11109e-06 8.39474e-07 0)
(1.14037e-06 8.69414e-07 0)
(1.16942e-06 8.9963e-07 0)
(1.19831e-06 9.30173e-07 0)
(1.22706e-06 9.61103e-07 0)
(1.25572e-06 9.92485e-07 0)
(1.28433e-06 1.02441e-06 0)
(1.31292e-06 1.05697e-06 0)
(1.3412e-06 1.09025e-06 4.19666e-21)
(6.8277e-07 4.63492e-07 0)
(7.21783e-07 4.9766e-07 0)
(7.5977e-07 5.31064e-07 0)
(7.96581e-07 5.6372e-07 0)
(8.32405e-07 5.95789e-07 0)
(8.67291e-07 6.27402e-07 0)
(9.01343e-07 6.58684e-07 0)
(9.34639e-07 6.89749e-07 0)
(9.67268e-07 7.20695e-07 0)
(9.99304e-07 7.51608e-07 0)
(1.03082e-06 7.82564e-07 0)
(1.0619e-06 8.13629e-07 0)
(1.09259e-06 8.44864e-07 0)
(1.12296e-06 8.76326e-07 0)
(1.15308e-06 9.08071e-07 0)
(1.18299e-06 9.40165e-07 0)
(1.21276e-06 9.72677e-07 0)
(1.24243e-06 1.00571e-06 0)
(1.27207e-06 1.03935e-06 0)
(1.30153e-06 1.07372e-06 4.39206e-21)
(6.16678e-07 4.2225e-07 0)
(6.5802e-07 4.584e-07 0)
(6.98228e-07 4.9358e-07 0)
(7.37218e-07 5.28006e-07 0)
(7.7511e-07 5.6177e-07 0)
(8.11957e-07 5.95011e-07 0)
(8.47848e-07 6.27845e-07 0)
(8.82861e-07 6.60385e-07 0)
(9.17082e-07 6.92735e-07 0)
(9.50592e-07 7.24982e-07 0)
(9.83473e-07 7.57206e-07 0)
(1.0158e-06 7.89476e-07 0)
(1.04765e-06 8.21856e-07 0)
(1.07909e-06 8.54403e-07 0)
(1.1102e-06 8.87176e-07 0)
(1.14104e-06 9.20237e-07 0)
(1.17167e-06 9.53655e-07 0)
(1.20218e-06 9.87522e-07 0)
(1.23264e-06 1.02193e-06 0)
(1.26307e-06 1.05706e-06 4.55526e-21)
(1.2662e-06 7.20917e-07 -2.803e-21)
(1.2808e-06 7.46409e-07 -2.78797e-21)
(1.29654e-06 7.71517e-07 -2.77301e-21)
(1.31332e-06 7.96364e-07 -2.75812e-21)
(1.33101e-06 8.21052e-07 -2.74331e-21)
(1.34952e-06 8.45661e-07 -2.72856e-21)
(1.36877e-06 8.70263e-07 -2.71388e-21)
(1.38866e-06 8.94916e-07 -2.69927e-21)
(1.40913e-06 9.1967e-07 -2.68471e-21)
(1.4301e-06 9.44566e-07 -2.67022e-21)
(1.45151e-06 9.69641e-07 -2.65579e-21)
(1.47331e-06 9.94923e-07 -2.6414e-21)
(1.49544e-06 1.02044e-06 -2.62707e-21)
(1.51784e-06 1.0462e-06 -2.6128e-21)
(1.54045e-06 1.07223e-06 -2.59858e-21)
(1.56322e-06 1.09852e-06 -2.58443e-21)
(1.58609e-06 1.12507e-06 -2.57033e-21)
(1.60898e-06 1.15183e-06 -2.55631e-21)
(1.63183e-06 1.17875e-06 -2.54237e-21)
(1.63939e-06 1.19553e-06 4.40344e-22)
(1.22181e-06 7.09708e-07 0)
(1.23766e-06 7.34657e-07 0)
(1.25443e-06 7.59277e-07 0)
(1.27203e-06 7.83696e-07 0)
(1.2904e-06 8.08013e-07 0)
(1.30944e-06 8.32303e-07 0)
(1.3291e-06 8.56637e-07 0)
(1.34931e-06 8.81066e-07 0)
(1.37001e-06 9.05639e-07 0)
(1.39116e-06 9.30394e-07 0)
(1.41269e-06 9.55364e-07 0)
(1.43456e-06 9.80579e-07 0)
(1.45673e-06 1.00606e-06 0)
(1.47915e-06 1.03183e-06 0)
(1.50178e-06 1.05788e-06 0)
(1.52457e-06 1.08424e-06 0)
(1.54749e-06 1.11088e-06 0)
(1.57048e-06 1.13777e-06 0)
(1.59352e-06 1.16485e-06 0)
(1.61646e-06 1.19197e-06 3.43919e-21)
(1.16918e-06 6.94555e-07 0)
(1.18694e-06 7.19324e-07 0)
(1.20538e-06 7.43782e-07 0)
(1.22442e-06 7.68067e-07 0)
(1.24402e-06 7.92279e-07 0)
(1.26413e-06 8.16495e-07 0)
(1.2847e-06 8.40783e-07 0)
(1.3057e-06 8.65197e-07 0)
(1.32709e-06 8.89783e-07 0)
(1.34883e-06 9.14579e-07 0)
(1.37088e-06 9.39619e-07 0)
(1.39322e-06 9.6493e-07 0)
(1.4158e-06 9.90535e-07 0)
(1.43861e-06 1.01645e-06 0)
(1.46161e-06 1.04269e-06 0)
(1.48478e-06 1.06926e-06 0)
(1.50807e-06 1.09615e-06 0)
(1.53146e-06 1.12333e-06 0)
(1.5549e-06 1.15077e-06 0)
(1.57816e-06 1.17831e-06 3.46987e-21)
(1.11011e-06 6.74899e-07 0)
(1.13028e-06 6.99898e-07 0)
(1.15085e-06 7.2458e-07 0)
(1.17176e-06 7.49079e-07 0)
(1.19302e-06 7.73506e-07 0)
(1.21459e-06 7.97936e-07 0)
(1.23646e-06 8.22444e-07 0)
(1.25862e-06 8.47084e-07 0)
(1.28103e-06 8.71906e-07 0)
(1.30369e-06 8.9695e-07 0)
(1.32658e-06 9.22251e-07 0)
(1.34968e-06 9.47838e-07 0)
(1.37297e-06 9.73735e-07 0)
(1.39643e-06 9.99964e-07 0)
(1.42006e-06 1.02654e-06 0)
(1.44383e-06 1.05347e-06 0)
(1.46772e-06 1.08077e-06 0)
(1.4917e-06 1.10842e-06 0)
(1.51572e-06 1.1364e-06 0)
(1.53947e-06 1.16462e-06 3.52835e-21)
(1.04568e-06 6.50707e-07 0)
(1.06862e-06 6.76325e-07 0)
(1.0917e-06 7.01598e-07 0)
(1.11485e-06 7.26646e-07 0)
(1.13811e-06 7.51598e-07 0)
(1.16148e-06 7.76527e-07 0)
(1.18497e-06 8.01517e-07 0)
(1.20858e-06 8.26626e-07 0)
(1.23231e-06 8.51908e-07 0)
(1.25616e-06 8.77408e-07 0)
(1.28014e-06 9.03164e-07 0)
(1.30424e-06 9.29208e-07 0)
(1.32846e-06 9.5557e-07 0)
(1.3528e-06 9.82275e-07 0)
(1.37725e-06 1.00934e-06 0)
(1.40181e-06 1.0368e-06 0)
(1.42646e-06 1.06465e-06 0)
(1.45118e-06 1.09293e-06 0)
(1.47594e-06 1.12163e-06 0)
(1.50034e-06 1.1507e-06 3.61395e-21)
(9.7707e-07 6.2185e-07 0)
(1.00308e-06 6.48485e-07 0)
(1.02894e-06 6.7473e-07 0)
(1.05459e-06 7.00673e-07 0)
(1.08013e-06 7.26472e-07 0)
(1.10555e-06 7.52195e-07 0)
(1.1309e-06 7.7794e-07 0)
(1.15619e-06 8.03769e-07 0)
(1.18146e-06 8.29745e-07 0)
(1.20672e-06 8.55916e-07 0)
(1.23198e-06 8.82327e-07 0)
(1.25727e-06 9.09016e-07 0)
(1.2826e-06 9.36017e-07 0)
(1.30797e-06 9.63363e-07 0)
(1.3334e-06 9.91082e-07 0)
(1.35888e-06 1.01921e-06 0)
(1.38442e-06 1.04777e-06 0)
(1.41001e-06 1.07681e-06 0)
(1.43562e-06 1.10636e-06 0)
(1.46082e-06 1.13639e-06 3.72537e-21)
(9.05395e-07 5.88432e-07 0)
(9.34655e-07 6.16466e-07 0)
(9.63495e-07 6.44048e-07 0)
(9.91845e-07 6.71223e-07 0)
(1.01984e-06 6.98177e-07 0)
(1.0475e-06 7.24982e-07 0)
(1.07489e-06 7.51747e-07 0)
(1.10205e-06 7.78542e-07 0)
(1.12902e-06 8.05439e-07 0)
(1.15584e-06 8.32495e-07 0)
(1.18254e-06 8.59761e-07 0)
(1.20916e-06 8.8728e-07 0)
(1.23572e-06 9.15095e-07 0)
(1.26225e-06 9.43243e-07 0)
(1.28876e-06 9.71764e-07 0)
(1.31528e-06 1.0007e-06 0)
(1.3418e-06 1.03009e-06 0)
(1.36834e-06 1.06001e-06 0)
(1.39489e-06 1.0905e-06 0)
(1.42101e-06 1.12158e-06 3.86098e-21)
(8.31751e-07 5.50638e-07 0)
(8.64341e-07 5.80427e-07 0)
(8.96263e-07 6.09687e-07 0)
(9.27419e-07 6.38413e-07 0)
(9.57998e-07 6.6682e-07 0)
(9.88015e-07 6.94986e-07 0)
(1.01757e-06 7.23029e-07 0)
(1.04671e-06 7.51033e-07 0)
(1.07551e-06 7.79077e-07 0)
(1.10401e-06 8.07226e-07 0)
(1.13226e-06 8.3554e-07 0)
(1.16031e-06 8.64071e-07 0)
(1.1882e-06 8.92867e-07 0)
(1.21596e-06 9.21974e-07 0)
(1.24363e-06 9.51437e-07 0)
(1.27125e-06 9.8131e-07 0)
(1.29882e-06 1.01165e-06 0)
(1.32638e-06 1.04253e-06 0)
(1.35393e-06 1.07404e-06 0)
(1.38108e-06 1.10621e-06 4.0188e-21)
(7.57219e-07 5.08824e-07 0)
(7.93106e-07 5.40687e-07 0)
(8.2812e-07 5.71916e-07 0)
(8.62117e-07 6.0248e-07 0)
(8.95321e-07 6.32598e-07 0)
(9.2776e-07 6.62373e-07 0)
(9.59546e-07 6.91928e-07 0)
(9.90745e-07 7.21362e-07 0)
(1.02144e-06 7.50762e-07 0)
(1.05168e-06 7.80204e-07 0)
(1.08155e-06 8.09755e-07 0)
(1.11109e-06 8.39474e-07 0)
(1.14037e-06 8.69414e-07 0)
(1.16942e-06 8.9963e-07 0)
(1.19831e-06 9.30173e-07 0)
(1.22706e-06 9.61103e-07 0)
(1.25572e-06 9.92485e-07 0)
(1.28433e-06 1.02441e-06 0)
(1.31292e-06 1.05697e-06 0)
(1.3412e-06 1.09025e-06 4.19666e-21)
(6.8277e-07 4.63492e-07 0)
(7.21783e-07 4.9766e-07 0)
(7.5977e-07 5.31064e-07 0)
(7.96581e-07 5.6372e-07 0)
(8.32405e-07 5.95789e-07 0)
(8.67291e-07 6.27402e-07 0)
(9.01343e-07 6.58684e-07 0)
(9.34639e-07 6.89749e-07 0)
(9.67268e-07 7.20695e-07 0)
(9.99304e-07 7.51608e-07 0)
(1.03082e-06 7.82564e-07 0)
(1.0619e-06 8.13629e-07 0)
(1.09259e-06 8.44864e-07 0)
(1.12296e-06 8.76326e-07 0)
(1.15308e-06 9.08071e-07 0)
(1.18299e-06 9.40165e-07 0)
(1.21276e-06 9.72677e-07 0)
(1.24243e-06 1.00571e-06 0)
(1.27207e-06 1.03935e-06 0)
(1.30153e-06 1.07372e-06 4.39206e-21)
(6.16678e-07 4.2225e-07 0)
(6.5802e-07 4.584e-07 0)
(6.98228e-07 4.9358e-07 0)
(7.37218e-07 5.28006e-07 0)
(7.7511e-07 5.6177e-07 0)
(8.11957e-07 5.95011e-07 0)
(8.47848e-07 6.27845e-07 0)
(8.82861e-07 6.60385e-07 0)
(9.17082e-07 6.92735e-07 0)
(9.50592e-07 7.24982e-07 0)
(9.83473e-07 7.57206e-07 0)
(1.0158e-06 7.89476e-07 0)
(1.04765e-06 8.21856e-07 0)
(1.07909e-06 8.54403e-07 0)
(1.1102e-06 8.87176e-07 0)
(1.14104e-06 9.20237e-07 0)
(1.17167e-06 9.53655e-07 0)
(1.20218e-06 9.87522e-07 0)
(1.23264e-06 1.02193e-06 0)
(1.26307e-06 1.05706e-06 4.55526e-21)
(5.18771e-07 3.53361e-07 0)
(5.68556e-07 3.93971e-07 0)
(6.10698e-07 4.30958e-07 0)
(6.51693e-07 4.66939e-07 0)
(6.91524e-07 5.0223e-07 0)
(7.30261e-07 5.36892e-07 0)
(7.67949e-07 5.7104e-07 0)
(8.04658e-07 6.04773e-07 0)
(8.40457e-07 6.3819e-07 0)
(8.75423e-07 6.71379e-07 0)
(9.0963e-07 7.04422e-07 0)
(9.43157e-07 7.3739e-07 0)
(9.76077e-07 7.70349e-07 0)
(1.00847e-06 8.03355e-07 0)
(1.0404e-06 8.36464e-07 0)
(1.07195e-06 8.69728e-07 0)
(1.10318e-06 9.03203e-07 0)
(1.13419e-06 9.36948e-07 0)
(1.16504e-06 9.71043e-07 0)
(1.19584e-06 1.00556e-06 0)
(1.22668e-06 1.04068e-06 4.62493e-21)
(4.83507e-07 3.32673e-07 0)
(5.31649e-07 3.72763e-07 0)
(5.73497e-07 4.09822e-07 0)
(6.14344e-07 4.46063e-07 0)
(6.5414e-07 4.81728e-07 0)
(6.9293e-07 5.16845e-07 0)
(7.30734e-07 5.51497e-07 0)
(7.67603e-07 5.85759e-07 0)
(8.03589e-07 6.19707e-07 0)
(8.38755e-07 6.53415e-07 0)
(8.73164e-07 6.86948e-07 0)
(9.06886e-07 7.20367e-07 0)
(9.39989e-07 7.53728e-07 0)
(9.72545e-07 7.8708e-07 0)
(1.00462e-06 8.2047e-07 0)
(1.0363e-06 8.53941e-07 0)
(1.06764e-06 8.87539e-07 0)
(1.09874e-06 9.21312e-07 0)
(1.12968e-06 9.55319e-07 0)
(1.16057e-06 9.89613e-07 0)
(1.1915e-06 1.02431e-06 4.63914e-21)
(4.52205e-07 3.1275e-07 0)
(4.98563e-07 3.52295e-07 0)
(5.39676e-07 3.89268e-07 0)
(5.80003e-07 4.25624e-07 0)
(6.1942e-07 4.61541e-07 0)
(6.57958e-07 4.97012e-07 0)
(6.95601e-07 5.32086e-07 0)
(7.32384e-07 5.66812e-07 0)
(7.68338e-07 6.01242e-07 0)
(8.03512e-07 6.3543e-07 0)
(8.37956e-07 6.69426e-07 0)
(8.71729e-07 7.03278e-07 0)
(9.04893e-07 7.37029e-07 0)
(9.37513e-07 7.70719e-07 0)
(9.69654e-07 8.04383e-07 0)
(1.00139e-06 8.38056e-07 0)
(1.03279e-06 8.71771e-07 0)
(1.06394e-06 9.0556e-07 0)
(1.09492e-06 9.39462e-07 0)
(1.12586e-06 9.73503e-07 0)
(1.15685e-06 1.00775e-06 4.6486e-21)
(4.24288e-07 2.93753e-07 0)
(4.68755e-07 3.32622e-07 0)
(5.08875e-07 3.69368e-07 0)
(5.48408e-07 4.05718e-07 0)
(5.87185e-07 4.41784e-07 0)
(6.25221e-07 4.77519e-07 0)
(6.62471e-07 5.12937e-07 0)
(6.98955e-07 5.48061e-07 0)
(7.34684e-07 5.82918e-07 0)
(7.69693e-07 6.17542e-07 0)
(8.0402e-07 6.51965e-07 0)
(8.37712e-07 6.86221e-07 0)
(8.70823e-07 7.20341e-07 0)
(9.0341e-07 7.54351e-07 0)
(9.35534e-07 7.88277e-07 0)
(9.6726e-07 8.22141e-07 0)
(9.98659e-07 8.55961e-07 0)
(1.02981e-06 8.89757e-07 0)
(1.06081e-06 9.23538e-07 0)
(1.09178e-06 9.57308e-07 0)
(1.12279e-06 9.91078e-07 4.65296e-21)
(3.99275e-07 2.75741e-07 0)
(4.41808e-07 3.13865e-07 0)
(4.80744e-07 3.50275e-07 0)
(5.19277e-07 3.8651e-07 0)
(5.57207e-07 4.22617e-07 0)
(5.94538e-07 4.58519e-07 0)
(6.31205e-07 4.94197e-07 0)
(6.6721e-07 5.29643e-07 0)
(7.02549e-07 5.64863e-07 0)
(7.37242e-07 5.99868e-07 0)
(7.71317e-07 6.34672e-07 0)
(8.0481e-07 6.69294e-07 0)
(8.37764e-07 7.0375e-07 0)
(8.7023e-07 7.38056e-07 0)
(9.02261e-07 7.72223e-07 0)
(9.33918e-07 8.06262e-07 0)
(9.65267e-07 8.40176e-07 0)
(9.96383e-07 8.73965e-07 0)
(1.02735e-06 9.07614e-07 0)
(1.05831e-06 9.4111e-07 0)
(1.0893e-06 9.74419e-07 4.65187e-21)
(3.76667e-07 2.58717e-07 0)
(4.17279e-07 2.96038e-07 0)
(4.5491e-07 3.32027e-07 0)
(4.92298e-07 3.68055e-07 0)
(5.29232e-07 4.04116e-07 0)
(5.65703e-07 4.40098e-07 0)
(6.01632e-07 4.75956e-07 0)
(6.37011e-07 5.11654e-07 0)
(6.7182e-07 5.47171e-07 0)
(7.06069e-07 5.82499e-07 0)
(7.39774e-07 6.17634e-07 0)
(7.72963e-07 6.52579e-07 0)
(8.05669e-07 6.87334e-07 0)
(8.37934e-07 7.21903e-07 0)
(8.69806e-07 7.56287e-07 0)
(9.01339e-07 7.90479e-07 0)
(9.32591e-07 8.24472e-07 0)
(9.63636e-07 8.58246e-07 0)
(9.94545e-07 8.91765e-07 0)
(1.02543e-06 9.24999e-07 0)
(1.05636e-06 9.57855e-07 4.64583e-21)
(3.56029e-07 2.4265e-07 0)
(3.94761e-07 2.79144e-07 0)
(4.31011e-07 3.14653e-07 0)
(4.67156e-07 3.50406e-07 0)
(5.02984e-07 3.86344e-07 0)
(5.38477e-07 4.22332e-07 0)
(5.7355e-07 4.58296e-07 0)
(6.08183e-07 4.94174e-07 0)
(6.42349e-07 5.29923e-07 0)
(6.76048e-07 5.65515e-07 0)
(7.09285e-07 6.00927e-07 0)
(7.4208e-07 6.36146e-07 0)
(7.74459e-07 6.7116e-07 0)
(8.06455e-07 7.05957e-07 0)
(8.38108e-07 7.40527e-07 0)
(8.69466e-07 7.74851e-07 0)
(9.0058e-07 8.08907e-07 0)
(9.31515e-07 8.42661e-07 0)
(9.62331e-07 8.76058e-07 0)
(9.93131e-07 9.09044e-07 0)
(1.02398e-06 9.41477e-07 4.63529e-21)
(3.36958e-07 2.27485e-07 0)
(3.73868e-07 2.63149e-07 0)
(4.08696e-07 2.98144e-07 0)
(4.43537e-07 3.33571e-07 0)
(4.78182e-07 3.69329e-07 0)
(5.12613e-07 4.0526e-07 0)
(5.46739e-07 4.41265e-07 0)
(5.80535e-07 4.7726e-07 0)
(6.13968e-07 5.1318e-07 0)
(6.47029e-07 5.48977e-07 0)
(6.79718e-07 5.84613e-07 0)
(7.12045e-07 6.20056e-07 0)
(7.4403e-07 6.55284e-07 0)
(7.75698e-07 6.90271e-07 0)
(8.07082e-07 7.24995e-07 0)
(8.38222e-07 7.59427e-07 0)
(8.69161e-07 7.93531e-07 0)
(8.99954e-07 8.27261e-07 0)
(9.30652e-07 8.60545e-07 0)
(9.6134e-07 8.93311e-07 0)
(9.9207e-07 9.25378e-07 4.62068e-21)
(3.19098e-07 2.1316e-07 0)
(3.54245e-07 2.48013e-07 0)
(3.87632e-07 2.82481e-07 0)
(4.2113e-07 3.17551e-07 0)
(4.54543e-07 3.53085e-07 0)
(4.8785e-07 3.88909e-07 0)
(5.20963e-07 4.24901e-07 0)
(5.53854e-07 4.60954e-07 0)
(5.86484e-07 4.96988e-07 0)
(6.18841e-07 5.32934e-07 0)
(6.50917e-07 5.68739e-07 0)
(6.82718e-07 6.04358e-07 0)
(7.14254e-07 6.39754e-07 0)
(7.45547e-07 6.74892e-07 0)
(7.7662e-07 7.09736e-07 0)
(8.07506e-07 7.44251e-07 0)
(8.3824e-07 7.78388e-07 0)
(8.68865e-07 8.12092e-07 0)
(8.99421e-07 8.45277e-07 0)
(9.29976e-07 8.77859e-07 0)
(9.60567e-07 9.09627e-07 4.60273e-21)
(3.0212e-07 1.9961e-07 0)
(3.35563e-07 2.33687e-07 0)
(3.67501e-07 2.67631e-07 0)
(3.99634e-07 3.02328e-07 0)
(4.31782e-07 3.3761e-07 0)
(4.63926e-07 3.73288e-07 0)
(4.9598e-07 4.0922e-07 0)
(5.27915e-07 4.45283e-07 0)
(5.59692e-07 4.81377e-07 0)
(5.91295e-07 5.1742e-07 0)
(6.2271e-07 5.53343e-07 0)
(6.5394e-07 5.89088e-07 0)
(6.84987e-07 6.24607e-07 0)
(7.15867e-07 6.59854e-07 0)
(7.46597e-07 6.94786e-07 0)
(7.77201e-07 7.29357e-07 0)
(8.07705e-07 7.63513e-07 0)
(8.38142e-07 7.97189e-07 0)
(8.68539e-07 8.30294e-07 0)
(8.98944e-07 8.62734e-07 0)
(9.29378e-07 8.94278e-07 4.5822e-21)
(2.85727e-07 1.86778e-07 0)
(3.1751e-07 2.20126e-07 0)
(3.47998e-07 2.53562e-07 0)
(3.78755e-07 2.87884e-07 0)
(4.09619e-07 3.22897e-07 0)
(4.40572e-07 3.58399e-07 0)
(4.71536e-07 3.94233e-07 0)
(5.02483e-07 4.30261e-07 0)
(5.33374e-07 4.66368e-07 0)
(5.64188e-07 5.02458e-07 0)
(5.94912e-07 5.38449e-07 0)
(6.25538e-07 5.74273e-07 0)
(6.56069e-07 6.09871e-07 0)
(6.86511e-07 6.45187e-07 0)
(7.16874e-07 6.80172e-07 0)
(7.47176e-07 7.14773e-07 0)
(7.77433e-07 7.48932e-07 0)
(8.07666e-07 7.82581e-07 0)
(8.37893e-07 8.15624e-07 0)
(8.68136e-07 8.47967e-07 0)
(8.98402e-07 8.79372e-07 4.55998e-21)
(2.69634e-07 1.74615e-07 0)
(2.99788e-07 2.07288e-07 0)
(3.28825e-07 2.40243e-07 0)
(3.582e-07 2.74195e-07 0)
(3.87767e-07 3.08928e-07 0)
(4.17516e-07 3.44233e-07 0)
(4.47374e-07 3.79938e-07 0)
(4.77315e-07 4.15892e-07 0)
(5.073e-07 4.51969e-07 0)
(5.37309e-07 4.8806e-07 0)
(5.67322e-07 5.24073e-07 0)
(5.9733e-07 5.5993e-07 0)
(6.27329e-07 5.95562e-07 0)
(6.57318e-07 6.30908e-07 0)
(6.87303e-07 6.65912e-07 0)
(7.17291e-07 7.00518e-07 0)
(7.47291e-07 7.34664e-07 0)
(7.77313e-07 7.68283e-07 0)
(8.07361e-07 8.01285e-07 0)
(8.37437e-07 8.33576e-07 0)
(8.67531e-07 8.64928e-07 4.5371e-21)
(2.53568e-07 1.63088e-07 0)
(2.82106e-07 1.95144e-07 0)
(3.09688e-07 2.27648e-07 0)
(3.37674e-07 2.6124e-07 0)
(3.65941e-07 2.95689e-07 0)
(3.9448e-07 3.30779e-07 0)
(4.23228e-07 3.66327e-07 0)
(4.52159e-07 4.02173e-07 0)
(4.81235e-07 4.38179e-07 0)
(5.10435e-07 4.74228e-07 0)
(5.39736e-07 5.10218e-07 0)
(5.69124e-07 5.46064e-07 0)
(5.98589e-07 5.81689e-07 0)
(6.28124e-07 6.17027e-07 0)
(6.57728e-07 6.52016e-07 0)
(6.87401e-07 6.86599e-07 0)
(7.17143e-07 7.20716e-07 0)
(7.46951e-07 7.54304e-07 0)
(7.7682e-07 7.87279e-07 0)
(8.06732e-07 8.19562e-07 0)
(8.36658e-07 8.50945e-07 4.51468e-21)
(2.37252e-07 1.52174e-07 0)
(2.64166e-07 1.83669e-07 0)
(2.90284e-07 2.15752e-07 0)
(3.16878e-07 2.48996e-07 0)
(3.43844e-07 2.8316e-07 0)
(3.71177e-07 3.18018e-07 0)
(3.98822e-07 3.53384e-07 0)
(4.26752e-07 3.89088e-07 0)
(4.54932e-07 4.24985e-07 0)
(4.83336e-07 4.60951e-07 0)
(5.11939e-07 4.96876e-07 0)
(5.40722e-07 5.32669e-07 0)
(5.69667e-07 5.68247e-07 0)
(5.98762e-07 6.03539e-07 0)
(6.27997e-07 6.38483e-07 0)
(6.57364e-07 6.73018e-07 0)
(6.86854e-07 7.07089e-07 0)
(7.16456e-07 7.40639e-07 0)
(7.46152e-07 7.736e-07 0)
(7.75907e-07 8.05911e-07 0)
(8.05677e-07 8.37401e-07 4.49367e-21)
(2.20398e-07 1.41879e-07 0)
(2.45662e-07 1.72863e-07 0)
(2.70301e-07 2.0455e-07 0)
(2.95499e-07 2.37454e-07 0)
(3.2117e-07 2.71324e-07 0)
(3.47311e-07 3.05934e-07 0)
(3.73872e-07 3.41091e-07 0)
(4.00826e-07 3.76619e-07 0)
(4.28138e-07 4.12369e-07 0)
(4.55777e-07 4.4821e-07 0)
(4.83714e-07 4.84029e-07 0)
(5.11923e-07 5.19728e-07 0)
(5.4038e-07 5.55221e-07 0)
(5.69064e-07 5.90434e-07 0)
(5.97957e-07 6.253e-07 0)
(6.27041e-07 6.59763e-07 0)
(6.56299e-07 6.93769e-07 0)
(6.8571e-07 7.27274e-07 0)
(7.15247e-07 7.60226e-07 0)
(7.44861e-07 7.9259e-07 0)
(7.74493e-07 8.24251e-07 4.47506e-21)
(2.0269e-07 1.32199e-07 0)
(2.26257e-07 1.62711e-07 0)
(2.494e-07 1.94021e-07 0)
(2.73201e-07 2.26585e-07 0)
(2.97591e-07 2.60151e-07 0)
(3.22564e-07 2.94491e-07 0)
(3.48076e-07 3.29409e-07 0)
(3.74096e-07 3.64726e-07 0)
(4.00587e-07 4.00291e-07 0)
(4.27512e-07 4.35968e-07 0)
(4.54836e-07 4.71641e-07 0)
(4.82524e-07 5.07208e-07 0)
(5.10545e-07 5.4258e-07 0)
(5.38868e-07 5.77681e-07 0)
(5.67464e-07 6.12444e-07 0)
(5.96306e-07 6.46811e-07 0)
(6.25367e-07 6.80737e-07 0)
(6.54615e-07 7.14184e-07 0)
(6.84016e-07 7.47126e-07 0)
(7.13511e-07 7.79555e-07 0)
(7.43032e-07 8.11428e-07 4.4598e-21)
(1.83786e-07 1.23192e-07 0)
(2.05592e-07 1.53254e-07 0)
(2.27222e-07 1.84185e-07 0)
(2.49632e-07 2.16395e-07 0)
(2.72766e-07 2.49632e-07 0)
(2.96612e-07 2.83669e-07 0)
(3.21127e-07 3.1831e-07 0)
(3.46275e-07 3.53375e-07 0)
(3.72013e-07 3.88712e-07 0)
(3.98297e-07 4.24182e-07 0)
(4.25083e-07 4.59667e-07 0)
(4.52327e-07 4.95063e-07 0)
(4.79987e-07 5.3028e-07 0)
(5.08021e-07 5.65239e-07 0)
(5.36389e-07 5.99872e-07 0)
(5.65051e-07 6.34125e-07 0)
(5.93967e-07 6.67953e-07 0)
(6.23098e-07 7.01332e-07 0)
(6.52399e-07 7.34254e-07 0)
(6.81806e-07 7.66743e-07 0)
(7.11247e-07 7.98842e-07 4.4483e-21)
(1.63264e-07 1.14839e-07 0)
(1.83233e-07 1.44453e-07 0)
(2.03341e-07 1.7499e-07 0)
(2.24379e-07 2.0682e-07 0)
(2.46299e-07 2.39696e-07 0)
(2.69081e-07 2.73393e-07 0)
(2.92676e-07 3.07716e-07 0)
(3.1704e-07 3.42487e-07 0)
(3.42119e-07 3.77551e-07 0)
(3.67862e-07 4.12773e-07 0)
(3.94214e-07 4.48031e-07 0)
(4.21119e-07 4.83222e-07 0)
(4.48522e-07 5.18252e-07 0)
(4.7637e-07 5.53044e-07 0)
(5.04607e-07 5.87528e-07 0)
(5.33181e-07 6.2165e-07 0)
(5.62038e-07 6.5537e-07 0)
(5.91122e-07 6.8867e-07 0)
(6.20378e-07 7.21558e-07 0)
(6.49739e-07 7.54088e-07 0)
(6.79135e-07 7.86387e-07 4.44095e-21)
(1.40727e-07 1.07296e-07 0)
(1.58777e-07 1.36424e-07 0)
(1.77367e-07 1.66513e-07 0)
(1.97072e-07 1.97903e-07 0)
(2.17845e-07 2.30356e-07 0)
(2.39648e-07 2.63651e-07 0)
(2.62424e-07 2.97595e-07 0)
(2.86115e-07 3.32013e-07 0)
(3.10658e-07 3.66751e-07 0)
(3.35985e-07 4.01672e-07 0)
(3.62031e-07 4.36656e-07 0)
(3.88727e-07 4.716e-07 0)
(4.16004e-07 5.06409e-07 0)
(4.43796e-07 5.41006e-07 0)
(4.72031e-07 5.75321e-07 0)
(5.00641e-07 6.09301e-07 0)
(5.29554e-07 6.42907e-07 0)
(5.58695e-07 6.76124e-07 0)
(5.87991e-07 7.08969e-07 0)
(6.17366e-07 7.4151e-07 0)
(6.46754e-07 7.73927e-07 4.43663e-21)
(1.1543e-07 1.00428e-07 2.29737e-21)
(1.31454e-07 1.2898e-07 2.32134e-21)
(1.48572e-07 1.58559e-07 2.31991e-21)
(1.67028e-07 1.89449e-07 2.3186e-21)
(1.86765e-07 2.21423e-07 2.31741e-21)
(2.07724e-07 2.54261e-07 2.31632e-21)
(2.29831e-07 2.87775e-07 2.31535e-21)
(2.53012e-07 3.21791e-07 2.31448e-21)
(2.77185e-07 3.56157e-07 2.31372e-21)
(3.02269e-07 3.90737e-07 2.31306e-21)
(3.28184e-07 4.25412e-07 2.3125e-21)
(3.54846e-07 4.60077e-07 2.31203e-21)
(3.82175e-07 4.94639e-07 2.31164e-21)
(4.10088e-07 5.2902e-07 2.31134e-21)
(4.38504e-07 5.63153e-07 2.31112e-21)
(4.67335e-07 5.96983e-07 2.31097e-21)
(4.96491e-07 6.30474e-07 2.31089e-21)
(5.25872e-07 6.6361e-07 2.31089e-21)
(5.55374e-07 6.96411e-07 2.31094e-21)
(5.84866e-07 7.28945e-07 2.31102e-21)
(6.15049e-07 7.56416e-07 3.37296e-21)
(5.18771e-07 3.53361e-07 0)
(5.68556e-07 3.93971e-07 0)
(6.10698e-07 4.30958e-07 0)
(6.51693e-07 4.66939e-07 0)
(6.91524e-07 5.0223e-07 0)
(7.30261e-07 5.36892e-07 0)
(7.67949e-07 5.7104e-07 0)
(8.04658e-07 6.04773e-07 0)
(8.40457e-07 6.3819e-07 0)
(8.75423e-07 6.71379e-07 0)
(9.0963e-07 7.04422e-07 0)
(9.43157e-07 7.3739e-07 0)
(9.76077e-07 7.70349e-07 0)
(1.00847e-06 8.03355e-07 0)
(1.0404e-06 8.36464e-07 0)
(1.07195e-06 8.69728e-07 0)
(1.10318e-06 9.03203e-07 0)
(1.13419e-06 9.36948e-07 0)
(1.16504e-06 9.71043e-07 0)
(1.19584e-06 1.00556e-06 0)
(1.22668e-06 1.04068e-06 4.62493e-21)
(4.83507e-07 3.32673e-07 0)
(5.31649e-07 3.72763e-07 0)
(5.73497e-07 4.09822e-07 0)
(6.14344e-07 4.46063e-07 0)
(6.5414e-07 4.81728e-07 0)
(6.9293e-07 5.16845e-07 0)
(7.30734e-07 5.51497e-07 0)
(7.67603e-07 5.85759e-07 0)
(8.03589e-07 6.19707e-07 0)
(8.38755e-07 6.53415e-07 0)
(8.73164e-07 6.86948e-07 0)
(9.06886e-07 7.20367e-07 0)
(9.39989e-07 7.53728e-07 0)
(9.72545e-07 7.8708e-07 0)
(1.00462e-06 8.2047e-07 0)
(1.0363e-06 8.53941e-07 0)
(1.06764e-06 8.87539e-07 0)
(1.09874e-06 9.21312e-07 0)
(1.12968e-06 9.55319e-07 0)
(1.16057e-06 9.89613e-07 0)
(1.1915e-06 1.02431e-06 4.63914e-21)
(4.52205e-07 3.1275e-07 0)
(4.98563e-07 3.52295e-07 0)
(5.39676e-07 3.89268e-07 0)
(5.80003e-07 4.25624e-07 0)
(6.1942e-07 4.61541e-07 0)
(6.57958e-07 4.97012e-07 0)
(6.95601e-07 5.32086e-07 0)
(7.32384e-07 5.66812e-07 0)
(7.68338e-07 6.01242e-07 0)
(8.03512e-07 6.3543e-07 0)
(8.37956e-07 6.69426e-07 0)
(8.71729e-07 7.03278e-07 0)
(9.04893e-07 7.37029e-07 0)
(9.37513e-07 7.70719e-07 0)
(9.69654e-07 8.04383e-07 0)
(1.00139e-06 8.38056e-07 0)
(1.03279e-06 8.71771e-07 0)
(1.06394e-06 9.0556e-07 0)
(1.09492e-06 9.39462e-07 0)
(1.12586e-06 9.73503e-07 0)
(1.15685e-06 1.00775e-06 4.6486e-21)
(4.24288e-07 2.93753e-07 0)
(4.68755e-07 3.32622e-07 0)
(5.08875e-07 3.69368e-07 0)
(5.48408e-07 4.05718e-07 0)
(5.87185e-07 4.41784e-07 0)
(6.25221e-07 4.77519e-07 0)
(6.62471e-07 5.12937e-07 0)
(6.98955e-07 5.48061e-07 0)
(7.34684e-07 5.82918e-07 0)
(7.69693e-07 6.17542e-07 0)
(8.0402e-07 6.51965e-07 0)
(8.37712e-07 6.86221e-07 0)
(8.70823e-07 7.20341e-07 0)
(9.0341e-07 7.54351e-07 0)
(9.35534e-07 7.88277e-07 0)
(9.6726e-07 8.22141e-07 0)
(9.98659e-07 8.55961e-07 0)
(1.02981e-06 8.89757e-07 0)
(1.06081e-06 9.23538e-07 0)
(1.09178e-06 9.57308e-07 0)
(1.12279e-06 9.91078e-07 4.65296e-21)
(3.99275e-07 2.75741e-07 0)
(4.41808e-07 3.13865e-07 0)
(4.80744e-07 3.50275e-07 0)
(5.19277e-07 3.8651e-07 0)
(5.57207e-07 4.22617e-07 0)
(5.94538e-07 4.58519e-07 0)
(6.31205e-07 4.94197e-07 0)
(6.6721e-07 5.29643e-07 0)
(7.02549e-07 5.64863e-07 0)
(7.37242e-07 5.99868e-07 0)
(7.71317e-07 6.34672e-07 0)
(8.0481e-07 6.69294e-07 0)
(8.37764e-07 7.0375e-07 0)
(8.7023e-07 7.38056e-07 0)
(9.02261e-07 7.72223e-07 0)
(9.33918e-07 8.06262e-07 0)
(9.65267e-07 8.40176e-07 0)
(9.96383e-07 8.73965e-07 0)
(1.02735e-06 9.07614e-07 0)
(1.05831e-06 9.4111e-07 0)
(1.0893e-06 9.74419e-07 4.65187e-21)
(3.76667e-07 2.58717e-07 0)
(4.17279e-07 2.96038e-07 0)
(4.5491e-07 3.32027e-07 0)
(4.92298e-07 3.68055e-07 0)
(5.29232e-07 4.04116e-07 0)
(5.65703e-07 4.40098e-07 0)
(6.01632e-07 4.75956e-07 0)
(6.37011e-07 5.11654e-07 0)
(6.7182e-07 5.47171e-07 0)
(7.06069e-07 5.82499e-07 0)
(7.39774e-07 6.17634e-07 0)
(7.72963e-07 6.52579e-07 0)
(8.05669e-07 6.87334e-07 0)
(8.37934e-07 7.21903e-07 0)
(8.69806e-07 7.56287e-07 0)
(9.01339e-07 7.90479e-07 0)
(9.32591e-07 8.24472e-07 0)
(9.63636e-07 8.58246e-07 0)
(9.94545e-07 8.91765e-07 0)
(1.02543e-06 9.24999e-07 0)
(1.05636e-06 9.57855e-07 4.64583e-21)
(3.56029e-07 2.4265e-07 0)
(3.94761e-07 2.79144e-07 0)
(4.31011e-07 3.14653e-07 0)
(4.67156e-07 3.50406e-07 0)
(5.02984e-07 3.86344e-07 0)
(5.38477e-07 4.22332e-07 0)
(5.7355e-07 4.58296e-07 0)
(6.08183e-07 4.94174e-07 0)
(6.42349e-07 5.29923e-07 0)
(6.76048e-07 5.65515e-07 0)
(7.09285e-07 6.00927e-07 0)
(7.4208e-07 6.36146e-07 0)
(7.74459e-07 6.7116e-07 0)
(8.06455e-07 7.05957e-07 0)
(8.38108e-07 7.40527e-07 0)
(8.69466e-07 7.74851e-07 0)
(9.0058e-07 8.08907e-07 0)
(9.31515e-07 8.42661e-07 0)
(9.62331e-07 8.76058e-07 0)
(9.93131e-07 9.09044e-07 0)
(1.02398e-06 9.41477e-07 4.63529e-21)
(3.36958e-07 2.27485e-07 0)
(3.73868e-07 2.63149e-07 0)
(4.08696e-07 2.98144e-07 0)
(4.43537e-07 3.33571e-07 0)
(4.78182e-07 3.69329e-07 0)
(5.12613e-07 4.0526e-07 0)
(5.46739e-07 4.41265e-07 0)
(5.80535e-07 4.7726e-07 0)
(6.13968e-07 5.1318e-07 0)
(6.47029e-07 5.48977e-07 0)
(6.79718e-07 5.84613e-07 0)
(7.12045e-07 6.20056e-07 0)
(7.4403e-07 6.55284e-07 0)
(7.75698e-07 6.90271e-07 0)
(8.07082e-07 7.24995e-07 0)
(8.38222e-07 7.59427e-07 0)
(8.69161e-07 7.93531e-07 0)
(8.99954e-07 8.27261e-07 0)
(9.30652e-07 8.60545e-07 0)
(9.6134e-07 8.93311e-07 0)
(9.9207e-07 9.25378e-07 4.62068e-21)
(3.19098e-07 2.1316e-07 0)
(3.54245e-07 2.48013e-07 0)
(3.87632e-07 2.82481e-07 0)
(4.2113e-07 3.17551e-07 0)
(4.54543e-07 3.53085e-07 0)
(4.8785e-07 3.88909e-07 0)
(5.20963e-07 4.24901e-07 0)
(5.53854e-07 4.60954e-07 0)
(5.86484e-07 4.96988e-07 0)
(6.18841e-07 5.32934e-07 0)
(6.50917e-07 5.68739e-07 0)
(6.82718e-07 6.04358e-07 0)
(7.14254e-07 6.39754e-07 0)
(7.45547e-07 6.74892e-07 0)
(7.7662e-07 7.09736e-07 0)
(8.07506e-07 7.44251e-07 0)
(8.3824e-07 7.78388e-07 0)
(8.68865e-07 8.12092e-07 0)
(8.99421e-07 8.45277e-07 0)
(9.29976e-07 8.77859e-07 0)
(9.60567e-07 9.09627e-07 4.60273e-21)
(3.0212e-07 1.9961e-07 0)
(3.35563e-07 2.33687e-07 0)
(3.67501e-07 2.67631e-07 0)
(3.99634e-07 3.02328e-07 0)
(4.31782e-07 3.3761e-07 0)
(4.63926e-07 3.73288e-07 0)
(4.9598e-07 4.0922e-07 0)
(5.27915e-07 4.45283e-07 0)
(5.59692e-07 4.81377e-07 0)
(5.91295e-07 5.1742e-07 0)
(6.2271e-07 5.53343e-07 0)
(6.5394e-07 5.89088e-07 0)
(6.84987e-07 6.24607e-07 0)
(7.15867e-07 6.59854e-07 0)
(7.46597e-07 6.94786e-07 0)
(7.77201e-07 7.29357e-07 0)
(8.07705e-07 7.63513e-07 0)
(8.38142e-07 7.97189e-07 0)
(8.68539e-07 8.30294e-07 0)
(8.98944e-07 8.62734e-07 0)
(9.29378e-07 8.94278e-07 4.5822e-21)
(2.85727e-07 1.86778e-07 0)
(3.1751e-07 2.20126e-07 0)
(3.47998e-07 2.53562e-07 0)
(3.78755e-07 2.87884e-07 0)
(4.09619e-07 3.22897e-07 0)
(4.40572e-07 3.58399e-07 0)
(4.71536e-07 3.94233e-07 0)
(5.02483e-07 4.30261e-07 0)
(5.33374e-07 4.66368e-07 0)
(5.64188e-07 5.02458e-07 0)
(5.94912e-07 5.38449e-07 0)
(6.25538e-07 5.74273e-07 0)
(6.56069e-07 6.09871e-07 0)
(6.86511e-07 6.45187e-07 0)
(7.16874e-07 6.80172e-07 0)
(7.47176e-07 7.14773e-07 0)
(7.77433e-07 7.48932e-07 0)
(8.07666e-07 7.82581e-07 0)
(8.37893e-07 8.15624e-07 0)
(8.68136e-07 8.47967e-07 0)
(8.98402e-07 8.79372e-07 4.55998e-21)
(2.69634e-07 1.74615e-07 0)
(2.99788e-07 2.07288e-07 0)
(3.28825e-07 2.40243e-07 0)
(3.582e-07 2.74195e-07 0)
(3.87767e-07 3.08928e-07 0)
(4.17516e-07 3.44233e-07 0)
(4.47374e-07 3.79938e-07 0)
(4.77315e-07 4.15892e-07 0)
(5.073e-07 4.51969e-07 0)
(5.37309e-07 4.8806e-07 0)
(5.67322e-07 5.24073e-07 0)
(5.9733e-07 5.5993e-07 0)
(6.27329e-07 5.95562e-07 0)
(6.57318e-07 6.30908e-07 0)
(6.87303e-07 6.65912e-07 0)
(7.17291e-07 7.00518e-07 0)
(7.47291e-07 7.34664e-07 0)
(7.77313e-07 7.68283e-07 0)
(8.07361e-07 8.01285e-07 0)
(8.37437e-07 8.33576e-07 0)
(8.67531e-07 8.64928e-07 4.5371e-21)
(2.53568e-07 1.63088e-07 0)
(2.82106e-07 1.95144e-07 0)
(3.09688e-07 2.27648e-07 0)
(3.37674e-07 2.6124e-07 0)
(3.65941e-07 2.95689e-07 0)
(3.9448e-07 3.30779e-07 0)
(4.23228e-07 3.66327e-07 0)
(4.52159e-07 4.02173e-07 0)
(4.81235e-07 4.38179e-07 0)
(5.10435e-07 4.74228e-07 0)
(5.39736e-07 5.10218e-07 0)
(5.69124e-07 5.46064e-07 0)
(5.98589e-07 5.81689e-07 0)
(6.28124e-07 6.17027e-07 0)
(6.57728e-07 6.52016e-07 0)
(6.87401e-07 6.86599e-07 0)
(7.17143e-07 7.20716e-07 0)
(7.46951e-07 7.54304e-07 0)
(7.7682e-07 7.87279e-07 0)
(8.06732e-07 8.19562e-07 0)
(8.36658e-07 8.50945e-07 4.51468e-21)
(2.37252e-07 1.52174e-07 0)
(2.64166e-07 1.83669e-07 0)
(2.90284e-07 2.15752e-07 0)
(3.16878e-07 2.48996e-07 0)
(3.43844e-07 2.8316e-07 0)
(3.71177e-07 3.18018e-07 0)
(3.98822e-07 3.53384e-07 0)
(4.26752e-07 3.89088e-07 0)
(4.54932e-07 4.24985e-07 0)
(4.83336e-07 4.60951e-07 0)
(5.11939e-07 4.96876e-07 0)
(5.40722e-07 5.32669e-07 0)
(5.69667e-07 5.68247e-07 0)
(5.98762e-07 6.03539e-07 0)
(6.27997e-07 6.38483e-07 0)
(6.57364e-07 6.73018e-07 0)
(6.86854e-07 7.07089e-07 0)
(7.16456e-07 7.40639e-07 0)
(7.46152e-07 7.736e-07 0)
(7.75907e-07 8.05911e-07 0)
(8.05677e-07 8.37401e-07 4.49367e-21)
(2.20398e-07 1.41879e-07 0)
(2.45662e-07 1.72863e-07 0)
(2.70301e-07 2.0455e-07 0)
(2.95499e-07 2.37454e-07 0)
(3.2117e-07 2.71324e-07 0)
(3.47311e-07 3.05934e-07 0)
(3.73872e-07 3.41091e-07 0)
(4.00826e-07 3.76619e-07 0)
(4.28138e-07 4.12369e-07 0)
(4.55777e-07 4.4821e-07 0)
(4.83714e-07 4.84029e-07 0)
(5.11923e-07 5.19728e-07 0)
(5.4038e-07 5.55221e-07 0)
(5.69064e-07 5.90434e-07 0)
(5.97957e-07 6.253e-07 0)
(6.27041e-07 6.59763e-07 0)
(6.56299e-07 6.93769e-07 0)
(6.8571e-07 7.27274e-07 0)
(7.15247e-07 7.60226e-07 0)
(7.44861e-07 7.9259e-07 0)
(7.74493e-07 8.24251e-07 4.47506e-21)
(2.0269e-07 1.32199e-07 0)
(2.26257e-07 1.62711e-07 0)
(2.494e-07 1.94021e-07 0)
(2.73201e-07 2.26585e-07 0)
(2.97591e-07 2.60151e-07 0)
(3.22564e-07 2.94491e-07 0)
(3.48076e-07 3.29409e-07 0)
(3.74096e-07 3.64726e-07 0)
(4.00587e-07 4.00291e-07 0)
(4.27512e-07 4.35968e-07 0)
(4.54836e-07 4.71641e-07 0)
(4.82524e-07 5.07208e-07 0)
(5.10545e-07 5.4258e-07 0)
(5.38868e-07 5.77681e-07 0)
(5.67464e-07 6.12444e-07 0)
(5.96306e-07 6.46811e-07 0)
(6.25367e-07 6.80737e-07 0)
(6.54615e-07 7.14184e-07 0)
(6.84016e-07 7.47126e-07 0)
(7.13511e-07 7.79555e-07 0)
(7.43032e-07 8.11428e-07 4.4598e-21)
(1.83786e-07 1.23192e-07 0)
(2.05592e-07 1.53254e-07 0)
(2.27222e-07 1.84185e-07 0)
(2.49632e-07 2.16395e-07 0)
(2.72766e-07 2.49632e-07 0)
(2.96612e-07 2.83669e-07 0)
(3.21127e-07 3.1831e-07 0)
(3.46275e-07 3.53375e-07 0)
(3.72013e-07 3.88712e-07 0)
(3.98297e-07 4.24182e-07 0)
(4.25083e-07 4.59667e-07 0)
(4.52327e-07 4.95063e-07 0)
(4.79987e-07 5.3028e-07 0)
(5.08021e-07 5.65239e-07 0)
(5.36389e-07 5.99872e-07 0)
(5.65051e-07 6.34125e-07 0)
(5.93967e-07 6.67953e-07 0)
(6.23098e-07 7.01332e-07 0)
(6.52399e-07 7.34254e-07 0)
(6.81806e-07 7.66743e-07 0)
(7.11247e-07 7.98842e-07 4.4483e-21)
(1.63264e-07 1.14839e-07 0)
(1.83233e-07 1.44453e-07 0)
(2.03341e-07 1.7499e-07 0)
(2.24379e-07 2.0682e-07 0)
(2.46299e-07 2.39696e-07 0)
(2.69081e-07 2.73393e-07 0)
(2.92676e-07 3.07716e-07 0)
(3.1704e-07 3.42487e-07 0)
(3.42119e-07 3.77551e-07 0)
(3.67862e-07 4.12773e-07 0)
(3.94214e-07 4.48031e-07 0)
(4.21119e-07 4.83222e-07 0)
(4.48522e-07 5.18252e-07 0)
(4.7637e-07 5.53044e-07 0)
(5.04607e-07 5.87528e-07 0)
(5.33181e-07 6.2165e-07 0)
(5.62038e-07 6.5537e-07 0)
(5.91122e-07 6.8867e-07 0)
(6.20378e-07 7.21558e-07 0)
(6.49739e-07 7.54088e-07 0)
(6.79135e-07 7.86387e-07 4.44095e-21)
(1.40727e-07 1.07296e-07 0)
(1.58777e-07 1.36424e-07 0)
(1.77367e-07 1.66513e-07 0)
(1.97072e-07 1.97903e-07 0)
(2.17845e-07 2.30356e-07 0)
(2.39648e-07 2.63651e-07 0)
(2.62424e-07 2.97595e-07 0)
(2.86115e-07 3.32013e-07 0)
(3.10658e-07 3.66751e-07 0)
(3.35985e-07 4.01672e-07 0)
(3.62031e-07 4.36656e-07 0)
(3.88727e-07 4.716e-07 0)
(4.16004e-07 5.06409e-07 0)
(4.43796e-07 5.41006e-07 0)
(4.72031e-07 5.75321e-07 0)
(5.00641e-07 6.09301e-07 0)
(5.29554e-07 6.42907e-07 0)
(5.58695e-07 6.76124e-07 0)
(5.87991e-07 7.08969e-07 0)
(6.17366e-07 7.4151e-07 0)
(6.46754e-07 7.73927e-07 4.43663e-21)
(1.1543e-07 1.00428e-07 2.29737e-21)
(1.31454e-07 1.2898e-07 2.32134e-21)
(1.48572e-07 1.58559e-07 2.31991e-21)
(1.67028e-07 1.89449e-07 2.3186e-21)
(1.86765e-07 2.21423e-07 2.31741e-21)
(2.07724e-07 2.54261e-07 2.31632e-21)
(2.29831e-07 2.87775e-07 2.31535e-21)
(2.53012e-07 3.21791e-07 2.31448e-21)
(2.77185e-07 3.56157e-07 2.31372e-21)
(3.02269e-07 3.90737e-07 2.31306e-21)
(3.28184e-07 4.25412e-07 2.3125e-21)
(3.54846e-07 4.60077e-07 2.31203e-21)
(3.82175e-07 4.94639e-07 2.31164e-21)
(4.10088e-07 5.2902e-07 2.31134e-21)
(4.38504e-07 5.63153e-07 2.31112e-21)
(4.67335e-07 5.96983e-07 2.31097e-21)
(4.96491e-07 6.30474e-07 2.31089e-21)
(5.25872e-07 6.6361e-07 2.31089e-21)
(5.55374e-07 6.96411e-07 2.31094e-21)
(5.84866e-07 7.28945e-07 2.31102e-21)
(6.15049e-07 7.56416e-07 3.37296e-21)
(0 0 0)
(3.85948e-08 7.1859e-09 0)
(7.85934e-08 2.21502e-08 0)
(1.21221e-07 4.56274e-08 0)
(1.67133e-07 7.66563e-08 0)
(2.1688e-07 1.14306e-07 0)
(2.70702e-07 1.57347e-07 0)
(3.2866e-07 2.04463e-07 0)
(3.90607e-07 2.54268e-07 0)
(4.56266e-07 3.05516e-07 0)
(0 0 0)
(3.64249e-08 6.38825e-09 0)
(7.4154e-08 1.98898e-08 0)
(1.14229e-07 4.12979e-08 0)
(1.572e-07 6.98498e-08 0)
(2.03561e-07 1.04791e-07 0)
(2.53543e-07 1.45066e-07 0)
(3.07228e-07 1.8953e-07 0)
(3.6451e-07 2.36929e-07 0)
(4.25128e-07 2.86192e-07 0)
(0 0 0)
(3.44622e-08 5.56477e-09 0)
(7.0164e-08 1.76927e-08 0)
(1.07989e-07 3.72066e-08 0)
(1.48383e-07 6.34924e-08 0)
(1.91773e-07 9.59312e-08 0)
(2.38366e-07 1.33606e-07 0)
(2.88251e-07 1.75511e-07 0)
(3.41386e-07 2.20512e-07 0)
(3.97534e-07 2.6768e-07 0)
(0 0 0)
(3.26517e-08 4.70478e-09 0)
(6.65085e-08 1.553e-08 0)
(1.02326e-07 3.3309e-08 0)
(1.40453e-07 5.75361e-08 0)
(1.81254e-07 8.76959e-08 0)
(2.24905e-07 1.22981e-07 0)
(2.71475e-07 1.62492e-07 0)
(3.20956e-07 2.05197e-07 0)
(3.73097e-07 2.50225e-07 0)
(0 0 0)
(3.09578e-08 3.79943e-09 0)
(6.31049e-08 1.33622e-08 0)
(9.70909e-08 2.9521e-08 0)
(1.33177e-07 5.18501e-08 0)
(1.71671e-07 7.99116e-08 0)
(2.12716e-07 1.12984e-07 0)
(2.56365e-07 1.50256e-07 0)
(3.02634e-07 1.90789e-07 0)
(3.51256e-07 2.33752e-07 0)
(0 0 0)
(2.9356e-08 2.84671e-09 0)
(5.98998e-08 1.11748e-08 0)
(9.21936e-08 2.58109e-08 0)
(1.26423e-07 4.63877e-08 0)
(1.62841e-07 7.25246e-08 0)
(2.01562e-07 1.03567e-07 0)
(2.42613e-07 1.38767e-07 0)
(2.86029e-07 1.77264e-07 0)
(3.31534e-07 2.18251e-07 0)
(0 0 0)
(2.78228e-08 1.84388e-09 0)
(5.68413e-08 8.94931e-09 0)
(8.75448e-08 2.21347e-08 0)
(1.20052e-07 4.10757e-08 0)
(1.54571e-07 6.54332e-08 0)
(1.91187e-07 9.46045e-08 0)
(2.29909e-07 1.27892e-07 0)
(2.70777e-07 1.64504e-07 0)
(3.13517e-07 2.03646e-07 0)
(0 0 0)
(2.6342e-08 7.91787e-10 0)
(5.38941e-08 6.67895e-09 0)
(8.30847e-08 1.84725e-08 0)
(1.13973e-07 3.58787e-08 0)
(1.46728e-07 5.8588e-08 0)
(1.81409e-07 8.60366e-08 0)
(2.1801e-07 1.17564e-07 0)
(2.56572e-07 1.52432e-07 0)
(2.96833e-07 1.89865e-07 0)
(0 0 0)
(2.48984e-08 -3.1015e-10 0)
(5.10255e-08 4.35481e-09 0)
(7.87574e-08 1.4801e-08 0)
(1.08101e-07 3.07565e-08 0)
(1.39189e-07 5.1931e-08 0)
(1.72063e-07 7.77897e-08 0)
(2.06704e-07 1.07699e-07 0)
(2.43153e-07 1.40965e-07 0)
(2.81163e-07 1.76829e-07 0)
(0 0 0)
(2.34807e-08 -1.46119e-09 0)
(4.82113e-08 1.97272e-09 0)
(7.45211e-08 1.11075e-08 0)
(1.02368e-07 2.56856e-08 0)
(1.31856e-07 4.54271e-08 0)
(1.6301e-07 6.98167e-08 0)
(1.95807e-07 9.824e-08 0)
(2.30285e-07 1.30038e-07 0)
(2.6622e-07 1.64468e-07 0)
(0 0 0)
(2.20796e-08 -2.66199e-09 0)
(4.54313e-08 -4.72584e-10 0)
(7.03397e-08 7.37954e-09 0)
(9.67157e-08 2.06452e-08 0)
(1.24642e-07 3.90462e-08 0)
(1.54128e-07 6.2078e-08 0)
(1.85156e-07 8.91386e-08 0)
(2.17761e-07 1.19594e-07 0)
(2.51745e-07 1.52723e-07 0)
(0 0 0)
(2.06897e-08 -3.91407e-09 0)
(4.26727e-08 -2.98598e-09 0)
(6.61868e-08 3.60872e-09 0)
(9.10974e-08 1.56229e-08 0)
(1.1747e-07 3.27704e-08 0)
(1.45307e-07 5.45485e-08 0)
(1.74599e-07 8.03616e-08 0)
(2.05385e-07 1.09595e-07 0)
(2.37494e-07 1.41546e-07 0)
(0 0 0)
(1.93099e-08 -5.22217e-09 0)
(3.99303e-08 -5.57372e-09 0)
(6.20443e-08 -2.10465e-10 0)
(8.54731e-08 1.06142e-08 0)
(1.10271e-07 2.65941e-08 0)
(1.36443e-07 4.72191e-08 0)
(1.63994e-07 7.18943e-08 0)
(1.9297e-07 1.00018e-07 0)
(2.23235e-07 1.30908e-07 0)
(0 0 0)
(1.79487e-08 -6.59596e-09 0)
(3.72144e-08 -8.24638e-09 0)
(5.79087e-08 -4.0843e-09 0)
(7.98137e-08 5.61823e-09 0)
(1.02982e-07 2.05188e-08 0)
(1.27432e-07 4.009e-08 0)
(1.53195e-07 6.37326e-08 0)
(1.80328e-07 9.08537e-08 0)
(2.08729e-07 1.20791e-07 0)
(0 0 0)
(1.66273e-08 -8.05672e-09 0)
(3.45533e-08 -1.10168e-08 0)
(5.37912e-08 -8.00772e-09 0)
(7.40983e-08 6.56369e-10 0)
(9.55424e-08 1.45754e-08 0)
(1.18172e-07 3.31949e-08 0)
(1.42051e-07 5.5907e-08 0)
(1.67259e-07 8.2126e-08 0)
(1.93732e-07 1.1121e-07 0)
(0 0 0)
(1.54032e-08 -9.64143e-09 0)
(3.20229e-08 -1.39103e-08 0)
(4.97368e-08 -1.19831e-08 0)
(6.83219e-08 -4.25499e-09 0)
(8.78905e-08 8.79077e-09 0)
(1.08544e-07 2.65624e-08 0)
(1.30393e-07 4.84423e-08 0)
(1.53543e-07 7.38522e-08 0)
(1.77969e-07 1.02172e-07 0)
(0 0 0)
(1.43831e-08 -1.14347e-08 0)
(2.97432e-08 -1.69488e-08 0)
(4.58137e-08 -1.59617e-08 0)
(6.24828e-08 -9.02327e-09 0)
(7.99562e-08 3.27659e-09 0)
(9.84154e-08 2.03073e-08 0)
(1.18028e-07 4.14464e-08 0)
(1.3893e-07 6.61276e-08 0)
(1.6114e-07 9.37564e-08 0)
(0 0 0)
(1.38938e-08 -1.3554e-08 0)
(2.80002e-08 -2.01746e-08 0)
(4.21703e-08 -1.99237e-08 0)
(5.6591e-08 -1.36031e-08 0)
(7.16396e-08 -1.91635e-09 0)
(8.75987e-08 1.44732e-08 0)
(1.04698e-07 3.49495e-08 0)
(1.23102e-07 5.8966e-08 0)
(1.42866e-07 8.59587e-08 0)
(0 0 0)
(1.45543e-08 -1.62993e-08 0)
(2.71454e-08 -2.35275e-08 0)
(3.89606e-08 -2.36107e-08 0)
(5.06376e-08 -1.76735e-08 0)
(6.2825e-08 -6.46849e-09 0)
(7.58992e-08 9.35738e-09 0)
(9.01448e-08 2.92186e-08 0)
(1.05746e-07 5.26013e-08 0)
(1.22788e-07 7.89775e-08 0)
(7.66133e-09 -7.23716e-09 9.04417e-22)
(1.9722e-08 -1.99333e-08 1.81863e-21)
(2.82934e-08 -2.69075e-08 1.83445e-21)
(3.64295e-08 -2.69075e-08 1.86075e-21)
(4.45173e-08 -2.11202e-08 1.89748e-21)
(5.32259e-08 -1.02636e-08 1.9444e-21)
(6.29241e-08 5.07947e-09 2.00131e-21)
(7.38927e-08 2.43588e-08 2.06786e-21)
(8.63138e-08 4.70929e-08 2.14366e-21)
(1.00261e-07 7.27802e-08 2.22822e-21)
(0 0 0)
(3.85948e-08 7.1859e-09 0)
(7.85934e-08 2.21502e-08 0)
(1.21221e-07 4.56274e-08 0)
(1.67133e-07 7.66563e-08 0)
(2.1688e-07 1.14306e-07 0)
(2.70702e-07 1.57347e-07 0)
(3.2866e-07 2.04463e-07 0)
(3.90607e-07 2.54268e-07 0)
(4.56266e-07 3.05516e-07 0)
(0 0 0)
(3.64249e-08 6.38825e-09 0)
(7.4154e-08 1.98898e-08 0)
(1.14229e-07 4.12979e-08 0)
(1.572e-07 6.98498e-08 0)
(2.03561e-07 1.04791e-07 0)
(2.53543e-07 1.45066e-07 0)
(3.07228e-07 1.8953e-07 0)
(3.6451e-07 2.36929e-07 0)
(4.25128e-07 2.86192e-07 0)
(0 0 0)
(3.44622e-08 5.56477e-09 0)
(7.0164e-08 1.76927e-08 0)
(1.07989e-07 3.72066e-08 0)
(1.48383e-07 6.34924e-08 0)
(1.91773e-07 9.59312e-08 0)
(2.38366e-07 1.33606e-07 0)
(2.88251e-07 1.75511e-07 0)
(3.41386e-07 2.20512e-07 0)
(3.97534e-07 2.6768e-07 0)
(0 0 0)
(3.26517e-08 4.70478e-09 0)
(6.65085e-08 1.553e-08 0)
(1.02326e-07 3.3309e-08 0)
(1.40453e-07 5.75361e-08 0)
(1.81254e-07 8.76959e-08 0)
(2.24905e-07 1.22981e-07 0)
(2.71475e-07 1.62492e-07 0)
(3.20956e-07 2.05197e-07 0)
(3.73097e-07 2.50225e-07 0)
(0 0 0)
(3.09578e-08 3.79943e-09 0)
(6.31049e-08 1.33622e-08 0)
(9.70909e-08 2.9521e-08 0)
(1.33177e-07 5.18501e-08 0)
(1.71671e-07 7.99116e-08 0)
(2.12716e-07 1.12984e-07 0)
(2.56365e-07 1.50256e-07 0)
(3.02634e-07 1.90789e-07 0)
(3.51256e-07 2.33752e-07 0)
(0 0 0)
(2.9356e-08 2.84671e-09 0)
(5.98998e-08 1.11748e-08 0)
(9.21936e-08 2.58109e-08 0)
(1.26423e-07 4.63877e-08 0)
(1.62841e-07 7.25246e-08 0)
(2.01562e-07 1.03567e-07 0)
(2.42613e-07 1.38767e-07 0)
(2.86029e-07 1.77264e-07 0)
(3.31534e-07 2.18251e-07 0)
(0 0 0)
(2.78228e-08 1.84388e-09 0)
(5.68413e-08 8.94931e-09 0)
(8.75448e-08 2.21347e-08 0)
(1.20052e-07 4.10757e-08 0)
(1.54571e-07 6.54332e-08 0)
(1.91187e-07 9.46045e-08 0)
(2.29909e-07 1.27892e-07 0)
(2.70777e-07 1.64504e-07 0)
(3.13517e-07 2.03646e-07 0)
(0 0 0)
(2.6342e-08 7.91787e-10 0)
(5.38941e-08 6.67895e-09 0)
(8.30847e-08 1.84725e-08 0)
(1.13973e-07 3.58787e-08 0)
(1.46728e-07 5.8588e-08 0)
(1.81409e-07 8.60366e-08 0)
(2.1801e-07 1.17564e-07 0)
(2.56572e-07 1.52432e-07 0)
(2.96833e-07 1.89865e-07 0)
(0 0 0)
(2.48984e-08 -3.1015e-10 0)
(5.10255e-08 4.35481e-09 0)
(7.87574e-08 1.4801e-08 0)
(1.08101e-07 3.07565e-08 0)
(1.39189e-07 5.1931e-08 0)
(1.72063e-07 7.77897e-08 0)
(2.06704e-07 1.07699e-07 0)
(2.43153e-07 1.40965e-07 0)
(2.81163e-07 1.76829e-07 0)
(0 0 0)
(2.34807e-08 -1.46119e-09 0)
(4.82113e-08 1.97272e-09 0)
(7.45211e-08 1.11075e-08 0)
(1.02368e-07 2.56856e-08 0)
(1.31856e-07 4.54271e-08 0)
(1.6301e-07 6.98167e-08 0)
(1.95807e-07 9.824e-08 0)
(2.30285e-07 1.30038e-07 0)
(2.6622e-07 1.64468e-07 0)
(0 0 0)
(2.20796e-08 -2.66199e-09 0)
(4.54313e-08 -4.72584e-10 0)
(7.03397e-08 7.37954e-09 0)
(9.67157e-08 2.06452e-08 0)
(1.24642e-07 3.90462e-08 0)
(1.54128e-07 6.2078e-08 0)
(1.85156e-07 8.91386e-08 0)
(2.17761e-07 1.19594e-07 0)
(2.51745e-07 1.52723e-07 0)
(0 0 0)
(2.06897e-08 -3.91407e-09 0)
(4.26727e-08 -2.98598e-09 0)
(6.61868e-08 3.60872e-09 0)
(9.10974e-08 1.56229e-08 0)
(1.1747e-07 3.27704e-08 0)
(1.45307e-07 5.45485e-08 0)
(1.74599e-07 8.03616e-08 0)
(2.05385e-07 1.09595e-07 0)
(2.37494e-07 1.41546e-07 0)
(0 0 0)
(1.93099e-08 -5.22217e-09 0)
(3.99303e-08 -5.57372e-09 0)
(6.20443e-08 -2.10465e-10 0)
(8.54731e-08 1.06142e-08 0)
(1.10271e-07 2.65941e-08 0)
(1.36443e-07 4.72191e-08 0)
(1.63994e-07 7.18943e-08 0)
(1.9297e-07 1.00018e-07 0)
(2.23235e-07 1.30908e-07 0)
(0 0 0)
(1.79487e-08 -6.59596e-09 0)
(3.72144e-08 -8.24638e-09 0)
(5.79087e-08 -4.0843e-09 0)
(7.98137e-08 5.61823e-09 0)
(1.02982e-07 2.05188e-08 0)
(1.27432e-07 4.009e-08 0)
(1.53195e-07 6.37326e-08 0)
(1.80328e-07 9.08537e-08 0)
(2.08729e-07 1.20791e-07 0)
(0 0 0)
(1.66273e-08 -8.05672e-09 0)
(3.45533e-08 -1.10168e-08 0)
(5.37912e-08 -8.00772e-09 0)
(7.40983e-08 6.56369e-10 0)
(9.55424e-08 1.45754e-08 0)
(1.18172e-07 3.31949e-08 0)
(1.42051e-07 5.5907e-08 0)
(1.67259e-07 8.2126e-08 0)
(1.93732e-07 1.1121e-07 0)
(0 0 0)
(1.54032e-08 -9.64143e-09 0)
(3.20229e-08 -1.39103e-08 0)
(4.97368e-08 -1.19831e-08 0)
(6.83219e-08 -4.25499e-09 0)
(8.78905e-08 8.79077e-09 0)
(1.08544e-07 2.65624e-08 0)
(1.30393e-07 4.84423e-08 0)
(1.53543e-07 7.38522e-08 0)
(1.77969e-07 1.02172e-07 0)
(0 0 0)
(1.43831e-08 -1.14347e-08 0)
(2.97432e-08 -1.69488e-08 0)
(4.58137e-08 -1.59617e-08 0)
(6.24828e-08 -9.02327e-09 0)
(7.99562e-08 3.27659e-09 0)
(9.84154e-08 2.03073e-08 0)
(1.18028e-07 4.14464e-08 0)
(1.3893e-07 6.61276e-08 0)
(1.6114e-07 9.37564e-08 0)
(0 0 0)
(1.38938e-08 -1.3554e-08 0)
(2.80002e-08 -2.01746e-08 0)
(4.21703e-08 -1.99237e-08 0)
(5.6591e-08 -1.36031e-08 0)
(7.16396e-08 -1.91635e-09 0)
(8.75987e-08 1.44732e-08 0)
(1.04698e-07 3.49495e-08 0)
(1.23102e-07 5.8966e-08 0)
(1.42866e-07 8.59587e-08 0)
(0 0 0)
(1.45543e-08 -1.62993e-08 0)
(2.71454e-08 -2.35275e-08 0)
(3.89606e-08 -2.36107e-08 0)
(5.06376e-08 -1.76735e-08 0)
(6.2825e-08 -6.46849e-09 0)
(7.58992e-08 9.35738e-09 0)
(9.01448e-08 2.92186e-08 0)
(1.05746e-07 5.26013e-08 0)
(1.22788e-07 7.89775e-08 0)
(7.66133e-09 -7.23716e-09 9.04417e-22)
(1.9722e-08 -1.99333e-08 1.81863e-21)
(2.82934e-08 -2.69075e-08 1.83445e-21)
(3.64295e-08 -2.69075e-08 1.86075e-21)
(4.45173e-08 -2.11202e-08 1.89748e-21)
(5.32259e-08 -1.02636e-08 1.9444e-21)
(6.29241e-08 5.07947e-09 2.00131e-21)
(7.38927e-08 2.43588e-08 2.06786e-21)
(8.63138e-08 4.70929e-08 2.14366e-21)
(1.00261e-07 7.27802e-08 2.22822e-21)
)
;

boundaryField
{
    left
    {
        type            calculated;
    }
    right
    {
        type            calculated;
    }
    down
    {
        type            calculated;
    }
    up
    {
        type            calculated;
    }
    hole
    {
        type            calculated;
    }
    frontAndBack
    {
        type            empty;
    }
}


// ************************************************************************* //
