/*--------------------------------*- C++ -*----------------------------------*\
  =========                 |
  \\      /  F ield         | OpenFOAM: The Open Source CFD Toolbox
   \\    /   O peration     | Website:  https://openfoam.org
    \\  /    A nd           | Version:  9
     \\/     M anipulation  |
\*---------------------------------------------------------------------------*/
FoamFile
{
    format      ascii;
    class       pointVectorField;
    location    "1";
    object      pointD;
}
// * * * * * * * * * * * * * * * * * * * * * * * * * * * * * * * * * * * * * //

dimensions      [0 1 0 0 0 0 0];

internalField   nonuniform List<vector> 
2142
(
(7.41108e-07 2.17056e-07 -4.2419e-24)
(6.86842e-07 2.5136e-07 0)
(6.48915e-07 2.75814e-07 0)
(6.21332e-07 2.9567e-07 0)
(6.01482e-07 3.11943e-07 0)
(5.87406e-07 3.25954e-07 0)
(5.77694e-07 3.38276e-07 0)
(5.71356e-07 3.49413e-07 0)
(5.67628e-07 3.59669e-07 0)
(5.65948e-07 3.69247e-07 0)
(5.66293e-07 3.79645e-07 0)
(6.77187e-07 1.99127e-07 -2.87544e-23)
(6.19743e-07 2.2617e-07 0)
(5.79932e-07 2.45209e-07 0)
(5.51152e-07 2.60805e-07 0)
(5.30496e-07 2.73559e-07 0)
(5.15824e-07 2.84588e-07 0)
(5.0561e-07 2.94297e-07 0)
(4.98803e-07 3.03108e-07 0)
(4.94574e-07 3.11225e-07 0)
(4.92343e-07 3.18891e-07 0)
(4.82527e-07 3.19265e-07 0)
(6.10668e-07 1.81499e-07 -2.4852e-23)
(5.5166e-07 2.00454e-07 0)
(5.11023e-07 2.13662e-07 0)
(4.81813e-07 2.24801e-07 0)
(4.60928e-07 2.33978e-07 0)
(4.46103e-07 2.42052e-07 0)
(4.35735e-07 2.49218e-07 0)
(4.28722e-07 2.55788e-07 0)
(4.2421e-07 2.61854e-07 0)
(4.21577e-07 2.67647e-07 0)
(4.12782e-07 2.67047e-07 0)
(5.41816e-07 1.6433e-07 -1.08203e-23)
(4.82996e-07 1.74726e-07 0)
(4.42679e-07 1.81903e-07 0)
(4.13878e-07 1.88539e-07 0)
(3.934e-07 1.94201e-07 0)
(3.78912e-07 1.99448e-07 0)
(3.68775e-07 2.0424e-07 0)
(3.61866e-07 2.08759e-07 0)
(3.57332e-07 2.12978e-07 0)
(3.54544e-07 2.17073e-07 0)
(3.46947e-07 2.15813e-07 0)
(4.7088e-07 1.47714e-07 -1.75035e-23)
(4.14034e-07 1.49472e-07 0)
(3.7524e-07 1.50659e-07 0)
(3.47742e-07 1.52923e-07 0)
(3.28352e-07 1.55265e-07 0)
(3.14728e-07 1.5792e-07 0)
(3.0523e-07 1.60593e-07 0)
(2.98746e-07 1.63316e-07 0)
(2.94453e-07 1.65946e-07 0)
(2.91731e-07 1.68581e-07 0)
(2.85388e-07 1.66953e-07 0)
(3.98186e-07 1.31646e-07 -2.05241e-23)
(3.44993e-07 1.25078e-07 0)
(3.08925e-07 1.2058e-07 0)
(2.83667e-07 1.18819e-07 0)
(2.66086e-07 1.18208e-07 0)
(2.53868e-07 1.18642e-07 0)
(2.45421e-07 1.19558e-07 0)
(2.39673e-07 1.20828e-07 0)
(2.35857e-07 1.22193e-07 0)
(2.33389e-07 1.23664e-07 0)
(2.28294e-07 1.21953e-07 0)
(3.23956e-07 1.15949e-07 5.47589e-24)
(2.75891e-07 1.01761e-07 0)
(2.43782e-07 9.21834e-08 0)
(2.21749e-07 8.70201e-08 0)
(2.0673e-07 8.40429e-08 0)
(1.96468e-07 8.27915e-08 0)
(1.89463e-07 8.24236e-08 0)
(1.84731e-07 8.26603e-08 0)
(1.81593e-07 8.31395e-08 0)
(1.7953e-07 8.37899e-08 0)
(1.75635e-07 8.22602e-08 0)
(2.48814e-07 1.00156e-07 4.12787e-23)
(2.06809e-07 7.94239e-08 0)
(1.79904e-07 6.57954e-08 0)
(1.62135e-07 5.82611e-08 0)
(1.50416e-07 5.37963e-08 0)
(1.42599e-07 5.15823e-08 0)
(1.37353e-07 5.05175e-08 0)
(1.33842e-07 5.02003e-08 0)
(1.31516e-07 5.02017e-08 0)
(1.2996e-07 5.03918e-08 0)
(1.27179e-07 4.92589e-08 0)
(1.7318e-07 8.28635e-08 2.65145e-23)
(1.37425e-07 5.7253e-08 0)
(1.17291e-07 4.14171e-08 0)
(1.04878e-07 3.32086e-08 0)
(9.71015e-08 2.85409e-08 0)
(9.2091e-08 2.62732e-08 0)
(8.87877e-08 2.51578e-08 0)
(8.65948e-08 2.47554e-08 0)
(8.51329e-08 2.46445e-08 0)
(8.41255e-08 2.46848e-08 0)
(8.23535e-08 2.40618e-08 0)
(1.01799e-07 6.10127e-08 8.862e-24)
(6.83189e-08 3.37139e-08 0)
(5.68721e-08 1.96997e-08 0)
(5.0753e-08 1.34091e-08 0)
(4.71603e-08 1.01901e-08 0)
(4.49164e-08 8.78586e-09 0)
(4.34411e-08 8.16256e-09 0)
(4.24573e-08 7.98785e-09 0)
(4.17852e-08 7.97354e-09 0)
(4.12993e-08 8.02965e-09 0)
(4.04272e-08 7.84709e-09 0)
(3.42385e-08 2.42486e-08 4.31353e-24)
(0 0 0)
(0 0 0)
(0 0 0)
(0 0 0)
(0 0 0)
(0 0 0)
(0 0 0)
(0 0 0)
(0 0 0)
(0 0 0)
(7.41108e-07 2.17056e-07 -4.2419e-24)
(6.86842e-07 2.5136e-07 0)
(6.48915e-07 2.75814e-07 0)
(6.21332e-07 2.9567e-07 0)
(6.01482e-07 3.11943e-07 0)
(5.87406e-07 3.25954e-07 0)
(5.77694e-07 3.38276e-07 0)
(5.71356e-07 3.49413e-07 0)
(5.67628e-07 3.59669e-07 0)
(5.65948e-07 3.69247e-07 0)
(5.66293e-07 3.79645e-07 0)
(6.77187e-07 1.99127e-07 -2.87544e-23)
(6.19743e-07 2.2617e-07 0)
(5.79932e-07 2.45209e-07 0)
(5.51152e-07 2.60805e-07 0)
(5.30496e-07 2.73559e-07 0)
(5.15824e-07 2.84588e-07 0)
(5.0561e-07 2.94297e-07 0)
(4.98803e-07 3.03108e-07 0)
(4.94574e-07 3.11225e-07 0)
(4.92343e-07 3.18891e-07 0)
(4.82527e-07 3.19265e-07 0)
(6.10668e-07 1.81499e-07 -2.4852e-23)
(5.5166e-07 2.00454e-07 0)
(5.11023e-07 2.13662e-07 0)
(4.81813e-07 2.24801e-07 0)
(4.60928e-07 2.33978e-07 0)
(4.46103e-07 2.42052e-07 0)
(4.35735e-07 2.49218e-07 0)
(4.28722e-07 2.55788e-07 0)
(4.2421e-07 2.61854e-07 0)
(4.21577e-07 2.67647e-07 0)
(4.12782e-07 2.67047e-07 0)
(5.41816e-07 1.6433e-07 -1.08203e-23)
(4.82996e-07 1.74726e-07 0)
(4.42679e-07 1.81903e-07 0)
(4.13878e-07 1.88539e-07 0)
(3.934e-07 1.94201e-07 0)
(3.78912e-07 1.99448e-07 0)
(3.68775e-07 2.0424e-07 0)
(3.61866e-07 2.08759e-07 0)
(3.57332e-07 2.12978e-07 0)
(3.54544e-07 2.17073e-07 0)
(3.46947e-07 2.15813e-07 0)
(4.7088e-07 1.47714e-07 -1.75035e-23)
(4.14034e-07 1.49472e-07 0)
(3.7524e-07 1.50659e-07 0)
(3.47742e-07 1.52923e-07 0)
(3.28352e-07 1.55265e-07 0)
(3.14728e-07 1.5792e-07 0)
(3.0523e-07 1.60593e-07 0)
(2.98746e-07 1.63316e-07 0)
(2.94453e-07 1.65946e-07 0)
(2.91731e-07 1.68581e-07 0)
(2.85388e-07 1.66953e-07 0)
(3.98186e-07 1.31646e-07 -2.05241e-23)
(3.44993e-07 1.25078e-07 0)
(3.08925e-07 1.2058e-07 0)
(2.83667e-07 1.18819e-07 0)
(2.66086e-07 1.18208e-07 0)
(2.53868e-07 1.18642e-07 0)
(2.45421e-07 1.19558e-07 0)
(2.39673e-07 1.20828e-07 0)
(2.35857e-07 1.22193e-07 0)
(2.33389e-07 1.23664e-07 0)
(2.28294e-07 1.21953e-07 0)
(3.23956e-07 1.15949e-07 5.47589e-24)
(2.75891e-07 1.01761e-07 0)
(2.43782e-07 9.21834e-08 0)
(2.21749e-07 8.70201e-08 0)
(2.0673e-07 8.40429e-08 0)
(1.96468e-07 8.27915e-08 0)
(1.89463e-07 8.24236e-08 0)
(1.84731e-07 8.26603e-08 0)
(1.81593e-07 8.31395e-08 0)
(1.7953e-07 8.37899e-08 0)
(1.75635e-07 8.22602e-08 0)
(2.48814e-07 1.00156e-07 4.12787e-23)
(2.06809e-07 7.94239e-08 0)
(1.79904e-07 6.57954e-08 0)
(1.62135e-07 5.82611e-08 0)
(1.50416e-07 5.37963e-08 0)
(1.42599e-07 5.15823e-08 0)
(1.37353e-07 5.05175e-08 0)
(1.33842e-07 5.02003e-08 0)
(1.31516e-07 5.02017e-08 0)
(1.2996e-07 5.03918e-08 0)
(1.27179e-07 4.92589e-08 0)
(1.7318e-07 8.28635e-08 2.65145e-23)
(1.37425e-07 5.7253e-08 0)
(1.17291e-07 4.14171e-08 0)
(1.04878e-07 3.32086e-08 0)
(9.71015e-08 2.85409e-08 0)
(9.2091e-08 2.62732e-08 0)
(8.87877e-08 2.51578e-08 0)
(8.65948e-08 2.47554e-08 0)
(8.51329e-08 2.46445e-08 0)
(8.41255e-08 2.46848e-08 0)
(8.23535e-08 2.40618e-08 0)
(1.01799e-07 6.10127e-08 8.862e-24)
(6.83189e-08 3.37139e-08 0)
(5.68721e-08 1.96997e-08 0)
(5.0753e-08 1.34091e-08 0)
(4.71603e-08 1.01901e-08 0)
(4.49164e-08 8.78586e-09 0)
(4.34411e-08 8.16256e-09 0)
(4.24573e-08 7.98785e-09 0)
(4.17852e-08 7.97354e-09 0)
(4.12993e-08 8.02965e-09 0)
(4.04272e-08 7.84709e-09 0)
(3.42385e-08 2.42486e-08 4.31353e-24)
(0 0 0)
(0 0 0)
(0 0 0)
(0 0 0)
(0 0 0)
(0 0 0)
(0 0 0)
(0 0 0)
(0 0 0)
(0 0 0)
(1.20237e-06 3.56396e-07 -9.33443e-25)
(1.21094e-06 3.90894e-07 2.58423e-23)
(1.20988e-06 4.35256e-07 5.02269e-24)
(1.20915e-06 4.76422e-07 -6.09679e-24)
(1.20985e-06 5.14314e-07 -1.09229e-23)
(1.21237e-06 5.49314e-07 -1.23807e-23)
(1.21687e-06 5.81874e-07 9.33823e-24)
(1.22333e-06 6.12453e-07 1.44213e-23)
(1.23167e-06 6.41435e-07 1.00697e-23)
(1.24172e-06 6.69182e-07 9.57744e-24)
(1.25336e-06 6.9584e-07 1.53373e-23)
(1.17564e-06 3.4303e-07 -3.16975e-23)
(1.17196e-06 3.89345e-07 0)
(1.16888e-06 4.33427e-07 0)
(1.16723e-06 4.73985e-07 0)
(1.16741e-06 5.11028e-07 0)
(1.16957e-06 5.45005e-07 0)
(1.17368e-06 5.76416e-07 0)
(1.17966e-06 6.05763e-07 0)
(1.18738e-06 6.33456e-07 0)
(1.19667e-06 6.59885e-07 0)
(1.20809e-06 6.85374e-07 0)
(1.13925e-06 3.37369e-07 -2.47611e-23)
(1.1316e-06 3.84702e-07 0)
(1.12538e-06 4.28379e-07 0)
(1.12138e-06 4.68087e-07 0)
(1.11976e-06 5.04044e-07 0)
(1.12049e-06 5.3681e-07 0)
(1.12337e-06 5.66933e-07 0)
(1.12822e-06 5.94943e-07 0)
(1.13482e-06 6.21268e-07 0)
(1.14296e-06 6.46321e-07 0)
(1.15408e-06 6.70692e-07 0)
(1.1007e-06 3.28206e-07 1.04053e-23)
(1.08824e-06 3.7709e-07 0)
(1.07826e-06 4.20208e-07 0)
(1.07128e-06 4.5875e-07 0)
(1.06728e-06 4.93272e-07 0)
(1.06604e-06 5.24519e-07 0)
(1.06724e-06 5.53098e-07 0)
(1.07056e-06 5.79567e-07 0)
(1.07575e-06 6.04365e-07 0)
(1.0825e-06 6.27912e-07 0)
(1.0933e-06 6.51197e-07 0)
(1.05929e-06 3.16384e-07 -2.05716e-24)
(1.04121e-06 3.66619e-07 0)
(1.02706e-06 4.08932e-07 0)
(1.01676e-06 4.46021e-07 0)
(1.01008e-06 4.78803e-07 0)
(1.00661e-06 5.08242e-07 0)
(1.00589e-06 5.35021e-07 0)
(1.0075e-06 5.59725e-07 0)
(1.01111e-06 5.82804e-07 0)
(1.01635e-06 6.04678e-07 0)
(1.02686e-06 6.26877e-07 0)
(1.01464e-06 3.02472e-07 -5.36804e-23)
(9.9028e-07 3.53338e-07 0)
(9.717e-07 3.94417e-07 0)
(9.57963e-07 4.29703e-07 0)
(9.48539e-07 4.60432e-07 0)
(9.42788e-07 4.87789e-07 0)
(9.4011e-07 5.12522e-07 0)
(9.3998e-07 5.3525e-07 0)
(9.42001e-07 5.56427e-07 0)
(9.45716e-07 5.76466e-07 0)
(9.56028e-07 5.97594e-07 0)
(9.66578e-07 2.86988e-07 -3.16057e-23)
(9.35564e-07 3.37372e-07 0)
(9.1247e-07 3.76626e-07 0)
(8.95334e-07 4.09713e-07 0)
(8.83247e-07 4.38093e-07 0)
(8.75308e-07 4.63126e-07 0)
(8.70758e-07 4.85612e-07 0)
(8.68969e-07 5.06187e-07 0)
(8.69473e-07 5.25309e-07 0)
(8.7175e-07 5.43373e-07 0)
(8.81969e-07 5.63453e-07 0)
(9.15095e-07 2.70349e-07 3.96838e-23)
(8.77383e-07 3.18892e-07 0)
(8.49884e-07 3.55603e-07 0)
(8.2953e-07 3.86049e-07 0)
(8.14976e-07 4.11786e-07 0)
(8.05042e-07 4.34285e-07 0)
(7.98798e-07 4.5436e-07 0)
(7.95513e-07 4.72647e-07 0)
(7.94647e-07 4.89598e-07 0)
(7.95631e-07 5.0558e-07 0)
(8.05871e-07 5.24649e-07 0)
(8.60258e-07 2.52936e-07 7.43102e-23)
(8.16188e-07 2.9816e-07 0)
(7.84606e-07 3.31546e-07 0)
(7.61352e-07 3.58892e-07 0)
(7.44626e-07 3.81708e-07 0)
(7.32964e-07 4.01498e-07 0)
(7.25265e-07 4.19041e-07 0)
(7.20698e-07 4.34956e-07 0)
(7.18652e-07 4.49663e-07 0)
(7.18527e-07 4.63493e-07 0)
(7.28897e-07 4.81577e-07 0)
(8.02203e-07 2.35075e-07 3.52081e-23)
(7.52496e-07 2.75512e-07 0)
(7.1737e-07 3.0479e-07 0)
(6.91664e-07 3.28589e-07 0)
(6.73146e-07 3.48236e-07 0)
(6.60084e-07 3.65179e-07 0)
(6.51214e-07 3.80121e-07 0)
(6.45617e-07 3.93628e-07 0)
(6.42608e-07 4.06076e-07 0)
(6.41597e-07 4.17708e-07 0)
(6.52148e-07 4.34799e-07 0)
(1.20237e-06 3.56396e-07 -9.33443e-25)
(1.21094e-06 3.90894e-07 2.58423e-23)
(1.20988e-06 4.35256e-07 5.02269e-24)
(1.20915e-06 4.76422e-07 -6.09679e-24)
(1.20985e-06 5.14314e-07 -1.09229e-23)
(1.21237e-06 5.49314e-07 -1.23807e-23)
(1.21687e-06 5.81874e-07 9.33823e-24)
(1.22333e-06 6.12453e-07 1.44213e-23)
(1.23167e-06 6.41435e-07 1.00697e-23)
(1.24172e-06 6.69182e-07 9.57744e-24)
(1.25336e-06 6.9584e-07 1.53373e-23)
(1.17564e-06 3.4303e-07 -3.16975e-23)
(1.17196e-06 3.89345e-07 0)
(1.16888e-06 4.33427e-07 0)
(1.16723e-06 4.73985e-07 0)
(1.16741e-06 5.11028e-07 0)
(1.16957e-06 5.45005e-07 0)
(1.17368e-06 5.76416e-07 0)
(1.17966e-06 6.05763e-07 0)
(1.18738e-06 6.33456e-07 0)
(1.19667e-06 6.59885e-07 0)
(1.20809e-06 6.85374e-07 0)
(1.13925e-06 3.37369e-07 -2.47611e-23)
(1.1316e-06 3.84702e-07 0)
(1.12538e-06 4.28379e-07 0)
(1.12138e-06 4.68087e-07 0)
(1.11976e-06 5.04044e-07 0)
(1.12049e-06 5.3681e-07 0)
(1.12337e-06 5.66933e-07 0)
(1.12822e-06 5.94943e-07 0)
(1.13482e-06 6.21268e-07 0)
(1.14296e-06 6.46321e-07 0)
(1.15408e-06 6.70692e-07 0)
(1.1007e-06 3.28206e-07 1.04053e-23)
(1.08824e-06 3.7709e-07 0)
(1.07826e-06 4.20208e-07 0)
(1.07128e-06 4.5875e-07 0)
(1.06728e-06 4.93272e-07 0)
(1.06604e-06 5.24519e-07 0)
(1.06724e-06 5.53098e-07 0)
(1.07056e-06 5.79567e-07 0)
(1.07575e-06 6.04365e-07 0)
(1.0825e-06 6.27912e-07 0)
(1.0933e-06 6.51197e-07 0)
(1.05929e-06 3.16384e-07 -2.05716e-24)
(1.04121e-06 3.66619e-07 0)
(1.02706e-06 4.08932e-07 0)
(1.01676e-06 4.46021e-07 0)
(1.01008e-06 4.78803e-07 0)
(1.00661e-06 5.08242e-07 0)
(1.00589e-06 5.35021e-07 0)
(1.0075e-06 5.59725e-07 0)
(1.01111e-06 5.82804e-07 0)
(1.01635e-06 6.04678e-07 0)
(1.02686e-06 6.26877e-07 0)
(1.01464e-06 3.02472e-07 -5.36804e-23)
(9.9028e-07 3.53338e-07 0)
(9.717e-07 3.94417e-07 0)
(9.57963e-07 4.29703e-07 0)
(9.48539e-07 4.60432e-07 0)
(9.42788e-07 4.87789e-07 0)
(9.4011e-07 5.12522e-07 0)
(9.3998e-07 5.3525e-07 0)
(9.42001e-07 5.56427e-07 0)
(9.45716e-07 5.76466e-07 0)
(9.56028e-07 5.97594e-07 0)
(9.66578e-07 2.86988e-07 -3.16057e-23)
(9.35564e-07 3.37372e-07 0)
(9.1247e-07 3.76626e-07 0)
(8.95334e-07 4.09713e-07 0)
(8.83247e-07 4.38093e-07 0)
(8.75308e-07 4.63126e-07 0)
(8.70758e-07 4.85612e-07 0)
(8.68969e-07 5.06187e-07 0)
(8.69473e-07 5.25309e-07 0)
(8.7175e-07 5.43373e-07 0)
(8.81969e-07 5.63453e-07 0)
(9.15095e-07 2.70349e-07 3.96838e-23)
(8.77383e-07 3.18892e-07 0)
(8.49884e-07 3.55603e-07 0)
(8.2953e-07 3.86049e-07 0)
(8.14976e-07 4.11786e-07 0)
(8.05042e-07 4.34285e-07 0)
(7.98798e-07 4.5436e-07 0)
(7.95513e-07 4.72647e-07 0)
(7.94647e-07 4.89598e-07 0)
(7.95631e-07 5.0558e-07 0)
(8.05871e-07 5.24649e-07 0)
(8.60258e-07 2.52936e-07 7.43102e-23)
(8.16188e-07 2.9816e-07 0)
(7.84606e-07 3.31546e-07 0)
(7.61352e-07 3.58892e-07 0)
(7.44626e-07 3.81708e-07 0)
(7.32964e-07 4.01498e-07 0)
(7.25265e-07 4.19041e-07 0)
(7.20698e-07 4.34956e-07 0)
(7.18652e-07 4.49663e-07 0)
(7.18527e-07 4.63493e-07 0)
(7.28897e-07 4.81577e-07 0)
(8.02203e-07 2.35075e-07 3.52081e-23)
(7.52496e-07 2.75512e-07 0)
(7.1737e-07 3.0479e-07 0)
(6.91664e-07 3.28589e-07 0)
(6.73146e-07 3.48236e-07 0)
(6.60084e-07 3.65179e-07 0)
(6.51214e-07 3.80121e-07 0)
(6.45617e-07 3.93628e-07 0)
(6.42608e-07 4.06076e-07 0)
(6.41597e-07 4.17708e-07 0)
(6.52148e-07 4.34799e-07 0)
(1.2666e-06 7.21743e-07 1.45123e-23)
(1.28121e-06 7.47237e-07 -1.24612e-23)
(1.29696e-06 7.72347e-07 -2.00165e-23)
(1.31374e-06 7.97195e-07 -9.06529e-24)
(1.33145e-06 8.21882e-07 -3.81804e-24)
(1.34997e-06 8.46489e-07 0)
(1.36923e-06 8.71089e-07 5.12402e-24)
(1.38913e-06 8.95739e-07 6.49678e-24)
(1.40961e-06 9.20489e-07 1.16342e-23)
(1.4306e-06 9.45382e-07 1.44631e-23)
(1.45203e-06 9.70453e-07 2.79232e-24)
(1.47385e-06 9.95732e-07 2.83512e-24)
(1.49599e-06 1.02124e-06 -1.14015e-23)
(1.51841e-06 1.04701e-06 -1.1818e-23)
(1.54104e-06 1.07303e-06 3.828e-24)
(1.56383e-06 1.09932e-06 -5.29726e-24)
(1.58671e-06 1.12586e-06 1.80608e-26)
(1.60963e-06 1.15263e-06 -1.19101e-24)
(1.6325e-06 1.17955e-06 -2.51253e-23)
(1.64007e-06 1.19631e-06 -3.8926e-24)
(1.22222e-06 7.10496e-07 0)
(1.23807e-06 7.35448e-07 0)
(1.25485e-06 7.60069e-07 0)
(1.27247e-06 7.84488e-07 0)
(1.29084e-06 8.08803e-07 0)
(1.30989e-06 8.33091e-07 0)
(1.32957e-06 8.57421e-07 0)
(1.34979e-06 8.81847e-07 0)
(1.37051e-06 9.06415e-07 0)
(1.39167e-06 9.31167e-07 0)
(1.41321e-06 9.56134e-07 0)
(1.4351e-06 9.81344e-07 0)
(1.45729e-06 1.00682e-06 0)
(1.47973e-06 1.03258e-06 0)
(1.50237e-06 1.05864e-06 0)
(1.52518e-06 1.08499e-06 0)
(1.54812e-06 1.11163e-06 0)
(1.57113e-06 1.13852e-06 0)
(1.59419e-06 1.1656e-06 0)
(1.61715e-06 1.19273e-06 1.64192e-23)
(1.16957e-06 6.95303e-07 0)
(1.18735e-06 7.20074e-07 0)
(1.2058e-06 7.44533e-07 0)
(1.22485e-06 7.68817e-07 0)
(1.24446e-06 7.93028e-07 0)
(1.26458e-06 8.1724e-07 0)
(1.28517e-06 8.41525e-07 0)
(1.30618e-06 8.65935e-07 0)
(1.32758e-06 8.90516e-07 0)
(1.34934e-06 9.15308e-07 0)
(1.37141e-06 9.40344e-07 0)
(1.39376e-06 9.65651e-07 0)
(1.41636e-06 9.91253e-07 0)
(1.43919e-06 1.01717e-06 0)
(1.46221e-06 1.0434e-06 0)
(1.48539e-06 1.06997e-06 0)
(1.5087e-06 1.09686e-06 0)
(1.53211e-06 1.12404e-06 0)
(1.55557e-06 1.15147e-06 0)
(1.57885e-06 1.17902e-06 1.60449e-24)
(1.11049e-06 6.75603e-07 0)
(1.13067e-06 7.00605e-07 0)
(1.15125e-06 7.25287e-07 0)
(1.17218e-06 7.49785e-07 0)
(1.19345e-06 7.7421e-07 0)
(1.21504e-06 7.98637e-07 0)
(1.23692e-06 8.23141e-07 0)
(1.25909e-06 8.47777e-07 0)
(1.28152e-06 8.72595e-07 0)
(1.3042e-06 8.97635e-07 0)
(1.3271e-06 9.22931e-07 0)
(1.35022e-06 9.48514e-07 0)
(1.37352e-06 9.74408e-07 0)
(1.39701e-06 1.00063e-06 0)
(1.42065e-06 1.02721e-06 0)
(1.44444e-06 1.05414e-06 0)
(1.46835e-06 1.08143e-06 0)
(1.49235e-06 1.10908e-06 0)
(1.51639e-06 1.13707e-06 0)
(1.54016e-06 1.16529e-06 1.54428e-23)
(1.04603e-06 6.51362e-07 0)
(1.06899e-06 6.76982e-07 0)
(1.09208e-06 7.02257e-07 0)
(1.11525e-06 7.27305e-07 0)
(1.13853e-06 7.52255e-07 0)
(1.16191e-06 7.77181e-07 0)
(1.18542e-06 8.02168e-07 0)
(1.20904e-06 8.27273e-07 0)
(1.23279e-06 8.52551e-07 0)
(1.25666e-06 8.78046e-07 0)
(1.28066e-06 9.03797e-07 0)
(1.30477e-06 9.29837e-07 0)
(1.32901e-06 9.56195e-07 0)
(1.35337e-06 9.82897e-07 0)
(1.37784e-06 1.00996e-06 0)
(1.40242e-06 1.03742e-06 0)
(1.42709e-06 1.06527e-06 0)
(1.45183e-06 1.09354e-06 0)
(1.47661e-06 1.12225e-06 0)
(1.50103e-06 1.15131e-06 8.506e-24)
(9.77401e-07 6.22454e-07 0)
(1.00343e-06 6.49091e-07 0)
(1.0293e-06 6.75337e-07 0)
(1.05498e-06 7.01282e-07 0)
(1.08053e-06 7.27079e-07 0)
(1.10597e-06 7.528e-07 0)
(1.13133e-06 7.78542e-07 0)
(1.15665e-06 8.04367e-07 0)
(1.18193e-06 8.30339e-07 0)
(1.20721e-06 8.56505e-07 0)
(1.23249e-06 8.82912e-07 0)
(1.2578e-06 9.09597e-07 0)
(1.28315e-06 9.36594e-07 0)
(1.30854e-06 9.63936e-07 0)
(1.33399e-06 9.91652e-07 0)
(1.35949e-06 1.01977e-06 0)
(1.38505e-06 1.04833e-06 0)
(1.41066e-06 1.07737e-06 0)
(1.43629e-06 1.10692e-06 0)
(1.46151e-06 1.13696e-06 -1.30328e-23)
(9.05699e-07 5.8898e-07 0)
(9.34979e-07 6.17018e-07 0)
(9.63836e-07 6.44602e-07 0)
(9.92206e-07 6.71778e-07 0)
(1.02022e-06 6.98732e-07 0)
(1.0479e-06 7.25536e-07 0)
(1.07531e-06 7.52298e-07 0)
(1.10249e-06 7.7909e-07 0)
(1.12948e-06 8.05984e-07 0)
(1.15632e-06 8.33036e-07 0)
(1.18304e-06 8.60297e-07 0)
(1.20968e-06 8.87812e-07 0)
(1.23627e-06 9.15622e-07 0)
(1.26281e-06 9.43767e-07 0)
(1.28934e-06 9.72284e-07 0)
(1.31588e-06 1.00122e-06 0)
(1.34243e-06 1.03061e-06 0)
(1.36899e-06 1.06052e-06 0)
(1.39556e-06 1.09102e-06 0)
(1.42171e-06 1.1221e-06 -9.26338e-24)
(8.32028e-07 5.5113e-07 0)
(8.6464e-07 5.80924e-07 0)
(8.96581e-07 6.10186e-07 0)
(9.27758e-07 6.38915e-07 0)
(9.58357e-07 6.67322e-07 0)
(9.88396e-07 6.95487e-07 0)
(1.01797e-06 7.23529e-07 0)
(1.04714e-06 7.5153e-07 0)
(1.07595e-06 7.7957e-07 0)
(1.10447e-06 8.07716e-07 0)
(1.13275e-06 8.36025e-07 0)
(1.16082e-06 8.64552e-07 0)
(1.18873e-06 8.93344e-07 0)
(1.21651e-06 9.22447e-07 0)
(1.24421e-06 9.51907e-07 0)
(1.27184e-06 9.81776e-07 0)
(1.29944e-06 1.01211e-06 0)
(1.32702e-06 1.043e-06 0)
(1.3546e-06 1.0745e-06 0)
(1.38178e-06 1.10667e-06 -1.30555e-23)
(7.57468e-07 5.09258e-07 0)
(7.93379e-07 5.41127e-07 0)
(8.28413e-07 5.72359e-07 0)
(8.62434e-07 6.02928e-07 0)
(8.9566e-07 6.33047e-07 0)
(9.28121e-07 6.62822e-07 0)
(9.59931e-07 6.92376e-07 0)
(9.91153e-07 7.21808e-07 0)
(1.02187e-06 7.51205e-07 0)
(1.05214e-06 7.80643e-07 0)
(1.08203e-06 8.10189e-07 0)
(1.11159e-06 8.39904e-07 0)
(1.14089e-06 8.6984e-07 0)
(1.16997e-06 9.00051e-07 0)
(1.19888e-06 9.30591e-07 0)
(1.22766e-06 9.61517e-07 0)
(1.25634e-06 9.92897e-07 0)
(1.28498e-06 1.02482e-06 0)
(1.31359e-06 1.05738e-06 0)
(1.34189e-06 1.09066e-06 2.06174e-25)
(6.82992e-07 4.63871e-07 0)
(7.22032e-07 4.98046e-07 0)
(7.6004e-07 5.31454e-07 0)
(7.96875e-07 5.64114e-07 0)
(8.32723e-07 5.96184e-07 0)
(8.67633e-07 6.27797e-07 0)
(9.01709e-07 6.59079e-07 0)
(9.35031e-07 6.90142e-07 0)
(9.67684e-07 7.21086e-07 0)
(9.99746e-07 7.51996e-07 0)
(1.03129e-06 7.82948e-07 0)
(1.06239e-06 8.14008e-07 0)
(1.09311e-06 8.45238e-07 0)
(1.12351e-06 8.76695e-07 0)
(1.15365e-06 9.08437e-07 0)
(1.18358e-06 9.40526e-07 0)
(1.21337e-06 9.73035e-07 0)
(1.24307e-06 1.00606e-06 0)
(1.27274e-06 1.0397e-06 0)
(1.30223e-06 1.07408e-06 1.7013e-23)
(6.16882e-07 4.22576e-07 0)
(6.58252e-07 4.58732e-07 0)
(6.98483e-07 4.93918e-07 0)
(7.37499e-07 5.28347e-07 0)
(7.75415e-07 5.62114e-07 0)
(8.12287e-07 5.95355e-07 0)
(8.48203e-07 6.28188e-07 0)
(8.83242e-07 6.60727e-07 0)
(9.17489e-07 6.93074e-07 0)
(9.51026e-07 7.25317e-07 0)
(9.83933e-07 7.57537e-07 0)
(1.01629e-06 7.89803e-07 0)
(1.04816e-06 8.22178e-07 0)
(1.07963e-06 8.54721e-07 0)
(1.11077e-06 8.87489e-07 0)
(1.14163e-06 9.20545e-07 0)
(1.17229e-06 9.53958e-07 0)
(1.20282e-06 9.87822e-07 0)
(1.23332e-06 1.02223e-06 0)
(1.26377e-06 1.05735e-06 7.03555e-24)
(1.2666e-06 7.21743e-07 1.45123e-23)
(1.28121e-06 7.47237e-07 -1.24612e-23)
(1.29696e-06 7.72347e-07 -2.00165e-23)
(1.31374e-06 7.97195e-07 -9.06529e-24)
(1.33145e-06 8.21882e-07 -3.81804e-24)
(1.34997e-06 8.46489e-07 0)
(1.36923e-06 8.71089e-07 5.12402e-24)
(1.38913e-06 8.95739e-07 6.49678e-24)
(1.40961e-06 9.20489e-07 1.16342e-23)
(1.4306e-06 9.45382e-07 1.44631e-23)
(1.45203e-06 9.70453e-07 2.79232e-24)
(1.47385e-06 9.95732e-07 2.83512e-24)
(1.49599e-06 1.02124e-06 -1.14015e-23)
(1.51841e-06 1.04701e-06 -1.1818e-23)
(1.54104e-06 1.07303e-06 3.828e-24)
(1.56383e-06 1.09932e-06 -5.29726e-24)
(1.58671e-06 1.12586e-06 1.80608e-26)
(1.60963e-06 1.15263e-06 -1.19101e-24)
(1.6325e-06 1.17955e-06 -2.51253e-23)
(1.64007e-06 1.19631e-06 -3.8926e-24)
(1.22222e-06 7.10496e-07 0)
(1.23807e-06 7.35448e-07 0)
(1.25485e-06 7.60069e-07 0)
(1.27247e-06 7.84488e-07 0)
(1.29084e-06 8.08803e-07 0)
(1.30989e-06 8.33091e-07 0)
(1.32957e-06 8.57421e-07 0)
(1.34979e-06 8.81847e-07 0)
(1.37051e-06 9.06415e-07 0)
(1.39167e-06 9.31167e-07 0)
(1.41321e-06 9.56134e-07 0)
(1.4351e-06 9.81344e-07 0)
(1.45729e-06 1.00682e-06 0)
(1.47973e-06 1.03258e-06 0)
(1.50237e-06 1.05864e-06 0)
(1.52518e-06 1.08499e-06 0)
(1.54812e-06 1.11163e-06 0)
(1.57113e-06 1.13852e-06 0)
(1.59419e-06 1.1656e-06 0)
(1.61715e-06 1.19273e-06 1.64192e-23)
(1.16957e-06 6.95303e-07 0)
(1.18735e-06 7.20074e-07 0)
(1.2058e-06 7.44533e-07 0)
(1.22485e-06 7.68817e-07 0)
(1.24446e-06 7.93028e-07 0)
(1.26458e-06 8.1724e-07 0)
(1.28517e-06 8.41525e-07 0)
(1.30618e-06 8.65935e-07 0)
(1.32758e-06 8.90516e-07 0)
(1.34934e-06 9.15308e-07 0)
(1.37141e-06 9.40344e-07 0)
(1.39376e-06 9.65651e-07 0)
(1.41636e-06 9.91253e-07 0)
(1.43919e-06 1.01717e-06 0)
(1.46221e-06 1.0434e-06 0)
(1.48539e-06 1.06997e-06 0)
(1.5087e-06 1.09686e-06 0)
(1.53211e-06 1.12404e-06 0)
(1.55557e-06 1.15147e-06 0)
(1.57885e-06 1.17902e-06 1.60449e-24)
(1.11049e-06 6.75603e-07 0)
(1.13067e-06 7.00605e-07 0)
(1.15125e-06 7.25287e-07 0)
(1.17218e-06 7.49785e-07 0)
(1.19345e-06 7.7421e-07 0)
(1.21504e-06 7.98637e-07 0)
(1.23692e-06 8.23141e-07 0)
(1.25909e-06 8.47777e-07 0)
(1.28152e-06 8.72595e-07 0)
(1.3042e-06 8.97635e-07 0)
(1.3271e-06 9.22931e-07 0)
(1.35022e-06 9.48514e-07 0)
(1.37352e-06 9.74408e-07 0)
(1.39701e-06 1.00063e-06 0)
(1.42065e-06 1.02721e-06 0)
(1.44444e-06 1.05414e-06 0)
(1.46835e-06 1.08143e-06 0)
(1.49235e-06 1.10908e-06 0)
(1.51639e-06 1.13707e-06 0)
(1.54016e-06 1.16529e-06 1.54428e-23)
(1.04603e-06 6.51362e-07 0)
(1.06899e-06 6.76982e-07 0)
(1.09208e-06 7.02257e-07 0)
(1.11525e-06 7.27305e-07 0)
(1.13853e-06 7.52255e-07 0)
(1.16191e-06 7.77181e-07 0)
(1.18542e-06 8.02168e-07 0)
(1.20904e-06 8.27273e-07 0)
(1.23279e-06 8.52551e-07 0)
(1.25666e-06 8.78046e-07 0)
(1.28066e-06 9.03797e-07 0)
(1.30477e-06 9.29837e-07 0)
(1.32901e-06 9.56195e-07 0)
(1.35337e-06 9.82897e-07 0)
(1.37784e-06 1.00996e-06 0)
(1.40242e-06 1.03742e-06 0)
(1.42709e-06 1.06527e-06 0)
(1.45183e-06 1.09354e-06 0)
(1.47661e-06 1.12225e-06 0)
(1.50103e-06 1.15131e-06 8.506e-24)
(9.77401e-07 6.22454e-07 0)
(1.00343e-06 6.49091e-07 0)
(1.0293e-06 6.75337e-07 0)
(1.05498e-06 7.01282e-07 0)
(1.08053e-06 7.27079e-07 0)
(1.10597e-06 7.528e-07 0)
(1.13133e-06 7.78542e-07 0)
(1.15665e-06 8.04367e-07 0)
(1.18193e-06 8.30339e-07 0)
(1.20721e-06 8.56505e-07 0)
(1.23249e-06 8.82912e-07 0)
(1.2578e-06 9.09597e-07 0)
(1.28315e-06 9.36594e-07 0)
(1.30854e-06 9.63936e-07 0)
(1.33399e-06 9.91652e-07 0)
(1.35949e-06 1.01977e-06 0)
(1.38505e-06 1.04833e-06 0)
(1.41066e-06 1.07737e-06 0)
(1.43629e-06 1.10692e-06 0)
(1.46151e-06 1.13696e-06 -1.30328e-23)
(9.05699e-07 5.8898e-07 0)
(9.34979e-07 6.17018e-07 0)
(9.63836e-07 6.44602e-07 0)
(9.92206e-07 6.71778e-07 0)
(1.02022e-06 6.98732e-07 0)
(1.0479e-06 7.25536e-07 0)
(1.07531e-06 7.52298e-07 0)
(1.10249e-06 7.7909e-07 0)
(1.12948e-06 8.05984e-07 0)
(1.15632e-06 8.33036e-07 0)
(1.18304e-06 8.60297e-07 0)
(1.20968e-06 8.87812e-07 0)
(1.23627e-06 9.15622e-07 0)
(1.26281e-06 9.43767e-07 0)
(1.28934e-06 9.72284e-07 0)
(1.31588e-06 1.00122e-06 0)
(1.34243e-06 1.03061e-06 0)
(1.36899e-06 1.06052e-06 0)
(1.39556e-06 1.09102e-06 0)
(1.42171e-06 1.1221e-06 -9.26338e-24)
(8.32028e-07 5.5113e-07 0)
(8.6464e-07 5.80924e-07 0)
(8.96581e-07 6.10186e-07 0)
(9.27758e-07 6.38915e-07 0)
(9.58357e-07 6.67322e-07 0)
(9.88396e-07 6.95487e-07 0)
(1.01797e-06 7.23529e-07 0)
(1.04714e-06 7.5153e-07 0)
(1.07595e-06 7.7957e-07 0)
(1.10447e-06 8.07716e-07 0)
(1.13275e-06 8.36025e-07 0)
(1.16082e-06 8.64552e-07 0)
(1.18873e-06 8.93344e-07 0)
(1.21651e-06 9.22447e-07 0)
(1.24421e-06 9.51907e-07 0)
(1.27184e-06 9.81776e-07 0)
(1.29944e-06 1.01211e-06 0)
(1.32702e-06 1.043e-06 0)
(1.3546e-06 1.0745e-06 0)
(1.38178e-06 1.10667e-06 -1.30555e-23)
(7.57468e-07 5.09258e-07 0)
(7.93379e-07 5.41127e-07 0)
(8.28413e-07 5.72359e-07 0)
(8.62434e-07 6.02928e-07 0)
(8.9566e-07 6.33047e-07 0)
(9.28121e-07 6.62822e-07 0)
(9.59931e-07 6.92376e-07 0)
(9.91153e-07 7.21808e-07 0)
(1.02187e-06 7.51205e-07 0)
(1.05214e-06 7.80643e-07 0)
(1.08203e-06 8.10189e-07 0)
(1.11159e-06 8.39904e-07 0)
(1.14089e-06 8.6984e-07 0)
(1.16997e-06 9.00051e-07 0)
(1.19888e-06 9.30591e-07 0)
(1.22766e-06 9.61517e-07 0)
(1.25634e-06 9.92897e-07 0)
(1.28498e-06 1.02482e-06 0)
(1.31359e-06 1.05738e-06 0)
(1.34189e-06 1.09066e-06 2.06174e-25)
(6.82992e-07 4.63871e-07 0)
(7.22032e-07 4.98046e-07 0)
(7.6004e-07 5.31454e-07 0)
(7.96875e-07 5.64114e-07 0)
(8.32723e-07 5.96184e-07 0)
(8.67633e-07 6.27797e-07 0)
(9.01709e-07 6.59079e-07 0)
(9.35031e-07 6.90142e-07 0)
(9.67684e-07 7.21086e-07 0)
(9.99746e-07 7.51996e-07 0)
(1.03129e-06 7.82948e-07 0)
(1.06239e-06 8.14008e-07 0)
(1.09311e-06 8.45238e-07 0)
(1.12351e-06 8.76695e-07 0)
(1.15365e-06 9.08437e-07 0)
(1.18358e-06 9.40526e-07 0)
(1.21337e-06 9.73035e-07 0)
(1.24307e-06 1.00606e-06 0)
(1.27274e-06 1.0397e-06 0)
(1.30223e-06 1.07408e-06 1.7013e-23)
(6.16882e-07 4.22576e-07 0)
(6.58252e-07 4.58732e-07 0)
(6.98483e-07 4.93918e-07 0)
(7.37499e-07 5.28347e-07 0)
(7.75415e-07 5.62114e-07 0)
(8.12287e-07 5.95355e-07 0)
(8.48203e-07 6.28188e-07 0)
(8.83242e-07 6.60727e-07 0)
(9.17489e-07 6.93074e-07 0)
(9.51026e-07 7.25317e-07 0)
(9.83933e-07 7.57537e-07 0)
(1.01629e-06 7.89803e-07 0)
(1.04816e-06 8.22178e-07 0)
(1.07963e-06 8.54721e-07 0)
(1.11077e-06 8.87489e-07 0)
(1.14163e-06 9.20545e-07 0)
(1.17229e-06 9.53958e-07 0)
(1.20282e-06 9.87822e-07 0)
(1.23332e-06 1.02223e-06 0)
(1.26377e-06 1.05735e-06 7.03555e-24)
(5.18942e-07 3.53618e-07 0)
(5.68751e-07 3.94245e-07 0)
(6.1092e-07 4.31238e-07 0)
(6.5194e-07 4.67225e-07 0)
(6.91798e-07 5.0252e-07 0)
(7.3056e-07 5.37184e-07 0)
(7.68274e-07 5.71332e-07 0)
(8.0501e-07 6.05065e-07 0)
(8.40836e-07 6.3848e-07 0)
(8.75828e-07 6.71667e-07 0)
(9.10063e-07 7.04706e-07 0)
(9.43616e-07 7.37671e-07 0)
(9.76564e-07 7.70625e-07 0)
(1.00898e-06 8.03626e-07 0)
(1.04094e-06 8.3673e-07 0)
(1.07251e-06 8.69989e-07 0)
(1.10378e-06 9.03458e-07 0)
(1.13481e-06 9.37198e-07 0)
(1.16569e-06 9.71288e-07 0)
(1.19652e-06 1.0058e-06 0)
(1.22739e-06 1.04091e-06 1.16316e-25)
(4.83675e-07 3.32883e-07 0)
(5.3184e-07 3.7299e-07 0)
(5.73715e-07 4.10051e-07 0)
(6.14587e-07 4.46299e-07 0)
(6.5441e-07 4.81966e-07 0)
(6.93227e-07 5.17085e-07 0)
(7.31057e-07 5.51736e-07 0)
(7.67954e-07 5.85997e-07 0)
(8.03968e-07 6.19944e-07 0)
(8.39161e-07 6.53649e-07 0)
(8.73598e-07 6.87179e-07 0)
(9.07347e-07 7.20595e-07 0)
(9.40478e-07 7.53952e-07 0)
(9.73062e-07 7.87299e-07 0)
(1.00517e-06 8.20683e-07 0)
(1.03687e-06 8.54149e-07 0)
(1.06824e-06 8.87741e-07 0)
(1.09937e-06 9.21509e-07 0)
(1.13033e-06 9.5551e-07 0)
(1.16125e-06 9.89798e-07 0)
(1.19221e-06 1.02449e-06 3.72126e-24)
(4.52372e-07 3.12919e-07 0)
(4.98753e-07 3.52476e-07 0)
(5.39893e-07 3.89449e-07 0)
(5.80245e-07 4.2581e-07 0)
(6.1969e-07 4.61728e-07 0)
(6.58255e-07 4.972e-07 0)
(6.95926e-07 5.32274e-07 0)
(7.32737e-07 5.66998e-07 0)
(7.68719e-07 6.01426e-07 0)
(8.03921e-07 6.35612e-07 0)
(8.38393e-07 6.69605e-07 0)
(8.72195e-07 7.03453e-07 0)
(9.05387e-07 7.372e-07 0)
(9.38035e-07 7.70885e-07 0)
(9.70204e-07 8.04544e-07 0)
(1.00197e-06 8.38212e-07 0)
(1.03339e-06 8.7192e-07 0)
(1.06457e-06 9.05704e-07 0)
(1.09558e-06 9.39599e-07 0)
(1.12656e-06 9.73634e-07 0)
(1.15757e-06 1.00787e-06 7.37715e-24)
(4.24457e-07 2.93882e-07 0)
(4.68946e-07 3.32759e-07 0)
(5.09093e-07 3.69504e-07 0)
(5.48652e-07 4.05857e-07 0)
(5.87457e-07 4.41922e-07 0)
(6.2552e-07 4.77657e-07 0)
(6.62799e-07 5.13074e-07 0)
(6.99312e-07 5.48196e-07 0)
(7.3507e-07 5.83051e-07 0)
(7.70107e-07 6.17672e-07 0)
(8.04463e-07 6.52092e-07 0)
(8.38184e-07 6.86344e-07 0)
(8.71324e-07 7.20459e-07 0)
(9.03939e-07 7.54464e-07 0)
(9.36091e-07 7.88385e-07 0)
(9.67846e-07 8.22243e-07 0)
(9.99274e-07 8.56058e-07 0)
(1.03045e-06 8.89847e-07 0)
(1.06148e-06 9.23621e-07 0)
(1.09248e-06 9.57383e-07 0)
(1.12352e-06 9.91145e-07 -3.52976e-24)
(3.99447e-07 2.75833e-07 0)
(4.42003e-07 3.13961e-07 0)
(4.80966e-07 3.50368e-07 0)
(5.19524e-07 3.86602e-07 0)
(5.57484e-07 4.22708e-07 0)
(5.94843e-07 4.58608e-07 0)
(6.31539e-07 4.94284e-07 0)
(6.67573e-07 5.29728e-07 0)
(7.0294e-07 5.64945e-07 0)
(7.37663e-07 5.99946e-07 0)
(7.71767e-07 6.34747e-07 0)
(8.05289e-07 6.69365e-07 0)
(8.38273e-07 7.03817e-07 0)
(8.70767e-07 7.38117e-07 0)
(9.02828e-07 7.72279e-07 0)
(9.34514e-07 8.06312e-07 0)
(9.65891e-07 8.4022e-07 0)
(9.97036e-07 8.74002e-07 0)
(1.02804e-06 9.07643e-07 0)
(1.05902e-06 9.4113e-07 0)
(1.09004e-06 9.74429e-07 -7.18565e-24)
(3.76844e-07 2.58773e-07 0)
(4.17479e-07 2.96095e-07 0)
(4.55138e-07 3.32078e-07 0)
(4.92552e-07 3.68104e-07 0)
(5.29515e-07 4.04161e-07 0)
(5.66015e-07 4.4014e-07 0)
(6.01973e-07 4.75995e-07 0)
(6.37381e-07 5.11689e-07 0)
(6.7222e-07 5.47202e-07 0)
(7.06499e-07 5.82526e-07 0)
(7.40234e-07 6.17658e-07 0)
(7.73452e-07 6.52598e-07 0)
(8.06187e-07 6.87349e-07 0)
(8.38482e-07 7.21913e-07 0)
(8.70383e-07 7.56291e-07 0)
(9.01946e-07 7.90477e-07 0)
(9.33227e-07 8.24463e-07 0)
(9.64301e-07 8.58229e-07 0)
(9.95239e-07 8.9174e-07 0)
(1.02615e-06 9.24964e-07 0)
(1.05712e-06 9.5781e-07 7.03078e-38)
(3.56213e-07 2.42672e-07 0)
(3.94969e-07 2.79163e-07 0)
(4.31247e-07 3.14664e-07 0)
(4.67419e-07 3.50412e-07 0)
(5.03276e-07 3.86344e-07 0)
(5.38798e-07 4.22328e-07 0)
(5.73901e-07 4.58287e-07 0)
(6.08564e-07 4.9416e-07 0)
(6.4276e-07 5.29905e-07 0)
(6.76489e-07 5.65493e-07 0)
(7.09756e-07 6.00901e-07 0)
(7.42581e-07 6.36115e-07 0)
(7.74989e-07 6.71124e-07 0)
(8.07015e-07 7.05916e-07 0)
(8.38698e-07 7.40479e-07 0)
(8.70085e-07 7.74798e-07 0)
(9.01228e-07 8.08846e-07 0)
(9.32192e-07 8.42592e-07 0)
(9.63038e-07 8.7598e-07 0)
(9.93867e-07 9.08955e-07 0)
(1.02474e-06 9.41377e-07 -3.41709e-24)
(3.37152e-07 2.27474e-07 0)
(3.74085e-07 2.63131e-07 0)
(4.08942e-07 2.98116e-07 0)
(4.4381e-07 3.33536e-07 0)
(4.78485e-07 3.69286e-07 0)
(5.12945e-07 4.05211e-07 0)
(5.47101e-07 4.4121e-07 0)
(5.80928e-07 4.77199e-07 0)
(6.1439e-07 5.13114e-07 0)
(6.47482e-07 5.48906e-07 0)
(6.80201e-07 5.84537e-07 0)
(7.12558e-07 6.19976e-07 0)
(7.44573e-07 6.55198e-07 0)
(7.76271e-07 6.9018e-07 0)
(8.07685e-07 7.24897e-07 0)
(8.38854e-07 7.59323e-07 0)
(8.69823e-07 7.93419e-07 0)
(9.00645e-07 8.27141e-07 0)
(9.31372e-07 8.60415e-07 0)
(9.62089e-07 8.9317e-07 0)
(9.92847e-07 9.25224e-07 -4.46735e-26)
(3.19301e-07 2.13116e-07 0)
(3.54474e-07 2.47959e-07 0)
(3.8789e-07 2.82414e-07 0)
(4.21416e-07 3.17475e-07 0)
(4.54859e-07 3.53e-07 0)
(4.88196e-07 3.88816e-07 0)
(5.21339e-07 4.248e-07 0)
(5.5426e-07 4.60848e-07 0)
(5.8692e-07 4.96875e-07 0)
(6.19308e-07 5.32815e-07 0)
(6.51414e-07 5.68615e-07 0)
(6.83245e-07 6.04229e-07 0)
(7.14812e-07 6.39619e-07 0)
(7.46134e-07 6.7475e-07 0)
(7.77237e-07 7.09589e-07 0)
(8.08153e-07 7.44096e-07 0)
(8.38916e-07 7.78226e-07 0)
(8.6957e-07 8.11921e-07 0)
(9.00156e-07 8.45097e-07 0)
(9.30739e-07 8.77667e-07 0)
(9.61358e-07 9.09421e-07 3.37242e-24)
(3.02336e-07 1.99533e-07 0)
(3.35804e-07 2.33598e-07 0)
(3.67773e-07 2.67527e-07 0)
(3.99935e-07 3.02213e-07 0)
(4.32113e-07 3.37484e-07 0)
(4.64286e-07 3.73152e-07 0)
(4.96371e-07 4.09076e-07 0)
(5.28336e-07 4.45131e-07 0)
(5.60144e-07 4.81218e-07 0)
(5.91777e-07 5.17255e-07 0)
(6.23223e-07 5.53171e-07 0)
(6.54483e-07 5.88911e-07 0)
(6.85561e-07 6.24424e-07 0)
(7.1647e-07 6.59665e-07 0)
(7.4723e-07 6.9459e-07 0)
(7.77863e-07 7.29154e-07 0)
(8.08397e-07 7.63301e-07 0)
(8.38862e-07 7.96969e-07 0)
(8.69288e-07 8.30063e-07 0)
(8.99721e-07 8.62491e-07 0)
(9.30183e-07 8.94022e-07 4.55945e-38)
(2.85956e-07 1.86667e-07 0)
(3.17766e-07 2.20001e-07 0)
(3.48285e-07 2.53421e-07 0)
(3.79072e-07 2.8773e-07 0)
(4.09966e-07 3.22729e-07 0)
(4.40949e-07 3.58221e-07 0)
(4.71944e-07 3.94046e-07 0)
(5.02922e-07 4.30065e-07 0)
(5.33843e-07 4.66164e-07 0)
(5.64688e-07 5.02247e-07 0)
(5.95441e-07 5.38232e-07 0)
(6.26098e-07 5.74049e-07 0)
(6.56659e-07 6.0964e-07 0)
(6.8713e-07 6.4495e-07 0)
(7.17523e-07 6.79928e-07 0)
(7.47854e-07 7.14522e-07 0)
(7.7814e-07 7.48672e-07 0)
(8.08402e-07 7.82312e-07 0)
(8.38657e-07 8.15345e-07 0)
(8.68928e-07 8.47676e-07 0)
(8.99221e-07 8.79067e-07 4.559e-38)
(2.69879e-07 1.7447e-07 0)
(3.00061e-07 2.07127e-07 0)
(3.2913e-07 2.40065e-07 0)
(3.58534e-07 2.74001e-07 0)
(3.88132e-07 3.08721e-07 0)
(4.17911e-07 3.44014e-07 0)
(4.47801e-07 3.79708e-07 0)
(4.77772e-07 4.15653e-07 0)
(5.07788e-07 4.51721e-07 0)
(5.37826e-07 4.87804e-07 0)
(5.6787e-07 5.2381e-07 0)
(5.97908e-07 5.5966e-07 0)
(6.27936e-07 5.95286e-07 0)
(6.57954e-07 6.30625e-07 0)
(6.87968e-07 6.65622e-07 0)
(7.17985e-07 7.00219e-07 0)
(7.48014e-07 7.34357e-07 0)
(7.78064e-07 7.67967e-07 0)
(8.0814e-07 8.00958e-07 0)
(8.38244e-07 8.33237e-07 0)
(8.68365e-07 8.64576e-07 3.41346e-38)
(2.5383e-07 1.6291e-07 0)
(2.82397e-07 1.94947e-07 0)
(3.10011e-07 2.27432e-07 0)
(3.38028e-07 2.61008e-07 0)
(3.66326e-07 2.95443e-07 0)
(3.94895e-07 3.30519e-07 0)
(4.23674e-07 3.66056e-07 0)
(4.52635e-07 4.01891e-07 0)
(4.81742e-07 4.37888e-07 0)
(5.10971e-07 4.73929e-07 0)
(5.40302e-07 5.09911e-07 0)
(5.69719e-07 5.4575e-07 0)
(5.99213e-07 5.81367e-07 0)
(6.28778e-07 6.16698e-07 0)
(6.58411e-07 6.5168e-07 0)
(6.88112e-07 6.86255e-07 0)
(7.17882e-07 7.20363e-07 0)
(7.47718e-07 7.53942e-07 0)
(7.77615e-07 7.86907e-07 0)
(8.07553e-07 8.19178e-07 0)
(8.37506e-07 8.50548e-07 1.09708e-38)
(2.37534e-07 1.51961e-07 0)
(2.64478e-07 1.83436e-07 0)
(2.90628e-07 2.155e-07 0)
(3.17252e-07 2.48726e-07 0)
(3.4425e-07 2.82874e-07 0)
(3.71613e-07 3.17719e-07 0)
(3.99288e-07 3.53072e-07 0)
(4.27248e-07 3.88765e-07 0)
(4.55458e-07 4.24653e-07 0)
(4.83892e-07 4.60609e-07 0)
(5.12524e-07 4.96527e-07 0)
(5.41335e-07 5.32311e-07 0)
(5.70309e-07 5.67882e-07 0)
(5.99433e-07 6.03167e-07 0)
(6.28696e-07 6.38102e-07 0)
(6.58091e-07 6.72629e-07 0)
(6.87609e-07 7.06691e-07 0)
(7.17238e-07 7.40232e-07 0)
(7.46962e-07 7.73183e-07 0)
(7.76743e-07 8.05482e-07 0)
(8.06539e-07 8.36961e-07 -1.26104e-38)
(2.20702e-07 1.41631e-07 0)
(2.45996e-07 1.72593e-07 0)
(2.70667e-07 2.0426e-07 0)
(2.95896e-07 2.37146e-07 0)
(3.21598e-07 2.70999e-07 0)
(3.47769e-07 3.05595e-07 0)
(3.74359e-07 3.40738e-07 0)
(4.01343e-07 3.76255e-07 0)
(4.28684e-07 4.11995e-07 0)
(4.56352e-07 4.47827e-07 0)
(4.84318e-07 4.83637e-07 0)
(5.12555e-07 5.19328e-07 0)
(5.4104e-07 5.54813e-07 0)
(5.69752e-07 5.90018e-07 0)
(5.98672e-07 6.24876e-07 0)
(6.27784e-07 6.5933e-07 0)
(6.57069e-07 6.93328e-07 0)
(6.86508e-07 7.26823e-07 0)
(7.16071e-07 7.59766e-07 0)
(7.45711e-07 7.92119e-07 0)
(7.75369e-07 8.23768e-07 -4.73358e-38)
(2.03019e-07 1.31915e-07 0)
(2.26616e-07 1.62405e-07 0)
(2.4979e-07 1.93694e-07 0)
(2.73621e-07 2.26239e-07 0)
(2.98042e-07 2.59789e-07 0)
(3.23045e-07 2.94113e-07 0)
(3.48586e-07 3.29017e-07 0)
(3.74635e-07 3.64323e-07 0)
(4.01153e-07 3.99877e-07 0)
(4.28107e-07 4.35544e-07 0)
(4.55458e-07 4.71208e-07 0)
(4.83175e-07 5.06767e-07 0)
(5.11223e-07 5.42131e-07 0)
(5.39573e-07 5.77223e-07 0)
(5.68196e-07 6.11977e-07 0)
(5.97065e-07 6.46336e-07 0)
(6.26152e-07 6.80253e-07 0)
(6.55427e-07 7.13691e-07 0)
(6.84854e-07 7.46623e-07 0)
(7.14375e-07 7.79041e-07 0)
(7.43921e-07 8.10904e-07 -7.03365e-38)
(1.84141e-07 1.22873e-07 0)
(2.05978e-07 1.52911e-07 0)
(2.27638e-07 1.83821e-07 0)
(2.50077e-07 2.16011e-07 0)
(2.73241e-07 2.49232e-07 0)
(2.97116e-07 2.83253e-07 0)
(3.21659e-07 3.1788e-07 0)
(3.46835e-07 3.52933e-07 0)
(3.726e-07 3.88258e-07 0)
(3.98911e-07 4.23718e-07 0)
(4.25724e-07 4.59194e-07 0)
(4.52995e-07 4.94581e-07 0)
(4.80682e-07 5.2979e-07 0)
(5.08742e-07 5.6474e-07 0)
(5.37136e-07 5.99365e-07 0)
(5.65824e-07 6.33608e-07 0)
(5.94767e-07 6.67428e-07 0)
(6.23924e-07 7.00797e-07 0)
(6.5325e-07 7.33709e-07 0)
(6.82683e-07 7.66188e-07 0)
(7.12149e-07 7.98278e-07 -1.10837e-38)
(1.63649e-07 1.14484e-07 0)
(1.83647e-07 1.44074e-07 0)
(2.03785e-07 1.7459e-07 0)
(2.24851e-07 2.064e-07 0)
(2.46799e-07 2.39258e-07 0)
(2.69609e-07 2.7294e-07 0)
(2.9323e-07 3.07248e-07 0)
(3.1762e-07 3.42006e-07 0)
(3.42726e-07 3.77059e-07 0)
(3.68495e-07 4.1227e-07 0)
(3.94873e-07 4.47519e-07 0)
(4.21804e-07 4.827e-07 0)
(4.49233e-07 5.17722e-07 0)
(4.77106e-07 5.52504e-07 0)
(5.0537e-07 5.8698e-07 0)
(5.33969e-07 6.21093e-07 0)
(5.62851e-07 6.54804e-07 0)
(5.91961e-07 6.88093e-07 0)
(6.21242e-07 7.20972e-07 0)
(6.50629e-07 7.53492e-07 0)
(6.80049e-07 7.85782e-07 -3.47381e-24)
(1.41141e-07 1.06906e-07 0)
(1.5922e-07 1.36009e-07 0)
(1.77838e-07 1.66077e-07 0)
(1.97569e-07 1.97447e-07 0)
(2.18369e-07 2.29882e-07 0)
(2.40197e-07 2.63161e-07 0)
(2.62999e-07 2.97091e-07 0)
(2.86715e-07 3.31495e-07 0)
(3.11283e-07 3.66221e-07 0)
(3.36636e-07 4.01131e-07 0)
(3.62706e-07 4.36105e-07 0)
(3.89427e-07 4.71039e-07 0)
(4.1673e-07 5.05839e-07 0)
(4.44546e-07 5.40427e-07 0)
(4.72807e-07 5.74733e-07 0)
(5.01442e-07 6.08703e-07 0)
(5.3038e-07 6.423e-07 0)
(5.59547e-07 6.75507e-07 0)
(5.88868e-07 7.08342e-07 0)
(6.18268e-07 7.40874e-07 0)
(6.47681e-07 7.73282e-07 -3.47381e-24)
(1.15875e-07 1.00002e-07 2.73749e-24)
(1.31926e-07 1.28529e-07 6.8977e-24)
(1.4907e-07 1.58087e-07 6.54179e-24)
(1.67551e-07 1.88957e-07 3.34097e-24)
(1.87311e-07 2.20912e-07 -3.54806e-24)
(2.08294e-07 2.53734e-07 -7.16736e-24)
(2.30425e-07 2.87233e-07 5.24727e-26)
(2.53629e-07 3.21235e-07 7.37959e-24)
(2.77826e-07 3.55589e-07 -2.14051e-26)
(3.02935e-07 3.90158e-07 -3.72923e-24)
(3.28873e-07 4.24822e-07 8.77074e-39)
(3.5556e-07 4.59477e-07 -1.71348e-38)
(3.82913e-07 4.9403e-07 -3.86785e-38)
(4.10852e-07 5.28402e-07 -3.04843e-38)
(4.39293e-07 5.62525e-07 -3.05381e-38)
(4.68149e-07 5.96345e-07 -5.55631e-38)
(4.9733e-07 6.29827e-07 3.56002e-24)
(5.26737e-07 6.62953e-07 3.56002e-24)
(5.56263e-07 6.95745e-07 0)
(5.8578e-07 7.28269e-07 0)
(6.15978e-07 7.55743e-07 0)
(5.18942e-07 3.53618e-07 0)
(5.68751e-07 3.94245e-07 0)
(6.1092e-07 4.31238e-07 0)
(6.5194e-07 4.67225e-07 0)
(6.91798e-07 5.0252e-07 0)
(7.3056e-07 5.37184e-07 0)
(7.68274e-07 5.71332e-07 0)
(8.0501e-07 6.05065e-07 0)
(8.40836e-07 6.3848e-07 0)
(8.75828e-07 6.71667e-07 0)
(9.10063e-07 7.04706e-07 0)
(9.43616e-07 7.37671e-07 0)
(9.76564e-07 7.70625e-07 0)
(1.00898e-06 8.03626e-07 0)
(1.04094e-06 8.3673e-07 0)
(1.07251e-06 8.69989e-07 0)
(1.10378e-06 9.03458e-07 0)
(1.13481e-06 9.37198e-07 0)
(1.16569e-06 9.71288e-07 0)
(1.19652e-06 1.0058e-06 0)
(1.22739e-06 1.04091e-06 1.16316e-25)
(4.83675e-07 3.32883e-07 0)
(5.3184e-07 3.7299e-07 0)
(5.73715e-07 4.10051e-07 0)
(6.14587e-07 4.46299e-07 0)
(6.5441e-07 4.81966e-07 0)
(6.93227e-07 5.17085e-07 0)
(7.31057e-07 5.51736e-07 0)
(7.67954e-07 5.85997e-07 0)
(8.03968e-07 6.19944e-07 0)
(8.39161e-07 6.53649e-07 0)
(8.73598e-07 6.87179e-07 0)
(9.07347e-07 7.20595e-07 0)
(9.40478e-07 7.53952e-07 0)
(9.73062e-07 7.87299e-07 0)
(1.00517e-06 8.20683e-07 0)
(1.03687e-06 8.54149e-07 0)
(1.06824e-06 8.87741e-07 0)
(1.09937e-06 9.21509e-07 0)
(1.13033e-06 9.5551e-07 0)
(1.16125e-06 9.89798e-07 0)
(1.19221e-06 1.02449e-06 3.72126e-24)
(4.52372e-07 3.12919e-07 0)
(4.98753e-07 3.52476e-07 0)
(5.39893e-07 3.89449e-07 0)
(5.80245e-07 4.2581e-07 0)
(6.1969e-07 4.61728e-07 0)
(6.58255e-07 4.972e-07 0)
(6.95926e-07 5.32274e-07 0)
(7.32737e-07 5.66998e-07 0)
(7.68719e-07 6.01426e-07 0)
(8.03921e-07 6.35612e-07 0)
(8.38393e-07 6.69605e-07 0)
(8.72195e-07 7.03453e-07 0)
(9.05387e-07 7.372e-07 0)
(9.38035e-07 7.70885e-07 0)
(9.70204e-07 8.04544e-07 0)
(1.00197e-06 8.38212e-07 0)
(1.03339e-06 8.7192e-07 0)
(1.06457e-06 9.05704e-07 0)
(1.09558e-06 9.39599e-07 0)
(1.12656e-06 9.73634e-07 0)
(1.15757e-06 1.00787e-06 7.37715e-24)
(4.24457e-07 2.93882e-07 0)
(4.68946e-07 3.32759e-07 0)
(5.09093e-07 3.69504e-07 0)
(5.48652e-07 4.05857e-07 0)
(5.87457e-07 4.41922e-07 0)
(6.2552e-07 4.77657e-07 0)
(6.62799e-07 5.13074e-07 0)
(6.99312e-07 5.48196e-07 0)
(7.3507e-07 5.83051e-07 0)
(7.70107e-07 6.17672e-07 0)
(8.04463e-07 6.52092e-07 0)
(8.38184e-07 6.86344e-07 0)
(8.71324e-07 7.20459e-07 0)
(9.03939e-07 7.54464e-07 0)
(9.36091e-07 7.88385e-07 0)
(9.67846e-07 8.22243e-07 0)
(9.99274e-07 8.56058e-07 0)
(1.03045e-06 8.89847e-07 0)
(1.06148e-06 9.23621e-07 0)
(1.09248e-06 9.57383e-07 0)
(1.12352e-06 9.91145e-07 -3.52976e-24)
(3.99447e-07 2.75833e-07 0)
(4.42003e-07 3.13961e-07 0)
(4.80966e-07 3.50368e-07 0)
(5.19524e-07 3.86602e-07 0)
(5.57484e-07 4.22708e-07 0)
(5.94843e-07 4.58608e-07 0)
(6.31539e-07 4.94284e-07 0)
(6.67573e-07 5.29728e-07 0)
(7.0294e-07 5.64945e-07 0)
(7.37663e-07 5.99946e-07 0)
(7.71767e-07 6.34747e-07 0)
(8.05289e-07 6.69365e-07 0)
(8.38273e-07 7.03817e-07 0)
(8.70767e-07 7.38117e-07 0)
(9.02828e-07 7.72279e-07 0)
(9.34514e-07 8.06312e-07 0)
(9.65891e-07 8.4022e-07 0)
(9.97036e-07 8.74002e-07 0)
(1.02804e-06 9.07643e-07 0)
(1.05902e-06 9.4113e-07 0)
(1.09004e-06 9.74429e-07 -7.18565e-24)
(3.76844e-07 2.58773e-07 0)
(4.17479e-07 2.96095e-07 0)
(4.55138e-07 3.32078e-07 0)
(4.92552e-07 3.68104e-07 0)
(5.29515e-07 4.04161e-07 0)
(5.66015e-07 4.4014e-07 0)
(6.01973e-07 4.75995e-07 0)
(6.37381e-07 5.11689e-07 0)
(6.7222e-07 5.47202e-07 0)
(7.06499e-07 5.82526e-07 0)
(7.40234e-07 6.17658e-07 0)
(7.73452e-07 6.52598e-07 0)
(8.06187e-07 6.87349e-07 0)
(8.38482e-07 7.21913e-07 0)
(8.70383e-07 7.56291e-07 0)
(9.01946e-07 7.90477e-07 0)
(9.33227e-07 8.24463e-07 0)
(9.64301e-07 8.58229e-07 0)
(9.95239e-07 8.9174e-07 0)
(1.02615e-06 9.24964e-07 0)
(1.05712e-06 9.5781e-07 7.03078e-38)
(3.56213e-07 2.42672e-07 0)
(3.94969e-07 2.79163e-07 0)
(4.31247e-07 3.14664e-07 0)
(4.67419e-07 3.50412e-07 0)
(5.03276e-07 3.86344e-07 0)
(5.38798e-07 4.22328e-07 0)
(5.73901e-07 4.58287e-07 0)
(6.08564e-07 4.9416e-07 0)
(6.4276e-07 5.29905e-07 0)
(6.76489e-07 5.65493e-07 0)
(7.09756e-07 6.00901e-07 0)
(7.42581e-07 6.36115e-07 0)
(7.74989e-07 6.71124e-07 0)
(8.07015e-07 7.05916e-07 0)
(8.38698e-07 7.40479e-07 0)
(8.70085e-07 7.74798e-07 0)
(9.01228e-07 8.08846e-07 0)
(9.32192e-07 8.42592e-07 0)
(9.63038e-07 8.7598e-07 0)
(9.93867e-07 9.08955e-07 0)
(1.02474e-06 9.41377e-07 -3.41709e-24)
(3.37152e-07 2.27474e-07 0)
(3.74085e-07 2.63131e-07 0)
(4.08942e-07 2.98116e-07 0)
(4.4381e-07 3.33536e-07 0)
(4.78485e-07 3.69286e-07 0)
(5.12945e-07 4.05211e-07 0)
(5.47101e-07 4.4121e-07 0)
(5.80928e-07 4.77199e-07 0)
(6.1439e-07 5.13114e-07 0)
(6.47482e-07 5.48906e-07 0)
(6.80201e-07 5.84537e-07 0)
(7.12558e-07 6.19976e-07 0)
(7.44573e-07 6.55198e-07 0)
(7.76271e-07 6.9018e-07 0)
(8.07685e-07 7.24897e-07 0)
(8.38854e-07 7.59323e-07 0)
(8.69823e-07 7.93419e-07 0)
(9.00645e-07 8.27141e-07 0)
(9.31372e-07 8.60415e-07 0)
(9.62089e-07 8.9317e-07 0)
(9.92847e-07 9.25224e-07 -4.46735e-26)
(3.19301e-07 2.13116e-07 0)
(3.54474e-07 2.47959e-07 0)
(3.8789e-07 2.82414e-07 0)
(4.21416e-07 3.17475e-07 0)
(4.54859e-07 3.53e-07 0)
(4.88196e-07 3.88816e-07 0)
(5.21339e-07 4.248e-07 0)
(5.5426e-07 4.60848e-07 0)
(5.8692e-07 4.96875e-07 0)
(6.19308e-07 5.32815e-07 0)
(6.51414e-07 5.68615e-07 0)
(6.83245e-07 6.04229e-07 0)
(7.14812e-07 6.39619e-07 0)
(7.46134e-07 6.7475e-07 0)
(7.77237e-07 7.09589e-07 0)
(8.08153e-07 7.44096e-07 0)
(8.38916e-07 7.78226e-07 0)
(8.6957e-07 8.11921e-07 0)
(9.00156e-07 8.45097e-07 0)
(9.30739e-07 8.77667e-07 0)
(9.61358e-07 9.09421e-07 3.37242e-24)
(3.02336e-07 1.99533e-07 0)
(3.35804e-07 2.33598e-07 0)
(3.67773e-07 2.67527e-07 0)
(3.99935e-07 3.02213e-07 0)
(4.32113e-07 3.37484e-07 0)
(4.64286e-07 3.73152e-07 0)
(4.96371e-07 4.09076e-07 0)
(5.28336e-07 4.45131e-07 0)
(5.60144e-07 4.81218e-07 0)
(5.91777e-07 5.17255e-07 0)
(6.23223e-07 5.53171e-07 0)
(6.54483e-07 5.88911e-07 0)
(6.85561e-07 6.24424e-07 0)
(7.1647e-07 6.59665e-07 0)
(7.4723e-07 6.9459e-07 0)
(7.77863e-07 7.29154e-07 0)
(8.08397e-07 7.63301e-07 0)
(8.38862e-07 7.96969e-07 0)
(8.69288e-07 8.30063e-07 0)
(8.99721e-07 8.62491e-07 0)
(9.30183e-07 8.94022e-07 4.55945e-38)
(2.85956e-07 1.86667e-07 0)
(3.17766e-07 2.20001e-07 0)
(3.48285e-07 2.53421e-07 0)
(3.79072e-07 2.8773e-07 0)
(4.09966e-07 3.22729e-07 0)
(4.40949e-07 3.58221e-07 0)
(4.71944e-07 3.94046e-07 0)
(5.02922e-07 4.30065e-07 0)
(5.33843e-07 4.66164e-07 0)
(5.64688e-07 5.02247e-07 0)
(5.95441e-07 5.38232e-07 0)
(6.26098e-07 5.74049e-07 0)
(6.56659e-07 6.0964e-07 0)
(6.8713e-07 6.4495e-07 0)
(7.17523e-07 6.79928e-07 0)
(7.47854e-07 7.14522e-07 0)
(7.7814e-07 7.48672e-07 0)
(8.08402e-07 7.82312e-07 0)
(8.38657e-07 8.15345e-07 0)
(8.68928e-07 8.47676e-07 0)
(8.99221e-07 8.79067e-07 4.559e-38)
(2.69879e-07 1.7447e-07 0)
(3.00061e-07 2.07127e-07 0)
(3.2913e-07 2.40065e-07 0)
(3.58534e-07 2.74001e-07 0)
(3.88132e-07 3.08721e-07 0)
(4.17911e-07 3.44014e-07 0)
(4.47801e-07 3.79708e-07 0)
(4.77772e-07 4.15653e-07 0)
(5.07788e-07 4.51721e-07 0)
(5.37826e-07 4.87804e-07 0)
(5.6787e-07 5.2381e-07 0)
(5.97908e-07 5.5966e-07 0)
(6.27936e-07 5.95286e-07 0)
(6.57954e-07 6.30625e-07 0)
(6.87968e-07 6.65622e-07 0)
(7.17985e-07 7.00219e-07 0)
(7.48014e-07 7.34357e-07 0)
(7.78064e-07 7.67967e-07 0)
(8.0814e-07 8.00958e-07 0)
(8.38244e-07 8.33237e-07 0)
(8.68365e-07 8.64576e-07 3.41346e-38)
(2.5383e-07 1.6291e-07 0)
(2.82397e-07 1.94947e-07 0)
(3.10011e-07 2.27432e-07 0)
(3.38028e-07 2.61008e-07 0)
(3.66326e-07 2.95443e-07 0)
(3.94895e-07 3.30519e-07 0)
(4.23674e-07 3.66056e-07 0)
(4.52635e-07 4.01891e-07 0)
(4.81742e-07 4.37888e-07 0)
(5.10971e-07 4.73929e-07 0)
(5.40302e-07 5.09911e-07 0)
(5.69719e-07 5.4575e-07 0)
(5.99213e-07 5.81367e-07 0)
(6.28778e-07 6.16698e-07 0)
(6.58411e-07 6.5168e-07 0)
(6.88112e-07 6.86255e-07 0)
(7.17882e-07 7.20363e-07 0)
(7.47718e-07 7.53942e-07 0)
(7.77615e-07 7.86907e-07 0)
(8.07553e-07 8.19178e-07 0)
(8.37506e-07 8.50548e-07 1.09708e-38)
(2.37534e-07 1.51961e-07 0)
(2.64478e-07 1.83436e-07 0)
(2.90628e-07 2.155e-07 0)
(3.17252e-07 2.48726e-07 0)
(3.4425e-07 2.82874e-07 0)
(3.71613e-07 3.17719e-07 0)
(3.99288e-07 3.53072e-07 0)
(4.27248e-07 3.88765e-07 0)
(4.55458e-07 4.24653e-07 0)
(4.83892e-07 4.60609e-07 0)
(5.12524e-07 4.96527e-07 0)
(5.41335e-07 5.32311e-07 0)
(5.70309e-07 5.67882e-07 0)
(5.99433e-07 6.03167e-07 0)
(6.28696e-07 6.38102e-07 0)
(6.58091e-07 6.72629e-07 0)
(6.87609e-07 7.06691e-07 0)
(7.17238e-07 7.40232e-07 0)
(7.46962e-07 7.73183e-07 0)
(7.76743e-07 8.05482e-07 0)
(8.06539e-07 8.36961e-07 -1.26104e-38)
(2.20702e-07 1.41631e-07 0)
(2.45996e-07 1.72593e-07 0)
(2.70667e-07 2.0426e-07 0)
(2.95896e-07 2.37146e-07 0)
(3.21598e-07 2.70999e-07 0)
(3.47769e-07 3.05595e-07 0)
(3.74359e-07 3.40738e-07 0)
(4.01343e-07 3.76255e-07 0)
(4.28684e-07 4.11995e-07 0)
(4.56352e-07 4.47827e-07 0)
(4.84318e-07 4.83637e-07 0)
(5.12555e-07 5.19328e-07 0)
(5.4104e-07 5.54813e-07 0)
(5.69752e-07 5.90018e-07 0)
(5.98672e-07 6.24876e-07 0)
(6.27784e-07 6.5933e-07 0)
(6.57069e-07 6.93328e-07 0)
(6.86508e-07 7.26823e-07 0)
(7.16071e-07 7.59766e-07 0)
(7.45711e-07 7.92119e-07 0)
(7.75369e-07 8.23768e-07 -4.73358e-38)
(2.03019e-07 1.31915e-07 0)
(2.26616e-07 1.62405e-07 0)
(2.4979e-07 1.93694e-07 0)
(2.73621e-07 2.26239e-07 0)
(2.98042e-07 2.59789e-07 0)
(3.23045e-07 2.94113e-07 0)
(3.48586e-07 3.29017e-07 0)
(3.74635e-07 3.64323e-07 0)
(4.01153e-07 3.99877e-07 0)
(4.28107e-07 4.35544e-07 0)
(4.55458e-07 4.71208e-07 0)
(4.83175e-07 5.06767e-07 0)
(5.11223e-07 5.42131e-07 0)
(5.39573e-07 5.77223e-07 0)
(5.68196e-07 6.11977e-07 0)
(5.97065e-07 6.46336e-07 0)
(6.26152e-07 6.80253e-07 0)
(6.55427e-07 7.13691e-07 0)
(6.84854e-07 7.46623e-07 0)
(7.14375e-07 7.79041e-07 0)
(7.43921e-07 8.10904e-07 -7.03365e-38)
(1.84141e-07 1.22873e-07 0)
(2.05978e-07 1.52911e-07 0)
(2.27638e-07 1.83821e-07 0)
(2.50077e-07 2.16011e-07 0)
(2.73241e-07 2.49232e-07 0)
(2.97116e-07 2.83253e-07 0)
(3.21659e-07 3.1788e-07 0)
(3.46835e-07 3.52933e-07 0)
(3.726e-07 3.88258e-07 0)
(3.98911e-07 4.23718e-07 0)
(4.25724e-07 4.59194e-07 0)
(4.52995e-07 4.94581e-07 0)
(4.80682e-07 5.2979e-07 0)
(5.08742e-07 5.6474e-07 0)
(5.37136e-07 5.99365e-07 0)
(5.65824e-07 6.33608e-07 0)
(5.94767e-07 6.67428e-07 0)
(6.23924e-07 7.00797e-07 0)
(6.5325e-07 7.33709e-07 0)
(6.82683e-07 7.66188e-07 0)
(7.12149e-07 7.98278e-07 -1.10837e-38)
(1.63649e-07 1.14484e-07 0)
(1.83647e-07 1.44074e-07 0)
(2.03785e-07 1.7459e-07 0)
(2.24851e-07 2.064e-07 0)
(2.46799e-07 2.39258e-07 0)
(2.69609e-07 2.7294e-07 0)
(2.9323e-07 3.07248e-07 0)
(3.1762e-07 3.42006e-07 0)
(3.42726e-07 3.77059e-07 0)
(3.68495e-07 4.1227e-07 0)
(3.94873e-07 4.47519e-07 0)
(4.21804e-07 4.827e-07 0)
(4.49233e-07 5.17722e-07 0)
(4.77106e-07 5.52504e-07 0)
(5.0537e-07 5.8698e-07 0)
(5.33969e-07 6.21093e-07 0)
(5.62851e-07 6.54804e-07 0)
(5.91961e-07 6.88093e-07 0)
(6.21242e-07 7.20972e-07 0)
(6.50629e-07 7.53492e-07 0)
(6.80049e-07 7.85782e-07 -3.47381e-24)
(1.41141e-07 1.06906e-07 0)
(1.5922e-07 1.36009e-07 0)
(1.77838e-07 1.66077e-07 0)
(1.97569e-07 1.97447e-07 0)
(2.18369e-07 2.29882e-07 0)
(2.40197e-07 2.63161e-07 0)
(2.62999e-07 2.97091e-07 0)
(2.86715e-07 3.31495e-07 0)
(3.11283e-07 3.66221e-07 0)
(3.36636e-07 4.01131e-07 0)
(3.62706e-07 4.36105e-07 0)
(3.89427e-07 4.71039e-07 0)
(4.1673e-07 5.05839e-07 0)
(4.44546e-07 5.40427e-07 0)
(4.72807e-07 5.74733e-07 0)
(5.01442e-07 6.08703e-07 0)
(5.3038e-07 6.423e-07 0)
(5.59547e-07 6.75507e-07 0)
(5.88868e-07 7.08342e-07 0)
(6.18268e-07 7.40874e-07 0)
(6.47681e-07 7.73282e-07 -3.47381e-24)
(1.15875e-07 1.00002e-07 2.73749e-24)
(1.31926e-07 1.28529e-07 6.8977e-24)
(1.4907e-07 1.58087e-07 6.54179e-24)
(1.67551e-07 1.88957e-07 3.34097e-24)
(1.87311e-07 2.20912e-07 -3.54806e-24)
(2.08294e-07 2.53734e-07 -7.16736e-24)
(2.30425e-07 2.87233e-07 5.24727e-26)
(2.53629e-07 3.21235e-07 7.37959e-24)
(2.77826e-07 3.55589e-07 -2.14051e-26)
(3.02935e-07 3.90158e-07 -3.72923e-24)
(3.28873e-07 4.24822e-07 8.77074e-39)
(3.5556e-07 4.59477e-07 -1.71348e-38)
(3.82913e-07 4.9403e-07 -3.86785e-38)
(4.10852e-07 5.28402e-07 -3.04843e-38)
(4.39293e-07 5.62525e-07 -3.05381e-38)
(4.68149e-07 5.96345e-07 -5.55631e-38)
(4.9733e-07 6.29827e-07 3.56002e-24)
(5.26737e-07 6.62953e-07 3.56002e-24)
(5.56263e-07 6.95745e-07 0)
(5.8578e-07 7.28269e-07 0)
(6.15978e-07 7.55743e-07 0)
(0 0 0)
(3.86014e-08 7.22459e-09 0)
(7.86093e-08 2.22156e-08 0)
(1.21248e-07 4.57083e-08 0)
(1.67176e-07 7.67538e-08 0)
(2.1694e-07 1.1442e-07 0)
(2.70782e-07 1.57481e-07 0)
(3.28762e-07 2.04622e-07 0)
(3.90733e-07 2.54459e-07 0)
(4.56416e-07 3.05741e-07 0)
(0 0 0)
(3.64321e-08 6.42444e-09 0)
(7.41711e-08 1.99504e-08 0)
(1.14258e-07 4.13711e-08 0)
(1.57245e-07 6.99355e-08 0)
(2.03623e-07 1.04888e-07 0)
(2.53624e-07 1.45178e-07 0)
(3.07329e-07 1.89661e-07 0)
(3.64633e-07 2.37085e-07 0)
(4.25273e-07 2.86375e-07 0)
(0 0 0)
(3.44697e-08 5.59837e-09 0)
(7.01819e-08 1.77484e-08 0)
(1.0802e-07 3.72726e-08 0)
(1.48429e-07 6.35676e-08 0)
(1.91837e-07 9.60138e-08 0)
(2.38449e-07 1.33699e-07 0)
(2.88355e-07 1.75617e-07 0)
(3.4151e-07 2.20639e-07 0)
(3.97681e-07 2.67828e-07 0)
(0 0 0)
(3.26597e-08 4.73563e-09 0)
(6.65273e-08 1.55804e-08 0)
(1.02359e-07 3.3367e-08 0)
(1.40501e-07 5.76e-08 0)
(1.8132e-07 8.77632e-08 0)
(2.2499e-07 1.23054e-07 0)
(2.71581e-07 1.62573e-07 0)
(3.21081e-07 2.05292e-07 0)
(3.73245e-07 2.50337e-07 0)
(0 0 0)
(3.09665e-08 3.82744e-09 0)
(6.31249e-08 1.34072e-08 0)
(9.71252e-08 2.95712e-08 0)
(1.33228e-07 5.19033e-08 0)
(1.71741e-07 7.9965e-08 0)
(2.12806e-07 1.13039e-07 0)
(2.56475e-07 1.50315e-07 0)
(3.02764e-07 1.90857e-07 0)
(3.51408e-07 2.33831e-07 0)
(0 0 0)
(2.93653e-08 2.87172e-09 0)
(5.9921e-08 1.1214e-08 0)
(9.22297e-08 2.58525e-08 0)
(1.26476e-07 4.64294e-08 0)
(1.62914e-07 7.25631e-08 0)
(2.01655e-07 1.03603e-07 0)
(2.42728e-07 1.38802e-07 0)
(2.86163e-07 1.77305e-07 0)
(3.31692e-07 2.18299e-07 0)
(0 0 0)
(2.78328e-08 1.86577e-09 0)
(5.68639e-08 8.98246e-09 0)
(8.75832e-08 2.21677e-08 0)
(1.20109e-07 4.11057e-08 0)
(1.54648e-07 6.5457e-08 0)
(1.91285e-07 9.46228e-08 0)
(2.30029e-07 1.27906e-07 0)
(2.70917e-07 1.64518e-07 0)
(3.1368e-07 2.03664e-07 0)
(0 0 0)
(2.63527e-08 8.10347e-10 0)
(5.39181e-08 6.70559e-09 0)
(8.31254e-08 1.8496e-08 0)
(1.14034e-07 3.58963e-08 0)
(1.4681e-07 5.85963e-08 0)
(1.81513e-07 8.60361e-08 0)
(2.18137e-07 1.17556e-07 0)
(2.56721e-07 1.52421e-07 0)
(2.97005e-07 1.89853e-07 0)
(0 0 0)
(2.49099e-08 -2.95066e-10 0)
(5.10512e-08 4.37462e-09 0)
(7.88009e-08 1.48145e-08 0)
(1.08165e-07 3.0761e-08 0)
(1.39276e-07 5.19232e-08 0)
(1.72173e-07 7.777e-08 0)
(2.06839e-07 1.07669e-07 0)
(2.4331e-07 1.40928e-07 0)
(2.81344e-07 1.76787e-07 0)
(0 0 0)
(2.34931e-08 -1.44982e-09 0)
(4.82389e-08 1.98516e-09 0)
(7.45677e-08 1.11102e-08 0)
(1.02437e-07 2.5676e-08 0)
(1.31949e-07 4.54023e-08 0)
(1.63128e-07 6.97769e-08 0)
(1.9595e-07 9.81867e-08 0)
(2.30452e-07 1.29973e-07 0)
(2.66412e-07 1.64397e-07 0)
(0 0 0)
(2.2093e-08 -2.65463e-09 0)
(4.54611e-08 -4.68089e-10 0)
(7.039e-08 7.37061e-09 0)
(9.679e-08 2.06206e-08 0)
(1.24742e-07 3.90034e-08 0)
(1.54255e-07 6.20171e-08 0)
(1.85309e-07 8.90614e-08 0)
(2.17939e-07 1.19503e-07 0)
(2.5195e-07 1.52622e-07 0)
(0 0 0)
(2.07043e-08 -3.91117e-09 0)
(4.27052e-08 -2.99022e-09 0)
(6.62416e-08 3.5871e-09 0)
(9.11782e-08 1.5582e-08 0)
(1.17578e-07 3.27082e-08 0)
(1.45444e-07 5.44653e-08 0)
(1.74764e-07 8.02594e-08 0)
(2.05576e-07 1.09475e-07 0)
(2.37713e-07 1.41414e-07 0)
(0 0 0)
(1.9326e-08 -5.22424e-09 0)
(3.99662e-08 -5.58774e-09 0)
(6.21047e-08 -2.46183e-10 0)
(8.55618e-08 1.05555e-08 0)
(1.10389e-07 2.65109e-08 0)
(1.36591e-07 4.71121e-08 0)
(1.64172e-07 7.17658e-08 0)
(1.93177e-07 9.98698e-08 0)
(2.2347e-07 1.30744e-07 0)
(0 0 0)
(1.79665e-08 -6.60377e-09 0)
(3.72544e-08 -8.27153e-09 0)
(5.79762e-08 -4.13572e-09 0)
(7.9912e-08 5.54005e-09 0)
(1.03112e-07 2.04132e-08 0)
(1.27595e-07 3.99581e-08 0)
(1.53389e-07 6.35767e-08 0)
(1.80552e-07 9.06758e-08 0)
(2.08983e-07 1.20595e-07 0)
(0 0 0)
(1.66474e-08 -8.0714e-09 0)
(3.4599e-08 -1.1055e-08 0)
(5.38677e-08 -8.07706e-09 0)
(7.42086e-08 5.56491e-10 0)
(9.56872e-08 1.44453e-08 0)
(1.18351e-07 3.30361e-08 0)
(1.42263e-07 5.57221e-08 0)
(1.67503e-07 8.1917e-08 0)
(1.94006e-07 1.10981e-07 0)
(0 0 0)
(1.54263e-08 -9.66471e-09 0)
(3.2076e-08 -1.3964e-08 0)
(4.98251e-08 -1.20727e-08 0)
(6.84474e-08 -4.37839e-09 0)
(8.80531e-08 8.6348e-09 0)
(1.08743e-07 2.63758e-08 0)
(1.30627e-07 4.82277e-08 0)
(1.53809e-07 7.36117e-08 0)
(1.78267e-07 1.01909e-07 0)
(0 0 0)
(1.44113e-08 -1.14691e-08 0)
(2.98075e-08 -1.70216e-08 0)
(4.59181e-08 -1.60749e-08 0)
(6.26275e-08 -9.17302e-09 0)
(8.01403e-08 3.09246e-09 0)
(9.86369e-08 2.00911e-08 0)
(1.18286e-07 4.12007e-08 0)
(1.39222e-07 6.58543e-08 0)
(1.61464e-07 9.3459e-08 0)
(0 0 0)
(1.39294e-08 -1.36038e-08 0)
(2.80805e-08 -2.02707e-08 0)
(4.2296e-08 -2.00631e-08 0)
(5.67601e-08 -1.37806e-08 0)
(7.18497e-08 -2.1292e-09 0)
(8.78475e-08 1.42272e-08 0)
(1.04984e-07 3.46729e-08 0)
(1.23422e-07 5.86604e-08 0)
(1.43219e-07 8.56274e-08 0)
(0 0 0)
(1.46095e-08 -1.63721e-08 0)
(2.72518e-08 -2.36525e-08 0)
(3.91147e-08 -2.37792e-08 0)
(5.08361e-08 -1.78801e-08 0)
(6.30649e-08 -6.71073e-09 0)
(7.6178e-08 9.08147e-09 0)
(9.04603e-08 2.89112e-08 0)
(1.06096e-07 5.22637e-08 0)
(1.23171e-07 7.86126e-08 0)
(7.69924e-09 -7.27468e-09 2.14014e-24)
(1.98224e-08 -2.00377e-08 4.61174e-24)
(2.84399e-08 -2.70642e-08 1.10245e-24)
(3.66206e-08 -2.71069e-08 -2.23298e-24)
(4.47512e-08 -2.13575e-08 -1.18888e-24)
(5.35001e-08 -1.05367e-08 1.39058e-24)
(6.32365e-08 4.7721e-09 1.70791e-24)
(7.42413e-08 2.40191e-08 6.42288e-25)
(8.66962e-08 4.6722e-08 -1.56757e-24)
(1.00676e-07 7.23805e-08 -3.17544e-24)
(0 0 0)
(3.86014e-08 7.22459e-09 0)
(7.86093e-08 2.22156e-08 0)
(1.21248e-07 4.57083e-08 0)
(1.67176e-07 7.67538e-08 0)
(2.1694e-07 1.1442e-07 0)
(2.70782e-07 1.57481e-07 0)
(3.28762e-07 2.04622e-07 0)
(3.90733e-07 2.54459e-07 0)
(4.56416e-07 3.05741e-07 0)
(0 0 0)
(3.64321e-08 6.42444e-09 0)
(7.41711e-08 1.99504e-08 0)
(1.14258e-07 4.13711e-08 0)
(1.57245e-07 6.99355e-08 0)
(2.03623e-07 1.04888e-07 0)
(2.53624e-07 1.45178e-07 0)
(3.07329e-07 1.89661e-07 0)
(3.64633e-07 2.37085e-07 0)
(4.25273e-07 2.86375e-07 0)
(0 0 0)
(3.44697e-08 5.59837e-09 0)
(7.01819e-08 1.77484e-08 0)
(1.0802e-07 3.72726e-08 0)
(1.48429e-07 6.35676e-08 0)
(1.91837e-07 9.60138e-08 0)
(2.38449e-07 1.33699e-07 0)
(2.88355e-07 1.75617e-07 0)
(3.4151e-07 2.20639e-07 0)
(3.97681e-07 2.67828e-07 0)
(0 0 0)
(3.26597e-08 4.73563e-09 0)
(6.65273e-08 1.55804e-08 0)
(1.02359e-07 3.3367e-08 0)
(1.40501e-07 5.76e-08 0)
(1.8132e-07 8.77632e-08 0)
(2.2499e-07 1.23054e-07 0)
(2.71581e-07 1.62573e-07 0)
(3.21081e-07 2.05292e-07 0)
(3.73245e-07 2.50337e-07 0)
(0 0 0)
(3.09665e-08 3.82744e-09 0)
(6.31249e-08 1.34072e-08 0)
(9.71252e-08 2.95712e-08 0)
(1.33228e-07 5.19033e-08 0)
(1.71741e-07 7.9965e-08 0)
(2.12806e-07 1.13039e-07 0)
(2.56475e-07 1.50315e-07 0)
(3.02764e-07 1.90857e-07 0)
(3.51408e-07 2.33831e-07 0)
(0 0 0)
(2.93653e-08 2.87172e-09 0)
(5.9921e-08 1.1214e-08 0)
(9.22297e-08 2.58525e-08 0)
(1.26476e-07 4.64294e-08 0)
(1.62914e-07 7.25631e-08 0)
(2.01655e-07 1.03603e-07 0)
(2.42728e-07 1.38802e-07 0)
(2.86163e-07 1.77305e-07 0)
(3.31692e-07 2.18299e-07 0)
(0 0 0)
(2.78328e-08 1.86577e-09 0)
(5.68639e-08 8.98246e-09 0)
(8.75832e-08 2.21677e-08 0)
(1.20109e-07 4.11057e-08 0)
(1.54648e-07 6.5457e-08 0)
(1.91285e-07 9.46228e-08 0)
(2.30029e-07 1.27906e-07 0)
(2.70917e-07 1.64518e-07 0)
(3.1368e-07 2.03664e-07 0)
(0 0 0)
(2.63527e-08 8.10347e-10 0)
(5.39181e-08 6.70559e-09 0)
(8.31254e-08 1.8496e-08 0)
(1.14034e-07 3.58963e-08 0)
(1.4681e-07 5.85963e-08 0)
(1.81513e-07 8.60361e-08 0)
(2.18137e-07 1.17556e-07 0)
(2.56721e-07 1.52421e-07 0)
(2.97005e-07 1.89853e-07 0)
(0 0 0)
(2.49099e-08 -2.95066e-10 0)
(5.10512e-08 4.37462e-09 0)
(7.88009e-08 1.48145e-08 0)
(1.08165e-07 3.0761e-08 0)
(1.39276e-07 5.19232e-08 0)
(1.72173e-07 7.777e-08 0)
(2.06839e-07 1.07669e-07 0)
(2.4331e-07 1.40928e-07 0)
(2.81344e-07 1.76787e-07 0)
(0 0 0)
(2.34931e-08 -1.44982e-09 0)
(4.82389e-08 1.98516e-09 0)
(7.45677e-08 1.11102e-08 0)
(1.02437e-07 2.5676e-08 0)
(1.31949e-07 4.54023e-08 0)
(1.63128e-07 6.97769e-08 0)
(1.9595e-07 9.81867e-08 0)
(2.30452e-07 1.29973e-07 0)
(2.66412e-07 1.64397e-07 0)
(0 0 0)
(2.2093e-08 -2.65463e-09 0)
(4.54611e-08 -4.68089e-10 0)
(7.039e-08 7.37061e-09 0)
(9.679e-08 2.06206e-08 0)
(1.24742e-07 3.90034e-08 0)
(1.54255e-07 6.20171e-08 0)
(1.85309e-07 8.90614e-08 0)
(2.17939e-07 1.19503e-07 0)
(2.5195e-07 1.52622e-07 0)
(0 0 0)
(2.07043e-08 -3.91117e-09 0)
(4.27052e-08 -2.99022e-09 0)
(6.62416e-08 3.5871e-09 0)
(9.11782e-08 1.5582e-08 0)
(1.17578e-07 3.27082e-08 0)
(1.45444e-07 5.44653e-08 0)
(1.74764e-07 8.02594e-08 0)
(2.05576e-07 1.09475e-07 0)
(2.37713e-07 1.41414e-07 0)
(0 0 0)
(1.9326e-08 -5.22424e-09 0)
(3.99662e-08 -5.58774e-09 0)
(6.21047e-08 -2.46183e-10 0)
(8.55618e-08 1.05555e-08 0)
(1.10389e-07 2.65109e-08 0)
(1.36591e-07 4.71121e-08 0)
(1.64172e-07 7.17658e-08 0)
(1.93177e-07 9.98698e-08 0)
(2.2347e-07 1.30744e-07 0)
(0 0 0)
(1.79665e-08 -6.60377e-09 0)
(3.72544e-08 -8.27153e-09 0)
(5.79762e-08 -4.13572e-09 0)
(7.9912e-08 5.54005e-09 0)
(1.03112e-07 2.04132e-08 0)
(1.27595e-07 3.99581e-08 0)
(1.53389e-07 6.35767e-08 0)
(1.80552e-07 9.06758e-08 0)
(2.08983e-07 1.20595e-07 0)
(0 0 0)
(1.66474e-08 -8.0714e-09 0)
(3.4599e-08 -1.1055e-08 0)
(5.38677e-08 -8.07706e-09 0)
(7.42086e-08 5.56491e-10 0)
(9.56872e-08 1.44453e-08 0)
(1.18351e-07 3.30361e-08 0)
(1.42263e-07 5.57221e-08 0)
(1.67503e-07 8.1917e-08 0)
(1.94006e-07 1.10981e-07 0)
(0 0 0)
(1.54263e-08 -9.66471e-09 0)
(3.2076e-08 -1.3964e-08 0)
(4.98251e-08 -1.20727e-08 0)
(6.84474e-08 -4.37839e-09 0)
(8.80531e-08 8.6348e-09 0)
(1.08743e-07 2.63758e-08 0)
(1.30627e-07 4.82277e-08 0)
(1.53809e-07 7.36117e-08 0)
(1.78267e-07 1.01909e-07 0)
(0 0 0)
(1.44113e-08 -1.14691e-08 0)
(2.98075e-08 -1.70216e-08 0)
(4.59181e-08 -1.60749e-08 0)
(6.26275e-08 -9.17302e-09 0)
(8.01403e-08 3.09246e-09 0)
(9.86369e-08 2.00911e-08 0)
(1.18286e-07 4.12007e-08 0)
(1.39222e-07 6.58543e-08 0)
(1.61464e-07 9.3459e-08 0)
(0 0 0)
(1.39294e-08 -1.36038e-08 0)
(2.80805e-08 -2.02707e-08 0)
(4.2296e-08 -2.00631e-08 0)
(5.67601e-08 -1.37806e-08 0)
(7.18497e-08 -2.1292e-09 0)
(8.78475e-08 1.42272e-08 0)
(1.04984e-07 3.46729e-08 0)
(1.23422e-07 5.86604e-08 0)
(1.43219e-07 8.56274e-08 0)
(0 0 0)
(1.46095e-08 -1.63721e-08 0)
(2.72518e-08 -2.36525e-08 0)
(3.91147e-08 -2.37792e-08 0)
(5.08361e-08 -1.78801e-08 0)
(6.30649e-08 -6.71073e-09 0)
(7.6178e-08 9.08147e-09 0)
(9.04603e-08 2.89112e-08 0)
(1.06096e-07 5.22637e-08 0)
(1.23171e-07 7.86126e-08 0)
(7.69924e-09 -7.27468e-09 2.14014e-24)
(1.98224e-08 -2.00377e-08 4.61174e-24)
(2.84399e-08 -2.70642e-08 1.10245e-24)
(3.66206e-08 -2.71069e-08 -2.23298e-24)
(4.47512e-08 -2.13575e-08 -1.18888e-24)
(5.35001e-08 -1.05367e-08 1.39058e-24)
(6.32365e-08 4.7721e-09 1.70791e-24)
(7.42413e-08 2.40191e-08 6.42288e-25)
(8.66962e-08 4.6722e-08 -1.56757e-24)
(1.00676e-07 7.23805e-08 -3.17544e-24)
)
;

boundaryField
{
    left
    {
        type            calculated;
    }
    right
    {
        type            calculated;
    }
    down
    {
        type            calculated;
    }
    up
    {
        type            calculated;
    }
    hole
    {
        type            calculated;
    }
    frontAndBack
    {
        type            empty;
    }
}


// ************************************************************************* //
