/*--------------------------------*- C++ -*----------------------------------*\
  =========                 |
  \\      /  F ield         | OpenFOAM: The Open Source CFD Toolbox
   \\    /   O peration     | Website:  https://openfoam.org
    \\  /    A nd           | Version:  9
     \\/     M anipulation  |
\*---------------------------------------------------------------------------*/
FoamFile
{
    format      ascii;
    class       volSymmTensorField;
    location    "5";
    object      epsilon;
}
// * * * * * * * * * * * * * * * * * * * * * * * * * * * * * * * * * * * * * //

dimensions      [0 0 0 0 0 0 0];

internalField   nonuniform List<symmTensor> 
1000
(
(2.10586e-06 -2.73253e-06 2.57087e-19 4.2431e-07 2.82677e-19 7.70385e-34)
(2.90535e-06 -2.10751e-06 -4.34041e-21 -5.19941e-07 2.43359e-21 0)
(3.29712e-06 -1.61423e-06 5.06399e-21 -9.71473e-07 -9.72761e-22 0)
(3.51675e-06 -1.24207e-06 1.30016e-21 -1.28843e-06 -9.30198e-22 0)
(3.62254e-06 -9.42692e-07 -5.49831e-21 -1.46408e-06 4.05389e-22 0)
(3.65802e-06 -7.08672e-07 -5.9469e-22 -1.57651e-06 6.53585e-22 0)
(3.65385e-06 -5.1851e-07 -4.99577e-21 -1.63734e-06 -2.68201e-21 0)
(3.62062e-06 -3.67334e-07 3.42862e-21 -1.66839e-06 1.60284e-21 0)
(3.57754e-06 -2.41682e-07 -1.76894e-21 -1.6797e-06 -2.01313e-21 0)
(3.51486e-06 -1.3716e-07 0 -1.68138e-06 0 0)
(2.84976e-06 -3.03863e-06 2.6488e-19 1.17339e-07 3.41423e-19 4.62074e-35)
(3.46996e-06 -2.17554e-06 0 -7.22801e-07 0 0)
(3.73547e-06 -1.55226e-06 4.054e-21 -1.09497e-06 1.93201e-21 0)
(3.85843e-06 -1.10428e-06 -6.95639e-21 -1.3591e-06 -3.71106e-21 0)
(3.88898e-06 -7.62747e-07 -2.95682e-21 -1.49244e-06 -1.78345e-21 0)
(3.865e-06 -5.07321e-07 2.05836e-21 -1.57535e-06 2.09956e-21 0)
(3.81259e-06 -3.07897e-07 2.30457e-21 -1.61268e-06 1.54492e-21 0)
(3.74175e-06 -1.5632e-07 5.41824e-21 -1.62955e-06 3.16333e-21 0)
(3.6621e-06 -3.34798e-08 0 -1.62414e-06 0 0)
(3.57795e-06 6.48137e-08 0 -1.62697e-06 0 0)
(3.68348e-06 -3.23215e-06 2.62282e-19 -2.8929e-07 3.92532e-19 0)
(4.05477e-06 -2.17288e-06 0 -9.52094e-07 0 0)
(4.15616e-06 -1.44471e-06 3.86428e-21 -1.20509e-06 1.99702e-21 0)
(4.15952e-06 -9.37402e-07 -1.15933e-21 -1.39259e-06 4.10395e-22 0)
(4.10122e-06 -5.66066e-07 -5.67742e-23 -1.46944e-06 2.53514e-23 0)
(4.00965e-06 -2.98503e-07 -1.91922e-21 -1.51434e-06 -1.98644e-21 0)
(3.90474e-06 -9.75266e-08 2.62004e-21 -1.52309e-06 1.21185e-21 0)
(3.79318e-06 4.92452e-08 -1.94557e-21 -1.52201e-06 -1.43721e-21 0)
(3.68002e-06 1.63329e-07 -1.56731e-22 -1.50103e-06 2.71162e-22 0)
(3.57094e-06 2.56051e-07 -4.10877e-22 -1.49936e-06 -1.76911e-22 0)
(4.57584e-06 -3.28533e-06 2.32296e-19 -7.72632e-07 4.18841e-19 -2.67627e-35)
(4.64517e-06 -2.09095e-06 2.21329e-21 -1.19917e-06 -2.28655e-22 0)
(4.5526e-06 -1.29337e-06 -1.76633e-21 -1.29979e-06 -9.96912e-22 0)
(4.41739e-06 -7.4957e-07 -1.11908e-21 -1.39049e-06 2.17122e-22 0)
(4.25914e-06 -3.64718e-07 2.00396e-21 -1.39941e-06 1.93751e-21 0)
(4.0944e-06 -9.64239e-08 -2.41211e-21 -1.40055e-06 -1.59553e-21 0)
(3.93473e-06 9.75575e-08 -2.084e-21 -1.37886e-06 -1.48347e-21 0)
(3.78306e-06 2.34121e-07 -4.64488e-21 -1.3595e-06 -3.39917e-21 0)
(3.63857e-06 3.34808e-07 -6.66009e-22 -1.32582e-06 -8.13526e-22 0)
(3.50796e-06 4.16782e-07 1.13774e-21 -1.31824e-06 1.00662e-21 0)
(5.48274e-06 -3.17334e-06 1.80641e-19 -1.30147e-06 3.94149e-19 -4.60537e-34)
(5.22203e-06 -1.91863e-06 1.15758e-25 -1.45264e-06 5.53251e-27 0)
(4.91482e-06 -1.0959e-06 -5.71861e-21 -1.37507e-06 -2.80278e-21 0)
(4.62748e-06 -5.44828e-07 5.19697e-22 -1.35304e-06 -1.9531e-23 0)
(4.3617e-06 -1.67632e-07 -7.28391e-22 -1.28524e-06 7.69722e-23 0)
(4.12084e-06 8.64569e-08 1.73714e-21 -1.23884e-06 1.60478e-21 0)
(3.90683e-06 2.62628e-07 -1.94702e-22 -1.18642e-06 5.75178e-23 0)
(3.71698e-06 3.81581e-07 1.8333e-21 -1.14979e-06 1.22571e-21 0)
(3.54545e-06 4.6354e-07 -3.96633e-22 -1.10709e-06 -8.48994e-22 0)
(3.39628e-06 5.30341e-07 -7.2514e-22 -1.09487e-06 -5.85899e-22 0)
(6.3738e-06 -2.89028e-06 1.21644e-19 -1.84084e-06 3.40007e-19 -4.43996e-34)
(5.77156e-06 -1.64868e-06 1.05583e-25 -1.69578e-06 2.23244e-26 0)
(5.23683e-06 -8.49491e-07 -5.71248e-26 -1.42185e-06 -8.8576e-27 0)
(4.78829e-06 -3.27093e-07 4.59348e-22 -1.27773e-06 5.66873e-23 0)
(4.41124e-06 1.66302e-08 -2.47517e-21 -1.12967e-06 -1.50568e-21 0)
(4.09498e-06 2.38716e-07 2.82267e-23 -1.03656e-06 -2.25158e-25 0)
(3.82978e-06 3.85317e-07 1.84232e-21 -9.56554e-07 1.24815e-21 0)
(3.60594e-06 4.79164e-07 3.91745e-21 -9.06056e-07 2.86614e-21 0)
(3.41233e-06 5.37978e-07 7.09631e-22 -8.58816e-07 5.20928e-22 0)
(3.24849e-06 5.85995e-07 -1.23904e-21 -8.44016e-07 -9.76204e-22 0)
(7.18932e-06 -2.41805e-06 8.05037e-20 -2.34788e-06 2.65034e-19 -8.3883e-34)
(6.26168e-06 -1.26096e-06 1.6565e-21 -1.90298e-06 6.65143e-22 0)
(5.49057e-06 -5.46845e-07 1.75089e-21 -1.41953e-06 7.95926e-22 0)
(4.88083e-06 -9.87365e-08 -3.7765e-22 -1.15357e-06 -1.13068e-22 0)
(4.39868e-06 1.795e-07 1.78951e-21 -9.3184e-07 1.19766e-21 0)
(4.01614e-06 3.48803e-07 -1.64691e-21 -8.00833e-07 -1.13463e-21 0)
(3.70938e-06 4.53521e-07 4.68786e-22 -7.02093e-07 2.95619e-23 0)
(3.45993e-06 5.15315e-07 -1.47052e-21 -6.44698e-07 -9.64321e-22 0)
(3.25172e-06 5.48261e-07 -1.01817e-22 -5.99044e-07 1.25067e-23 0)
(3.07818e-06 5.75667e-07 -7.45181e-22 -5.84897e-07 -4.86793e-22 0)
(7.95357e-06 -1.75513e-06 4.2431e-20 -2.78548e-06 1.70137e-19 -2.7091e-35)
(6.67468e-06 -7.35591e-07 -4.41629e-21 -2.02326e-06 -1.59258e-21 0)
(5.65819e-06 -1.83399e-07 3.42181e-23 -1.32686e-06 1.88092e-23 0)
(4.90027e-06 1.27277e-07 5.52338e-22 -9.61346e-07 2.80873e-22 0)
(4.33023e-06 3.03541e-07 4.09206e-21 -6.90154e-07 2.0376e-21 0)
(3.89948e-06 4.0063e-07 -2.42053e-22 -5.42274e-07 -7.64637e-23 0)
(3.56627e-06 4.55424e-07 6.02591e-27 -4.41207e-07 1.21521e-27 0)
(3.30289e-06 4.83028e-07 -1.43891e-21 -3.87916e-07 -7.60119e-22 0)
(3.08872e-06 4.92008e-07 3.49491e-23 -3.51258e-07 1.63618e-24 0)
(2.91108e-06 5.00705e-07 1.07712e-22 -3.41507e-07 5.31899e-23 0)
(8.5443e-06 -8.19055e-07 1.16819e-20 -3.04269e-06 6.39146e-20 1.48954e-34)
(6.87644e-06 -7.10423e-08 -4.86553e-21 -1.92299e-06 -2.04553e-21 0)
(5.62673e-06 1.91761e-07 5.08718e-22 -1.05614e-06 4.33641e-22 0)
(4.77475e-06 2.90033e-07 4.77992e-22 -6.61324e-07 3.78722e-22 0)
(4.17505e-06 3.39323e-07 -1.99983e-22 -4.03622e-07 -1.22471e-22 0)
(3.73794e-06 3.56171e-07 1.5938e-21 -2.79334e-07 5.79947e-22 0)
(3.40736e-06 3.64468e-07 8.70941e-23 -2.01839e-07 2.7126e-23 0)
(3.14792e-06 3.64388e-07 2.57066e-21 -1.66593e-07 9.85363e-22 0)
(2.93848e-06 3.58046e-07 5.6755e-22 -1.45766e-07 2.19784e-22 0)
(2.76245e-06 3.54835e-07 3.18067e-22 -1.43057e-07 1.27429e-22 0)
(9.07107e-06 7.39372e-07 9.70328e-22 -2.80786e-06 -3.90089e-20 -1.72778e-34)
(6.7045e-06 8.25591e-07 -3.72895e-22 -1.26571e-06 -6.4673e-22 0)
(5.3909e-06 5.45463e-07 1.69009e-21 -5.2967e-07 7.19297e-22 0)
(4.57265e-06 3.54138e-07 8.69831e-23 -2.61331e-07 1.22338e-22 0)
(4.02244e-06 2.79619e-07 2.97163e-27 -1.22912e-07 2.7743e-27 0)
(3.61692e-06 2.3802e-07 1.61612e-21 -6.74377e-08 2.91115e-22 0)
(3.30899e-06 2.23126e-07 2.50623e-23 -3.78851e-08 7.47967e-24 0)
(3.0617e-06 2.14427e-07 1.23852e-21 -2.79934e-08 2.3513e-22 0)
(2.85961e-06 2.07598e-07 -1.36948e-23 -2.36075e-08 -1.06101e-24 0)
(2.68479e-06 2.02956e-07 -2.08071e-23 -2.52868e-08 -4.4021e-24 0)
(-8.28667e-09 8.69832e-09 3.64585e-20 -1.26939e-09 2.25417e-20 1.77271e-34)
(1.10389e-08 -2.06104e-08 -9.36676e-23 -2.48785e-09 1.98937e-20 1.51709e-36)
(1.06567e-07 -6.9731e-08 -1.18311e-21 -4.87548e-08 1.62243e-20 1.89418e-35)
(2.57302e-07 -1.09082e-07 -2.10984e-24 -1.17773e-07 1.74931e-20 0)
(4.30974e-07 -1.33392e-07 -1.60025e-22 -1.9452e-07 1.55875e-20 -1.52324e-36)
(6.12572e-07 -1.47269e-07 -1.62147e-21 -2.73498e-07 1.7272e-20 3.18643e-35)
(7.90011e-07 -1.52761e-07 3.64068e-22 -3.49771e-07 1.91767e-20 1.52328e-36)
(9.59205e-07 -1.53265e-07 -1.07585e-21 -4.21815e-07 1.80291e-20 2.89686e-35)
(1.11443e-06 -1.49228e-07 8.69145e-22 -4.88127e-07 1.83777e-20 -1.25723e-35)
(1.25824e-06 -1.46116e-07 1.82377e-21 -5.47835e-07 1.78994e-20 -3.79179e-35)
(1.88358e-08 -2.23268e-08 3.73102e-20 -7.87033e-09 5.84249e-21 4.98018e-35)
(1.13442e-07 -1.30915e-07 1.30803e-21 -5.92408e-10 1.43596e-21 0)
(2.86128e-07 -2.50923e-07 -1.22419e-21 -7.2481e-08 -1.23047e-21 0)
(4.78268e-07 -3.42688e-07 1.16612e-23 -1.69565e-07 -1.01904e-21 0)
(6.7109e-07 -3.99183e-07 0 -2.66394e-07 0 0)
(8.54011e-07 -4.30902e-07 -1.85738e-21 -3.57658e-07 -2.75617e-22 0)
(1.02256e-06 -4.42408e-07 3.13709e-22 -4.39801e-07 1.6002e-21 0)
(1.17745e-06 -4.41744e-07 2.34161e-23 -5.13288e-07 8.6089e-23 0)
(1.31393e-06 -4.29578e-07 -1.00251e-21 -5.77891e-07 -2.90982e-21 0)
(1.44068e-06 -4.19882e-07 7.33637e-22 -6.32814e-07 1.1396e-22 0)
(2.92089e-08 -1.18777e-07 3.95287e-20 3.55338e-08 7.82488e-21 -2.22083e-36)
(2.10376e-07 -3.30345e-07 1.3378e-21 1.20918e-08 1.41842e-21 0)
(4.54238e-07 -4.79034e-07 1.39935e-21 -9.96935e-08 2.93007e-22 0)
(6.93728e-07 -5.78715e-07 7.17181e-23 -2.38525e-07 -9.82747e-22 0)
(9.14195e-07 -6.33709e-07 0 -3.66563e-07 0 0)
(1.10818e-06 -6.59645e-07 -2.07889e-21 -4.78929e-07 -5.42723e-22 0)
(1.27667e-06 -6.62912e-07 -2.83569e-21 -5.73349e-07 -7.94246e-22 0)
(1.42484e-06 -6.52415e-07 1.87631e-21 -6.52897e-07 1.14755e-21 0)
(1.54803e-06 -6.29371e-07 1.14049e-23 -7.17814e-07 3.66533e-23 0)
(1.66299e-06 -6.09994e-07 -1.68773e-21 -7.70633e-07 -1.06722e-21 0)
(4.48402e-08 -2.69954e-07 4.93279e-20 1.38735e-07 1.25171e-20 -4.24189e-35)
(3.43136e-07 -5.69416e-07 3.29629e-22 2.53627e-08 -1.19151e-21 0)
(6.53031e-07 -7.25799e-07 1.53786e-21 -1.36332e-07 3.00503e-22 0)
(9.35563e-07 -8.1356e-07 0 -3.1626e-07 0 0)
(1.18032e-06 -8.49999e-07 -2.62067e-21 -4.72934e-07 9.77276e-22 0)
(1.38501e-06 -8.56886e-07 3.22341e-23 -6.05553e-07 2.41812e-21 0)
(1.55435e-06 -8.42397e-07 -1.30807e-22 -7.12657e-07 -1.29905e-21 0)
(1.69744e-06 -8.15433e-07 -3.76253e-22 -7.99544e-07 -2.00514e-21 0)
(1.80903e-06 -7.77877e-07 8.56197e-22 -8.66701e-07 2.77853e-22 0)
(1.91419e-06 -7.4612e-07 1.59827e-21 -9.19542e-07 5.99554e-22 0)
(8.54801e-08 -4.83517e-07 5.23355e-20 2.82187e-07 2.23357e-20 1.10008e-34)
(5.30131e-07 -8.29727e-07 -2.69951e-21 2.2402e-08 1.81054e-21 0)
(9.06242e-07 -9.7034e-07 -1.63754e-21 -2.06998e-07 -4.81686e-22 0)
(1.22541e-06 -1.02891e-06 -4.41436e-22 -4.31509e-07 1.77254e-21 0)
(1.48627e-06 -1.03294e-06 -1.73044e-23 -6.14159e-07 1.09341e-22 0)
(1.69494e-06 -1.01023e-06 2.52464e-21 -7.63048e-07 -6.78404e-22 0)
(1.86008e-06 -9.70369e-07 1.09998e-21 -8.789e-07 2.88668e-22 0)
(1.99436e-06 -9.21482e-07 0 -9.69722e-07 0 0)
(2.09211e-06 -8.66528e-07 -1.17524e-21 -1.03645e-06 -1.54587e-21 0)
(2.18572e-06 -8.19784e-07 4.6844e-22 -1.08727e-06 1.13674e-22 0)
(1.74141e-07 -7.64183e-07 7.43758e-20 4.43583e-07 3.24512e-20 -1.62263e-34)
(7.77706e-07 -1.09368e-06 1.10136e-21 2.60676e-09 -2.14797e-21 0)
(1.21639e-06 -1.19036e-06 -1.35272e-21 -3.03927e-07 -1.45921e-21 0)
(1.563e-06 -1.20478e-06 2.9706e-22 -5.72041e-07 -8.25361e-22 0)
(1.82987e-06 -1.16768e-06 2.86121e-21 -7.75412e-07 9.57193e-22 0)
(2.03368e-06 -1.1101e-06 -2.75982e-21 -9.3478e-07 3.08027e-22 0)
(2.18768e-06 -1.04168e-06 -3.10649e-24 -1.0543e-06 7.32948e-23 0)
(2.30757e-06 -9.68975e-07 -2.1506e-21 -1.1448e-06 -1.48113e-21 0)
(2.38796e-06 -8.96121e-07 4.53618e-24 -1.20839e-06 2.87658e-23 0)
(2.46666e-06 -8.33638e-07 -2.34798e-21 -1.25474e-06 -1.0732e-21 0)
(3.36567e-07 -1.10891e-06 1.13341e-19 5.88597e-07 6.12162e-20 -1.6985e-34)
(1.08799e-06 -1.35079e-06 6.09729e-23 -4.09683e-08 -9.23887e-23 0)
(1.57782e-06 -1.37277e-06 -4.46705e-26 -4.24576e-07 7.63028e-26 0)
(1.93949e-06 -1.32811e-06 -2.9234e-21 -7.32319e-07 -2.04846e-21 0)
(2.20113e-06 -1.243e-06 -4.95718e-22 -9.50353e-07 1.32747e-21 0)
(2.39036e-06 -1.14775e-06 -2.6787e-21 -1.11413e-06 -1.08994e-21 0)
(2.52562e-06 -1.04997e-06 4.81543e-21 -1.23181e-06 2.14636e-21 0)
(2.6248e-06 -9.53855e-07 -5.63509e-25 -1.31746e-06 5.75635e-23 0)
(2.68402e-06 -8.64323e-07 9.47506e-22 -1.37463e-06 -4.3156e-24 0)
(2.74357e-06 -7.86628e-07 -1.28437e-21 -1.4139e-06 -6.11492e-22 0)
(5.96598e-07 -1.5049e-06 1.61523e-19 6.84998e-07 1.02017e-19 -3.39849e-34)
(1.45992e-06 -1.59098e-06 1.57059e-21 -1.11268e-07 -1.87684e-21 0)
(1.97907e-06 -1.50889e-06 -6.06224e-22 -5.58538e-07 8.08125e-22 0)
(2.33914e-06 -1.39188e-06 3.70565e-22 -8.96014e-07 -5.77877e-22 0)
(2.58309e-06 -1.25408e-06 3.30362e-26 -1.1206e-06 -6.49112e-26 0)
(2.74802e-06 -1.12068e-06 3.1085e-21 -1.28225e-06 2.6252e-22 0)
(2.85748e-06 -9.95074e-07 2.32832e-22 -1.39324e-06 -1.01272e-21 0)
(2.93018e-06 -8.78169e-07 -7.74551e-23 -1.46985e-06 8.33387e-22 0)
(2.96553e-06 -7.74868e-07 1.1101e-23 -1.51909e-06 4.16177e-22 0)
(3.00164e-06 -6.83984e-07 9.82013e-22 -1.5485e-06 9.17386e-22 0)
(9.73105e-07 -1.92897e-06 2.00308e-19 7.02497e-07 1.58146e-19 4.6008e-34)
(1.89087e-06 -1.80432e-06 -5.05558e-22 -2.13293e-07 3.44113e-21 0)
(2.40783e-06 -1.59473e-06 -5.86049e-26 -6.9892e-07 6.147e-26 0)
(2.74555e-06 -1.3954e-06 4.02242e-21 -1.05078e-06 9.4413e-22 0)
(2.95814e-06 -1.20242e-06 3.07246e-21 -1.27162e-06 1.53368e-21 0)
(3.089e-06 -1.03226e-06 2.77196e-21 -1.42431e-06 1.38408e-21 0)
(3.166e-06 -8.81606e-07 -3.02413e-22 -1.5233e-06 8.70495e-22 0)
(3.20695e-06 -7.48259e-07 -3.33801e-21 -1.58809e-06 -1.8651e-21 0)
(3.21652e-06 -6.34715e-07 2.04921e-21 -1.62696e-06 4.85081e-22 0)
(3.2264e-06 -5.33192e-07 9.19277e-22 -1.64913e-06 5.46287e-22 0)
(1.47634e-06 -2.35036e-06 2.32689e-19 6.1956e-07 2.15546e-19 6.70892e-35)
(2.37525e-06 -1.98031e-06 -1.01851e-21 -3.49195e-07 7.52032e-22 0)
(2.85086e-06 -1.62957e-06 -1.97541e-21 -8.38117e-07 -9.20865e-22 0)
(3.14203e-06 -1.34303e-06 8.5568e-21 -1.18402e-06 2.00425e-21 0)
(3.30827e-06 -1.09514e-06 5.23462e-23 -1.38887e-06 -5.95752e-23 0)
(3.39528e-06 -8.90844e-07 -2.72618e-21 -1.52479e-06 -1.54772e-21 0)
(3.43351e-06 -7.19057e-07 -2.92038e-21 -1.60726e-06 -4.59585e-22 0)
(3.43809e-06 -5.74159e-07 -1.10068e-21 -1.65544e-06 -6.58291e-22 0)
(3.423e-06 -4.56688e-07 1.21477e-22 -1.68661e-06 -9.11723e-22 0)
(3.39812e-06 -3.54817e-07 5.51474e-22 -1.68931e-06 1.15255e-21 0)
(1.38772e-06 -1.35494e-07 1.83831e-21 -6.03366e-07 1.90616e-20 -1.12853e-35)
(1.50056e-06 -1.20773e-07 1.72144e-21 -6.49651e-07 1.77919e-20 -2.47947e-35)
(1.60422e-06 -1.07981e-07 -1.69288e-22 -6.92603e-07 1.55664e-20 -1.44616e-35)
(1.69742e-06 -9.63699e-08 1.66714e-22 -7.31466e-07 1.67702e-20 -6.34554e-37)
(1.78151e-06 -8.56031e-08 -8.67653e-22 -7.66429e-07 1.69318e-20 3.76814e-35)
(1.85686e-06 -7.59653e-08 5.74814e-22 -7.97943e-07 1.74085e-20 0)
(1.92441e-06 -6.71275e-08 5.41829e-22 -8.26148e-07 1.73884e-20 0)
(1.98462e-06 -5.91568e-08 1.0613e-21 -8.51381e-07 1.80478e-20 4.89263e-37)
(2.03821e-06 -5.18489e-08 9.65208e-22 -8.73842e-07 1.75335e-20 -1.27864e-35)
(2.08557e-06 -4.51538e-08 1.60258e-21 -8.9375e-07 1.87065e-20 8.2939e-37)
(2.12719e-06 -3.89253e-08 1.89213e-21 -9.11269e-07 1.78818e-20 -3.87117e-35)
(2.16335e-06 -3.30725e-08 -1.25843e-22 -9.26536e-07 1.71113e-20 1.29638e-35)
(2.19431e-06 -2.74811e-08 1.84438e-21 -9.39653e-07 1.78637e-20 -3.90737e-35)
(2.22024e-06 -2.20675e-08 -1.55155e-21 -9.50688e-07 1.51366e-20 -7.84406e-37)
(2.24118e-06 -1.67627e-08 3.80511e-22 -9.59674e-07 1.7788e-20 1.33711e-35)
(2.25727e-06 -1.15593e-08 2.31553e-22 -9.66647e-07 1.72516e-20 -3.16463e-45)
(2.26845e-06 -6.53208e-09 -4.36017e-22 -9.71586e-07 1.65073e-20 -1.42755e-37)
(2.27513e-06 -1.96582e-09 7.92431e-22 -9.74564e-07 1.79774e-20 1.02419e-37)
(2.27728e-06 1.53681e-09 4.31597e-22 -9.75478e-07 1.63175e-20 -4.03601e-35)
(2.27655e-06 2.36503e-09 1.25993e-20 -9.74164e-07 1.46497e-20 -2.45183e-35)
(1.54494e-06 -3.90925e-07 1.7963e-21 -6.82331e-07 2.20805e-21 0)
(1.62858e-06 -3.5175e-07 1.16365e-21 -7.17701e-07 3.18932e-22 0)
(1.70857e-06 -3.17248e-07 8.68561e-23 -7.50274e-07 -5.04643e-22 0)
(1.78032e-06 -2.85063e-07 2.64488e-21 -7.80174e-07 2.38431e-21 0)
(1.8464e-06 -2.54902e-07 -5.0792e-22 -8.06855e-07 -1.19993e-22 0)
(1.90605e-06 -2.27653e-07 -2.15715e-21 -8.31354e-07 -2.18587e-21 0)
(1.96037e-06 -2.0243e-07 1.09922e-21 -8.53338e-07 4.06787e-22 0)
(2.00928e-06 -1.79526e-07 0 -8.73323e-07 0 0)
(2.05343e-06 -1.58393e-07 5.23792e-22 -8.913e-07 1.85532e-22 0)
(2.09293e-06 -1.3895e-07 1.07697e-21 -9.07505e-07 4.15107e-22 0)
(2.12818e-06 -1.20824e-07 3.2306e-21 -9.22011e-07 1.66922e-21 0)
(2.15935e-06 -1.03803e-07 1.45907e-23 -9.34936e-07 1.66769e-23 0)
(2.18667e-06 -8.76073e-08 4.18666e-22 -9.46333e-07 -3.26092e-22 0)
(2.21028e-06 -7.20415e-08 6.17094e-22 -9.56238e-07 7.05759e-22 0)
(2.23027e-06 -5.69514e-08 6.33082e-22 -9.64625e-07 7.25922e-22 0)
(2.24678e-06 -4.23318e-08 -6.27153e-22 -9.71406e-07 -7.22777e-22 0)
(2.25969e-06 -2.8356e-08 -6.30714e-22 -9.76352e-07 -7.30977e-22 0)
(2.26915e-06 -1.56322e-08 -1.26664e-21 -9.7906e-07 -1.4766e-21 0)
(2.27442e-06 -5.08212e-09 -9.58337e-24 -9.78598e-07 -1.04879e-23 0)
(2.27573e-06 5.32105e-10 1.51422e-20 -9.73464e-07 1.05491e-21 3.42771e-35)
(1.74328e-06 -5.66559e-07 4.91616e-22 -8.11425e-07 6.72257e-22 0)
(1.79591e-06 -5.13146e-07 6.70015e-22 -8.3247e-07 2.39097e-22 0)
(1.85044e-06 -4.65233e-07 -1.55838e-21 -8.50135e-07 -1.96205e-21 0)
(1.89823e-06 -4.20757e-07 -1.39098e-22 -8.66904e-07 3.58308e-22 0)
(1.94404e-06 -3.78386e-07 2.84177e-21 -8.81211e-07 2.36596e-21 0)
(1.98555e-06 -3.39931e-07 -2.25778e-21 -8.94915e-07 -2.1554e-21 0)
(2.02445e-06 -3.03953e-07 -6.01227e-22 -9.07257e-07 -6.96137e-22 0)
(2.05993e-06 -2.71086e-07 1.14909e-21 -9.1891e-07 1.30667e-21 0)
(2.09273e-06 -2.40574e-07 4.03157e-24 -9.29703e-07 -8.48355e-22 0)
(2.12261e-06 -2.12406e-07 -1.21593e-21 -9.39847e-07 -1.36693e-21 0)
(2.14992e-06 -1.86116e-07 1.16515e-21 -9.49332e-07 1.30513e-21 0)
(2.17465e-06 -1.61478e-07 1.80045e-21 -9.58217e-07 2.01786e-21 0)
(2.19697e-06 -1.38153e-07 1.3776e-23 -9.66487e-07 1.51796e-23 0)
(2.21694e-06 -1.15904e-07 -6.1649e-22 -9.74094e-07 -6.94919e-22 0)
(2.23458e-06 -9.45213e-08 6.10292e-22 -9.80894e-07 6.9209e-22 0)
(2.2499e-06 -7.39278e-08 8.99627e-29 -9.86613e-07 1.00166e-28 0)
(2.26259e-06 -5.41703e-08 -6.2879e-22 -9.90702e-07 -7.22058e-22 0)
(2.27247e-06 -3.55595e-08 8.57079e-23 -9.92276e-07 5.21564e-22 0)
(2.27795e-06 -1.86697e-08 -2.06489e-21 -9.89478e-07 -2.65917e-22 0)
(2.27889e-06 -4.25839e-09 1.56755e-20 -9.8023e-07 2.24447e-22 2.58772e-38)
(1.97089e-06 -6.90488e-07 0 -9.52413e-07 0 0)
(1.99136e-06 -6.29287e-07 7.16371e-22 -9.60277e-07 2.60975e-22 0)
(2.02008e-06 -5.72847e-07 5.61242e-22 -9.63814e-07 6.4134e-22 0)
(2.04282e-06 -5.21377e-07 6.15994e-22 -9.68285e-07 7.1308e-22 0)
(2.06731e-06 -4.71277e-07 0 -9.70471e-07 0 0)
(2.08928e-06 -4.25808e-07 8.27094e-23 -9.7341e-07 -3.60022e-22 0)
(2.11139e-06 -3.82738e-07 -1.84244e-21 -9.75895e-07 -1.13153e-21 0)
(2.13198e-06 -3.43207e-07 -1.17656e-21 -9.78828e-07 -1.27834e-21 0)
(2.15201e-06 -3.06257e-07 -6.60901e-22 -9.81934e-07 -3.05103e-22 0)
(2.17086e-06 -2.72017e-07 -2.7028e-24 -9.85416e-07 8.17597e-22 0)
(2.18885e-06 -2.39982e-07 -5.8075e-22 -9.89208e-07 1.79709e-22 0)
(2.20577e-06 -2.09946e-07 1.21608e-21 -9.93313e-07 5.21716e-22 0)
(2.22171e-06 -1.8155e-07 1.15388e-21 -9.97652e-07 5.72066e-23 0)
(2.2366e-06 -1.54529e-07 2.86588e-23 -1.00209e-06 4.37129e-22 0)
(2.25033e-06 -1.28621e-07 5.03875e-23 -1.00639e-06 4.63409e-22 0)
(2.26277e-06 -1.03624e-07 -6.21668e-22 -1.01014e-06 -6.99355e-22 0)
(2.27339e-06 -7.94102e-08 -1.32773e-28 -1.0126e-06 -1.4945e-28 0)
(2.28189e-06 -5.58181e-08 1.32624e-21 -1.01274e-06 1.94435e-21 0)
(2.28623e-06 -3.30516e-08 -6.79295e-23 -1.00846e-06 -5.11372e-22 0)
(2.28648e-06 -9.45822e-09 1.32314e-20 -9.97656e-07 -2.31421e-21 -5.16994e-35)
(2.21782e-06 -7.54652e-07 5.56462e-23 -1.11002e-06 8.95721e-22 0)
(2.20493e-06 -6.93193e-07 -7.7849e-22 -1.10438e-06 -3.40178e-22 0)
(2.20769e-06 -6.3325e-07 -1.95858e-21 -1.0926e-06 -1.59607e-21 0)
(2.20471e-06 -5.80481e-07 1.28926e-21 -1.08425e-06 8.77637e-22 0)
(2.20752e-06 -5.27464e-07 3.35502e-21 -1.07356e-06 2.20387e-21 0)
(2.20919e-06 -4.79556e-07 -6.16612e-22 -1.0649e-06 -6.44479e-22 0)
(2.21379e-06 -4.33481e-07 0 -1.05664e-06 0 0)
(2.21858e-06 -3.90963e-07 6.00507e-22 -1.04988e-06 6.24887e-22 0)
(2.2249e-06 -3.50894e-07 -1.93109e-21 -1.04433e-06 -8.2522e-22 0)
(2.2317e-06 -3.13562e-07 -1.25324e-21 -1.04018e-06 -9.23742e-22 0)
(2.23932e-06 -2.78491e-07 6.91443e-23 -1.03735e-06 -7.1322e-22 0)
(2.24734e-06 -2.45524e-07 -6.32352e-22 -1.03578e-06 -1.06829e-21 0)
(2.25578e-06 -2.14319e-07 -6.27377e-23 -1.03537e-06 1.12212e-21 0)
(2.26441e-06 -1.84587e-07 1.2356e-21 -1.03592e-06 1.74079e-21 0)
(2.27304e-06 -1.56008e-07 6.0087e-22 -1.03711e-06 2.56217e-22 0)
(2.28142e-06 -1.28226e-07 -2.31721e-23 -1.03848e-06 -4.34107e-22 0)
(2.28889e-06 -1.0092e-07 1.16473e-21 -1.03923e-06 4.79205e-22 0)
(2.29509e-06 -7.34096e-08 5.7286e-22 -1.03832e-06 2.30002e-22 0)
(2.29796e-06 -4.56676e-08 2.35229e-21 -1.03379e-06 1.85798e-21 0)
(2.29768e-06 -1.40306e-08 1.83145e-20 -1.02369e-06 2.3677e-21 5.34812e-35)
(2.47333e-06 -7.62362e-07 4.59482e-22 -1.26648e-06 6.30965e-22 0)
(2.42678e-06 -7.08588e-07 1.1072e-23 -1.24934e-06 2.42313e-23 0)
(2.40437e-06 -6.49959e-07 -1.41586e-21 -1.22313e-06 -9.81292e-22 0)
(2.37571e-06 -6.01098e-07 -3.40036e-21 -1.20297e-06 -2.54481e-21 0)
(2.35723e-06 -5.49486e-07 1.32831e-21 -1.18038e-06 9.04993e-22 0)
(2.33864e-06 -5.0303e-07 1.25073e-21 -1.16068e-06 1.24159e-21 0)
(2.32567e-06 -4.57524e-07 -6.12802e-22 -1.14222e-06 -6.09248e-22 0)
(2.31445e-06 -4.15182e-07 -9.79023e-23 -1.12601e-06 2.73219e-22 0)
(2.30666e-06 -3.74909e-07 2.68712e-21 -1.11189e-06 1.60074e-21 0)
(2.3009e-06 -3.37088e-07 -1.79711e-21 -1.09998e-06 -1.83334e-21 0)
(2.29749e-06 -3.01348e-07 -6.39254e-22 -1.09025e-06 -6.60293e-22 0)
(2.29587e-06 -2.67573e-07 1.73874e-21 -1.08263e-06 2.5742e-21 0)
(2.29597e-06 -2.35475e-07 -2.53639e-21 -1.07702e-06 -7.55438e-22 0)
(2.29747e-06 -2.04757e-07 -1.80943e-21 -1.07321e-06 -1.93278e-21 0)
(2.3001e-06 -1.7507e-07 3.97041e-24 -1.07091e-06 -3.90418e-22 0)
(2.30356e-06 -1.45922e-07 -2.43726e-21 -1.06967e-06 -1.8649e-21 0)
(2.30718e-06 -1.16844e-07 -1.77457e-23 -1.06879e-06 -1.66822e-23 0)
(2.31059e-06 -8.67073e-08 2.39601e-21 -1.06738e-06 2.29003e-21 0)
(2.31207e-06 -5.536e-08 3.8225e-23 -1.06387e-06 4.72656e-22 0)
(2.3117e-06 -1.75921e-08 1.91259e-20 -1.05661e-06 8.74835e-22 -4.07704e-37)
(2.72498e-06 -7.136e-07 -4.81511e-22 -1.41368e-06 -6.17369e-22 0)
(2.64624e-06 -6.76101e-07 6.65077e-22 -1.38821e-06 6.07053e-22 0)
(2.60111e-06 -6.23812e-07 8.20627e-22 -1.35004e-06 4.28662e-22 0)
(2.548e-06 -5.83807e-07 -6.48905e-22 -1.31948e-06 -6.08384e-22 0)
(2.50949e-06 -5.38226e-07 -1.53641e-21 -1.28665e-06 -7.67394e-22 0)
(2.47146e-06 -4.96938e-07 7.50041e-22 -1.25662e-06 3.72974e-22 0)
(2.44134e-06 -4.55501e-07 2.12318e-21 -1.22851e-06 1.36603e-21 0)
(2.41441e-06 -4.16204e-07 -3.41604e-21 -1.20305e-06 -2.29342e-21 0)
(2.39253e-06 -3.78317e-07 -2.10704e-21 -1.18045e-06 -1.38784e-21 0)
(2.37416e-06 -3.42262e-07 3.30714e-21 -1.16077e-06 2.23937e-21 0)
(2.35951e-06 -3.07893e-07 -1.34842e-21 -1.14407e-06 -6.44873e-22 0)
(2.34795e-06 -2.75159e-07 1.78786e-21 -1.1303e-06 1.83079e-21 0)
(2.3393e-06 -2.43868e-07 1.92418e-21 -1.11935e-06 1.25362e-21 0)
(2.33321e-06 -2.1374e-07 -1.1241e-21 -1.11107e-06 -1.56387e-21 0)
(2.32936e-06 -1.84421e-07 -7.31886e-22 -1.10522e-06 3.80252e-22 0)
(2.32741e-06 -1.55325e-07 3.47388e-23 -1.10143e-06 3.20401e-23 0)
(2.32684e-06 -1.2588e-07 -2.96995e-21 -1.09918e-06 -2.47121e-21 0)
(2.32722e-06 -9.46327e-08 5.89939e-22 -1.09782e-06 6.62502e-22 0)
(2.32749e-06 -6.13721e-08 1.16902e-21 -1.09633e-06 9.14634e-22 0)
(2.32734e-06 -1.98806e-08 1.96958e-20 -1.09346e-06 7.2174e-22 -1.76283e-37)
(2.95959e-06 -6.11972e-07 5.78401e-24 -1.53872e-06 1.96728e-23 0)
(2.85244e-06 -5.99125e-07 -6.87588e-22 -1.50902e-06 -6.04737e-22 0)
(2.78842e-06 -5.58611e-07 1.47189e-22 -1.46392e-06 -1.60334e-22 0)
(2.71354e-06 -5.30783e-07 0 -1.42481e-06 0 0)
(2.65704e-06 -4.95356e-07 0 -1.38493e-06 0 0)
(2.60182e-06 -4.62135e-07 -2.05875e-21 -1.34691e-06 -1.61164e-21 0)
(2.55588e-06 -4.27968e-07 1.83206e-21 -1.31126e-06 1.70788e-21 0)
(2.51447e-06 -3.94511e-07 3.86214e-21 -1.27815e-06 3.36731e-21 0)
(2.47916e-06 -3.61635e-07 -2.92174e-21 -1.24811e-06 -2.80515e-21 0)
(2.44858e-06 -3.29668e-07 -2.55896e-21 -1.22127e-06 -2.17854e-21 0)
(2.42281e-06 -2.98719e-07 1.18033e-21 -1.19785e-06 1.17341e-21 0)
(2.40126e-06 -2.6882e-07 -1.14966e-22 -1.17792e-06 2.32589e-22 0)
(2.3837e-06 -2.39915e-07 2.0184e-21 -1.16149e-06 9.97588e-22 0)
(2.36977e-06 -2.11795e-07 3.1448e-21 -1.14853e-06 2.17519e-21 0)
(2.35916e-06 -1.84154e-07 4.29373e-23 -1.13891e-06 3.92241e-23 0)
(2.35153e-06 -1.56385e-07 1.42913e-21 -1.13245e-06 -3.91403e-22 0)
(2.34658e-06 -1.27887e-07 0 -1.12889e-06 0 0)
(2.34383e-06 -9.70258e-08 -1.20424e-21 -1.12788e-06 -5.3198e-22 0)
(2.34308e-06 -6.35836e-08 5.79359e-22 -1.12904e-06 2.45255e-22 0)
(2.34345e-06 -2.08353e-08 2.19808e-20 -1.1316e-06 1.21778e-21 -4.93045e-37)
(3.16714e-06 -4.67293e-07 -4.53412e-24 -1.63252e-06 -1.72079e-23 0)
(3.03567e-06 -4.83628e-07 8.53176e-22 -1.60154e-06 5.09867e-22 0)
(2.95845e-06 -4.63295e-07 -8.486e-22 -1.55995e-06 -5.16802e-22 0)
(2.86678e-06 -4.50041e-07 -8.35201e-22 -1.51559e-06 -5.03326e-22 0)
(2.79403e-06 -4.29016e-07 2.29329e-21 -1.47119e-06 1.56421e-21 0)
(2.72417e-06 -4.05851e-07 1.63353e-21 -1.42663e-06 9.75187e-22 0)
(2.66377e-06 -3.80609e-07 -2.16987e-21 -1.38435e-06 -1.4522e-21 0)
(2.60941e-06 -3.54247e-07 2.87669e-22 -1.3446e-06 -3.05436e-22 0)
(2.56186e-06 -3.27495e-07 4.92803e-22 -1.3081e-06 4.56891e-22 0)
(2.52012e-06 -3.00758e-07 -2.667e-22 -1.27514e-06 3.60115e-22 0)
(2.48403e-06 -2.74379e-07 -2.20264e-21 -1.24595e-06 -1.20786e-21 0)
(2.45309e-06 -2.48508e-07 1.9724e-23 -1.2207e-06 1.90206e-23 0)
(2.42702e-06 -2.23188e-07 -1.00877e-21 -1.1995e-06 -1.37164e-21 0)
(2.40547e-06 -1.98287e-07 -3.40558e-23 -1.18241e-06 -3.11441e-23 0)
(2.38822e-06 -1.73554e-07 1.28644e-21 -1.16948e-06 6.26522e-22 0)
(2.37494e-06 -1.48412e-07 -2.56747e-23 -1.1607e-06 -2.24343e-23 0)
(2.36561e-06 -1.22268e-07 1.57046e-21 -1.15614e-06 2.10441e-21 0)
(2.35973e-06 -9.34522e-08 -5.9222e-22 -1.15578e-06 -2.65075e-22 0)
(2.35803e-06 -6.17422e-08 -2.77691e-21 -1.15994e-06 -2.74767e-21 0)
(2.359e-06 -2.03796e-08 1.97398e-20 -1.16842e-06 -9.99953e-22 -3.90269e-35)
(3.3324e-06 -2.81694e-07 -1.08763e-22 -1.69359e-06 -5.48416e-23 0)
(3.19619e-06 -3.17466e-07 -9.14676e-22 -1.65563e-06 -5.392e-22 0)
(3.10794e-06 -3.25885e-07 7.4285e-22 -1.62692e-06 5.832e-22 0)
(3.00981e-06 -3.29299e-07 -1.94465e-21 -1.58651e-06 -1.77044e-21 0)
(2.92389e-06 -3.2766e-07 -2.00051e-21 -1.54448e-06 -1.66282e-21 0)
(2.8427e-06 -3.20176e-07 1.18399e-21 -1.4995e-06 1.22223e-21 0)
(2.76931e-06 -3.08622e-07 1.02942e-21 -1.45421e-06 1.22665e-21 0)
(2.70271e-06 -2.93678e-07 1.7934e-21 -1.41e-06 1.61598e-21 0)
(2.64326e-06 -2.76386e-07 -2.10369e-21 -1.36803e-06 -1.5705e-21 0)
(2.59045e-06 -2.57525e-07 5.23184e-24 -1.32916e-06 4.31084e-23 0)
(2.54409e-06 -2.37724e-07 -2.56722e-23 -1.294e-06 -1.28523e-22 0)
(2.50375e-06 -2.1743e-07 -1.64571e-21 -1.26297e-06 -1.60818e-21 0)
(2.46915e-06 -1.9691e-07 0 -1.23641e-06 0 0)
(2.43995e-06 -1.76231e-07 -1.48969e-21 -1.21458e-06 -4.84267e-22 0)
(2.41598e-06 -1.55291e-07 -7.0026e-24 -1.19773e-06 -2.9688e-23 0)
(2.39694e-06 -1.3364e-07 -1.92367e-21 -1.18609e-06 -9.3684e-22 0)
(2.3831e-06 -1.10779e-07 5.27333e-22 -1.18006e-06 5.56148e-22 0)
(2.37395e-06 -8.51637e-08 1.21314e-21 -1.18003e-06 5.55337e-22 0)
(2.37123e-06 -5.65956e-08 1.50708e-23 -1.18705e-06 -1.23017e-24 0)
(2.37286e-06 -1.87252e-08 2.13035e-20 -1.20153e-06 -1.08709e-22 -1.71991e-37)
(3.41333e-06 -1.28822e-07 9.4143e-22 -1.69896e-06 8.2816e-22 0)
(3.28917e-06 -1.47938e-07 -8.70474e-22 -1.66702e-06 -5.47281e-22 0)
(3.19376e-06 -1.83197e-07 -5.04524e-22 -1.64688e-06 -4.18714e-22 0)
(3.09635e-06 -1.99915e-07 8.36411e-22 -1.61409e-06 5.11349e-22 0)
(3.00614e-06 -2.11681e-07 -1.65278e-21 -1.57566e-06 -7.51366e-22 0)
(2.92054e-06 -2.16965e-07 -1.11467e-21 -1.53353e-06 -5.26693e-22 0)
(2.84161e-06 -2.17137e-07 -1.39026e-21 -1.48944e-06 -1.00879e-21 0)
(2.76882e-06 -2.13106e-07 1.67129e-22 -1.44527e-06 -1.16478e-22 0)
(2.70281e-06 -2.05672e-07 2.80985e-21 -1.40233e-06 1.79123e-21 0)
(2.64327e-06 -1.95683e-07 -9.67101e-23 -1.36177e-06 -1.0393e-22 0)
(2.59024e-06 -1.83795e-07 1.50165e-21 -1.3244e-06 8.5067e-22 0)
(2.54344e-06 -1.70561e-07 -7.41534e-23 -1.29089e-06 -8.39596e-23 0)
(2.50272e-06 -1.56358e-07 5.49102e-36 -1.26178e-06 5.57428e-36 0)
(2.46783e-06 -1.41385e-07 -6.60092e-22 -1.23753e-06 -3.28997e-22 0)
(2.43875e-06 -1.25674e-07 6.45258e-22 -1.21861e-06 3.14314e-22 0)
(2.41524e-06 -1.08953e-07 -2.90126e-23 -1.20549e-06 -4.18632e-23 0)
(2.39787e-06 -9.08683e-08 1.02163e-22 -1.19892e-06 -2.7224e-22 0)
(2.3861e-06 -7.02233e-08 5.86887e-24 -1.19957e-06 1.94283e-23 0)
(2.38248e-06 -4.68793e-08 -5.95026e-24 -1.20917e-06 7.7395e-24 0)
(2.38442e-06 -1.54448e-08 2.32025e-20 -1.22869e-06 1.18451e-22 2.06785e-37)
(3.34592e-06 2.11916e-08 8.74138e-22 -1.63726e-06 6.912e-22 0)
(3.26308e-06 -7.63124e-10 0 -1.64628e-06 0 0)
(3.17674e-06 -4.37992e-08 -6.81977e-22 -1.63078e-06 -6.00755e-22 0)
(3.09038e-06 -7.20276e-08 8.91349e-36 -1.60588e-06 7.21507e-36 0)
(3.00803e-06 -9.42555e-08 2.04255e-36 -1.57299e-06 1.48155e-36 0)
(2.92851e-06 -1.09998e-07 9.68717e-36 -1.53546e-06 7.20304e-36 0)
(2.8539e-06 -1.20167e-07 1.48608e-35 -1.49504e-06 1.20055e-35 0)
(2.78389e-06 -1.25679e-07 -5.9764e-22 -1.45366e-06 -5.59896e-22 0)
(2.71936e-06 -1.27257e-07 0 -1.41273e-06 0 0)
(2.66025e-06 -1.25703e-07 5.71097e-22 -1.37347e-06 5.53216e-22 0)
(2.60684e-06 -1.21651e-07 -8.18455e-37 -1.33684e-06 -1.373e-36 0)
(2.55906e-06 -1.15664e-07 -5.49373e-22 -1.30365e-06 -5.51013e-22 0)
(2.51696e-06 -1.08153e-07 5.40335e-22 -1.27457e-06 5.51321e-22 0)
(2.48046e-06 -9.93941e-08 7.75737e-36 -1.2502e-06 5.65026e-36 0)
(2.44971e-06 -8.94938e-08 -5.25899e-22 -1.23118e-06 -5.54446e-22 0)
(2.42463e-06 -7.83677e-08 -4.66148e-36 -1.21816e-06 -4.30874e-36 0)
(2.40601e-06 -6.577e-08 5.16517e-22 -1.21209e-06 5.61008e-22 0)
(2.3934e-06 -5.09531e-08 5.1381e-22 -1.2139e-06 5.65901e-22 0)
(2.38995e-06 -3.39356e-08 -5.54492e-36 -1.22578e-06 -4.83513e-36 0)
(2.39274e-06 -1.09575e-08 2.38365e-20 -1.24888e-06 -4.90974e-36 -1.40614e-49)
(3.28758e-06 1.71645e-07 1.61862e-22 -1.57346e-06 2.79818e-22 0)
(3.21694e-06 1.37113e-07 -5.56886e-22 -1.5949e-06 -3.4239e-22 0)
(3.14831e-06 8.63802e-08 -1.24243e-21 -1.59215e-06 -9.45443e-22 0)
(3.07221e-06 4.88706e-08 0 -1.57723e-06 0 0)
(2.99907e-06 1.78293e-08 6.47461e-23 -1.55301e-06 2.53348e-22 0)
(2.92589e-06 -6.86066e-09 -5.36785e-22 -1.52243e-06 -7.4154e-23 0)
(2.85615e-06 -2.57113e-08 -1.19754e-21 -1.48766e-06 -8.92713e-22 0)
(2.78946e-06 -3.97089e-08 -1.76943e-21 -1.4507e-06 -1.19111e-21 0)
(2.72712e-06 -4.94219e-08 5.85453e-22 -1.41314e-06 5.64204e-22 0)
(2.66924e-06 -5.56107e-08 -1.17003e-21 -1.37635e-06 -5.90946e-22 0)
(2.61631e-06 -5.88547e-08 -5.84243e-22 -1.34147e-06 -2.87984e-22 0)
(2.56844e-06 -5.9712e-08 -1.16654e-21 -1.30943e-06 -5.62213e-22 0)
(2.52584e-06 -5.86125e-08 -1.1644e-21 -1.28108e-06 -5.5004e-22 0)
(2.48857e-06 -5.58944e-08 -5.81125e-22 -1.25718e-06 -2.69888e-22 0)
(2.45693e-06 -5.17564e-08 -1.1602e-21 -1.23851e-06 -5.31762e-22 0)
(2.43098e-06 -4.62912e-08 -1.15831e-21 -1.2259e-06 -5.26346e-22 0)
(2.41166e-06 -3.93806e-08 -5.17731e-22 -1.22053e-06 -5.61375e-22 0)
(2.3986e-06 -3.08376e-08 -5.77485e-22 -1.22335e-06 -2.62627e-22 0)
(2.39533e-06 -2.05758e-08 -5.76659e-22 -1.23683e-06 -2.65521e-22 0)
(2.39853e-06 -6.37766e-09 2.36795e-20 -1.26254e-06 -2.71041e-22 -1.07313e-49)
(3.20398e-06 2.8821e-07 3.18642e-21 -1.50507e-06 2.68707e-21 0)
(3.14952e-06 2.52931e-07 5.04356e-22 -1.53929e-06 3.30452e-22 0)
(3.09657e-06 1.99855e-07 -1.84827e-21 -1.5465e-06 -1.5411e-21 0)
(3.03199e-06 1.57968e-07 1.89224e-35 -1.54019e-06 1.57782e-35 0)
(2.9691e-06 1.21163e-07 7.34828e-22 -1.52361e-06 8.56906e-22 0)
(2.90385e-06 9.00743e-08 -1.00563e-36 -1.49945e-06 -5.91429e-37 0)
(2.84066e-06 6.43975e-08 5.52965e-22 -1.47021e-06 3.15622e-22 0)
(2.77905e-06 4.34411e-08 -1.1932e-21 -1.43785e-06 -1.15179e-21 0)
(2.72067e-06 2.67797e-08 2.36622e-35 -1.40411e-06 1.97714e-35 0)
(2.66575e-06 1.37902e-08 1.14456e-21 -1.37041e-06 1.13721e-21 0)
(2.61497e-06 3.97334e-09 -5.64274e-22 -1.33799e-06 -2.87237e-22 0)
(2.56858e-06 -3.18533e-09 -6.64453e-36 -1.30788e-06 -5.29299e-36 0)
(2.52694e-06 -8.10858e-09 -2.83397e-35 -1.28103e-06 -2.60922e-35 0)
(2.49024e-06 -1.11887e-08 5.66417e-22 -1.25829e-06 2.70128e-22 0)
(2.45888e-06 -1.26746e-08 -1.68648e-35 -1.24055e-06 -1.43785e-35 0)
(2.43309e-06 -1.29156e-08 -1.04466e-21 -1.22878e-06 -1.12226e-21 0)
(2.41379e-06 -1.17239e-08 7.46256e-36 -1.22413e-06 5.67438e-36 0)
(2.40096e-06 -9.7894e-09 4.64264e-22 -1.22785e-06 8.61209e-22 0)
(2.3982e-06 -6.21097e-09 -5.66127e-22 -1.24287e-06 -2.66817e-22 0)
(2.40165e-06 -1.29443e-09 2.39201e-20 -1.26995e-06 -2.7263e-22 0)
(3.10346e-06 3.85075e-07 8.7583e-22 -1.42972e-06 6.1386e-22 0)
(3.06356e-06 3.49326e-07 1.11592e-21 -1.47255e-06 9.2435e-22 0)
(3.02566e-06 2.96587e-07 9.52213e-22 -1.48836e-06 6.39036e-22 0)
(2.97329e-06 2.52791e-07 1.537e-36 -1.49057e-06 1.9324e-36 0)
(2.92151e-06 2.12674e-07 1.63554e-21 -1.48189e-06 1.23175e-21 0)
(2.86537e-06 1.77384e-07 -1.00321e-22 -1.46479e-06 -2.76515e-22 0)
(2.81001e-06 1.46793e-07 -7.97044e-23 -1.44178e-06 -2.77049e-22 0)
(2.75483e-06 1.20515e-07 1.06139e-21 -1.41481e-06 6.07459e-22 0)
(2.70178e-06 9.82832e-08 5.80014e-22 -1.38568e-06 5.78681e-22 0)
(2.65119e-06 7.96383e-08 1.11029e-21 -1.35586e-06 8.66404e-22 0)
(2.60391e-06 6.41832e-08 1.08968e-21 -1.32667e-06 5.69614e-22 0)
(2.5603e-06 5.14808e-08 -1.88661e-24 -1.29922e-06 -2.90943e-22 0)
(2.52084e-06 4.11269e-08 5.58874e-22 -1.27453e-06 -2.04543e-23 0)
(2.48587e-06 3.27394e-08 5.5176e-22 -1.25354e-06 2.69107e-22 0)
(2.45574e-06 2.59471e-08 1.63334e-21 -1.23716e-06 1.0954e-21 0)
(2.43105e-06 2.04244e-08 5.54037e-22 -1.22654e-06 2.63311e-22 0)
(2.41198e-06 1.58955e-08 0 -1.22266e-06 0 0)
(2.40075e-06 1.16541e-08 1.62582e-21 -1.22761e-06 1.08731e-21 0)
(2.39468e-06 8.98315e-09 1.64316e-21 -1.24095e-06 9.45162e-22 0)
(2.4025e-06 3.19557e-09 2.56033e-20 -1.26989e-06 5.45236e-22 0)
(2.99308e-06 4.59509e-07 -4.74268e-22 -1.35446e-06 -3.4062e-22 0)
(2.96641e-06 4.25949e-07 -4.18888e-22 -1.40372e-06 -3.01349e-22 0)
(2.94185e-06 3.76312e-07 -6.31552e-22 -1.42645e-06 -6.00678e-22 0)
(2.90123e-06 3.33126e-07 0 -1.43571e-06 0 0)
(2.8603e-06 2.91914e-07 6.14045e-22 -1.43385e-06 5.97531e-22 0)
(2.81364e-06 2.54374e-07 1.08943e-21 -1.42314e-06 9.00138e-22 0)
(2.76668e-06 2.20532e-07 -1.0906e-21 -1.40603e-06 -8.93187e-22 0)
(2.71877e-06 1.90373e-07 -5.8366e-22 -1.38437e-06 -5.87939e-22 0)
(2.67203e-06 1.63799e-07 5.73626e-22 -1.35999e-06 5.84553e-22 0)
(2.62682e-06 1.40547e-07 5.20926e-22 -1.33435e-06 2.86455e-22 0)
(2.58415e-06 1.2034e-07 -9.18446e-38 -1.30879e-06 -1.0179e-36 0)
(2.54443e-06 1.02837e-07 5.31017e-22 -1.28446e-06 2.75746e-22 0)
(2.50828e-06 8.76757e-08 1.85501e-36 -1.26241e-06 1.97172e-36 0)
(2.47603e-06 7.44922e-08 -5.37651e-22 -1.24361e-06 -2.66976e-22 0)
(2.44828e-06 6.28277e-08 1.81064e-36 -1.22904e-06 1.95314e-36 0)
(2.42529e-06 5.23539e-08 5.41762e-22 -1.21973e-06 2.61848e-22 0)
(2.40829e-06 4.22525e-08 -5.17007e-22 -1.21692e-06 -5.61323e-22 0)
(2.3971e-06 3.23475e-08 -1.06822e-37 -1.22217e-06 1.01275e-36 0)
(2.39516e-06 2.12682e-08 -1.87837e-36 -1.23694e-06 -9.14791e-37 0)
(2.39879e-06 7.80258e-09 2.42874e-20 -1.2629e-06 3.88897e-35 -7.16368e-50)
(2.8769e-06 5.15179e-07 6.83918e-22 -1.28045e-06 6.28105e-22 0)
(2.86174e-06 4.85031e-07 3.85933e-22 -1.33349e-06 2.86271e-22 0)
(2.84874e-06 4.3989e-07 -6.11562e-22 -1.36128e-06 -5.96582e-22 0)
(2.81915e-06 3.98792e-07 8.57174e-36 -1.37629e-06 7.16752e-36 0)
(2.78859e-06 3.58093e-07 -9.0533e-37 -1.38032e-06 -9.21601e-37 0)
(2.75143e-06 3.19838e-07 4.59622e-22 -1.37547e-06 2.95283e-22 0)
(2.71313e-06 2.84199e-07 4.72869e-22 -1.36396e-06 2.92812e-22 0)
(2.67299e-06 2.51482e-07 -5.73832e-22 -1.34757e-06 -5.92321e-22 0)
(2.6332e-06 2.21751e-07 0 -1.32802e-06 0 0)
(2.59415e-06 1.9494e-07 1.05953e-21 -1.30677e-06 8.66856e-22 0)
(2.5569e-06 1.70894e-07 -7.28285e-36 -1.28514e-06 -5.90663e-36 0)
(2.52195e-06 1.49375e-07 -2.57289e-23 -1.26427e-06 -3.08402e-22 0)
(2.48995e-06 1.30085e-07 5.34537e-22 -1.24522e-06 5.7645e-22 0)
(2.46129e-06 1.12657e-07 5.24612e-22 -1.22893e-06 2.63825e-22 0)
(2.43659e-06 9.66524e-08 -5.23082e-22 -1.2164e-06 -5.69341e-22 0)
(2.41614e-06 8.15162e-08 5.30409e-22 -1.20855e-06 2.59449e-22 0)
(2.40108e-06 6.66452e-08 5.15459e-22 -1.20664e-06 5.61048e-22 0)
(2.3911e-06 5.08904e-08 5.13317e-22 -1.21163e-06 5.55922e-22 0)
(2.38952e-06 3.39325e-08 -3.68939e-36 -1.22557e-06 -1.81276e-36 0)
(2.39318e-06 1.22842e-08 2.39067e-20 -1.25005e-06 -5.57371e-36 -1.41028e-49)
(2.75826e-06 5.53788e-07 3.35051e-22 -1.20999e-06 2.59759e-22 0)
(2.75287e-06 5.27978e-07 3.59116e-22 -1.26481e-06 2.71528e-22 0)
(2.74972e-06 4.88306e-07 3.81833e-22 -1.29603e-06 2.7823e-22 0)
(2.73015e-06 4.50381e-07 0 -1.31533e-06 0 0)
(2.70919e-06 4.11397e-07 4.21071e-22 -1.32409e-06 2.84252e-22 0)
(2.68122e-06 3.73607e-07 0 -1.32422e-06 0 0)
(2.65151e-06 3.37327e-07 4.52501e-22 -1.3177e-06 2.82882e-22 0)
(2.61936e-06 3.03141e-07 0 -1.30619e-06 0 0)
(2.58689e-06 2.71265e-07 0 -1.2913e-06 0 0)
(2.55453e-06 2.41819e-07 0 -1.27442e-06 0 0)
(2.52333e-06 2.14771e-07 4.9505e-22 -1.25681e-06 2.69809e-22 0)
(2.49382e-06 1.89991e-07 0 -1.23957e-06 0 0)
(2.46666e-06 1.67246e-07 0 -1.22371e-06 0 0)
(2.44227e-06 1.46201e-07 5.13049e-22 -1.21016e-06 2.59794e-22 0)
(2.42128e-06 1.2641e-07 0 -1.1998e-06 0 0)
(2.4039e-06 1.07257e-07 0 -1.19352e-06 0 0)
(2.39122e-06 8.80302e-08 0 -1.19233e-06 0 0)
(2.38293e-06 6.73971e-08 5.2499e-22 -1.19727e-06 2.57028e-22 0)
(2.38187e-06 4.50382e-08 5.26799e-22 -1.20987e-06 2.59732e-22 0)
(2.38527e-06 1.61326e-08 2.38776e-20 -1.23131e-06 2.64335e-22 1.14516e-64)
(2.63908e-06 5.77821e-07 -9.29795e-22 -1.14368e-06 -8.41361e-22 0)
(2.64182e-06 5.56709e-07 0 -1.19841e-06 0 0)
(2.64695e-06 5.22773e-07 -3.61282e-22 -1.23154e-06 -2.64385e-22 0)
(2.63638e-06 4.88553e-07 0 -1.25379e-06 0 0)
(2.62423e-06 4.52017e-07 -4.02204e-22 -1.26621e-06 -2.71826e-22 0)
(2.60503e-06 4.15509e-07 -4.19915e-22 -1.2705e-06 -2.72748e-22 0)
(2.58374e-06 3.7947e-07 0 -1.26838e-06 0 0)
(2.55961e-06 3.44701e-07 0 -1.26135e-06 0 0)
(2.53468e-06 3.11552e-07 0 -1.25089e-06 0 0)
(2.50933e-06 2.80302e-07 -4.73378e-22 -1.23827e-06 -2.65829e-22 0)
(2.48461e-06 2.51033e-07 -4.82805e-22 -1.22467e-06 -2.6291e-22 0)
(2.46104e-06 2.23717e-07 -4.90864e-22 -1.21113e-06 -2.60003e-22 0)
(2.43926e-06 1.98193e-07 0 -1.19859e-06 0 0)
(2.41969e-06 1.74165e-07 0 -1.1879e-06 0 0)
(2.40289e-06 1.51217e-07 0 -1.17984e-06 0 0)
(2.38908e-06 1.2867e-07 -5.11766e-22 -1.17515e-06 -2.5228e-22 0)
(2.37915e-06 1.05824e-07 0 -1.17469e-06 0 0)
(2.37278e-06 8.10972e-08 -5.17339e-22 -1.1792e-06 -2.53148e-22 0)
(2.37231e-06 5.41296e-08 -5.19498e-22 -1.18994e-06 -2.55453e-22 0)
(2.37533e-06 1.92192e-08 2.21246e-20 -1.20776e-06 -2.59281e-22 -1.00195e-49)
(2.52044e-06 5.89103e-07 -1.70974e-21 -1.08186e-06 -1.71086e-21 0)
(2.52992e-06 5.72658e-07 -3.22367e-22 -1.1351e-06 -2.43681e-22 0)
(2.54204e-06 5.44351e-07 3.74209e-37 -1.16887e-06 1.19961e-36 0)
(2.53952e-06 5.14029e-07 2.28821e-37 -1.1929e-06 1.21353e-36 0)
(2.53545e-06 4.80345e-07 5.44306e-22 -1.20799e-06 5.9412e-22 0)
(2.52457e-06 4.45649e-07 -9.48294e-22 -1.21563e-06 -8.58635e-22 0)
(2.51143e-06 4.10489e-07 -9.62199e-22 -1.21728e-06 -8.60619e-22 0)
(2.49526e-06 3.75828e-07 0 -1.21426e-06 0 0)
(2.47795e-06 3.42124e-07 5.3196e-22 -1.2079e-06 5.98267e-22 0)
(2.45982e-06 3.09789e-07 6.49756e-23 -1.19934e-06 3.38631e-22 0)
(2.44188e-06 2.79005e-07 1.46036e-36 -1.18966e-06 -2.7752e-37 0)
(2.42458e-06 2.49834e-07 -1.00258e-21 -1.17981e-06 -8.42617e-22 0)
(2.40857e-06 2.22187e-07 -5.17066e-22 -1.17061e-06 -5.84923e-22 0)
(2.39421e-06 1.95819e-07 -4.95772e-22 -1.16283e-06 -2.49633e-22 0)
(2.38201e-06 1.70349e-07 5.11365e-22 -1.15712e-06 5.74068e-22 0)
(2.37214e-06 1.45098e-07 -5.05141e-22 -1.15408e-06 -2.47756e-22 0)
(2.36526e-06 1.19355e-07 3.49357e-36 -1.15429e-06 1.70232e-36 0)
(2.36107e-06 9.14314e-08 5.0687e-22 -1.15829e-06 5.50655e-22 0)
(2.36124e-06 6.09607e-08 0 -1.16681e-06 0 0)
(2.36376e-06 2.15412e-08 2.18274e-20 -1.18034e-06 3.48085e-35 -6.43809e-50)
(2.40264e-06 5.89248e-07 5.15794e-22 -1.02414e-06 5.40404e-22 0)
(2.41782e-06 5.77104e-07 1.31929e-36 -1.07478e-06 6.95711e-37 0)
(2.43594e-06 5.53971e-07 -5.22943e-22 -1.1082e-06 -5.73328e-22 0)
(2.44074e-06 5.27434e-07 0 -1.13308e-06 0 0)
(2.44416e-06 4.96716e-07 5.24707e-22 -1.15004e-06 5.91402e-22 0)
(2.4412e-06 4.64121e-07 5.24073e-22 -1.16034e-06 5.96324e-22 0)
(2.43597e-06 4.3028e-07 -5.2295e-22 -1.16521e-06 -5.99054e-22 0)
(2.42767e-06 3.96259e-07 -5.21169e-22 -1.16579e-06 -6.00001e-22 0)
(2.418e-06 3.62602e-07 5.19091e-22 -1.16322e-06 5.99444e-22 0)
(2.40721e-06 3.29816e-07 -1.15471e-35 -1.15851e-06 -9.52501e-36 0)
(2.39621e-06 2.98165e-07 -6.59608e-36 -1.15261e-06 -4.60627e-36 0)
(2.38543e-06 2.67787e-07 1.99322e-37 -1.14636e-06 2.31352e-36 0)
(2.37544e-06 2.38661e-07 8.53627e-36 -1.14048e-06 7.67508e-36 0)
(2.36658e-06 2.10596e-07 1.03157e-35 -1.13562e-06 8.51837e-36 0)
(2.35925e-06 1.83266e-07 3.40809e-36 -1.1323e-06 1.66988e-36 0)
(2.35359e-06 1.5602e-07 -1.71959e-36 -1.13092e-06 -8.33925e-37 0)
(2.35e-06 1.28183e-07 -5.04494e-22 -1.13182e-06 -5.59339e-22 0)
(2.34817e-06 9.8039e-08 -3.49579e-36 -1.13522e-06 -1.67911e-36 0)
(2.34904e-06 6.52176e-08 -6.97818e-36 -1.14132e-06 -5.38407e-36 0)
(2.35106e-06 2.29666e-08 2.09281e-20 -1.15025e-06 -1.70135e-36 0)
(2.2855e-06 5.79273e-07 -1.53824e-21 -9.70044e-07 -1.63056e-21 0)
(2.30569e-06 5.70833e-07 -2.75525e-36 -1.01734e-06 -2.6462e-36 0)
(2.32919e-06 5.52218e-07 -5.51018e-37 -1.0497e-06 4.00958e-37 0)
(2.34082e-06 5.29163e-07 9.23293e-37 -1.07475e-06 1.06451e-36 0)
(2.35134e-06 5.01338e-07 5.04782e-22 -1.09297e-06 5.88267e-22 0)
(2.35606e-06 4.70974e-07 -5.05794e-22 -1.1054e-06 -5.94409e-22 0)
(2.35857e-06 4.3875e-07 -5.06334e-22 -1.11303e-06 -5.98127e-22 0)
(2.35808e-06 4.05793e-07 0 -1.11683e-06 0 0)
(2.35605e-06 3.72698e-07 5.05791e-22 -1.11775e-06 5.9983e-22 0)
(2.35266e-06 3.40039e-07 5.05065e-22 -1.11666e-06 5.98381e-22 0)
(2.34872e-06 3.08135e-07 -3.13956e-36 -1.11437e-06 -1.62081e-36 0)
(2.34458e-06 2.77184e-07 -5.0333e-22 -1.1116e-06 -5.91943e-22 0)
(2.34076e-06 2.47221e-07 -5.02509e-22 -1.10897e-06 -5.87228e-22 0)
(2.33754e-06 2.18112e-07 1.76634e-36 -1.10698e-06 3.17678e-36 0)
(2.33524e-06 1.89591e-07 5.01326e-22 -1.10603e-06 5.75077e-22 0)
(2.33395e-06 1.61082e-07 1.72609e-36 -1.10635e-06 1.95516e-36 0)
(2.33383e-06 1.31971e-07 0 -1.10798e-06 0 0)
(2.33452e-06 1.00627e-07 5.0117e-22 -1.11084e-06 5.48615e-22 0)
(2.33621e-06 6.67105e-08 -6.94639e-36 -1.11454e-06 -5.33603e-36 0)
(2.33777e-06 2.34307e-08 1.99871e-20 -1.11878e-06 -1.6548e-36 0)
(2.16845e-06 5.59803e-07 -2.88399e-23 -9.18405e-07 -1.47638e-23 0)
(2.1934e-06 5.54305e-07 -3.05592e-22 -9.6199e-07 -2.06518e-22 0)
(2.22203e-06 5.39418e-07 -4.77021e-22 -9.92933e-07 -5.61003e-22 0)
(2.24031e-06 5.19412e-07 0 -1.01778e-06 0 0)
(2.2578e-06 4.94286e-07 4.847e-22 -1.03691e-06 5.84823e-22 0)
(2.2701e-06 4.66183e-07 8.792e-22 -1.05114e-06 8.17674e-22 0)
(2.28033e-06 4.35792e-07 -8.99026e-22 -1.06124e-06 -8.24426e-22 0)
(2.28764e-06 4.04261e-07 -1.34194e-21 -1.06801e-06 -1.05754e-21 0)
(2.29327e-06 3.72203e-07 4.92315e-22 -1.07221e-06 5.99481e-22 0)
(2.29734e-06 3.40226e-07 4.52289e-22 -1.07455e-06 2.30683e-22 0)
(2.3005e-06 3.08677e-07 -5.1967e-38 -1.07572e-06 -1.23067e-36 0)
(2.30306e-06 2.77794e-07 4.72896e-22 -1.0763e-06 2.31059e-22 0)
(2.30545e-06 2.4765e-07 -9.62139e-22 -1.07681e-06 -4.62335e-22 0)
(2.30792e-06 2.18167e-07 -4.8797e-22 -1.07764e-06 -2.31345e-22 0)
(2.3107e-06 1.89148e-07 -9.87431e-22 -1.07903e-06 -4.63286e-22 0)
(2.31383e-06 1.60116e-07 4.98453e-22 -1.08106e-06 2.32079e-22 0)
(2.31725e-06 1.30563e-07 -4.97464e-22 -1.08352e-06 -5.58374e-22 0)
(2.32057e-06 9.90496e-08 -1.74155e-36 -1.08601e-06 -8.03164e-37 0)
(2.32325e-06 6.52994e-08 -5.17721e-36 -1.08753e-06 -4.48851e-36 0)
(2.32447e-06 2.28726e-08 1.90467e-20 -1.08732e-06 -8.04135e-37 0)
(2.05066e-06 5.30732e-07 4.64976e-22 -8.68742e-07 5.23044e-22 0)
(2.08058e-06 5.27344e-07 3.0991e-22 -9.08547e-07 1.95045e-22 0)
(2.1145e-06 5.15354e-07 -4.53936e-22 -9.37982e-07 -5.55109e-22 0)
(2.1396e-06 4.97936e-07 -1.25867e-37 -9.62503e-07 1.46023e-36 0)
(2.16419e-06 4.75289e-07 -3.05308e-36 -9.82402e-07 -1.15447e-36 0)
(2.18421e-06 4.49459e-07 3.96208e-22 -9.98265e-07 2.14305e-22 0)
(2.20226e-06 4.21108e-07 1.35925e-21 -1.01068e-06 1.40598e-21 0)
(2.21749e-06 3.91371e-07 -4.76045e-22 -1.02024e-06 -5.97483e-22 0)
(2.23087e-06 3.60843e-07 -9.57836e-22 -1.02755e-06 -1.19685e-21 0)
(2.24243e-06 3.30133e-07 9.37284e-22 -1.03316e-06 8.19423e-22 0)
(2.25272e-06 2.99589e-07 -4.81342e-36 -1.03761e-06 -2.29008e-36 0)
(2.26198e-06 2.69463e-07 9.6161e-22 -1.04138e-06 8.15271e-22 0)
(2.27054e-06 2.3985e-07 4.87435e-22 -1.04487e-06 5.86942e-22 0)
(2.27863e-06 2.10717e-07 4.90658e-22 -1.04838e-06 2.25065e-22 0)
(2.28641e-06 1.8193e-07 -4.90843e-22 -1.05204e-06 -5.74343e-22 0)
(2.29389e-06 1.53138e-07 -4.84069e-22 -1.05578e-06 -9.065e-22 0)
(2.30084e-06 1.23972e-07 4.93939e-22 -1.0592e-06 5.57809e-22 0)
(2.30682e-06 9.32952e-08 4.95223e-22 -1.06158e-06 5.47755e-22 0)
(2.31066e-06 6.09462e-08 3.46191e-36 -1.06136e-06 2.62772e-36 0)
(2.31175e-06 2.12671e-08 1.81494e-20 -1.0573e-06 -3.21815e-35 -5.35326e-50)
(1.93126e-06 4.91684e-07 -2.43773e-36 -8.18954e-07 -2.34146e-36 0)
(1.96684e-06 4.89549e-07 3.19394e-22 -8.55408e-07 1.83637e-22 0)
(2.00662e-06 4.79648e-07 3.51038e-36 -8.83714e-07 1.93888e-36 0)
(2.03908e-06 4.64385e-07 0 -9.08211e-07 0 0)
(2.07122e-06 4.44027e-07 -3.95005e-36 -9.29105e-07 -2.03848e-36 0)
(2.09933e-06 4.20523e-07 -4.05393e-22 -9.46764e-07 -2.03249e-22 0)
(2.1255e-06 3.94463e-07 4.22516e-22 -9.61588e-07 2.06432e-22 0)
(2.14885e-06 3.66932e-07 8.75646e-22 -9.73987e-07 4.18187e-22 0)
(2.17013e-06 3.38478e-07 0 -9.8439e-07 0 0)
(2.18929e-06 3.09677e-07 -4.63245e-22 -9.93217e-07 -2.13222e-22 0)
(2.20672e-06 2.80853e-07 -6.50883e-36 -1.00087e-06 -8.16262e-36 0)
(2.22261e-06 2.52242e-07 -4.82308e-22 -1.00771e-06 -2.16334e-22 0)
(2.23723e-06 2.23941e-07 9.79493e-22 -1.01405e-06 4.3539e-22 0)
(2.25077e-06 1.95945e-07 4.95973e-22 -1.0201e-06 2.18994e-22 0)
(2.26334e-06 1.68173e-07 1.00226e-21 -1.02591e-06 4.40482e-22 0)
(2.27493e-06 1.4041e-07 -5.05377e-22 -1.03134e-06 -2.21406e-22 0)
(2.28524e-06 1.12446e-07 0 -1.03582e-06 0 0)
(2.2938e-06 8.35513e-08 5.22985e-36 -1.03844e-06 2.27836e-36 0)
(2.29899e-06 5.37438e-08 1.20356e-35 -1.03715e-06 9.65658e-36 0)
(2.30022e-06 1.86283e-08 1.73396e-20 -1.0302e-06 -1.34232e-36 -1.02288e-49)
(1.80926e-06 4.41024e-07 -3.88409e-22 -7.69885e-07 -4.9826e-22 0)
(1.85179e-06 4.39409e-07 1.3695e-36 -8.03609e-07 1.8023e-36 0)
(1.89846e-06 4.30931e-07 2.01804e-36 -8.31316e-07 2.72698e-36 0)
(1.93921e-06 4.17537e-07 -5.13431e-37 -8.56222e-07 1.56774e-36 0)
(1.97963e-06 3.99435e-07 4.24983e-22 -8.78422e-07 5.7283e-22 0)
(2.01645e-06 3.78457e-07 -4.32887e-22 -8.98084e-07 -5.82212e-22 0)
(2.0512e-06 3.55083e-07 -4.40348e-22 -9.15426e-07 -5.8866e-22 0)
(2.08303e-06 3.30311e-07 0 -9.30693e-07 0 0)
(2.11244e-06 3.04614e-07 4.53496e-22 -9.44158e-07 5.94297e-22 0)
(2.13932e-06 2.78504e-07 4.59265e-22 -9.561e-07 5.94089e-22 0)
(2.16393e-06 2.52255e-07 -4.78695e-36 -9.66799e-07 -6.10245e-36 0)
(2.18638e-06 2.26066e-07 -4.69368e-22 -9.76519e-07 -5.88879e-22 0)
(2.20688e-06 2.0001e-07 -4.7377e-22 -9.85482e-07 -5.84283e-22 0)
(2.22559e-06 1.74088e-07 0 -9.93836e-07 0 0)
(2.24261e-06 1.4825e-07 4.81439e-22 -1.0016e-06 5.7193e-22 0)
(2.25794e-06 1.22397e-07 0 -1.00858e-06 0 0)
(2.27127e-06 9.64853e-08 -7.07383e-36 -1.01418e-06 -2.99137e-36 0)
(2.28216e-06 7.02468e-08 4.89929e-22 -1.01738e-06 5.4747e-22 0)
(2.28879e-06 4.39665e-08 6.89434e-36 -1.01583e-06 5.1752e-36 0)
(2.29043e-06 1.50338e-08 1.66537e-20 -1.00731e-06 2.97439e-35 -4.91208e-50)
(1.68402e-06 3.77651e-07 3.29497e-22 -7.17013e-07 1.53927e-22 0)
(1.73532e-06 3.75964e-07 0 -7.49504e-07 0 0)
(1.79039e-06 3.68441e-07 1.96896e-36 -7.77946e-07 1.49952e-36 0)
(1.84074e-06 3.56814e-07 0 -8.04416e-07 0 0)
(1.89052e-06 3.41112e-07 -6.97021e-37 -8.2887e-07 -9.75771e-37 0)
(1.93688e-06 3.23015e-07 1.6838e-36 -8.51305e-07 -2.08194e-36 0)
(1.98087e-06 3.0286e-07 0 -8.71763e-07 0 0)
(2.02165e-06 2.81523e-07 0 -8.90349e-07 0 0)
(2.05952e-06 2.59373e-07 0 -9.07191e-07 0 0)
(2.09429e-06 2.36835e-07 -3.23116e-36 -9.22447e-07 -2.71339e-36 0)
(2.12611e-06 2.14113e-07 1.47094e-37 -9.36285e-07 -1.33316e-36 0)
(2.15505e-06 1.9135e-07 1.73778e-36 -9.48875e-07 7.01747e-37 0)
(2.18124e-06 1.68577e-07 0 -9.60364e-07 0 0)
(2.20479e-06 1.45773e-07 0 -9.70854e-07 0 0)
(2.22579e-06 1.22897e-07 0 -9.80345e-07 0 0)
(2.24429e-06 9.99225e-08 1.79158e-36 -9.88675e-07 7.31182e-37 0)
(2.26004e-06 7.69552e-08 0 -9.95327e-07 0 0)
(2.2727e-06 5.41756e-08 1.01844e-35 -9.99332e-07 1.01376e-35 0)
(2.28065e-06 3.22217e-08 -1.81049e-36 -9.98395e-07 -7.3837e-37 0)
(2.28293e-06 1.06891e-08 1.61382e-20 -9.89986e-07 5.76287e-35 -4.91944e-64)
(1.55504e-06 2.96999e-07 -6.81161e-22 -6.66493e-07 -9.52678e-22 0)
(1.61756e-06 2.95075e-07 -3.66292e-23 -6.98955e-07 3.60527e-22 0)
(1.68302e-06 2.8848e-07 -8.30495e-37 -7.29071e-07 3.59171e-37 0)
(1.74464e-06 2.78936e-07 -7.87142e-37 -7.57823e-07 4.50367e-37 0)
(1.80509e-06 2.66205e-07 3.87514e-22 -7.85027e-07 5.62764e-22 0)
(1.86205e-06 2.51734e-07 -8.64663e-22 -8.10539e-07 -7.47009e-22 0)
(1.91607e-06 2.35699e-07 -8.90417e-22 -8.34262e-07 -7.59376e-22 0)
(1.96637e-06 2.18805e-07 0 -8.5618e-07 0 0)
(2.01307e-06 2.01305e-07 4.32161e-22 -8.76308e-07 5.87406e-22 0)
(2.05595e-06 1.83517e-07 -6.76827e-23 -8.94705e-07 3.9577e-22 0)
(2.09507e-06 1.65567e-07 -1.71634e-37 -9.11445e-07 1.36307e-36 0)
(2.13043e-06 1.47535e-07 -9.77722e-22 -9.26617e-07 -7.82634e-22 0)
(2.1621e-06 1.29402e-07 -4.64156e-22 -9.40303e-07 -5.79564e-22 0)
(2.19016e-06 1.11112e-07 -5.26587e-22 -9.52568e-07 -2.04495e-22 0)
(2.21464e-06 9.26006e-08 4.75435e-22 -9.63415e-07 5.68105e-22 0)
(2.23563e-06 7.38509e-08 -5.29526e-22 -9.72741e-07 -2.08826e-22 0)
(2.25299e-06 5.50353e-08 2.03278e-36 -9.80196e-07 -3.9931e-37 0)
(2.26656e-06 3.66125e-08 4.8658e-22 -9.85029e-07 5.46811e-22 0)
(2.27521e-06 1.96106e-08 -7.38989e-36 -9.85379e-07 -2.93927e-36 0)
(2.27801e-06 5.99663e-09 1.57897e-20 -9.78739e-07 -1.47179e-36 0)
(1.42261e-06 2.00399e-07 -8.66111e-23 -6.05218e-07 3.48131e-22 0)
(1.49956e-06 1.98345e-07 -4.18774e-22 -6.4099e-07 -1.37606e-22 0)
(1.57789e-06 1.93035e-07 1.03868e-22 -6.75617e-07 -3.80447e-22 0)
(1.65282e-06 1.86108e-07 0 -7.09118e-07 0 0)
(1.72554e-06 1.77079e-07 8.51248e-22 -7.41119e-07 7.15944e-22 0)
(1.79429e-06 1.67055e-07 3.85195e-22 -7.71405e-07 5.67434e-22 0)
(1.85922e-06 1.56058e-07 -9.07212e-22 -7.99779e-07 -7.46778e-22 0)
(1.91966e-06 1.44581e-07 -4.1211e-22 -8.26151e-07 -5.80173e-22 0)
(1.97562e-06 1.32757e-07 4.24122e-22 -8.50463e-07 5.82984e-22 0)
(2.02686e-06 1.20786e-07 -2.948e-36 -8.72701e-07 -3.95532e-36 0)
(2.07341e-06 1.0872e-07 5.36189e-22 -8.92877e-07 1.91681e-22 0)
(2.1152e-06 9.65808e-08 1.56431e-36 -9.11011e-07 1.99947e-36 0)
(2.15225e-06 8.43126e-08 -2.12073e-36 -9.27127e-07 6.1909e-37 0)
(2.18456e-06 7.1825e-08 -5.40844e-22 -9.41236e-07 -2.02063e-22 0)
(2.2121e-06 5.9024e-08 -2.0771e-36 -9.53315e-07 5.43384e-37 0)
(2.23488e-06 4.58591e-08 1.45196e-36 -9.63303e-07 3.14361e-36 0)
(2.25275e-06 3.24921e-08 -4.83615e-22 -9.71013e-07 -5.52601e-22 0)
(2.26579e-06 1.94396e-08 5.37785e-22 -9.76119e-07 2.09551e-22 0)
(2.27352e-06 7.98433e-09 5.37304e-22 -9.77744e-07 2.099e-22 0)
(2.27598e-06 1.82126e-09 1.61977e-20 -9.74308e-07 2.09163e-22 0)
(1.2875e-06 6.96683e-08 -6.17186e-22 -5.58016e-07 1.69429e-20 1.51169e-35)
(1.38245e-06 6.86886e-08 -2.96781e-22 -5.97967e-07 1.69802e-20 -2.57729e-50)
(1.47642e-06 6.64898e-08 -3.16954e-22 -6.3733e-07 1.69222e-20 -2.57194e-50)
(1.56668e-06 6.39382e-08 1.49476e-35 -6.75327e-07 1.7407e-20 0)
(1.65333e-06 6.06814e-08 3.54933e-22 -7.11724e-07 1.79276e-20 0)
(1.73505e-06 5.7145e-08 3.72476e-22 -7.46128e-07 1.79132e-20 2.55915e-50)
(1.81178e-06 5.33039e-08 -3.88949e-22 -7.78409e-07 1.67622e-20 -5.11179e-50)
(1.88296e-06 4.93354e-08 -4.0423e-22 -8.08386e-07 1.67377e-20 1.75878e-64)
(1.94856e-06 4.52711e-08 4.18314e-22 -8.36013e-07 1.78732e-20 -7.65222e-50)
(2.00841e-06 4.11774e-08 3.01233e-35 -8.61232e-07 1.72826e-20 -5.09757e-50)
(2.0625e-06 3.7064e-08 0 -8.84035e-07 1.72718e-20 0)
(2.11078e-06 3.29275e-08 -2.61565e-35 -9.04407e-07 1.72635e-20 -5.09194e-50)
(2.15322e-06 2.87355e-08 5.44453e-36 -9.22336e-07 1.72574e-20 -1.01803e-49)
(2.18972e-06 2.44421e-08 3.83451e-36 -9.37789e-07 1.72534e-20 -1.01779e-49)
(2.22012e-06 1.99936e-08 5.45309e-36 -9.50702e-07 1.72514e-20 -1.01768e-49)
(2.24425e-06 1.53494e-08 7.10364e-36 -9.61015e-07 1.72512e-20 -1.01766e-49)
(2.26177e-06 1.05551e-08 -4.85552e-22 -9.68594e-07 1.67011e-20 -5.08867e-50)
(2.27283e-06 5.79887e-09 2.9634e-35 -9.73458e-07 1.72549e-20 0)
(2.27715e-06 1.74428e-09 0 -9.75457e-07 1.72577e-20 0)
(2.27683e-06 3.26362e-10 1.56346e-20 -9.74652e-07 1.72592e-20 0)
(2.53862e-06 1.88782e-07 9.8184e-22 -2.8251e-08 1.92665e-22 0)
(2.61392e-06 3.34633e-07 -1.31303e-22 -1.40258e-07 -4.2878e-23 0)
(2.75372e-06 4.8391e-07 -9.059e-22 -3.22555e-07 -5.04814e-22 0)
(2.91399e-06 5.73475e-07 1.11257e-22 -5.48286e-07 7.66347e-23 0)
(3.08243e-06 6.05688e-07 -3.21447e-22 -7.92727e-07 -2.23488e-22 0)
(3.2343e-06 5.7557e-07 3.41769e-22 -1.03428e-06 3.73179e-22 0)
(3.35618e-06 4.88334e-07 1.15204e-21 -1.25488e-06 8.21878e-22 0)
(3.43515e-06 3.51867e-07 -5.24934e-22 -1.43979e-06 -3.8905e-22 0)
(3.46709e-06 1.80516e-07 -7.75379e-22 -1.58119e-06 -5.98914e-22 0)
(3.44239e-06 -1.59709e-08 0 -1.65557e-06 0 0)
(2.40473e-06 1.69544e-07 3.02859e-23 -3.02889e-08 8.86449e-24 0)
(2.47667e-06 3.04742e-07 1.15764e-21 -1.34675e-07 4.46525e-22 0)
(2.60651e-06 4.51985e-07 1.2478e-21 -2.96303e-07 6.88558e-22 0)
(2.75794e-06 5.52755e-07 1.15886e-21 -4.96723e-07 7.7445e-22 0)
(2.92366e-06 6.07619e-07 -2.85248e-22 -7.16919e-07 -2.02439e-22 0)
(3.08235e-06 6.09216e-07 -1.44625e-21 -9.39498e-07 -1.18994e-21 0)
(3.22218e-06 5.60159e-07 -1.25683e-21 -1.14938e-06 -9.02748e-22 0)
(3.32838e-06 4.63915e-07 1.87103e-21 -1.33237e-06 1.47089e-21 0)
(3.39289e-06 3.32623e-07 -5.37247e-22 -1.4833e-06 -3.48443e-22 0)
(3.39911e-06 1.42175e-07 8.6795e-22 -1.58798e-06 6.93058e-22 0)
(2.28455e-06 1.49112e-07 -5.49428e-23 -3.36693e-08 -1.94942e-23 0)
(2.35429e-06 2.75851e-07 -1.01089e-21 -1.35403e-07 -3.77126e-22 0)
(2.47461e-06 4.19592e-07 -1.03625e-21 -2.84012e-07 -5.56395e-22 0)
(2.61385e-06 5.25868e-07 1.45433e-21 -4.6627e-07 9.57534e-22 0)
(2.76844e-06 5.94273e-07 1.29628e-21 -6.67502e-07 9.73201e-22 0)
(2.92037e-06 6.15928e-07 1.39262e-21 -8.7398e-07 1.13759e-21 0)
(3.06086e-06 5.92205e-07 -7.01222e-24 -1.07372e-06 1.12515e-24 0)
(3.17899e-06 5.24319e-07 -1.11807e-21 -1.25445e-06 -1.03822e-21 0)
(3.26753e-06 4.28565e-07 -1.76133e-24 -1.41022e-06 2.90136e-24 0)
(3.32087e-06 2.75489e-07 2.84891e-22 -1.52896e-06 8.38245e-23 0)
(2.17477e-06 1.26312e-07 0 -3.75117e-08 0 0)
(2.24404e-06 2.45768e-07 3.32127e-22 -1.38124e-07 9.45919e-23 0)
(2.35777e-06 3.86058e-07 -3.71347e-22 -2.75434e-07 -2.43362e-22 0)
(2.48758e-06 4.9673e-07 -9.8306e-22 -4.40404e-07 -6.78761e-22 0)
(2.63315e-06 5.77354e-07 7.25081e-22 -6.21933e-07 5.47535e-22 0)
(2.77901e-06 6.1816e-07 -1.08194e-21 -8.09452e-07 -8.75278e-22 0)
(2.91757e-06 6.19135e-07 -4.27725e-22 -9.93589e-07 -4.34355e-22 0)
(3.0402e-06 5.77702e-07 1.25408e-21 -1.16492e-06 1.07208e-21 0)
(3.13631e-06 5.08064e-07 -5.31625e-24 -1.31824e-06 1.84732e-24 0)
(3.21557e-06 3.82015e-07 1.71683e-21 -1.44895e-06 1.48459e-21 0)
(2.07191e-06 1.0084e-07 3.74971e-22 -4.13567e-08 5.09491e-23 0)
(2.1414e-06 2.13765e-07 5.28651e-22 -1.42877e-07 2.02922e-22 0)
(2.24972e-06 3.49728e-07 0 -2.7278e-07 0 0)
(2.37059e-06 4.61743e-07 -6.03451e-22 -4.24866e-07 -4.01054e-22 0)
(2.50637e-06 5.49591e-07 -4.75349e-22 -5.90785e-07 -3.48687e-22 0)
(2.64422e-06 6.03364e-07 2.52053e-22 -7.62614e-07 2.08134e-22 0)
(2.77802e-06 6.22858e-07 -5.9303e-22 -9.32865e-07 -4.88376e-22 0)
(2.90272e-06 6.04435e-07 -4.18645e-22 -1.09418e-06 -2.97521e-22 0)
(3.00335e-06 5.60251e-07 -3.80115e-22 -1.23979e-06 -2.93031e-22 0)
(3.09905e-06 4.66402e-07 -1.89976e-21 -1.368e-06 -1.48818e-21 0)
(1.97513e-06 7.31504e-08 -7.18645e-22 -4.5126e-08 -8.08405e-23 0)
(2.04564e-06 1.80967e-07 4.42654e-22 -1.48342e-07 1.52837e-22 0)
(2.1502e-06 3.13407e-07 1.29737e-21 -2.72354e-07 6.30282e-22 0)
(2.26379e-06 4.26387e-07 -4.25546e-22 -4.13097e-07 -2.60237e-22 0)
(2.39084e-06 5.19998e-07 -6.45632e-22 -5.64352e-07 -4.87703e-22 0)
(2.5205e-06 5.84301e-07 4.62825e-22 -7.20496e-07 3.93298e-22 0)
(2.64739e-06 6.18516e-07 5.31195e-22 -8.75843e-07 4.54749e-22 0)
(2.76992e-06 6.18356e-07 2.59853e-22 -1.02568e-06 2.45264e-22 0)
(2.87017e-06 5.92967e-07 1.02135e-21 -1.16316e-06 8.22765e-22 0)
(2.97455e-06 5.26725e-07 -7.04665e-22 -1.28712e-06 -6.28404e-22 0)
(1.88228e-06 4.28587e-08 0 -4.88091e-08 0 0)
(1.95421e-06 1.46463e-07 -1.89106e-22 -1.54644e-07 -1.3243e-22 0)
(2.056e-06 2.75629e-07 4.85323e-22 -2.74853e-07 2.4889e-22 0)
(2.16336e-06 3.88679e-07 4.06548e-22 -4.06882e-07 2.40032e-22 0)
(2.28245e-06 4.86052e-07 -1.31846e-21 -5.46141e-07 -9.3976e-22 0)
(2.40424e-06 5.58195e-07 -4.61729e-22 -6.88811e-07 -3.6735e-22 0)
(2.524e-06 6.04037e-07 1.26737e-21 -8.3046e-07 1.08591e-21 0)
(2.64288e-06 6.19613e-07 -8.17787e-22 -9.68155e-07 -7.3918e-22 0)
(2.74084e-06 6.10523e-07 3.67425e-22 -1.09532e-06 2.55613e-22 0)
(2.84772e-06 5.68414e-07 2.24399e-21 -1.21042e-06 1.99665e-21 0)
(1.79259e-06 1.03084e-08 3.08689e-22 -5.22989e-08 2.22416e-24 0)
(1.86628e-06 1.10788e-07 -6.21179e-23 -1.61135e-07 -4.70613e-23 0)
(1.9662e-06 2.37513e-07 2.00176e-24 -2.78603e-07 2.18496e-24 0)
(2.06836e-06 3.50652e-07 1.32464e-22 -4.03242e-07 1.11899e-22 0)
(2.18035e-06 4.50869e-07 -7.59662e-22 -5.318e-07 -5.90339e-22 0)
(2.29459e-06 5.29046e-07 4.59592e-23 -6.62037e-07 2.45214e-25 0)
(2.40695e-06 5.83711e-07 -5.13086e-24 -7.90801e-07 -4.61157e-24 0)
(2.52074e-06 6.11675e-07 -1.57081e-21 -9.16687e-07 -1.41375e-21 0)
(2.61531e-06 6.15552e-07 -1.43431e-21 -1.03393e-06 -1.21028e-21 0)
(2.72117e-06 5.93484e-07 8.8119e-22 -1.13945e-06 8.44005e-22 0)
(1.7048e-06 -2.46614e-08 4.06737e-23 -5.5692e-08 3.09048e-23 0)
(1.78048e-06 7.35536e-08 -1.5359e-22 -1.67976e-07 7.59693e-23 0)
(1.87917e-06 1.98503e-07 -3.51822e-22 -2.83846e-07 -1.36794e-22 0)
(1.9769e-06 3.11723e-07 1.13469e-21 -4.02569e-07 6.30184e-22 0)
(2.0826e-06 4.14027e-07 3.16926e-22 -5.22022e-07 2.80248e-22 0)
(2.18983e-06 4.96859e-07 -1.49055e-21 -6.41219e-07 -1.1944e-21 0)
(2.29519e-06 5.58424e-07 1.14221e-21 -7.58115e-07 1.00023e-21 0)
(2.40328e-06 5.96451e-07 7.55072e-22 -8.72345e-07 7.14048e-22 0)
(2.4939e-06 6.11042e-07 -1.38009e-21 -9.79341e-07 -1.16974e-21 0)
(2.59646e-06 6.05186e-07 -2.60647e-21 -1.07466e-06 -2.36008e-21 0)
(1.61822e-06 -6.18761e-08 5.98995e-23 -5.89485e-08 4.88219e-23 0)
(1.69604e-06 3.4964e-08 8.09578e-22 -1.74928e-07 2.49773e-22 0)
(1.79397e-06 1.58983e-07 9.21172e-22 -2.8989e-07 2.8518e-22 0)
(1.8878e-06 2.72566e-07 -7.2978e-22 -4.03549e-07 -3.92093e-22 0)
(1.9878e-06 3.76522e-07 8.12138e-22 -5.14871e-07 7.28251e-22 0)
(2.08845e-06 4.62874e-07 3.64596e-22 -6.23988e-07 3.24952e-22 0)
(2.18719e-06 5.29591e-07 9.17912e-22 -7.29975e-07 7.9388e-22 0)
(2.28932e-06 5.75367e-07 2.62378e-21 -8.33226e-07 2.39452e-21 0)
(2.37591e-06 5.98566e-07 7.82936e-22 -9.30417e-07 6.60097e-22 0)
(2.47408e-06 6.05588e-07 -8.61293e-22 -1.01589e-06 -8.81968e-22 0)
(1.53212e-06 -1.01393e-07 -9.86435e-23 -6.21808e-08 -8.54221e-23 0)
(1.61218e-06 -5.07711e-09 7.37786e-22 -1.82147e-07 -4.32482e-23 0)
(1.70959e-06 1.1886e-07 5.51751e-22 -2.96789e-07 1.27394e-22 0)
(1.7998e-06 2.33151e-07 -9.15679e-22 -4.06033e-07 -4.21025e-22 0)
(1.89449e-06 3.38467e-07 -1.0544e-21 -5.09997e-07 -7.72302e-22 0)
(1.98892e-06 4.27448e-07 1.36235e-21 -6.09813e-07 1.12345e-21 0)
(2.08152e-06 4.97956e-07 8.4905e-22 -7.05646e-07 7.37215e-22 0)
(2.17776e-06 5.49571e-07 7.0422e-22 -7.98452e-07 5.99169e-22 0)
(2.2604e-06 5.79554e-07 7.60286e-22 -8.86131e-07 6.29078e-22 0)
(2.35382e-06 5.96511e-07 -2.79483e-27 -9.62296e-07 -2.2447e-27 0)
(1.44602e-06 -1.43139e-07 -5.82158e-22 -6.54708e-08 4.62676e-23 0)
(1.52835e-06 -4.63572e-08 -7.46431e-22 -1.89715e-07 -1.96484e-22 0)
(1.62523e-06 7.84755e-08 -3.11192e-22 -3.04386e-07 -9.34888e-23 0)
(1.71177e-06 1.93908e-07 -3.29853e-22 -4.09458e-07 -1.61623e-22 0)
(1.80124e-06 3.00316e-07 -1.18455e-21 -5.06424e-07 -8.88121e-22 0)
(1.88967e-06 3.91035e-07 -7.56577e-22 -5.97432e-07 -5.89827e-22 0)
(1.97653e-06 4.64004e-07 6.12483e-22 -6.83739e-07 5.4133e-22 0)
(2.06714e-06 5.19645e-07 6.37349e-22 -7.66741e-07 6.26672e-22 0)
(2.14615e-06 5.54679e-07 1.17052e-21 -8.45386e-07 1.19491e-21 0)
(2.23494e-06 5.79023e-07 2.14552e-22 -9.12989e-07 2.58715e-22 0)
(1.35969e-06 -1.87184e-07 3.1499e-22 -6.9134e-08 -1.4311e-24 0)
(1.44421e-06 -8.87032e-08 3.29775e-22 -1.97942e-07 5.78545e-23 0)
(1.54012e-06 3.81271e-08 -2.04985e-22 -3.12648e-07 8.69134e-24 0)
(1.62248e-06 1.55175e-07 3.1458e-24 -4.13275e-07 2.73847e-24 0)
(1.70648e-06 2.62368e-07 -8.41565e-22 -5.0315e-07 -5.82461e-22 0)
(1.78896e-06 3.5391e-07 -3.564e-22 -5.85515e-07 -3.03151e-22 0)
(1.87045e-06 4.28035e-07 5.2019e-22 -6.62691e-07 5.04464e-22 0)
(1.95584e-06 4.85983e-07 2.64768e-28 -7.36432e-07 2.09532e-28 0)
(2.03172e-06 5.24367e-07 5.23517e-28 -8.06535e-07 3.99752e-28 0)
(2.11642e-06 5.53796e-07 3.04986e-22 -8.6639e-07 7.18749e-23 0)
(1.27323e-06 -2.33555e-07 0 -7.35927e-08 0 0)
(1.35967e-06 -1.31358e-07 5.55821e-23 -2.07402e-07 5.68812e-23 0)
(1.45353e-06 -1.20609e-09 9.06812e-23 -3.21843e-07 8.9029e-23 0)
(1.53063e-06 1.17811e-07 3.00526e-22 -4.17344e-07 1.36139e-22 0)
(1.60848e-06 2.2514e-07 1.5436e-22 -4.99641e-07 1.34074e-22 0)
(1.68488e-06 3.16252e-07 4.96497e-24 -5.73285e-07 4.03961e-24 0)
(1.76132e-06 3.89967e-07 2.09304e-22 -6.41594e-07 1.62881e-22 0)
(1.84206e-06 4.48382e-07 -3.90332e-22 -7.06606e-07 -3.84011e-22 0)
(1.91548e-06 4.8833e-07 -5.09748e-22 -7.68725e-07 -3.64649e-22 0)
(1.99691e-06 5.207e-07 7.16236e-22 -8.21688e-07 6.7408e-22 0)
(1.18775e-06 -2.82432e-07 0 -8.02794e-08 0 0)
(1.27519e-06 -1.73492e-07 0 -2.19025e-07 0 0)
(1.3645e-06 -3.85075e-08 -2.67992e-22 -3.3152e-07 -2.73851e-22 0)
(1.43433e-06 8.26259e-08 0 -4.19909e-07 0 0)
(1.50483e-06 1.89079e-07 -9.2563e-22 -4.93343e-07 -6.59517e-22 0)
(1.57494e-06 2.78152e-07 3.9554e-22 -5.57795e-07 3.07784e-22 0)
(1.64677e-06 3.49634e-07 1.25049e-21 -6.17392e-07 1.119e-21 0)
(1.72369e-06 4.06544e-07 8.65599e-22 -6.74269e-07 9.58564e-22 0)
(1.79567e-06 4.46164e-07 -4.1439e-22 -7.29161e-07 -4.39234e-22 0)
(1.87503e-06 4.79379e-07 -1.53305e-21 -7.7628e-07 -1.56749e-21 0)
(1.10514e-06 -3.33806e-07 -1.74025e-23 -9.07164e-08 -2.44868e-23 0)
(1.19146e-06 -2.1188e-07 6.89029e-22 -2.34418e-07 -1.42628e-22 0)
(1.27175e-06 -7.05093e-08 1.67619e-22 -3.42479e-07 1.83869e-22 0)
(1.33128e-06 5.17607e-08 6.9448e-24 -4.21515e-07 5.51106e-24 0)
(1.39282e-06 1.54987e-07 -5.69709e-22 -4.84597e-07 -3.73507e-22 0)
(1.4564e-06 2.39353e-07 -1.27756e-21 -5.39417e-07 -1.02574e-21 0)
(1.52425e-06 3.06044e-07 1.41526e-21 -5.90523e-07 1.23431e-21 0)
(1.5985e-06 3.59037e-07 2.51067e-22 -6.39946e-07 1.56232e-22 0)
(1.6704e-06 3.96174e-07 8.36965e-22 -6.88458e-07 4.96466e-22 0)
(1.74924e-06 4.28105e-07 3.89544e-22 -7.30809e-07 4.52981e-22 0)
(1.03164e-06 -3.87014e-07 -1.98767e-22 -1.11903e-07 1.39817e-22 0)
(1.11042e-06 -2.43736e-07 -6.43886e-22 -2.56215e-07 1.97724e-22 0)
(1.17229e-06 -9.4899e-08 2.42931e-22 -3.51501e-07 2.90158e-22 0)
(1.21679e-06 2.61949e-08 1.06751e-22 -4.15454e-07 -1.46632e-22 0)
(1.26763e-06 1.22987e-07 5.0347e-22 -4.65552e-07 3.82013e-22 0)
(1.32506e-06 1.99288e-07 -9.61694e-22 -5.10173e-07 -7.55305e-22 0)
(1.39033e-06 2.58274e-07 8.10824e-24 -5.53446e-07 5.96564e-24 0)
(1.46381e-06 3.04766e-07 8.91919e-22 -5.96701e-07 8.52292e-22 0)
(1.5377e-06 3.37205e-07 -2.95138e-22 -6.40422e-07 -1.52635e-22 0)
(1.61822e-06 3.65722e-07 -3.09215e-22 -6.79802e-07 -1.51395e-22 0)
(9.76292e-07 -4.34971e-07 1.26683e-30 -1.48248e-07 -1.87582e-30 0)
(1.03212e-06 -2.54246e-07 4.85298e-23 -2.86539e-07 1.55138e-22 0)
(1.06166e-06 -1.01222e-07 2.81721e-22 -3.60108e-07 -4.66848e-22 0)
(1.0855e-06 1.03018e-08 -1.24351e-22 -4.05387e-07 -1.141e-22 0)
(1.12455e-06 9.31562e-08 -6.71833e-22 -4.41293e-07 -4.89435e-22 0)
(1.17699e-06 1.55616e-07 0 -4.76215e-07 0 0)
(1.24195e-06 2.0265e-07 -5.24881e-22 -5.12858e-07 -2.70142e-22 0)
(1.3173e-06 2.39352e-07 2.79853e-22 -5.51454e-07 3.43631e-22 0)
(1.39593e-06 2.64574e-07 6.00261e-22 -5.91876e-07 7.76955e-22 0)
(1.48086e-06 2.87416e-07 -3.25756e-22 -6.29835e-07 -4.57936e-22 0)
(9.76624e-07 -4.57225e-07 -6.34222e-22 -2.36964e-07 7.32248e-22 0)
(9.50432e-07 -2.37339e-07 3.75764e-22 -3.25064e-07 -2.82132e-22 0)
(9.24025e-07 -8.79367e-08 5.40249e-22 -3.48676e-07 -4.97922e-24 0)
(9.22647e-07 2.26656e-09 -1.97802e-22 -3.64673e-07 5.1586e-23 0)
(9.52962e-07 6.39378e-08 -3.6939e-22 -3.8591e-07 -2.62815e-22 0)
(1.00513e-06 1.07122e-07 -2.37414e-22 -4.13489e-07 -1.12634e-22 0)
(1.07456e-06 1.38602e-07 0 -4.46996e-07 0 0)
(1.15629e-06 1.62798e-07 -3.23192e-22 -4.84611e-07 -1.23354e-22 0)
(1.24363e-06 1.78856e-07 3.51346e-22 -5.25415e-07 1.2616e-22 0)
(1.33658e-06 1.94129e-07 -2.03951e-27 -5.65556e-07 -6.966e-28 0)
(1.08492e-06 -2.63279e-07 7.90394e-23 -3.84629e-07 1.77107e-20 -6.02795e-35)
(8.33779e-07 -1.05815e-07 7.32496e-22 -3.51153e-07 1.75783e-20 5.992e-35)
(7.46106e-07 -3.36575e-08 1.68016e-22 -3.24921e-07 1.82693e-20 -5.88924e-35)
(7.18834e-07 8.04073e-10 5.92837e-22 -3.16828e-07 1.81097e-20 -1.90203e-35)
(7.47977e-07 2.29133e-08 3.54757e-22 -3.29823e-07 1.79387e-20 1.88522e-35)
(8.05945e-07 3.76913e-08 1.90303e-23 -3.54626e-07 1.75002e-20 1.79006e-35)
(8.85714e-07 4.83587e-08 4.63635e-22 -3.88441e-07 1.77494e-20 -2.61877e-38)
(9.79223e-07 5.66175e-08 9.2381e-23 -4.27826e-07 1.75747e-20 1.67995e-35)
(1.08004e-06 6.20162e-08 6.47033e-22 -4.70738e-07 1.79886e-20 6.48318e-38)
(1.1855e-06 6.74699e-08 -3.06357e-22 -5.14744e-07 1.77176e-20 3.06729e-35)
)
;

boundaryField
{
    left
    {
        type            calculated;
        value           nonuniform List<symmTensor> 
30
(
(2.52588e-06 8.12028e-08 9.8184e-22 -2.8251e-08 1.92665e-22 0)
(2.39115e-06 7.21407e-08 3.02859e-23 -3.02889e-08 8.86449e-24 0)
(2.27004e-06 6.02523e-08 -5.49428e-23 -3.36693e-08 -1.94942e-23 0)
(2.15907e-06 4.40939e-08 0 -3.75117e-08 0 0)
(2.05499e-06 2.39448e-08 3.74971e-22 -4.13567e-08 5.09491e-23 0)
(1.95695e-06 3.78403e-10 -7.18645e-22 -4.5126e-08 -8.08405e-23 0)
(1.86284e-06 -2.67579e-08 0 -4.88091e-08 0 0)
(1.77192e-06 -5.69629e-08 3.08689e-22 -5.22989e-08 2.22416e-24 0)
(1.68293e-06 -9.0279e-08 4.06737e-23 -5.5692e-08 3.09048e-23 0)
(1.59517e-06 -1.2642e-07 5.98995e-23 -5.89485e-08 4.88219e-23 0)
(1.50788e-06 -1.6537e-07 -9.86435e-23 -6.21808e-08 -8.54221e-23 0)
(1.42056e-06 -2.07007e-07 -5.82158e-22 -6.54708e-08 4.62676e-23 0)
(1.33289e-06 -2.51384e-07 3.1499e-22 -6.9134e-08 -1.4311e-24 0)
(1.24486e-06 -2.98697e-07 0 -7.35927e-08 0 0)
(1.15732e-06 -3.49341e-07 0 -8.02794e-08 0 0)
(1.07213e-06 -4.04642e-07 -1.74025e-23 -9.07164e-08 -2.44868e-23 0)
(9.96181e-07 -4.65167e-07 -1.98767e-22 -1.11903e-07 1.39817e-22 0)
(9.44277e-07 -5.31642e-07 1.26683e-30 -1.48248e-07 -1.87582e-30 0)
(9.88506e-07 -5.88783e-07 -6.34222e-22 -2.36964e-07 7.32248e-22 0)
(1.28311e-06 -4.9385e-07 2.44644e-23 -3.84629e-07 1.77107e-20 -6.02795e-35)
(9.43648e-06 1.78515e-06 2.53277e-21 -2.80786e-06 -3.90089e-20 -1.72778e-34)
(6.4953e-06 9.47999e-07 -3.72895e-22 -1.26571e-06 -6.4673e-22 0)
(5.23174e-06 4.32878e-07 1.69009e-21 -5.2967e-07 7.19297e-22 0)
(4.47996e-06 1.7435e-07 8.69831e-23 -2.61331e-07 1.22338e-22 0)
(3.97413e-06 9.85997e-08 2.97163e-27 -1.22912e-07 2.7743e-27 0)
(3.58908e-06 6.84558e-08 1.61612e-21 -6.74377e-08 2.91115e-22 0)
(3.29259e-06 6.93329e-08 2.50623e-23 -3.78851e-08 7.47967e-24 0)
(3.0498e-06 7.45587e-08 1.23852e-21 -2.79934e-08 2.3513e-22 0)
(2.84959e-06 7.94701e-08 -1.36948e-23 -2.36075e-08 -1.06101e-24 0)
(2.67382e-06 8.45546e-08 -2.08071e-23 -2.52868e-08 -4.4021e-24 0)
)
;
    }
    right
    {
        type            calculated;
        value           nonuniform List<symmTensor> 
30
(
(2.27604e-06 1.2159e-09 2.80803e-20 -9.74164e-07 1.46497e-20 -2.45183e-35)
(2.27574e-06 1.21639e-09 3.06289e-20 -9.73464e-07 1.05491e-21 3.42771e-35)
(2.27864e-06 1.21359e-09 3.13701e-20 -9.8023e-07 2.24447e-22 2.58772e-38)
(2.28611e-06 1.20728e-09 2.94515e-20 -9.97656e-07 -2.31421e-21 -5.16994e-35)
(2.29727e-06 1.19845e-09 3.53291e-20 -1.02369e-06 2.3677e-21 5.34812e-35)
(2.31138e-06 1.18702e-09 3.71417e-20 -1.05661e-06 8.74835e-22 -4.07704e-37)
(2.32717e-06 1.17305e-09 3.88351e-20 -1.09346e-06 7.2174e-22 -1.76283e-37)
(2.34352e-06 1.1608e-09 4.22833e-20 -1.1316e-06 1.21778e-21 -4.93045e-37)
(2.3593e-06 1.14681e-09 4.1167e-20 -1.16842e-06 -9.99953e-22 -3.90269e-35)
(2.37349e-06 1.13533e-09 4.37429e-20 -1.20153e-06 -1.08709e-22 -1.71991e-37)
(2.38514e-06 1.12544e-09 4.64701e-20 -1.22869e-06 1.18451e-22 2.06785e-37)
(2.39379e-06 1.1185e-09 4.77201e-20 -1.24888e-06 -4.90974e-36 -1.40614e-49)
(2.39965e-06 1.11307e-09 4.79826e-20 -1.26254e-06 -2.71041e-22 -1.07313e-49)
(2.40282e-06 1.1105e-09 4.8454e-20 -1.26995e-06 -2.7263e-22 0)
(2.4028e-06 1.11065e-09 5.01431e-20 -1.26989e-06 5.45236e-22 0)
(2.3998e-06 1.11307e-09 4.86226e-20 -1.2629e-06 3.88897e-35 -7.16368e-50)
(2.39429e-06 1.11794e-09 4.78604e-20 -1.25005e-06 -5.57371e-36 -1.41028e-49)
(2.38626e-06 1.1249e-09 4.72725e-20 -1.23131e-06 2.64335e-22 1.14516e-64)
(2.37617e-06 1.13285e-09 4.48155e-20 -1.20776e-06 -2.59281e-22 -1.00195e-49)
(2.36441e-06 1.14209e-09 4.36976e-20 -1.18034e-06 3.48085e-35 -6.43809e-50)
(2.35151e-06 1.15358e-09 4.18972e-20 -1.15025e-06 -1.70135e-36 0)
(2.33802e-06 1.16443e-09 4.00133e-20 -1.11878e-06 -1.6548e-36 0)
(2.32454e-06 1.17594e-09 3.81307e-20 -1.08732e-06 -8.04135e-37 0)
(2.31167e-06 1.18704e-09 3.63342e-20 -1.0573e-06 -3.21815e-35 -5.35326e-50)
(2.30005e-06 1.19722e-09 3.47128e-20 -1.0302e-06 -1.34232e-36 -1.02288e-49)
(2.29025e-06 1.20471e-09 3.33396e-20 -1.00731e-06 2.97439e-35 -4.91208e-50)
(2.28282e-06 1.21043e-09 3.23076e-20 -9.89986e-07 5.76287e-35 -4.91944e-64)
(2.278e-06 1.21444e-09 3.161e-20 -9.78739e-07 -1.47179e-36 0)
(2.2761e-06 1.21642e-09 3.18883e-20 -9.74308e-07 2.09163e-22 0)
(2.27625e-06 1.21615e-09 3.12996e-20 -9.74652e-07 1.72592e-20 0)
)
;
    }
    down
    {
        type            calculated;
        value           nonuniform List<symmTensor> 
30
(
(-8.28667e-09 2.26414e-09 3.64585e-20 4.65091e-09 3.83752e-20 1.77271e-34)
(1.10389e-08 2.255e-09 -9.36676e-23 -3.63816e-09 3.73065e-20 1.51709e-36)
(1.06567e-07 2.2118e-09 -1.18311e-21 -4.46013e-08 3.3674e-20 1.89418e-35)
(2.57302e-07 2.14215e-09 -2.10984e-24 -1.09239e-07 3.49686e-20 0)
(4.30974e-07 2.06258e-09 -1.60025e-22 -1.83712e-07 3.30772e-20 -1.52324e-36)
(6.12572e-07 1.97881e-09 -1.62147e-21 -2.61583e-07 3.47659e-20 3.18643e-35)
(7.90011e-07 1.89765e-09 3.64068e-22 -3.37672e-07 3.66677e-20 1.52328e-36)
(9.59205e-07 1.81979e-09 -1.07585e-21 -4.10226e-07 3.55121e-20 2.89686e-35)
(1.11443e-06 1.74915e-09 8.69145e-22 -4.76789e-07 3.58493e-20 -1.25723e-35)
(1.25824e-06 1.68295e-09 1.82377e-21 -5.38458e-07 3.53461e-20 -3.79179e-35)
(1.38772e-06 1.62454e-09 1.83831e-21 -5.93981e-07 3.64683e-20 -1.12853e-35)
(1.50056e-06 1.57244e-09 1.72144e-21 -6.42368e-07 3.51734e-20 -2.47947e-35)
(1.60422e-06 1.52441e-09 -1.69288e-22 -6.86816e-07 3.29394e-20 -1.44616e-35)
(1.69742e-06 1.48109e-09 1.66714e-22 -7.26786e-07 3.41345e-20 -6.34554e-37)
(1.78151e-06 1.44263e-09 -8.67653e-22 -7.62842e-07 3.42874e-20 3.76814e-35)
(1.85686e-06 1.40893e-09 5.74814e-22 -7.95153e-07 3.47555e-20 0)
(1.92441e-06 1.37728e-09 5.41829e-22 -8.2412e-07 3.47269e-20 0)
(1.98462e-06 1.3501e-09 1.0613e-21 -8.49939e-07 3.53781e-20 4.89263e-37)
(2.03821e-06 1.32526e-09 9.65208e-22 -8.72919e-07 3.48558e-20 -1.27864e-35)
(2.08557e-06 1.30371e-09 1.60258e-21 -8.9323e-07 3.60211e-20 8.2939e-37)
(2.12719e-06 1.28456e-09 1.89213e-21 -9.11077e-07 3.51889e-20 -3.87117e-35)
(2.16335e-06 1.26853e-09 -1.25843e-22 -9.26584e-07 3.44112e-20 1.29638e-35)
(2.19431e-06 1.25372e-09 1.84438e-21 -9.39861e-07 3.51568e-20 -3.90737e-35)
(2.22024e-06 1.24217e-09 -1.55155e-21 -9.50974e-07 3.24231e-20 -7.84406e-37)
(2.24118e-06 1.23246e-09 3.80511e-22 -9.59958e-07 3.50685e-20 1.33711e-35)
(2.25727e-06 1.225e-09 2.31553e-22 -9.66858e-07 3.45266e-20 -3.16463e-45)
(2.26845e-06 1.21926e-09 -4.36017e-22 -9.71651e-07 3.37776e-20 -1.42755e-37)
(2.27513e-06 1.2162e-09 7.92431e-22 -9.74516e-07 3.52439e-20 1.02419e-37)
(2.27728e-06 1.21559e-09 4.31597e-22 -9.75437e-07 3.35819e-20 -4.03601e-35)
(2.27655e-06 1.21594e-09 1.25993e-20 -9.75123e-07 3.18677e-20 -2.45183e-35)
)
;
    }
    up
    {
        type            calculated;
        value           nonuniform List<symmTensor> 
30
(
(1.08492e-06 1.76273e-09 7.90394e-23 -4.64136e-07 3.58838e-20 -6.02795e-35)
(8.33779e-07 1.87774e-09 7.32496e-22 -3.56442e-07 3.5676e-20 5.992e-35)
(7.46106e-07 1.91788e-09 1.68016e-22 -3.18845e-07 3.6296e-20 -5.88924e-35)
(7.18834e-07 1.93061e-09 5.92837e-22 -3.07151e-07 3.60678e-20 -1.90203e-35)
(7.47977e-07 1.91764e-09 3.54757e-22 -3.19648e-07 3.58259e-20 1.88522e-35)
(8.05945e-07 1.8914e-09 1.90303e-23 -3.44506e-07 3.53194e-20 1.79006e-35)
(8.85714e-07 1.85435e-09 4.63635e-22 -3.78712e-07 3.55051e-20 -2.61877e-38)
(9.79223e-07 1.81167e-09 9.2381e-23 -4.1881e-07 3.52722e-20 1.67995e-35)
(1.08004e-06 1.765e-09 6.47033e-22 -4.62042e-07 3.5634e-20 6.48318e-38)
(1.1855e-06 1.71683e-09 -3.06357e-22 -5.07263e-07 3.53153e-20 3.06729e-35)
(1.2875e-06 1.66991e-09 -6.17186e-22 -5.51003e-07 3.44948e-20 1.51169e-35)
(1.38245e-06 1.62597e-09 -2.96781e-22 -5.91719e-07 3.44917e-20 -2.57729e-50)
(1.47642e-06 1.58227e-09 -3.16954e-22 -6.32015e-07 3.43975e-20 -2.57194e-50)
(1.56668e-06 1.54202e-09 1.49476e-35 -6.7072e-07 3.48497e-20 0)
(1.65333e-06 1.50227e-09 3.54933e-22 -7.07877e-07 3.53414e-20 0)
(1.73505e-06 1.46401e-09 3.72476e-22 -7.42918e-07 3.53017e-20 2.55915e-50)
(1.81178e-06 1.42869e-09 -3.88949e-22 -7.75824e-07 3.41286e-20 -5.11179e-50)
(1.88296e-06 1.39697e-09 -4.0423e-22 -8.06347e-07 3.4085e-20 1.75878e-64)
(1.94856e-06 1.36629e-09 4.18314e-22 -8.34479e-07 3.52046e-20 -7.65222e-50)
(2.00841e-06 1.33794e-09 3.01233e-35 -8.6014e-07 3.46006e-20 -5.09757e-50)
(2.0625e-06 1.31404e-09 0 -8.83335e-07 3.45791e-20 0)
(2.11078e-06 1.29211e-09 -2.61565e-35 -9.04039e-07 3.45624e-20 -5.09194e-50)
(2.15322e-06 1.2719e-09 5.44453e-36 -9.22237e-07 3.45503e-20 -1.01803e-49)
(2.18972e-06 1.25601e-09 3.83451e-36 -9.3789e-07 3.45422e-20 -1.01779e-49)
(2.22012e-06 1.24253e-09 5.45309e-36 -9.50926e-07 3.45383e-20 -1.01768e-49)
(2.24425e-06 1.23043e-09 7.10364e-36 -9.61274e-07 3.45378e-20 -1.01766e-49)
(2.26177e-06 1.22306e-09 -4.85552e-22 -9.68785e-07 3.39889e-20 -5.08867e-50)
(2.27283e-06 1.21817e-09 2.9634e-35 -9.73529e-07 3.45452e-20 0)
(2.27715e-06 1.21573e-09 0 -9.75381e-07 3.45507e-20 0)
(2.27683e-06 1.21577e-09 1.56346e-20 -9.75246e-07 3.45539e-20 0)
)
;
    }
    hole
    {
        type            calculated;
        value           nonuniform List<symmTensor> 
20
(
(1.39132e-06 -2.8855e-06 5.18294e-19 9.29538e-07 5.65249e-19 7.70385e-34)
(2.15787e-06 -3.30142e-06 5.36809e-19 5.63965e-07 6.86362e-19 4.62074e-35)
(3.04815e-06 -3.58903e-06 5.25903e-19 6.55023e-08 7.87067e-19 0)
(4.02371e-06 -3.71178e-06 4.6856e-19 -5.35158e-07 8.40721e-19 -2.54274e-35)
(5.03095e-06 -3.63904e-06 3.6364e-19 -1.19603e-06 7.91104e-19 -4.60537e-34)
(6.02601e-06 -3.36728e-06 2.48213e-19 -1.87142e-06 6.83089e-19 -4.42986e-34)
(6.93631e-06 -2.88892e-06 1.5502e-19 -2.50615e-06 5.29249e-19 -8.3883e-34)
(7.77097e-06 -2.24292e-06 7.59248e-20 -3.075e-06 3.3852e-19 -2.7091e-35)
(8.40675e-06 -1.42759e-06 1.92362e-20 -3.50654e-06 1.2774e-19 1.48954e-34)
(8.97506e-06 -5.02563e-07 -6.0004e-22 -3.83624e-06 -7.89754e-20 -1.72778e-34)
(2.42509e-09 2.38579e-09 7.56565e-20 -1.78199e-09 2.40819e-20 1.77271e-34)
(2.38068e-09 2.63439e-09 7.81336e-20 -1.73102e-09 1.06743e-20 4.98018e-35)
(-2.8865e-08 -1.99149e-08 8.09368e-20 7.71618e-08 1.60615e-20 -2.22083e-36)
(-8.68497e-08 -9.98632e-08 9.49006e-20 2.45151e-07 2.537e-20 -4.24189e-35)
(-1.45833e-07 -2.6393e-07 1.09852e-19 4.7569e-07 4.35544e-20 1.09839e-34)
(-1.72129e-07 -5.2947e-07 1.54277e-19 7.33584e-07 6.92864e-20 -1.62263e-34)
(-1.26267e-07 -8.96465e-07 2.26132e-19 9.71704e-07 1.24382e-19 -1.70207e-34)
(2.8855e-08 -1.35043e-06 3.14744e-19 1.1449e-06 2.04397e-19 -3.39849e-34)
(3.23419e-07 -1.86146e-06 3.96223e-19 1.2127e-06 3.12593e-19 4.6008e-34)
(7.76173e-07 -2.3892e-06 4.66839e-19 1.14605e-06 4.31992e-19 6.70892e-35)
)
;
    }
    frontAndBack
    {
        type            empty;
    }
}


// ************************************************************************* //
