/*--------------------------------*- C++ -*----------------------------------*\
  =========                 |
  \\      /  F ield         | OpenFOAM: The Open Source CFD Toolbox
   \\    /   O peration     | Website:  https://openfoam.org
    \\  /    A nd           | Version:  9
     \\/     M anipulation  |
\*---------------------------------------------------------------------------*/
FoamFile
{
    format      ascii;
    class       volSymmTensorField;
    location    "5";
    object      epsilon;
}
// * * * * * * * * * * * * * * * * * * * * * * * * * * * * * * * * * * * * * //

dimensions      [0 0 0 0 0 0 0];

internalField   nonuniform List<symmTensor> 
1000
(
(2.10065e-06 -2.73495e-06 -2.5386e-21 4.26891e-07 1.82233e-21 7.72383e-37)
(2.90207e-06 -2.10974e-06 -4.34686e-21 -5.1917e-07 2.43452e-21 0)
(3.2954e-06 -1.61589e-06 5.06725e-21 -9.7203e-07 -9.71724e-22 0)
(3.51515e-06 -1.24341e-06 1.3017e-21 -1.28861e-06 -9.29743e-22 0)
(3.62117e-06 -9.43891e-07 -5.50112e-21 -1.46455e-06 4.03623e-22 0)
(3.65674e-06 -7.09662e-07 -5.955e-22 -1.57676e-06 6.52955e-22 0)
(3.65249e-06 -5.19465e-07 -4.99552e-21 -1.63758e-06 -2.68156e-21 0)
(3.61936e-06 -3.68113e-07 3.4286e-21 -1.66853e-06 1.60283e-21 0)
(3.57606e-06 -2.42578e-07 -1.76772e-21 -1.67975e-06 -2.01158e-21 0)
(3.51368e-06 -1.37636e-07 0 -1.68147e-06 0 0)
(2.84476e-06 -3.04144e-06 -4.15598e-21 1.20049e-07 1.53983e-22 2.5847e-37)
(3.46678e-06 -2.17765e-06 0 -7.21967e-07 0 0)
(3.73381e-06 -1.55364e-06 4.05399e-21 -1.09534e-06 1.93179e-21 0)
(3.85684e-06 -1.1054e-06 -6.95607e-21 -1.35898e-06 -3.71031e-21 0)
(3.88759e-06 -7.6371e-07 -2.95645e-21 -1.4926e-06 -1.78299e-21 0)
(3.86363e-06 -5.08067e-07 2.05739e-21 -1.57517e-06 2.09867e-21 0)
(3.81116e-06 -3.08631e-07 2.30404e-21 -1.61252e-06 1.54433e-21 0)
(3.74028e-06 -1.56873e-07 5.41713e-21 -1.62913e-06 3.1622e-21 0)
(3.66061e-06 -3.4164e-08 0 -1.62381e-06 0 0)
(3.57648e-06 6.44845e-08 0 -1.6264e-06 0 0)
(3.67895e-06 -3.23531e-06 0 -2.86606e-07 0 0)
(4.05171e-06 -2.17495e-06 0 -9.51101e-07 0 0)
(4.15449e-06 -1.44591e-06 3.86393e-21 -1.20512e-06 1.99663e-21 0)
(4.15788e-06 -9.38346e-07 -1.16029e-21 -1.39209e-06 4.10346e-22 0)
(4.09975e-06 -5.66846e-07 -5.68111e-23 -1.46925e-06 2.5328e-23 0)
(4.00819e-06 -2.99104e-07 -1.91826e-21 -1.5138e-06 -1.98555e-21 0)
(3.90324e-06 -9.8152e-08 2.61963e-21 -1.52266e-06 1.21147e-21 0)
(3.79164e-06 4.87541e-08 -1.94489e-21 -1.52129e-06 -1.43646e-21 0)
(3.67851e-06 1.6273e-07 -1.5682e-22 -1.50055e-06 2.70764e-22 0)
(3.56949e-06 2.55686e-07 -4.10642e-22 -1.49861e-06 -1.76857e-22 0)
(4.57192e-06 -3.28872e-06 -2.24926e-21 -7.70104e-07 3.21641e-23 -5.92081e-38)
(4.64219e-06 -2.09306e-06 2.21598e-21 -1.19793e-06 -2.2916e-22 0)
(4.55076e-06 -1.29442e-06 -1.76592e-21 -1.29933e-06 -9.96585e-22 0)
(4.41554e-06 -7.50388e-07 -1.11982e-21 -1.38947e-06 2.17307e-22 0)
(4.25746e-06 -3.65378e-07 2.00286e-21 -1.39873e-06 1.93657e-21 0)
(4.09271e-06 -9.69691e-08 -2.4113e-21 -1.39952e-06 -1.59462e-21 0)
(3.93304e-06 9.69529e-08 -2.0832e-21 -1.37801e-06 -1.48254e-21 0)
(3.78133e-06 2.33571e-07 -4.64292e-21 -1.35839e-06 -3.39686e-21 0)
(3.63695e-06 3.3417e-07 -6.65686e-22 -1.32503e-06 -8.12839e-22 0)
(3.50639e-06 4.1625e-07 1.13726e-21 -1.3172e-06 1.00582e-21 0)
(5.4796e-06 -3.17715e-06 -1.15305e-21 -1.29911e-06 -1.94527e-22 -6.96138e-37)
(5.21917e-06 -1.92091e-06 1.1589e-25 -1.45112e-06 5.50478e-27 0)
(4.91281e-06 -1.09696e-06 -5.71733e-21 -1.37409e-06 -2.80126e-21 0)
(4.62541e-06 -5.45684e-07 5.19965e-22 -1.35147e-06 -1.974e-23 0)
(4.35977e-06 -1.68318e-07 -7.28534e-22 -1.28409e-06 7.70959e-23 0)
(4.11894e-06 8.58445e-08 1.73617e-21 -1.23737e-06 1.60391e-21 0)
(3.90497e-06 2.61957e-07 -1.94671e-22 -1.18524e-06 5.75519e-23 0)
(3.71512e-06 3.80907e-07 1.83243e-21 -1.14838e-06 1.22455e-21 0)
(3.54373e-06 4.62792e-07 -3.96518e-22 -1.10607e-06 -8.48324e-22 0)
(3.39465e-06 5.29582e-07 -7.24786e-22 -1.09364e-06 -5.85346e-22 0)
(6.37121e-06 -2.89412e-06 -3.81076e-21 -1.83859e-06 -5.40149e-23 -1.6614e-36)
(5.76874e-06 -1.65116e-06 1.05689e-25 -1.69397e-06 2.22969e-26 0)
(5.23451e-06 -8.50757e-07 -5.71474e-26 -1.42034e-06 -8.84337e-27 0)
(4.78587e-06 -3.28167e-07 4.59517e-22 -1.2756e-06 5.63634e-23 0)
(4.40899e-06 1.5738e-08 -2.474e-21 -1.12806e-06 -1.50422e-21 0)
(4.0928e-06 2.37881e-07 2.82211e-23 -1.0347e-06 -2.54746e-25 0)
(3.82773e-06 3.84414e-07 1.84135e-21 -9.55092e-07 1.24681e-21 0)
(3.60396e-06 4.78197e-07 3.91532e-21 -9.04448e-07 2.86312e-21 0)
(3.41054e-06 5.36988e-07 7.09257e-22 -8.57619e-07 5.20346e-22 0)
(3.24683e-06 5.84958e-07 -1.23843e-21 -8.42696e-07 -9.75115e-22 0)
(7.18754e-06 -2.42196e-06 5.85238e-21 -2.34569e-06 3.29686e-22 5.83537e-36)
(6.25904e-06 -1.26378e-06 1.65803e-21 -1.90096e-06 6.64595e-22 0)
(5.4882e-06 -5.48411e-07 1.75022e-21 -1.41768e-06 7.94894e-22 0)
(4.87834e-06 -1.00147e-07 -3.77736e-22 -1.15113e-06 -1.12657e-22 0)
(4.39637e-06 1.78282e-07 1.78842e-21 -9.30023e-07 1.19642e-21 0)
(4.01394e-06 3.47637e-07 -1.64595e-21 -7.98831e-07 -1.13358e-21 0)
(3.70737e-06 4.52313e-07 4.68624e-22 -7.00548e-07 2.88555e-23 0)
(3.45805e-06 5.14076e-07 -1.46973e-21 -6.4309e-07 -9.62999e-22 0)
(3.25001e-06 5.47084e-07 -1.01755e-22 -5.97842e-07 1.2698e-23 0)
(3.07661e-06 5.74449e-07 -7.44787e-22 -5.83656e-07 -4.85977e-22 0)
(7.95193e-06 -1.75922e-06 8.68428e-21 -2.78323e-06 4.81895e-22 3.42615e-37)
(6.6723e-06 -7.39284e-07 -4.41497e-21 -2.0212e-06 -1.58867e-21 0)
(5.65572e-06 -1.85901e-07 3.42197e-23 -1.32481e-06 1.8788e-23 0)
(4.89757e-06 1.25107e-07 5.52402e-22 -9.58716e-07 2.79956e-22 0)
(4.32781e-06 3.01643e-07 4.08971e-21 -6.88288e-07 2.03347e-21 0)
(3.89726e-06 3.98886e-07 -2.41983e-22 -5.40311e-07 -7.58337e-23 0)
(3.56429e-06 4.5374e-07 6.02477e-27 -4.39767e-07 1.20138e-27 0)
(3.30108e-06 4.8141e-07 -1.43818e-21 -3.86491e-07 -7.5837e-22 0)
(3.08706e-06 4.90534e-07 3.49406e-23 -3.50205e-07 1.53478e-24 0)
(2.9096e-06 4.99239e-07 1.07668e-22 -3.40499e-07 5.29962e-23 0)
(8.54276e-06 -8.22461e-07 4.1116e-21 -3.04065e-06 -3.43319e-23 -1.04312e-36)
(6.87451e-06 -7.46813e-08 -4.86488e-21 -1.92179e-06 -2.04161e-21 0)
(5.62473e-06 1.8892e-07 5.08425e-22 -1.05473e-06 4.33304e-22 0)
(4.77267e-06 2.87658e-07 4.77893e-22 -6.59382e-07 3.77616e-22 0)
(4.17322e-06 3.37101e-07 -1.99937e-22 -4.02332e-07 -1.22069e-22 0)
(3.7363e-06 3.543e-07 1.59304e-21 -2.77946e-07 5.78627e-22 0)
(3.40586e-06 3.62753e-07 8.7146e-23 -2.00886e-07 2.68293e-23 0)
(3.14655e-06 3.62865e-07 2.56956e-21 -1.65659e-07 9.82798e-22 0)
(2.93715e-06 3.56713e-07 5.67296e-22 -1.45098e-07 2.19244e-22 0)
(2.76127e-06 3.53568e-07 3.17851e-22 -1.42469e-07 1.27322e-22 0)
(9.07243e-06 7.35033e-07 2.52003e-21 -2.80573e-06 3.265e-22 -1.84035e-36)
(6.70199e-06 8.21733e-07 -3.73379e-22 -1.26312e-06 -6.45445e-22 0)
(5.38963e-06 5.42394e-07 1.6894e-21 -5.28342e-07 7.16772e-22 0)
(4.57157e-06 3.51969e-07 8.69963e-23 -2.604e-07 1.21916e-22 0)
(4.02138e-06 2.77601e-07 2.97258e-27 -1.22455e-07 2.76522e-27 0)
(3.616e-06 2.36521e-07 1.61568e-21 -6.70291e-08 2.89899e-22 0)
(3.30799e-06 2.21785e-07 2.50958e-23 -3.76595e-08 7.41245e-24 0)
(3.06076e-06 2.13313e-07 1.23814e-21 -2.77596e-08 2.34232e-22 0)
(2.85858e-06 2.06642e-07 -1.37191e-23 -2.34525e-08 -1.0166e-24 0)
(2.68387e-06 2.02091e-07 -2.08107e-23 -2.5156e-08 -4.37431e-24 0)
(-9.80483e-09 6.3045e-09 -1.68556e-21 -1.84461e-09 1.8434e-21 -7.10477e-38)
(9.13025e-09 -2.28664e-08 -9.25597e-23 -2.75034e-09 1.22971e-21 -1.07363e-37)
(1.04242e-07 -7.1793e-08 -1.18143e-21 -4.89472e-08 -6.20365e-22 6.74819e-37)
(2.54663e-07 -1.11012e-07 0 -1.17877e-07 0 0)
(4.282e-07 -1.35288e-07 -1.56416e-22 -1.946e-07 -9.58267e-22 -8.36317e-38)
(6.09737e-07 -1.4909e-07 -1.62057e-21 -2.73535e-07 -1.19644e-22 2.18376e-37)
(7.87208e-07 -1.54548e-07 3.64677e-22 -3.49793e-07 8.32403e-22 -7.26434e-38)
(9.56437e-07 -1.54984e-07 -1.07528e-21 -4.21815e-07 2.63562e-22 -4.37611e-37)
(1.11176e-06 -1.50941e-07 8.70864e-22 -4.88111e-07 4.4319e-22 3.19569e-37)
(1.25568e-06 -1.47741e-07 1.63881e-21 -5.47823e-07 2.04276e-22 4.44876e-37)
(1.74451e-08 -2.44514e-08 -1.741e-21 -8.63212e-09 1.21984e-21 1.92461e-36)
(1.11598e-07 -1.32881e-07 1.30824e-21 -7.05954e-10 1.43569e-21 0)
(2.83959e-07 -2.52739e-07 -1.22436e-21 -7.266e-08 -1.23041e-21 0)
(4.7598e-07 -3.44421e-07 1.23957e-23 -1.69684e-07 -1.01895e-21 0)
(6.68707e-07 -4.01014e-07 0 -2.6656e-07 0 0)
(8.51613e-07 -4.32715e-07 -1.8586e-21 -3.57817e-07 -2.75662e-22 0)
(1.0202e-06 -4.44277e-07 3.12235e-22 -4.39987e-07 1.5996e-21 0)
(1.1751e-06 -4.4356e-07 2.33331e-23 -5.13473e-07 8.60496e-23 0)
(1.3117e-06 -4.3147e-07 -9.99711e-22 -5.78085e-07 -2.90804e-21 0)
(1.43846e-06 -4.21648e-07 7.3408e-22 -6.33029e-07 1.14023e-22 0)
(2.77132e-08 -1.20417e-07 -8.33735e-22 3.45372e-08 -2.03922e-22 -4.51945e-38)
(2.08173e-07 -3.32027e-07 1.33776e-21 1.21478e-08 1.41818e-21 0)
(4.51777e-07 -4.80748e-07 1.40002e-21 -9.98036e-08 2.93013e-22 0)
(6.91309e-07 -5.80421e-07 7.25492e-23 -2.38583e-07 -9.82677e-22 0)
(9.11806e-07 -6.35577e-07 0 -3.66768e-07 0 0)
(1.10589e-06 -6.61528e-07 -2.08001e-21 -4.79196e-07 -5.42767e-22 0)
(1.27452e-06 -6.64871e-07 -2.83719e-21 -5.73717e-07 -7.94325e-22 0)
(1.42272e-06 -6.54329e-07 1.87652e-21 -6.53292e-07 1.1473e-21 0)
(1.5461e-06 -6.31374e-07 1.13692e-23 -7.18278e-07 3.66297e-23 0)
(1.66104e-06 -6.11846e-07 -1.68776e-21 -7.71117e-07 -1.06686e-21 0)
(4.30079e-08 -2.71244e-07 2.17774e-21 1.37765e-07 -7.80423e-22 1.69122e-36)
(3.4058e-07 -5.71082e-07 3.3053e-22 2.55991e-08 -1.19141e-21 0)
(6.50416e-07 -7.27625e-07 1.53854e-21 -1.36432e-07 3.00493e-22 0)
(9.33108e-07 -8.15342e-07 0 -3.16331e-07 0 0)
(1.17802e-06 -8.5189e-07 -2.62347e-21 -4.73265e-07 9.76815e-22 0)
(1.38289e-06 -8.58737e-07 2.97707e-23 -6.05996e-07 2.41735e-21 0)
(1.55243e-06 -8.44273e-07 -1.29499e-22 -7.13258e-07 -1.29846e-21 0)
(1.69555e-06 -8.17234e-07 -3.74179e-22 -8.00185e-07 -2.00409e-21 0)
(1.80741e-06 -7.79737e-07 8.56546e-22 -8.67456e-07 2.77929e-22 0)
(1.91247e-06 -7.478e-07 1.59875e-21 -9.20296e-07 5.99655e-22 0)
(8.31422e-08 -4.84536e-07 -2.94115e-21 2.8151e-07 1.94316e-21 3.75255e-36)
(5.2724e-07 -8.31429e-07 -2.70222e-21 2.28173e-08 1.81067e-21 0)
(9.03541e-07 -9.723e-07 -1.6381e-21 -2.0709e-07 -4.81638e-22 0)
(1.22293e-06 -1.03078e-06 -4.43357e-22 -4.31544e-07 1.77228e-21 0)
(1.48405e-06 -1.03487e-06 -1.74253e-23 -6.14521e-07 1.09308e-22 0)
(1.69294e-06 -1.01207e-06 2.52718e-21 -7.6353e-07 -6.77775e-22 0)
(1.85833e-06 -9.72183e-07 1.10048e-21 -8.79575e-07 2.88777e-22 0)
(1.99264e-06 -9.23205e-07 0 -9.70435e-07 0 0)
(2.09072e-06 -8.68261e-07 -1.17438e-21 -1.03732e-06 -1.54501e-21 0)
(2.18414e-06 -8.21331e-07 4.68645e-22 -1.08811e-06 1.13776e-22 0)
(1.71174e-07 -7.65077e-07 -2.21576e-21 4.43379e-07 -2.85921e-21 -5.93044e-36)
(7.74548e-07 -1.09553e-06 1.10372e-21 3.14353e-09 -2.14811e-21 0)
(1.21374e-06 -1.19249e-06 -1.35226e-21 -3.04136e-07 -1.45895e-21 0)
(1.56061e-06 -1.20675e-06 2.9805e-22 -5.7219e-07 -8.2519e-22 0)
(1.82781e-06 -1.16962e-06 2.86216e-21 -7.75948e-07 9.57263e-22 0)
(2.03185e-06 -1.11189e-06 -2.76204e-21 -9.35422e-07 3.07332e-22 0)
(2.18611e-06 -1.04336e-06 -3.18618e-24 -1.05513e-06 7.32494e-23 0)
(2.30601e-06 -9.70545e-07 -2.15041e-21 -1.14565e-06 -1.48084e-21 0)
(2.38676e-06 -8.9763e-07 4.50934e-24 -1.2094e-06 2.87409e-23 0)
(2.46518e-06 -8.34971e-07 -2.34827e-21 -1.25568e-06 -1.07334e-21 0)
(3.32913e-07 -1.10984e-06 1.04321e-21 5.89029e-07 -1.6751e-21 1.19654e-37)
(1.08464e-06 -1.35279e-06 6.10935e-23 -4.03085e-08 -9.24014e-23 0)
(1.5753e-06 -1.37501e-06 -4.47644e-26 -4.24886e-07 7.62801e-26 0)
(1.93724e-06 -1.3301e-06 -2.92325e-21 -7.32537e-07 -2.04816e-21 0)
(2.19925e-06 -1.24488e-06 -4.97371e-22 -9.50982e-07 1.32679e-21 0)
(2.3887e-06 -1.14942e-06 -2.67929e-21 -1.11482e-06 -1.09e-21 0)
(2.52419e-06 -1.05148e-06 4.81623e-21 -1.23267e-06 2.14652e-21 0)
(2.62335e-06 -9.55257e-07 -6.28996e-25 -1.3183e-06 5.75178e-23 0)
(2.68293e-06 -8.65593e-07 9.48047e-22 -1.37562e-06 -3.80271e-24 0)
(2.74211e-06 -7.87784e-07 -1.28446e-21 -1.41477e-06 -6.1156e-22 0)
(5.92296e-07 -1.50604e-06 5.91137e-21 6.86093e-07 -1.96304e-21 7.06737e-36)
(1.45649e-06 -1.59314e-06 1.57349e-21 -1.10559e-07 -1.8772e-21 0)
(1.97677e-06 -1.51114e-06 -6.07297e-22 -5.59002e-07 8.07826e-22 0)
(2.33709e-06 -1.3938e-06 3.7137e-22 -8.96342e-07 -5.7768e-22 0)
(2.58141e-06 -1.25582e-06 3.31191e-26 -1.12134e-06 -6.48703e-26 0)
(2.74651e-06 -1.12217e-06 3.11007e-21 -1.28299e-06 2.63237e-22 0)
(2.85615e-06 -9.96371e-07 2.33944e-22 -1.39408e-06 -1.01186e-21 0)
(2.92882e-06 -8.79389e-07 -7.84018e-23 -1.47067e-06 8.32617e-22 0)
(2.96448e-06 -7.75901e-07 1.07392e-23 -1.51999e-06 4.15737e-22 0)
(3.00016e-06 -6.84994e-07 9.81509e-22 -1.54926e-06 9.16933e-22 0)
(9.68276e-07 -1.93047e-06 2.63854e-21 7.04231e-07 2.31824e-21 -6.48118e-36)
(1.88743e-06 -1.80658e-06 -5.0975e-22 -2.12545e-07 3.44166e-21 0)
(2.40575e-06 -1.59687e-06 -5.86923e-26 -6.99477e-07 6.14428e-26 0)
(2.74368e-06 -1.39715e-06 4.02385e-21 -1.05113e-06 9.44265e-22 0)
(2.9566e-06 -1.20395e-06 3.07267e-21 -1.27235e-06 1.53357e-21 0)
(3.0876e-06 -1.03354e-06 2.7721e-21 -1.42496e-06 1.38401e-21 0)
(3.16469e-06 -8.82727e-07 -3.03378e-22 -1.524e-06 8.69655e-22 0)
(3.20562e-06 -7.49344e-07 -3.33793e-21 -1.58871e-06 -1.8649e-21 0)
(3.21538e-06 -6.35581e-07 2.04964e-21 -1.62762e-06 4.85761e-22 0)
(3.22484e-06 -5.34171e-07 9.1918e-22 -1.64955e-06 5.46191e-22 0)
(1.47119e-06 -2.3523e-06 -2.4901e-22 6.21798e-07 2.2003e-22 7.06189e-39)
(2.37188e-06 -1.9826e-06 -1.02014e-21 -3.48449e-07 7.52259e-22 0)
(2.849e-06 -1.63149e-06 -1.97561e-21 -8.38732e-07 -9.20793e-22 0)
(3.14035e-06 -1.34455e-06 8.55947e-21 -1.18436e-06 2.00458e-21 0)
(3.30688e-06 -1.09645e-06 5.24223e-23 -1.38954e-06 -5.95241e-23 0)
(3.39401e-06 -8.91948e-07 -2.7261e-21 -1.52532e-06 -1.54752e-21 0)
(3.43225e-06 -7.20013e-07 -2.9213e-21 -1.60775e-06 -4.60359e-22 0)
(3.4369e-06 -5.75072e-07 -1.10061e-21 -1.65593e-06 -6.58196e-22 0)
(3.42177e-06 -4.57377e-07 1.22297e-22 -1.6869e-06 -9.10724e-22 0)
(3.39675e-06 -3.55723e-07 5.50386e-22 -1.6896e-06 1.15149e-21 0)
(1.3852e-06 -1.37082e-07 1.26825e-21 -6.033e-07 7.76378e-22 5.04389e-37)
(1.49816e-06 -1.22352e-07 1.0118e-21 -6.4959e-07 1.47481e-22 2.10816e-37)
(1.60188e-06 -1.09517e-07 -8.02532e-22 -6.92513e-07 -9.48809e-22 -7.91432e-37)
(1.69517e-06 -9.78679e-08 -4.60097e-22 -7.31358e-07 -3.38918e-22 -1.24107e-38)
(1.77934e-06 -8.7075e-08 -1.46673e-21 -7.66313e-07 -2.47942e-22 5.39424e-37)
(1.85477e-06 -7.74028e-08 0 -7.97817e-07 0 0)
(1.92239e-06 -6.8541e-08 0 -8.26019e-07 0 0)
(1.98268e-06 -6.0543e-08 5.42253e-22 -8.5125e-07 3.38208e-22 -9.56775e-39)
(2.03633e-06 -5.32143e-08 4.87727e-22 -8.73713e-07 9.11023e-23 6.73849e-38)
(2.08377e-06 -4.64983e-08 1.14294e-21 -8.93624e-07 6.84709e-22 -3.28657e-38)
(2.12545e-06 -4.02524e-08 1.47854e-21 -9.11149e-07 2.81895e-22 6.3182e-37)
(2.16167e-06 -3.43841e-08 -4.96354e-22 -9.26424e-07 -9.5072e-23 7.13889e-38)
(2.19269e-06 -2.87794e-08 1.50101e-21 -9.39548e-07 2.87893e-22 6.51829e-37)
(2.21866e-06 -2.33541e-08 -1.83422e-21 -9.50592e-07 -1.06705e-21 -4.85187e-38)
(2.23966e-06 -1.80395e-08 1.08709e-22 -9.59587e-07 2.62501e-22 -2.03532e-37)
(2.25579e-06 -1.28275e-08 -1.08171e-29 -9.66569e-07 -6.31062e-30 -1.15843e-54)
(2.267e-06 -7.79249e-09 -6.2693e-22 -9.71516e-07 -3.67257e-22 -3.04196e-39)
(2.2737e-06 -3.22001e-09 6.29548e-22 -9.74499e-07 3.70536e-22 -2.2024e-39)
(2.27586e-06 2.85633e-10 3.13465e-22 -9.75413e-07 -4.56059e-22 -1.06835e-36)
(2.27513e-06 1.12432e-09 -1.47328e-21 -9.7409e-07 -1.30784e-21 -2.85295e-36)
(1.54272e-06 -3.92672e-07 1.79471e-21 -6.82459e-07 2.20667e-21 0)
(1.62648e-06 -3.53524e-07 1.16414e-21 -7.17846e-07 3.18931e-22 0)
(1.70648e-06 -3.18976e-07 8.76515e-23 -7.50388e-07 -5.04081e-22 0)
(1.7783e-06 -2.86751e-07 2.64354e-21 -7.8025e-07 2.38242e-21 0)
(1.84441e-06 -2.56572e-07 -5.08134e-22 -8.06922e-07 -1.20031e-22 0)
(1.90411e-06 -2.29274e-07 -2.15568e-21 -8.3139e-07 -2.18389e-21 0)
(1.95848e-06 -2.04029e-07 1.09943e-21 -8.53365e-07 4.067e-22 0)
(2.00744e-06 -1.81085e-07 0 -8.73332e-07 0 0)
(2.05163e-06 -1.59926e-07 5.23885e-22 -8.913e-07 1.8551e-22 0)
(2.09118e-06 -1.40451e-07 1.0771e-21 -9.07495e-07 4.15023e-22 0)
(2.12647e-06 -1.22298e-07 3.23047e-21 -9.21995e-07 1.66839e-21 0)
(2.15768e-06 -1.0525e-07 1.45797e-23 -9.34914e-07 1.66603e-23 0)
(2.18504e-06 -8.90294e-08 4.19245e-22 -9.46307e-07 -3.25436e-22 0)
(2.20869e-06 -7.34388e-08 6.16657e-22 -9.5621e-07 7.05086e-22 0)
(2.22872e-06 -5.83251e-08 6.32648e-22 -9.64595e-07 7.25247e-22 0)
(2.24526e-06 -4.36809e-08 -6.26735e-22 -9.71375e-07 -7.22125e-22 0)
(2.2582e-06 -2.96808e-08 -6.30304e-22 -9.76322e-07 -7.30337e-22 0)
(2.26768e-06 -1.69315e-08 -1.26584e-21 -9.7903e-07 -1.47535e-21 0)
(2.27298e-06 -6.36073e-09 -9.57811e-24 -9.78569e-07 -1.04795e-23 0)
(2.27431e-06 -7.12268e-10 -1.59662e-22 -9.73415e-07 9.18117e-22 3.54072e-37)
(1.74134e-06 -5.68424e-07 4.91099e-22 -8.11804e-07 6.71831e-22 0)
(1.79413e-06 -5.15044e-07 6.70261e-22 -8.32877e-07 2.39091e-22 0)
(1.84862e-06 -4.67092e-07 -1.55691e-21 -8.50521e-07 -1.96041e-21 0)
(1.89647e-06 -4.22566e-07 -1.39719e-22 -8.67224e-07 3.57796e-22 0)
(1.94228e-06 -3.80188e-07 2.84076e-21 -8.8152e-07 2.36413e-21 0)
(1.98384e-06 -3.41673e-07 -2.25658e-21 -8.95168e-07 -2.15351e-21 0)
(2.02275e-06 -3.05675e-07 -6.00733e-22 -9.07489e-07 -6.95439e-22 0)
(2.05827e-06 -2.7276e-07 1.1482e-21 -9.19105e-07 1.30535e-21 0)
(2.09108e-06 -2.42218e-07 5.13942e-24 -9.29874e-07 -8.47083e-22 0)
(2.12099e-06 -2.14009e-07 -1.21503e-21 -9.39992e-07 -1.36554e-21 0)
(2.14832e-06 -1.87686e-07 1.16431e-21 -9.49457e-07 1.30382e-21 0)
(2.17308e-06 -1.63011e-07 1.79918e-21 -9.58323e-07 2.01586e-21 0)
(2.19542e-06 -1.3965e-07 1.37668e-23 -9.66576e-07 1.5165e-23 0)
(2.21542e-06 -1.17365e-07 -6.16077e-22 -9.74169e-07 -6.94256e-22 0)
(2.23308e-06 -9.5947e-08 6.09892e-22 -9.80957e-07 6.91447e-22 0)
(2.24843e-06 -7.53171e-08 8.99076e-29 -9.86666e-07 1.00077e-28 0)
(2.26113e-06 -5.55239e-08 -6.28397e-22 -9.90749e-07 -7.21426e-22 0)
(2.27104e-06 -3.68789e-08 8.52592e-23 -9.92314e-07 5.20951e-22 0)
(2.27654e-06 -1.99545e-08 -2.06559e-21 -9.89515e-07 -2.66525e-22 0)
(2.2775e-06 -5.49633e-09 5.86528e-25 -9.80235e-07 1.20008e-24 -9.68958e-43)
(1.96918e-06 -6.92204e-07 0 -9.53055e-07 0 0)
(1.98986e-06 -6.31036e-07 7.16595e-22 -9.6095e-07 2.61019e-22 0)
(2.01848e-06 -5.7459e-07 5.60823e-22 -9.64473e-07 6.40838e-22 0)
(2.04129e-06 -5.23068e-07 6.15532e-22 -9.68844e-07 7.12468e-22 0)
(2.06573e-06 -4.73e-07 0 -9.71015e-07 0 0)
(2.08775e-06 -4.27476e-07 8.32462e-23 -9.73875e-07 -3.59445e-22 0)
(2.10984e-06 -3.84412e-07 -1.84231e-21 -9.76323e-07 -1.13093e-21 0)
(2.13045e-06 -3.44841e-07 -1.17576e-21 -9.792e-07 -1.27709e-21 0)
(2.15048e-06 -3.07875e-07 -6.60973e-22 -9.82266e-07 -3.05037e-22 0)
(2.16934e-06 -2.73602e-07 -3.7096e-24 -9.85705e-07 8.16317e-22 0)
(2.18733e-06 -2.41541e-07 -5.81337e-22 -9.89463e-07 1.79072e-22 0)
(2.20427e-06 -2.11474e-07 1.21622e-21 -9.93538e-07 5.21654e-22 0)
(2.22022e-06 -1.83048e-07 1.1545e-21 -9.97851e-07 5.78091e-23 0)
(2.23513e-06 -1.55995e-07 2.82007e-23 -1.00227e-06 4.36501e-22 0)
(2.24887e-06 -1.30053e-07 4.99295e-23 -1.00655e-06 4.62773e-22 0)
(2.26133e-06 -1.05022e-07 -6.21286e-22 -1.01028e-06 -6.98727e-22 0)
(2.27197e-06 -8.07714e-08 -1.32694e-28 -1.01274e-06 -1.49321e-28 0)
(2.28049e-06 -5.71447e-08 1.32506e-21 -1.01286e-06 1.94253e-21 0)
(2.28485e-06 -3.43329e-08 -6.74994e-23 -1.00858e-06 -5.1078e-22 0)
(2.28511e-06 -1.06838e-08 -1.48626e-21 -9.97734e-07 -2.59015e-21 -4.74652e-36)
(2.21628e-06 -7.56254e-07 5.44307e-23 -1.11076e-06 8.94911e-22 0)
(2.20367e-06 -6.94807e-07 -7.78649e-22 -1.10516e-06 -3.40194e-22 0)
(2.20626e-06 -6.34901e-07 -1.95802e-21 -1.0934e-06 -1.59516e-21 0)
(2.20339e-06 -5.8206e-07 1.28912e-21 -1.08493e-06 8.77223e-22 0)
(2.2061e-06 -5.29111e-07 3.3547e-21 -1.07425e-06 2.20281e-21 0)
(2.20783e-06 -4.81146e-07 -6.16247e-22 -1.0655e-06 -6.43907e-22 0)
(2.21238e-06 -4.35096e-07 0 -1.05721e-06 0 0)
(2.21719e-06 -3.92545e-07 6.00151e-22 -1.05039e-06 6.24297e-22 0)
(2.22349e-06 -3.5247e-07 -1.93139e-21 -1.0448e-06 -8.25231e-22 0)
(2.23029e-06 -3.15113e-07 -1.25296e-21 -1.0406e-06 -9.2311e-22 0)
(2.2379e-06 -2.80024e-07 7.0021e-23 -1.03773e-06 -7.12012e-22 0)
(2.24593e-06 -2.47032e-07 -6.31526e-22 -1.03613e-06 -1.067e-21 0)
(2.25436e-06 -2.15801e-07 -6.40098e-23 -1.03568e-06 1.12032e-21 0)
(2.263e-06 -1.8604e-07 1.23444e-21 -1.0362e-06 1.73892e-21 0)
(2.27163e-06 -1.57431e-07 6.0093e-22 -1.03737e-06 2.56214e-22 0)
(2.28002e-06 -1.29617e-07 -2.27514e-23 -1.03872e-06 -4.33494e-22 0)
(2.2875e-06 -1.02274e-07 1.16485e-21 -1.03945e-06 4.79227e-22 0)
(2.29372e-06 -7.47305e-08 5.72921e-22 -1.03853e-06 2.30019e-22 0)
(2.2966e-06 -4.69361e-08 2.35171e-21 -1.03399e-06 1.8569e-21 0)
(2.29635e-06 -1.52399e-08 6.52714e-22 -1.02387e-06 1.96893e-21 -2.05567e-36)
(2.47191e-06 -7.63769e-07 4.58987e-22 -1.26733e-06 6.30586e-22 0)
(2.42569e-06 -7.09963e-07 1.10534e-23 -1.25023e-06 2.42066e-23 0)
(2.40306e-06 -6.51436e-07 -1.41566e-21 -1.22407e-06 -9.80914e-22 0)
(2.37455e-06 -6.02479e-07 -3.39971e-21 -1.20378e-06 -2.54356e-21 0)
(2.35594e-06 -5.50983e-07 1.32813e-21 -1.18119e-06 9.04579e-22 0)
(2.33741e-06 -5.04478e-07 1.2501e-21 -1.16141e-06 1.24056e-21 0)
(2.32437e-06 -4.5902e-07 -6.12477e-22 -1.14291e-06 -6.08711e-22 0)
(2.31317e-06 -4.1666e-07 -9.82877e-23 -1.12663e-06 2.72681e-22 0)
(2.30534e-06 -3.76394e-07 2.68697e-21 -1.11246e-06 1.60012e-21 0)
(2.29958e-06 -3.38559e-07 -1.79612e-21 -1.1005e-06 -1.83162e-21 0)
(2.29615e-06 -3.0281e-07 -6.38897e-22 -1.09072e-06 -6.59669e-22 0)
(2.29453e-06 -2.69018e-07 1.73694e-21 -1.08306e-06 2.57123e-21 0)
(2.29461e-06 -2.36901e-07 -2.53699e-21 -1.07741e-06 -7.56055e-22 0)
(2.29611e-06 -2.06162e-07 -1.80841e-21 -1.07357e-06 -1.93099e-21 0)
(2.29875e-06 -1.76451e-07 4.36262e-24 -1.07124e-06 -3.89813e-22 0)
(2.3022e-06 -1.47277e-07 -2.43666e-21 -1.06999e-06 -1.86374e-21 0)
(2.30583e-06 -1.18165e-07 -1.77386e-23 -1.06909e-06 -1.66696e-23 0)
(2.30925e-06 -8.80021e-08 2.39505e-21 -1.06767e-06 2.28836e-21 0)
(2.31075e-06 -5.66001e-08 3.78382e-23 -1.06416e-06 4.72065e-22 0)
(2.31041e-06 -1.87785e-08 5.56913e-22 -1.05689e-06 4.11933e-22 1.26278e-38)
(2.72363e-06 -7.14832e-07 -4.81045e-22 -1.41453e-06 -6.17006e-22 0)
(2.64528e-06 -6.77228e-07 6.6486e-22 -1.3891e-06 6.067e-22 0)
(2.59985e-06 -6.25115e-07 8.2067e-22 -1.35097e-06 4.28668e-22 0)
(2.54694e-06 -5.84982e-07 -6.4865e-22 -1.32032e-06 -6.07987e-22 0)
(2.50826e-06 -5.39539e-07 -1.53651e-21 -1.28748e-06 -7.67428e-22 0)
(2.47033e-06 -4.98217e-07 7.50085e-22 -1.2574e-06 3.7299e-22 0)
(2.44012e-06 -4.56836e-07 2.12294e-21 -1.22925e-06 1.36551e-21 0)
(2.41322e-06 -4.17545e-07 -3.41555e-21 -1.20376e-06 -2.29238e-21 0)
(2.3913e-06 -3.79681e-07 -2.10676e-21 -1.18111e-06 -1.38722e-21 0)
(2.37292e-06 -3.43632e-07 3.30662e-21 -1.16138e-06 2.23826e-21 0)
(2.35824e-06 -3.09268e-07 -1.34848e-21 -1.14464e-06 -6.44881e-22 0)
(2.34667e-06 -2.76532e-07 1.78693e-21 -1.13082e-06 1.82911e-21 0)
(2.33801e-06 -2.45233e-07 1.92391e-21 -1.11984e-06 1.25304e-21 0)
(2.3319e-06 -2.15093e-07 -1.12311e-21 -1.11152e-06 -1.56216e-21 0)
(2.32805e-06 -1.85756e-07 -7.32608e-22 -1.10564e-06 3.79091e-22 0)
(2.32609e-06 -1.5664e-07 3.47251e-23 -1.10182e-06 3.20156e-23 0)
(2.32552e-06 -1.27165e-07 -2.96905e-21 -1.09956e-06 -2.46961e-21 0)
(2.32591e-06 -9.58968e-08 5.89618e-22 -1.09819e-06 6.61951e-22 0)
(2.3262e-06 -6.25823e-08 1.16874e-21 -1.09671e-06 9.14158e-22 0)
(2.32608e-06 -2.1044e-08 2.81129e-22 -1.09384e-06 2.15388e-22 2.59444e-39)
(2.9583e-06 -6.13081e-07 5.7611e-24 -1.53951e-06 1.96539e-23 0)
(2.85157e-06 -6.00022e-07 -6.87396e-22 -1.5099e-06 -6.04431e-22 0)
(2.78718e-06 -5.59752e-07 1.47483e-22 -1.46481e-06 -1.59954e-22 0)
(2.71257e-06 -5.31809e-07 0 -1.42568e-06 0 0)
(2.65586e-06 -4.9652e-07 0 -1.38575e-06 0 0)
(2.60074e-06 -4.63298e-07 -2.05823e-21 -1.34771e-06 -1.61076e-21 0)
(2.55471e-06 -4.29178e-07 1.83126e-21 -1.312e-06 1.70655e-21 0)
(2.51331e-06 -3.95739e-07 3.86074e-21 -1.27885e-06 3.36485e-21 0)
(2.47796e-06 -3.62882e-07 -2.92038e-21 -1.24876e-06 -2.80279e-21 0)
(2.44738e-06 -3.30927e-07 -2.55808e-21 -1.22188e-06 -2.17695e-21 0)
(2.42158e-06 -2.99985e-07 1.17975e-21 -1.19843e-06 1.17237e-21 0)
(2.40002e-06 -2.70091e-07 -1.15249e-22 -1.17846e-06 2.32081e-22 0)
(2.38244e-06 -2.41185e-07 2.0184e-21 -1.162e-06 9.97578e-22 0)
(2.36849e-06 -2.13061e-07 3.14419e-21 -1.14901e-06 2.17412e-21 0)
(2.35788e-06 -1.85411e-07 4.29203e-23 -1.13937e-06 3.91941e-23 0)
(2.35024e-06 -1.57633e-07 1.43008e-21 -1.13289e-06 -3.89661e-22 0)
(2.34529e-06 -1.29113e-07 0 -1.12932e-06 0 0)
(2.34256e-06 -9.8241e-08 -1.20426e-21 -1.12831e-06 -5.32078e-22 0)
(2.34182e-06 -6.47535e-08 5.79378e-22 -1.12948e-06 2.45324e-22 0)
(2.34222e-06 -2.19745e-08 8.45203e-22 -1.13207e-06 6.71361e-22 2.05661e-38)
(3.16577e-06 -4.68277e-07 -4.51345e-24 -1.63307e-06 -1.71892e-23 0)
(3.03481e-06 -4.84348e-07 8.53099e-22 -1.60233e-06 5.09847e-22 0)
(2.95715e-06 -4.64187e-07 -8.48494e-22 -1.56063e-06 -5.16734e-22 0)
(2.86581e-06 -4.50874e-07 -8.35129e-22 -1.51638e-06 -5.03293e-22 0)
(2.79289e-06 -4.29928e-07 2.29287e-21 -1.47195e-06 1.56376e-21 0)
(2.72313e-06 -4.06821e-07 1.63339e-21 -1.42742e-06 9.75096e-22 0)
(2.66268e-06 -3.81635e-07 -2.16953e-21 -1.38512e-06 -1.45176e-21 0)
(2.60832e-06 -3.55329e-07 2.88097e-22 -1.34535e-06 -3.04573e-22 0)
(2.56073e-06 -3.2862e-07 4.92602e-22 -1.30882e-06 4.56536e-22 0)
(2.51898e-06 -3.01918e-07 -2.67167e-22 -1.27582e-06 3.59174e-22 0)
(2.48286e-06 -2.75564e-07 -2.20252e-21 -1.24659e-06 -1.20778e-21 0)
(2.45189e-06 -2.49709e-07 1.97152e-23 -1.22131e-06 1.90046e-23 0)
(2.4258e-06 -2.24398e-07 -1.00796e-21 -1.20007e-06 -1.37012e-21 0)
(2.40423e-06 -1.995e-07 -3.40422e-23 -1.18295e-06 -3.112e-23 0)
(2.38696e-06 -1.74764e-07 1.28641e-21 -1.16998e-06 6.26565e-22 0)
(2.37367e-06 -1.49616e-07 -2.56656e-23 -1.16119e-06 -2.24186e-23 0)
(2.36434e-06 -1.23453e-07 1.56931e-21 -1.15662e-06 2.10231e-21 0)
(2.35847e-06 -9.46318e-08 -5.92218e-22 -1.15626e-06 -2.65137e-22 0)
(2.35679e-06 -6.28823e-08 -2.77578e-21 -1.16044e-06 -2.74572e-21 0)
(2.3578e-06 -2.14993e-08 -8.30629e-22 -1.16896e-06 -1.49795e-21 -1.51587e-36)
(3.33116e-06 -2.82398e-07 -1.08754e-22 -1.6939e-06 -5.48496e-23 0)
(3.19537e-06 -3.17994e-07 -9.14551e-22 -1.65632e-06 -5.39229e-22 0)
(3.10669e-06 -3.26461e-07 7.42601e-22 -1.6274e-06 5.82941e-22 0)
(3.00875e-06 -3.29937e-07 -1.94394e-21 -1.58712e-06 -1.76932e-21 0)
(2.92275e-06 -3.28311e-07 -1.99982e-21 -1.54507e-06 -1.66194e-21 0)
(2.8416e-06 -3.209e-07 1.18342e-21 -1.50011e-06 1.22125e-21 0)
(2.76819e-06 -3.09402e-07 1.02879e-21 -1.45483e-06 1.22547e-21 0)
(2.7016e-06 -2.94521e-07 1.7927e-21 -1.41063e-06 1.61486e-21 0)
(2.64214e-06 -2.77286e-07 -2.10312e-21 -1.36865e-06 -1.56976e-21 0)
(2.58932e-06 -2.58478e-07 5.19968e-24 -1.32977e-06 4.30335e-23 0)
(2.54294e-06 -2.38723e-07 -2.55787e-23 -1.29459e-06 -1.28312e-22 0)
(2.50258e-06 -2.18466e-07 -1.64497e-21 -1.26354e-06 -1.60685e-21 0)
(2.46796e-06 -1.97977e-07 0 -1.23696e-06 0 0)
(2.43874e-06 -1.7732e-07 -1.4898e-21 -1.21511e-06 -4.84794e-22 0)
(2.41476e-06 -1.56393e-07 -6.98168e-24 -1.19824e-06 -2.9643e-23 0)
(2.39571e-06 -1.34753e-07 -1.92355e-21 -1.18659e-06 -9.36954e-22 0)
(2.38186e-06 -1.11889e-07 5.27074e-22 -1.18057e-06 5.55683e-22 0)
(2.37272e-06 -8.62823e-08 1.21308e-21 -1.18055e-06 5.55483e-22 0)
(2.37002e-06 -5.76914e-08 1.50756e-23 -1.18759e-06 -1.21507e-24 0)
(2.37167e-06 -1.98225e-08 -5.47611e-22 -1.20212e-06 -4.76135e-22 -4.20554e-39)
(3.4122e-06 -1.29276e-07 9.41114e-22 -1.69908e-06 8.27636e-22 0)
(3.28823e-06 -1.48567e-07 -8.7034e-22 -1.66743e-06 -5.47238e-22 0)
(3.19259e-06 -1.83699e-07 -5.04353e-22 -1.64719e-06 -4.18528e-22 0)
(3.09522e-06 -2.0055e-07 8.36275e-22 -1.61446e-06 5.11314e-22 0)
(3.00496e-06 -2.1233e-07 -1.65272e-21 -1.57608e-06 -7.51748e-22 0)
(2.91938e-06 -2.17672e-07 -1.11461e-21 -1.53397e-06 -5.26912e-22 0)
(2.84042e-06 -2.17903e-07 -1.38989e-21 -1.48991e-06 -1.0084e-21 0)
(2.76764e-06 -2.13922e-07 1.67273e-22 -1.44575e-06 -1.16081e-22 0)
(2.70161e-06 -2.06539e-07 2.8093e-21 -1.40283e-06 1.79083e-21 0)
(2.64208e-06 -1.96594e-07 -9.66576e-23 -1.36226e-06 -1.03836e-22 0)
(2.58904e-06 -1.84746e-07 1.50143e-21 -1.32489e-06 8.50621e-22 0)
(2.54222e-06 -1.71545e-07 -7.41102e-23 -1.29138e-06 -8.38791e-23 0)
(2.50149e-06 -1.57371e-07 5.48833e-36 -1.26227e-06 5.56951e-36 0)
(2.4666e-06 -1.42421e-07 -6.60028e-22 -1.23802e-06 -3.29038e-22 0)
(2.43751e-06 -1.26725e-07 6.452e-22 -1.21909e-06 3.14363e-22 0)
(2.414e-06 -1.10017e-07 -2.89897e-23 -1.20598e-06 -4.18172e-23 0)
(2.39662e-06 -9.19355e-08 1.02382e-22 -1.19942e-06 -2.71681e-22 0)
(2.38487e-06 -7.13041e-08 5.85703e-24 -1.2001e-06 1.94005e-23 0)
(2.38127e-06 -4.7949e-08 -5.95662e-24 -1.20972e-06 7.72082e-24 0)
(2.38324e-06 -1.65295e-08 -8.99685e-24 -1.2293e-06 -4.30914e-24 8.01151e-41)
(3.34459e-06 2.07323e-08 8.73832e-22 -1.6373e-06 6.90909e-22 0)
(3.26191e-06 -1.41455e-09 0 -1.64637e-06 0 0)
(3.17551e-06 -4.43956e-08 -6.81711e-22 -1.63098e-06 -6.00436e-22 0)
(3.08921e-06 -7.27196e-08 8.91074e-36 -1.60616e-06 7.21162e-36 0)
(3.00684e-06 -9.49662e-08 2.04205e-36 -1.57335e-06 1.4811e-36 0)
(2.92736e-06 -1.10751e-07 9.6847e-36 -1.53587e-06 7.20044e-36 0)
(2.85272e-06 -1.20964e-07 1.48561e-35 -1.4955e-06 1.19994e-35 0)
(2.78272e-06 -1.26515e-07 -5.97389e-22 -1.45414e-06 -5.59495e-22 0)
(2.71817e-06 -1.28131e-07 0 -1.41321e-06 0 0)
(2.65907e-06 -1.2661e-07 5.70843e-22 -1.37396e-06 5.52788e-22 0)
(2.60564e-06 -1.22589e-07 -8.1764e-37 -1.33733e-06 -1.37128e-36 0)
(2.55785e-06 -1.16629e-07 -5.49115e-22 -1.30414e-06 -5.50561e-22 0)
(2.51574e-06 -1.09142e-07 5.40075e-22 -1.27505e-06 5.50859e-22 0)
(2.47923e-06 -1.00401e-07 7.7553e-36 -1.25068e-06 5.64772e-36 0)
(2.44848e-06 -9.05159e-08 -5.25635e-22 -1.23166e-06 -5.53967e-22 0)
(2.4234e-06 -7.94032e-08 -4.65959e-36 -1.21864e-06 -4.30559e-36 0)
(2.40477e-06 -6.68138e-08 5.16252e-22 -1.21259e-06 5.60515e-22 0)
(2.39218e-06 -5.20157e-08 5.13549e-22 -1.21443e-06 5.65398e-22 0)
(2.38876e-06 -3.49976e-08 -5.54299e-36 -1.22633e-06 -4.83208e-36 0)
(2.39157e-06 -1.20397e-08 -2.771e-36 -1.2495e-06 -4.90667e-36 -1.63464e-65)
(3.28612e-06 1.71059e-07 1.61696e-22 -1.57327e-06 2.79459e-22 0)
(3.21577e-06 1.36459e-07 -5.56752e-22 -1.59482e-06 -3.42372e-22 0)
(3.14702e-06 8.58301e-08 -1.24205e-21 -1.59218e-06 -9.45113e-22 0)
(3.07105e-06 4.82473e-08 0 -1.57736e-06 0 0)
(2.99786e-06 1.71834e-08 6.45736e-23 -1.55321e-06 2.52939e-22 0)
(2.92472e-06 -7.54438e-09 -5.36869e-22 -1.5227e-06 -7.46472e-23 0)
(2.85496e-06 -2.64434e-08 -1.1972e-21 -1.48798e-06 -8.9239e-22 0)
(2.78827e-06 -4.04793e-08 -1.76903e-21 -1.45105e-06 -1.19086e-21 0)
(2.72593e-06 -5.02331e-08 5.85197e-22 -1.41352e-06 5.63785e-22 0)
(2.66804e-06 -5.64567e-08 -1.16989e-21 -1.37675e-06 -5.91117e-22 0)
(2.61511e-06 -5.97337e-08 -5.84178e-22 -1.34188e-06 -2.88072e-22 0)
(2.56723e-06 -6.06194e-08 -1.16641e-21 -1.30986e-06 -5.62395e-22 0)
(2.52462e-06 -5.95457e-08 -1.16427e-21 -1.28151e-06 -5.50226e-22 0)
(2.48735e-06 -5.685e-08 -5.81062e-22 -1.25762e-06 -2.69983e-22 0)
(2.4557e-06 -5.27311e-08 -1.16007e-21 -1.23896e-06 -5.31955e-22 0)
(2.42975e-06 -4.72832e-08 -1.15818e-21 -1.22636e-06 -5.26546e-22 0)
(2.41044e-06 -4.03884e-08 -5.17468e-22 -1.22102e-06 -5.60877e-22 0)
(2.39739e-06 -3.18666e-08 -5.77419e-22 -1.22387e-06 -2.62737e-22 0)
(2.39414e-06 -2.16182e-08 -5.76593e-22 -1.23738e-06 -2.65639e-22 0)
(2.39735e-06 -7.45379e-09 -2.87824e-22 -1.26316e-06 -2.71173e-22 -1.27343e-51)
(3.20244e-06 2.87663e-07 3.18495e-21 -1.50476e-06 2.68544e-21 0)
(3.14826e-06 2.52267e-07 5.042e-22 -1.53898e-06 3.30386e-22 0)
(3.09519e-06 1.99308e-07 -1.84755e-21 -1.54634e-06 -1.54033e-21 0)
(3.03077e-06 1.57338e-07 1.89157e-35 -1.54016e-06 1.577e-35 0)
(2.96783e-06 1.20513e-07 7.3439e-22 -1.52367e-06 8.56118e-22 0)
(2.90264e-06 8.93921e-08 -1.00544e-36 -1.4996e-06 -5.91488e-37 0)
(2.83944e-06 6.36755e-08 5.5287e-22 -1.47043e-06 3.15668e-22 0)
(2.77785e-06 4.26858e-08 -1.19269e-21 -1.43812e-06 -1.15096e-21 0)
(2.71947e-06 2.59888e-08 2.36539e-35 -1.40441e-06 1.97607e-35 0)
(2.66454e-06 1.29685e-08 1.14404e-21 -1.37075e-06 1.13633e-21 0)
(2.61376e-06 3.12102e-09 -5.64194e-22 -1.33835e-06 -2.87314e-22 0)
(2.56736e-06 -4.06456e-09 -6.64234e-36 -1.30826e-06 -5.29027e-36 0)
(2.52572e-06 -9.01289e-09 -2.83281e-35 -1.28142e-06 -2.60739e-35 0)
(2.48902e-06 -1.2115e-08 5.66339e-22 -1.2587e-06 2.70215e-22 0)
(2.45766e-06 -1.36228e-08 -1.68585e-35 -1.24097e-06 -1.43695e-35 0)
(2.43187e-06 -1.3881e-08 -1.04414e-21 -1.22922e-06 -1.12127e-21 0)
(2.41257e-06 -1.27137e-08 7.46021e-36 -1.22459e-06 5.67158e-36 0)
(2.39975e-06 -1.08009e-08 4.63827e-22 -1.22834e-06 8.60071e-22 0)
(2.39701e-06 -7.25288e-09 -5.66049e-22 -1.24339e-06 -2.66928e-22 0)
(2.40047e-06 -2.3761e-09 -2.82769e-22 -1.27053e-06 -2.72755e-22 0)
(3.1019e-06 3.844e-07 8.75486e-22 -1.42933e-06 6.13691e-22 0)
(3.06227e-06 3.4857e-07 1.1155e-21 -1.47214e-06 9.2379e-22 0)
(3.02423e-06 2.95982e-07 9.51947e-22 -1.4881e-06 6.38927e-22 0)
(2.97204e-06 2.52125e-07 1.5361e-36 -1.49044e-06 1.9304e-36 0)
(2.9202e-06 2.1201e-07 1.63502e-21 -1.48185e-06 1.23133e-21 0)
(2.86414e-06 1.76697e-07 -1.00171e-22 -1.46484e-06 -2.76094e-22 0)
(2.80875e-06 1.46077e-07 -7.95441e-23 -1.4419e-06 -2.76608e-22 0)
(2.7536e-06 1.19771e-07 1.06118e-21 -1.41499e-06 6.07534e-22 0)
(2.70056e-06 9.75079e-08 5.7975e-22 -1.3859e-06 5.78248e-22 0)
(2.64997e-06 7.88347e-08 1.10993e-21 -1.35612e-06 8.66018e-22 0)
(2.60269e-06 6.33512e-08 1.08949e-21 -1.32696e-06 5.69739e-22 0)
(2.55908e-06 5.06224e-08 -1.71678e-24 -1.29954e-06 -2.90414e-22 0)
(2.51962e-06 4.0244e-08 5.58954e-22 -1.27486e-06 -1.9839e-23 0)
(2.48464e-06 3.18329e-08 5.5167e-22 -1.25389e-06 2.69183e-22 0)
(2.45451e-06 2.50183e-08 1.6329e-21 -1.23754e-06 1.09507e-21 0)
(2.42983e-06 1.94737e-08 5.53947e-22 -1.22694e-06 2.63397e-22 0)
(2.41077e-06 1.49218e-08 0 -1.22309e-06 0 0)
(2.39954e-06 1.06524e-08 1.62538e-21 -1.22807e-06 1.08698e-21 0)
(2.39346e-06 7.95154e-09 1.6428e-21 -1.24141e-06 9.45145e-22 0)
(2.40129e-06 2.11037e-09 5.55781e-22 -1.27043e-06 5.45467e-22 0)
(2.99152e-06 4.58748e-07 -4.74077e-22 -1.35399e-06 -3.40519e-22 0)
(2.9651e-06 4.25119e-07 -4.18751e-22 -1.40321e-06 -3.01239e-22 0)
(2.94039e-06 3.75635e-07 -6.31237e-22 -1.42608e-06 -6.00256e-22 0)
(2.89995e-06 3.32399e-07 0 -1.43546e-06 0 0)
(2.85896e-06 2.91205e-07 6.13756e-22 -1.4337e-06 5.97104e-22 0)
(2.81239e-06 2.53651e-07 1.08904e-21 -1.42309e-06 8.99696e-22 0)
(2.7654e-06 2.19793e-07 -1.09021e-21 -1.40605e-06 -8.92759e-22 0)
(2.71753e-06 1.89615e-07 -5.83394e-22 -1.38446e-06 -5.87502e-22 0)
(2.67079e-06 1.63016e-07 5.73359e-22 -1.36013e-06 5.8411e-22 0)
(2.62559e-06 1.39742e-07 5.20821e-22 -1.33454e-06 2.86496e-22 0)
(2.58291e-06 1.1951e-07 -9.12888e-38 -1.30902e-06 -1.01615e-36 0)
(2.54321e-06 1.01984e-07 5.30917e-22 -1.28472e-06 2.75802e-22 0)
(2.50705e-06 8.67996e-08 1.8541e-36 -1.2627e-06 1.97008e-36 0)
(2.4748e-06 7.35921e-08 -5.37553e-22 -1.24392e-06 -2.67043e-22 0)
(2.44705e-06 6.19051e-08 1.80973e-36 -1.22937e-06 1.95144e-36 0)
(2.42407e-06 5.14047e-08 5.41666e-22 -1.22009e-06 2.61926e-22 0)
(2.40707e-06 4.12801e-08 -5.16745e-22 -1.2173e-06 -5.60808e-22 0)
(2.3959e-06 3.1342e-08 -1.07387e-37 -1.22259e-06 1.01064e-36 0)
(2.39396e-06 2.0227e-08 -1.87804e-36 -1.23738e-06 -9.15114e-37 0)
(2.39757e-06 6.70707e-09 -1.82486e-36 -1.26338e-06 -2.82051e-36 -5.38252e-66)
(2.87535e-06 5.14311e-07 6.83564e-22 -1.27994e-06 6.27582e-22 0)
(2.86043e-06 4.84119e-07 3.85812e-22 -1.33294e-06 2.86152e-22 0)
(2.84727e-06 4.39134e-07 -6.11247e-22 -1.36087e-06 -5.96132e-22 0)
(2.81786e-06 3.98003e-07 8.56857e-36 -1.37598e-06 7.16365e-36 0)
(2.78724e-06 3.57335e-07 -9.04878e-37 -1.3801e-06 -9.20892e-37 0)
(2.75016e-06 3.19075e-07 4.59502e-22 -1.37535e-06 2.95257e-22 0)
(2.71184e-06 2.83431e-07 4.72752e-22 -1.36391e-06 2.92801e-22 0)
(2.67173e-06 2.50701e-07 -5.73563e-22 -1.34758e-06 -5.91871e-22 0)
(2.63194e-06 2.20954e-07 0 -1.32809e-06 0 0)
(2.5929e-06 1.94124e-07 1.05915e-21 -1.30689e-06 8.66423e-22 0)
(2.55566e-06 1.70057e-07 -7.28028e-36 -1.2853e-06 -5.90367e-36 0)
(2.52071e-06 1.48517e-07 -2.55685e-23 -1.26447e-06 -3.07886e-22 0)
(2.48871e-06 1.29205e-07 5.34271e-22 -1.24545e-06 5.75969e-22 0)
(2.46006e-06 1.11754e-07 5.2451e-22 -1.2292e-06 2.63881e-22 0)
(2.43536e-06 9.57256e-08 -5.22818e-22 -1.21669e-06 -5.68842e-22 0)
(2.41492e-06 8.05648e-08 5.30308e-22 -1.20886e-06 2.59516e-22 0)
(2.39985e-06 6.56617e-08 5.15196e-22 -1.20698e-06 5.60526e-22 0)
(2.38989e-06 4.98795e-08 5.13056e-22 -1.212e-06 5.5539e-22 0)
(2.3883e-06 3.28737e-08 -3.68874e-36 -1.22596e-06 -1.81333e-36 0)
(2.39194e-06 1.1175e-08 -3.61316e-36 -1.25047e-06 -5.57043e-36 -2.13143e-65)
(2.75675e-06 5.52835e-07 3.34919e-22 -1.20946e-06 2.59645e-22 0)
(2.75157e-06 5.27002e-07 3.59009e-22 -1.26424e-06 2.71404e-22 0)
(2.74826e-06 4.87473e-07 3.81717e-22 -1.29559e-06 2.78134e-22 0)
(2.72886e-06 4.49526e-07 0 -1.31496e-06 0 0)
(2.70782e-06 4.10581e-07 4.20954e-22 -1.32381e-06 2.84193e-22 0)
(2.67994e-06 3.72793e-07 0 -1.32403e-06 0 0)
(2.65021e-06 3.36517e-07 4.52386e-22 -1.31759e-06 2.82857e-22 0)
(2.61809e-06 3.02324e-07 0 -1.30614e-06 0 0)
(2.58563e-06 2.70439e-07 0 -1.29131e-06 0 0)
(2.55327e-06 2.40979e-07 0 -1.27448e-06 0 0)
(2.52208e-06 2.13915e-07 4.94942e-22 -1.25691e-06 2.69832e-22 0)
(2.49257e-06 1.89116e-07 0 -1.23971e-06 0 0)
(2.46542e-06 1.66351e-07 0 -1.22389e-06 0 0)
(2.44104e-06 1.45285e-07 5.12946e-22 -1.21037e-06 2.59839e-22 0)
(2.42004e-06 1.2547e-07 0 -1.20004e-06 0 0)
(2.40267e-06 1.06293e-07 0 -1.19378e-06 0 0)
(2.38999e-06 8.70336e-08 0 -1.19262e-06 0 0)
(2.3817e-06 6.6375e-08 5.24894e-22 -1.19759e-06 2.57095e-22 0)
(2.38064e-06 4.39638e-08 5.26706e-22 -1.21019e-06 2.59801e-22 0)
(2.38401e-06 1.50074e-08 2.64298e-22 -1.23166e-06 2.64411e-22 -1.29626e-66)
(2.63761e-06 5.76787e-07 -9.29351e-22 -1.14315e-06 -8.40686e-22 0)
(2.64054e-06 5.55671e-07 0 -1.19784e-06 0 0)
(2.64552e-06 5.21864e-07 -3.61176e-22 -1.23108e-06 -2.64287e-22 0)
(2.63509e-06 4.87634e-07 0 -1.2534e-06 0 0)
(2.62287e-06 4.51143e-07 -4.02095e-22 -1.2659e-06 -2.71761e-22 0)
(2.60375e-06 4.14641e-07 -4.19806e-22 -1.27026e-06 -2.72698e-22 0)
(2.58243e-06 3.78614e-07 0 -1.26822e-06 0 0)
(2.55833e-06 3.43843e-07 0 -1.26125e-06 0 0)
(2.5334e-06 3.1069e-07 0 -1.25085e-06 0 0)
(2.50807e-06 2.7943e-07 -4.73272e-22 -1.23828e-06 -2.65831e-22 0)
(2.48335e-06 2.50149e-07 -4.82701e-22 -1.22472e-06 -2.62921e-22 0)
(2.45978e-06 2.22816e-07 -4.90762e-22 -1.21123e-06 -2.60024e-22 0)
(2.43801e-06 1.97275e-07 0 -1.19872e-06 0 0)
(2.41844e-06 1.73226e-07 0 -1.18806e-06 0 0)
(2.40165e-06 1.50255e-07 0 -1.18003e-06 0 0)
(2.38785e-06 1.27685e-07 -5.11669e-22 -1.17537e-06 -2.52326e-22 0)
(2.37791e-06 1.04805e-07 0 -1.17493e-06 0 0)
(2.37154e-06 8.00555e-08 -5.17247e-22 -1.17945e-06 -2.53203e-22 0)
(2.37106e-06 5.30363e-08 -5.1941e-22 -1.1902e-06 -2.5551e-22 0)
(2.37404e-06 1.80795e-08 -2.60843e-22 -1.20804e-06 -2.5934e-22 -1.15405e-51)
(2.51901e-06 5.88004e-07 -1.7088e-21 -1.08135e-06 -1.70914e-21 0)
(2.52866e-06 5.7157e-07 -3.22287e-22 -1.13455e-06 -2.43563e-22 0)
(2.54064e-06 5.43374e-07 3.73335e-37 -1.16842e-06 1.19769e-36 0)
(2.53825e-06 5.1305e-07 2.28085e-37 -1.19251e-06 1.21152e-36 0)
(2.53411e-06 4.79412e-07 5.44018e-22 -1.20766e-06 5.9362e-22 0)
(2.52329e-06 4.44725e-07 -9.47919e-22 -1.21537e-06 -8.58082e-22 0)
(2.51012e-06 4.09583e-07 -9.61817e-22 -1.21708e-06 -8.60086e-22 0)
(2.49398e-06 3.74923e-07 0 -1.21412e-06 0 0)
(2.47666e-06 3.4122e-07 5.31685e-22 -1.20781e-06 5.97778e-22 0)
(2.45855e-06 3.08878e-07 6.48029e-23 -1.19931e-06 3.38149e-22 0)
(2.44061e-06 2.78084e-07 1.46062e-36 -1.18967e-06 -2.75814e-37 0)
(2.42332e-06 2.48899e-07 -1.00221e-21 -1.17985e-06 -8.4213e-22 0)
(2.40731e-06 2.21237e-07 -5.16797e-22 -1.1707e-06 -5.8442e-22 0)
(2.39296e-06 1.9485e-07 -4.95679e-22 -1.16294e-06 -2.49658e-22 0)
(2.38076e-06 1.69358e-07 5.11097e-22 -1.15726e-06 5.73551e-22 0)
(2.3709e-06 1.44085e-07 -5.05051e-22 -1.15425e-06 -2.47792e-22 0)
(2.36401e-06 1.1831e-07 3.49298e-36 -1.15448e-06 1.7026e-36 0)
(2.35982e-06 9.03672e-08 5.06601e-22 -1.15849e-06 5.50114e-22 0)
(2.35996e-06 5.98442e-08 0 -1.16701e-06 0 0)
(2.36245e-06 2.03839e-08 -1.76037e-36 -1.18054e-06 -2.67662e-36 -5.19229e-66)
(2.40127e-06 5.88092e-07 5.15499e-22 -1.02367e-06 5.39827e-22 0)
(2.41658e-06 5.75968e-07 1.31926e-36 -1.07427e-06 6.95842e-37 0)
(2.43457e-06 5.52929e-07 -5.22649e-22 -1.10776e-06 -5.728e-22 0)
(2.43948e-06 5.26395e-07 0 -1.13269e-06 0 0)
(2.44283e-06 4.95723e-07 5.24422e-22 -1.14971e-06 5.90888e-22 0)
(2.43993e-06 4.63141e-07 5.238e-22 -1.16007e-06 5.95814e-22 0)
(2.43467e-06 4.29319e-07 -5.22671e-22 -1.16499e-06 -5.9855e-22 0)
(2.4264e-06 3.95303e-07 -5.20894e-22 -1.16562e-06 -5.995e-22 0)
(2.41671e-06 3.61649e-07 5.18815e-22 -1.1631e-06 5.98944e-22 0)
(2.40594e-06 3.2886e-07 -1.15431e-35 -1.15844e-06 -9.51968e-36 0)
(2.39494e-06 2.97201e-07 -6.59422e-36 -1.15258e-06 -4.60447e-36 0)
(2.38417e-06 2.66813e-07 1.98081e-37 -1.14636e-06 2.31008e-36 0)
(2.37418e-06 2.37673e-07 8.53291e-36 -1.14053e-06 7.66993e-36 0)
(2.36532e-06 2.09591e-07 1.0312e-35 -1.13569e-06 8.51321e-36 0)
(2.35799e-06 1.8224e-07 3.40753e-36 -1.13239e-06 1.67003e-36 0)
(2.35233e-06 1.54974e-07 -1.71932e-36 -1.13104e-06 -8.34014e-37 0)
(2.34874e-06 1.27107e-07 -5.04222e-22 -1.13196e-06 -5.58801e-22 0)
(2.3469e-06 9.69469e-08 -3.49529e-36 -1.13536e-06 -1.67933e-36 0)
(2.34775e-06 6.40768e-08 -6.9758e-36 -1.14146e-06 -5.38045e-36 0)
(2.34973e-06 2.1792e-08 -1.76618e-36 -1.15038e-06 -1.70154e-36 0)
(2.28417e-06 5.78069e-07 -1.53738e-21 -9.69609e-07 -1.62882e-21 0)
(2.30448e-06 5.69655e-07 -2.75418e-36 -1.01687e-06 -2.64394e-36 0)
(2.32786e-06 5.51118e-07 -5.51547e-37 -1.04929e-06 3.99707e-37 0)
(2.33958e-06 5.28068e-07 9.22803e-37 -1.07438e-06 1.06353e-36 0)
(2.35004e-06 5.00288e-07 5.04501e-22 -1.09264e-06 5.87743e-22 0)
(2.35479e-06 4.69937e-07 -5.05522e-22 -1.10511e-06 -5.93889e-22 0)
(2.35728e-06 4.37734e-07 -5.06057e-22 -1.11279e-06 -5.97613e-22 0)
(2.35681e-06 4.04784e-07 0 -1.11664e-06 0 0)
(2.35476e-06 3.71695e-07 5.05515e-22 -1.1176e-06 5.99321e-22 0)
(2.35139e-06 3.39034e-07 5.04791e-22 -1.11655e-06 5.97872e-22 0)
(2.34744e-06 3.07125e-07 -3.13904e-36 -1.1143e-06 -1.62071e-36 0)
(2.34331e-06 2.76165e-07 -5.03056e-22 -1.11157e-06 -5.91429e-22 0)
(2.33948e-06 2.46189e-07 -5.02235e-22 -1.10897e-06 -5.86711e-22 0)
(2.33627e-06 2.17065e-07 1.76472e-36 -1.10702e-06 3.17317e-36 0)
(2.33397e-06 1.88526e-07 5.01053e-22 -1.10609e-06 5.7455e-22 0)
(2.33268e-06 1.59999e-07 1.72515e-36 -1.10642e-06 1.95332e-36 0)
(2.33255e-06 1.30862e-07 0 -1.10807e-06 0 0)
(2.33323e-06 9.95057e-08 5.00893e-22 -1.11093e-06 5.48073e-22 0)
(2.3349e-06 6.55449e-08 -6.94406e-36 -1.11463e-06 -5.33233e-36 0)
(2.33641e-06 2.22399e-08 -1.76002e-36 -1.11884e-06 -1.65489e-36 0)
(2.16716e-06 5.58552e-07 -2.88408e-23 -9.18033e-07 -1.47683e-23 0)
(2.19222e-06 5.53084e-07 -3.05556e-22 -9.61588e-07 -2.06432e-22 0)
(2.22073e-06 5.38258e-07 -4.76742e-22 -9.92571e-07 -5.60455e-22 0)
(2.23909e-06 5.18261e-07 0 -1.01744e-06 0 0)
(2.25651e-06 4.93177e-07 4.84423e-22 -1.03661e-06 5.8429e-22 0)
(2.26884e-06 4.65088e-07 8.78872e-22 -1.05087e-06 8.17087e-22 0)
(2.27904e-06 4.34718e-07 -8.98688e-22 -1.06101e-06 -8.23852e-22 0)
(2.28637e-06 4.03196e-07 -1.34154e-21 -1.06782e-06 -1.05694e-21 0)
(2.29199e-06 3.71146e-07 4.92039e-22 -1.07205e-06 5.98962e-22 0)
(2.29606e-06 3.39168e-07 4.52225e-22 -1.07443e-06 2.30657e-22 0)
(2.29921e-06 3.07617e-07 -5.12438e-38 -1.07563e-06 -1.22895e-36 0)
(2.30178e-06 2.76726e-07 4.72834e-22 -1.07625e-06 2.31047e-22 0)
(2.30417e-06 2.46571e-07 -9.62018e-22 -1.07678e-06 -4.62324e-22 0)
(2.30664e-06 2.17076e-07 -4.87911e-22 -1.07764e-06 -2.31345e-22 0)
(2.30942e-06 1.88041e-07 -9.87319e-22 -1.07905e-06 -4.63296e-22 0)
(2.31255e-06 1.58993e-07 4.98399e-22 -1.0811e-06 2.32087e-22 0)
(2.31596e-06 1.29419e-07 -4.97186e-22 -1.08357e-06 -5.57833e-22 0)
(2.31926e-06 9.78972e-08 -1.74139e-36 -1.08605e-06 -8.03198e-37 0)
(2.32191e-06 6.41107e-08 -5.17509e-36 -1.08756e-06 -4.48474e-36 0)
(2.32309e-06 2.16673e-08 -8.80159e-37 -1.08733e-06 -8.04139e-37 0)
(2.04942e-06 5.29442e-07 4.64713e-22 -8.68416e-07 5.22469e-22 0)
(2.07943e-06 5.26083e-07 3.09892e-22 -9.08196e-07 1.9497e-22 0)
(2.11323e-06 5.14142e-07 -4.53664e-22 -9.37656e-07 -5.54557e-22 0)
(2.1384e-06 4.96734e-07 -1.26951e-37 -9.62192e-07 1.45792e-36 0)
(2.16292e-06 4.74125e-07 -3.05314e-36 -9.82116e-07 -1.15477e-36 0)
(2.18297e-06 4.48309e-07 3.96166e-22 -9.98006e-07 2.1425e-22 0)
(2.20099e-06 4.1998e-07 1.35866e-21 -1.01045e-06 1.40487e-21 0)
(2.21622e-06 3.90251e-07 -4.75773e-22 -1.02005e-06 -5.96956e-22 0)
(2.22958e-06 3.59733e-07 -9.57286e-22 -1.02738e-06 -1.1958e-21 0)
(2.24115e-06 3.29024e-07 9.36961e-22 -1.03302e-06 8.18869e-22 0)
(2.25144e-06 2.98479e-07 -4.81292e-36 -1.0375e-06 -2.28985e-36 0)
(2.26069e-06 2.68347e-07 9.61287e-22 -1.0413e-06 8.14728e-22 0)
(2.26925e-06 2.38725e-07 4.87158e-22 -1.04482e-06 5.86413e-22 0)
(2.27734e-06 2.09581e-07 4.90613e-22 -1.04835e-06 2.25059e-22 0)
(2.28512e-06 1.8078e-07 -4.90565e-22 -1.05203e-06 -5.73807e-22 0)
(2.29259e-06 1.51976e-07 -4.8355e-22 -1.05579e-06 -9.05423e-22 0)
(2.29953e-06 1.22793e-07 4.93658e-22 -1.05921e-06 5.57267e-22 0)
(2.30549e-06 9.21124e-08 4.94938e-22 -1.06159e-06 5.47215e-22 0)
(2.3093e-06 5.97364e-08 3.46081e-36 -1.06136e-06 2.62584e-36 0)
(2.31035e-06 2.00493e-08 3.16158e-38 -1.05726e-06 -1.00933e-36 9.32509e-68)
(1.93005e-06 4.90341e-07 -2.43683e-36 -8.1872e-07 -2.3393e-36 0)
(1.96571e-06 4.88236e-07 3.19399e-22 -8.5515e-07 1.83582e-22 0)
(2.00539e-06 4.78374e-07 3.51029e-36 -8.83463e-07 1.93834e-36 0)
(2.0379e-06 4.6312e-07 0 -9.07965e-07 0 0)
(2.06997e-06 4.428e-07 -3.94987e-36 -9.28873e-07 -2.03796e-36 0)
(2.0981e-06 4.19309e-07 -4.05373e-22 -9.46547e-07 -2.03203e-22 0)
(2.12424e-06 3.93272e-07 4.22491e-22 -9.6139e-07 2.06389e-22 0)
(2.14759e-06 3.65752e-07 8.75591e-22 -9.7381e-07 4.18111e-22 0)
(2.16885e-06 3.37309e-07 0 -9.84235e-07 0 0)
(2.18801e-06 3.08512e-07 -4.63214e-22 -9.93084e-07 -2.13193e-22 0)
(2.20543e-06 2.79689e-07 -6.50503e-36 -1.00076e-06 -8.15532e-36 0)
(2.22132e-06 2.51075e-07 -4.82277e-22 -1.00763e-06 -2.16315e-22 0)
(2.23594e-06 2.22768e-07 9.79432e-22 -1.01399e-06 4.35361e-22 0)
(2.24947e-06 1.94763e-07 4.95944e-22 -1.02005e-06 2.18983e-22 0)
(2.26203e-06 1.66982e-07 1.00221e-21 -1.02588e-06 4.40469e-22 0)
(2.27362e-06 1.39209e-07 -5.05353e-22 -1.03132e-06 -2.21401e-22 0)
(2.28392e-06 1.11234e-07 0 -1.0358e-06 0 0)
(2.29246e-06 8.23398e-08 5.22966e-36 -1.03842e-06 2.27831e-36 0)
(2.29762e-06 5.25158e-08 1.20314e-35 -1.03712e-06 9.64907e-36 0)
(2.29881e-06 1.74013e-08 9.4375e-37 -1.03012e-06 -1.33879e-36 5.56726e-66)
(1.8081e-06 4.39638e-07 -3.88159e-22 -7.69693e-07 -4.97686e-22 0)
(1.85068e-06 4.38052e-07 1.36868e-36 -8.03399e-07 1.80039e-36 0)
(1.89727e-06 4.29608e-07 2.01674e-36 -8.31107e-07 2.72418e-36 0)
(1.93805e-06 4.16223e-07 -5.14772e-37 -8.56013e-07 1.56525e-36 0)
(1.97841e-06 3.98157e-07 4.24722e-22 -8.78221e-07 5.72284e-22 0)
(2.01524e-06 3.77192e-07 -4.32627e-22 -8.97893e-07 -5.81669e-22 0)
(2.04996e-06 3.53842e-07 -4.40082e-22 -9.15249e-07 -5.88122e-22 0)
(2.08178e-06 3.29083e-07 0 -9.30531e-07 0 0)
(2.11118e-06 3.03398e-07 4.53224e-22 -9.44012e-07 5.93762e-22 0)
(2.13805e-06 2.77294e-07 4.58992e-22 -9.55971e-07 5.93555e-22 0)
(2.16264e-06 2.51047e-07 -4.78412e-36 -9.66688e-07 -6.09694e-36 0)
(2.18509e-06 2.24857e-07 -4.6909e-22 -9.76426e-07 -5.88343e-22 0)
(2.20559e-06 1.98798e-07 -4.73491e-22 -9.85405e-07 -5.83745e-22 0)
(2.22429e-06 1.72869e-07 0 -9.93775e-07 0 0)
(2.24129e-06 1.47024e-07 4.81157e-22 -1.00155e-06 5.71389e-22 0)
(2.25661e-06 1.21164e-07 0 -1.00854e-06 0 0)
(2.26993e-06 9.52463e-08 -7.0737e-36 -1.01415e-06 -2.99127e-36 0)
(2.2808e-06 6.90112e-08 4.89637e-22 -1.01734e-06 5.46933e-22 0)
(2.2874e-06 4.27263e-08 6.89227e-36 -1.01578e-06 5.17145e-36 0)
(2.28901e-06 1.38031e-08 2.71748e-36 -1.00721e-06 1.14398e-36 8.01534e-66)
(1.6829e-06 3.76181e-07 3.29557e-22 -7.16955e-07 1.53915e-22 0)
(1.73424e-06 3.74522e-07 0 -7.49427e-07 0 0)
(1.78923e-06 3.67034e-07 1.9687e-36 -7.77855e-07 1.4985e-36 0)
(1.83961e-06 3.55418e-07 0 -8.04315e-07 0 0)
(1.88933e-06 3.39753e-07 -6.96583e-37 -8.28764e-07 -9.74828e-37 0)
(1.93569e-06 3.21673e-07 1.68586e-36 -8.51196e-07 -2.07843e-36 0)
(1.97965e-06 3.01546e-07 0 -8.71655e-07 0 0)
(2.02042e-06 2.80225e-07 0 -8.90244e-07 0 0)
(2.05827e-06 2.58092e-07 0 -9.0709e-07 0 0)
(2.09303e-06 2.35564e-07 -3.23025e-36 -9.22352e-07 -2.71147e-36 0)
(2.12484e-06 2.1285e-07 1.48046e-37 -9.36197e-07 -1.33138e-36 0)
(2.15376e-06 1.90091e-07 1.73778e-36 -9.48795e-07 7.01688e-37 0)
(2.17994e-06 1.6732e-07 0 -9.60292e-07 0 0)
(2.20348e-06 1.44515e-07 0 -9.7079e-07 0 0)
(2.22447e-06 1.21636e-07 0 -9.80289e-07 0 0)
(2.24295e-06 9.8661e-08 1.79158e-36 -9.88623e-07 7.31143e-37 0)
(2.25868e-06 7.56935e-08 0 -9.95278e-07 0 0)
(2.27133e-06 5.29215e-08 1.01794e-35 -9.99276e-07 1.01283e-35 0)
(2.27925e-06 3.09745e-08 -1.81051e-36 -9.98335e-07 -7.38326e-37 0)
(2.2815e-06 9.45804e-09 2.72276e-36 -9.89878e-07 2.19621e-36 8.29984e-80)
(1.55396e-06 2.95492e-07 -6.80722e-22 -6.66489e-07 -9.51589e-22 0)
(1.61652e-06 2.936e-07 -3.69388e-23 -6.98941e-07 3.59982e-22 0)
(1.68191e-06 2.87041e-07 -8.31146e-37 -7.2904e-07 3.58248e-37 0)
(1.74354e-06 2.77511e-07 -7.87793e-37 -7.5778e-07 4.4939e-37 0)
(1.80395e-06 2.64818e-07 3.87269e-22 -7.84976e-07 5.6222e-22 0)
(1.8609e-06 2.50366e-07 -8.6446e-22 -8.10481e-07 -7.46454e-22 0)
(1.91488e-06 2.3436e-07 -8.90199e-22 -8.342e-07 -7.58824e-22 0)
(1.96517e-06 2.17484e-07 0 -8.56116e-07 0 0)
(2.01185e-06 2.00003e-07 4.319e-22 -8.76244e-07 5.8687e-22 0)
(2.05471e-06 1.82227e-07 -6.79643e-23 -8.94641e-07 3.95246e-22 0)
(2.09382e-06 1.64287e-07 -1.72596e-37 -9.11382e-07 1.36126e-36 0)
(2.12916e-06 1.46261e-07 -9.77457e-22 -9.26556e-07 -7.82082e-22 0)
(2.16082e-06 1.28132e-07 -4.6388e-22 -9.40244e-07 -5.79023e-22 0)
(2.18885e-06 1.09843e-07 -5.2659e-22 -9.52511e-07 -2.04483e-22 0)
(2.21332e-06 9.13297e-08 4.75152e-22 -9.6336e-07 5.67561e-22 0)
(2.23429e-06 7.25806e-08 -5.29528e-22 -9.72686e-07 -2.08814e-22 0)
(2.25163e-06 5.37666e-08 2.03379e-36 -9.8014e-07 -3.97593e-37 0)
(2.26517e-06 3.53528e-08 4.86283e-22 -9.84968e-07 5.46277e-22 0)
(2.2738e-06 1.8367e-08 -7.39003e-36 -9.85316e-07 -2.93908e-36 0)
(2.27657e-06 4.77223e-09 -1.86548e-36 -9.7864e-07 -1.47165e-36 0)
(1.42161e-06 1.98731e-07 -8.69818e-23 -6.05374e-07 3.47535e-22 0)
(1.49857e-06 1.96718e-07 -4.18925e-22 -6.41131e-07 -1.37637e-22 0)
(1.57684e-06 1.91455e-07 1.04222e-22 -6.75729e-07 -3.79873e-22 0)
(1.65176e-06 1.84552e-07 0 -7.09208e-07 0 0)
(1.72444e-06 1.75571e-07 8.51114e-22 -7.41189e-07 7.15414e-22 0)
(1.79317e-06 1.65577e-07 3.84955e-22 -7.71456e-07 5.66889e-22 0)
(1.85807e-06 1.54618e-07 -9.07042e-22 -7.99816e-07 -7.46244e-22 0)
(1.9185e-06 1.4317e-07 -4.11859e-22 -8.26173e-07 -5.79633e-22 0)
(1.97443e-06 1.31375e-07 4.23866e-22 -8.50473e-07 5.82445e-22 0)
(2.02565e-06 1.19426e-07 -2.94623e-36 -8.72701e-07 -3.95167e-36 0)
(2.07217e-06 1.07381e-07 5.36225e-22 -8.92867e-07 1.91679e-22 0)
(2.11394e-06 9.52582e-08 1.56338e-36 -9.10992e-07 1.9976e-36 0)
(2.15097e-06 8.30039e-08 -2.12181e-36 -9.271e-07 6.17262e-37 0)
(2.18326e-06 7.0528e-08 -5.40858e-22 -9.41201e-07 -2.02055e-22 0)
(2.21078e-06 5.7737e-08 -2.07814e-36 -9.53273e-07 5.41572e-37 0)
(2.23352e-06 4.45828e-08 1.44994e-36 -9.63254e-07 3.13991e-36 0)
(2.25137e-06 3.12265e-08 -4.8332e-22 -9.70958e-07 -5.52061e-22 0)
(2.26439e-06 1.81913e-08 5.37787e-22 -9.76059e-07 2.09538e-22 0)
(2.27209e-06 6.75994e-09 5.37307e-22 -9.77682e-07 2.09887e-22 0)
(2.27455e-06 6.11352e-10 2.68685e-22 -9.74225e-07 2.09145e-22 0)
(1.28659e-06 6.79232e-08 -7.08313e-22 -5.58439e-07 -2.85946e-22 2.4678e-37)
(1.38153e-06 6.69906e-08 -2.96584e-22 -5.98355e-07 -2.47571e-22 -3.65111e-52)
(1.47546e-06 6.48424e-08 -3.16749e-22 -6.3767e-07 -2.5841e-22 -3.81097e-52)
(1.5657e-06 6.23283e-08 0 -6.75626e-07 0 0)
(1.65231e-06 5.91191e-08 3.54715e-22 -7.11982e-07 2.74428e-22 0)
(1.73401e-06 5.5622e-08 3.72254e-22 -7.4635e-07 2.79938e-22 -4.12845e-52)
(1.81071e-06 5.18223e-08 -3.88719e-22 -7.78595e-07 -2.83996e-22 -8.3766e-52)
(1.88187e-06 4.78889e-08 -4.03996e-22 -8.0854e-07 -2.86785e-22 2.91357e-66)
(1.94744e-06 4.3859e-08 4.18074e-22 -8.36137e-07 2.88441e-22 1.27615e-51)
(2.00726e-06 3.97958e-08 4.42872e-37 -8.61328e-07 -6.78381e-37 -2.00092e-66)
(2.06133e-06 3.57092e-08 0 -8.84105e-07 0 0)
(2.10958e-06 3.15969e-08 3.49142e-36 -9.04454e-07 1.32531e-36 3.90905e-66)
(2.15199e-06 2.74269e-08 5.44379e-36 -9.22361e-07 1.66632e-36 9.82978e-66)
(2.18847e-06 2.31523e-08 3.83461e-36 -9.37794e-07 6.91517e-37 4.07932e-66)
(2.21884e-06 1.87206e-08 5.45219e-36 -9.50689e-07 1.67048e-36 9.85433e-66)
(2.24294e-06 1.4093e-08 7.10169e-36 -9.60986e-07 2.6271e-36 1.54975e-65)
(2.26042e-06 9.31226e-09 -4.85262e-22 -9.68552e-07 -2.75353e-22 -8.12167e-52)
(2.27145e-06 4.57226e-09 0 -9.73404e-07 0 0)
(2.27574e-06 5.35373e-10 0 -9.75393e-07 0 0)
(2.27541e-06 -8.75273e-10 0 -9.74576e-07 0 0)
(2.53762e-06 1.88013e-07 9.81494e-22 -2.81318e-08 1.9205e-22 0)
(2.61272e-06 3.3346e-07 -1.31131e-22 -1.39778e-07 -4.28591e-23 0)
(2.75229e-06 4.8248e-07 -9.05367e-22 -3.21699e-07 -5.03927e-22 0)
(2.91249e-06 5.72202e-07 1.11194e-22 -5.4719e-07 7.65379e-23 0)
(3.08085e-06 6.04516e-07 -3.2135e-22 -7.91521e-07 -2.23159e-22 0)
(3.23276e-06 5.74615e-07 3.41497e-22 -1.03312e-06 3.72951e-22 0)
(3.3547e-06 4.8757e-07 1.15162e-21 -1.25387e-06 8.21225e-22 0)
(3.43379e-06 3.51334e-07 -5.24736e-22 -1.43907e-06 -3.88826e-22 0)
(3.46572e-06 1.79972e-07 -7.75091e-22 -1.58057e-06 -5.98566e-22 0)
(3.44097e-06 -1.63057e-08 0 -1.65548e-06 0 0)
(2.40373e-06 1.68855e-07 3.02855e-23 -3.01863e-08 8.83459e-24 0)
(2.4755e-06 3.03665e-07 1.15723e-21 -1.34315e-07 4.45431e-22 0)
(2.60513e-06 4.50598e-07 1.24725e-21 -2.95654e-07 6.87134e-22 0)
(2.75645e-06 5.51445e-07 1.1584e-21 -4.95871e-07 7.73187e-22 0)
(2.922e-06 6.06322e-07 -2.85154e-22 -7.15952e-07 -2.02167e-22 0)
(3.08063e-06 6.08057e-07 -1.44544e-21 -9.38529e-07 -1.18863e-21 0)
(3.22042e-06 5.59093e-07 -1.25641e-21 -1.14848e-06 -9.02024e-22 0)
(3.32668e-06 4.63067e-07 1.87024e-21 -1.3317e-06 1.46988e-21 0)
(3.39135e-06 3.31688e-07 -5.37139e-22 -1.48272e-06 -3.48303e-22 0)
(3.39761e-06 1.4166e-07 8.6761e-22 -1.58773e-06 6.92715e-22 0)
(2.28355e-06 1.48492e-07 -5.49486e-23 -3.35827e-08 -1.94435e-23 0)
(2.35316e-06 2.7487e-07 -1.01051e-21 -1.35094e-07 -3.76247e-22 0)
(2.47333e-06 4.18296e-07 -1.03579e-21 -2.83419e-07 -5.55268e-22 0)
(2.61251e-06 5.2463e-07 1.45361e-21 -4.65444e-07 9.56062e-22 0)
(2.767e-06 5.93043e-07 1.29567e-21 -6.66512e-07 9.71886e-22 0)
(2.9189e-06 6.14856e-07 1.39191e-21 -8.72921e-07 1.13635e-21 0)
(3.05935e-06 5.91247e-07 -7.01271e-24 -1.07264e-06 1.12562e-24 0)
(3.17741e-06 5.23626e-07 -1.11751e-21 -1.25349e-06 -1.03737e-21 0)
(3.26598e-06 4.27691e-07 -1.7623e-24 -1.40933e-06 2.89475e-24 0)
(3.31908e-06 2.74912e-07 2.84879e-22 -1.52821e-06 8.38655e-23 0)
(2.17373e-06 1.25741e-07 0 -3.74343e-08 0 0)
(2.24289e-06 2.44844e-07 3.31918e-22 -1.37879e-07 9.43339e-23 0)
(2.35648e-06 3.84792e-07 -3.71337e-22 -2.74974e-07 -2.42948e-22 0)
(2.48623e-06 4.95462e-07 -9.8274e-22 -4.39761e-07 -6.77714e-22 0)
(2.63169e-06 5.76015e-07 7.24777e-22 -6.21162e-07 5.46787e-22 0)
(2.77749e-06 6.16899e-07 -1.0814e-21 -8.08629e-07 -8.74233e-22 0)
(2.91604e-06 6.17912e-07 -4.27219e-22 -9.92769e-07 -4.33669e-22 0)
(3.03864e-06 5.7674e-07 1.25349e-21 -1.16419e-06 1.07117e-21 0)
(3.13489e-06 5.07004e-07 -5.32031e-24 -1.31761e-06 1.832e-24 0)
(3.21383e-06 3.81396e-07 1.71593e-21 -1.44817e-06 1.48356e-21 0)
(2.07088e-06 1.00322e-07 3.74784e-22 -4.1295e-08 5.07631e-23 0)
(2.14028e-06 2.12923e-07 5.28449e-22 -1.42672e-07 2.02495e-22 0)
(2.2485e-06 3.48559e-07 0 -2.72371e-07 0 0)
(2.36934e-06 4.60571e-07 -6.03193e-22 -4.24263e-07 -4.0042e-22 0)
(2.50503e-06 5.48348e-07 -4.75104e-22 -5.90023e-07 -3.48183e-22 0)
(2.64282e-06 6.02196e-07 2.51963e-22 -7.61746e-07 2.07896e-22 0)
(2.77659e-06 6.21703e-07 -5.92823e-22 -9.31948e-07 -4.87891e-22 0)
(2.90117e-06 6.03477e-07 -4.18535e-22 -1.09328e-06 -2.97326e-22 0)
(3.00194e-06 5.59122e-07 -3.79997e-22 -1.23903e-06 -2.92853e-22 0)
(3.09728e-06 4.65606e-07 -1.89903e-21 -1.3671e-06 -1.48714e-21 0)
(1.97408e-06 7.26596e-08 -7.18261e-22 -4.50774e-08 -8.04881e-23 0)
(2.0445e-06 1.80158e-07 4.42455e-22 -1.48184e-07 1.52496e-22 0)
(2.14898e-06 3.12259e-07 1.29671e-21 -2.72041e-07 6.28939e-22 0)
(2.26255e-06 4.25203e-07 -4.25323e-22 -4.12629e-07 -2.5979e-22 0)
(2.38952e-06 5.18705e-07 -6.45368e-22 -5.6376e-07 -4.87032e-22 0)
(2.51913e-06 5.83047e-07 4.62715e-22 -7.19813e-07 3.92914e-22 0)
(2.64603e-06 6.17261e-07 5.30944e-22 -8.75121e-07 4.54224e-22 0)
(2.76843e-06 6.17293e-07 2.59673e-22 -1.02492e-06 2.44964e-22 0)
(2.86885e-06 5.91809e-07 1.02104e-21 -1.16251e-06 8.22291e-22 0)
(2.97284e-06 5.2584e-07 -7.04289e-22 -1.28623e-06 -6.27892e-22 0)
(1.88122e-06 4.24028e-08 0 -4.87714e-08 0 0)
(1.95308e-06 1.45706e-07 -1.89113e-22 -1.54514e-07 -1.32309e-22 0)
(2.05481e-06 2.74546e-07 4.85111e-22 -2.74585e-07 2.48411e-22 0)
(2.16216e-06 3.87556e-07 4.06331e-22 -4.06461e-07 2.39606e-22 0)
(2.28119e-06 4.84813e-07 -1.31778e-21 -5.45588e-07 -9.38309e-22 0)
(2.40293e-06 5.56973e-07 -4.61483e-22 -6.88145e-07 -3.66852e-22 0)
(2.52269e-06 6.0279e-07 1.2667e-21 -8.29743e-07 1.08453e-21 0)
(2.64142e-06 6.1849e-07 -8.17316e-22 -9.67378e-07 -7.38353e-22 0)
(2.73956e-06 6.09325e-07 3.67409e-22 -1.09467e-06 2.55668e-22 0)
(2.84607e-06 5.67414e-07 2.24292e-21 -1.20956e-06 1.99495e-21 0)
(1.7915e-06 9.86653e-09 3.08487e-22 -5.22763e-08 2.07253e-24 0)
(1.86513e-06 1.10053e-07 -6.2125e-23 -1.61045e-07 -4.70317e-23 0)
(1.96502e-06 2.36454e-07 2.00295e-24 -2.78408e-07 2.18425e-24 0)
(2.06718e-06 3.49538e-07 1.32459e-22 -4.0292e-07 1.11801e-22 0)
(2.17913e-06 4.49626e-07 -7.59414e-22 -5.31369e-07 -5.89609e-22 0)
(2.29331e-06 5.278e-07 4.57965e-23 -6.615e-07 5.61673e-26 0)
(2.40571e-06 5.82443e-07 -5.1312e-24 -7.90211e-07 -4.60988e-24 0)
(2.51933e-06 6.10499e-07 -1.57e-21 -9.16006e-07 -1.4122e-21 0)
(2.61407e-06 6.14348e-07 -1.43392e-21 -1.03332e-06 -1.20955e-21 0)
(2.7196e-06 5.92414e-07 8.80659e-22 -1.13864e-06 8.43193e-22 0)
(1.7037e-06 -2.50871e-08 4.06833e-23 -5.56808e-08 3.08968e-23 0)
(1.77932e-06 7.28462e-08 -1.53354e-22 -1.67914e-07 7.61593e-23 0)
(1.878e-06 1.97482e-07 -3.51608e-22 -2.83695e-07 -1.36427e-22 0)
(1.97575e-06 3.10643e-07 1.13406e-21 -4.02303e-07 6.28981e-22 0)
(2.08141e-06 4.12813e-07 3.16907e-22 -5.21652e-07 2.80027e-22 0)
(2.1886e-06 4.95621e-07 -1.48983e-21 -6.40741e-07 -1.1928e-21 0)
(2.29399e-06 5.57157e-07 1.14187e-21 -7.57581e-07 9.99267e-22 0)
(2.40191e-06 5.95229e-07 7.54463e-22 -8.71719e-07 7.12967e-22 0)
(2.4927e-06 6.09821e-07 -1.37975e-21 -9.78774e-07 -1.16905e-21 0)
(2.59496e-06 6.0405e-07 -2.60541e-21 -1.07393e-06 -2.35802e-21 0)
(1.6171e-06 -6.23002e-08 5.99187e-23 -5.89519e-08 4.88221e-23 0)
(1.69486e-06 3.42673e-08 8.09179e-22 -1.74902e-07 2.49242e-22 0)
(1.7928e-06 1.5798e-07 9.20507e-22 -2.89796e-07 2.84143e-22 0)
(1.88667e-06 2.71496e-07 -7.29364e-22 -4.03362e-07 -3.9131e-22 0)
(1.98664e-06 3.75319e-07 8.12149e-22 -5.14594e-07 7.27804e-22 0)
(2.08725e-06 4.61632e-07 3.64566e-22 -6.23608e-07 3.24732e-22 0)
(2.18603e-06 5.28323e-07 9.17476e-22 -7.29534e-07 7.92859e-22 0)
(2.28801e-06 5.74114e-07 2.62249e-21 -8.32687e-07 2.39178e-21 0)
(2.37474e-06 5.97338e-07 7.82763e-22 -9.29902e-07 6.59718e-22 0)
(2.47265e-06 6.04406e-07 -8.60728e-22 -1.01524e-06 -8.80998e-22 0)
(1.53096e-06 -1.01818e-07 -9.86817e-23 -6.21973e-08 -8.54407e-23 0)
(1.61097e-06 -5.7654e-09 7.37068e-22 -1.82152e-07 -4.39697e-23 0)
(1.70841e-06 1.17875e-07 5.51292e-22 -2.96743e-07 1.26719e-22 0)
(1.79868e-06 2.32096e-07 -9.1504e-22 -4.0591e-07 -4.19929e-22 0)
(1.89336e-06 3.3728e-07 -1.054e-21 -5.09792e-07 -7.71291e-22 0)
(1.98776e-06 4.26208e-07 1.36191e-21 -6.09512e-07 1.12222e-21 0)
(2.08039e-06 4.96689e-07 8.48628e-22 -7.05282e-07 7.36222e-22 0)
(2.17649e-06 5.48291e-07 7.04133e-22 -7.97996e-07 5.98804e-22 0)
(2.25926e-06 5.78313e-07 7.60148e-22 -8.85676e-07 6.2874e-22 0)
(2.35246e-06 5.95289e-07 -2.7945e-27 -9.61736e-07 -2.24338e-27 0)
(1.44482e-06 -1.43579e-07 -5.8173e-22 -6.55029e-08 4.65655e-23 0)
(1.52711e-06 -4.70513e-08 -7.46039e-22 -1.89757e-07 -1.96024e-22 0)
(1.62404e-06 7.74931e-08 -3.10972e-22 -3.0439e-07 -9.31459e-23 0)
(1.71065e-06 1.92854e-07 -3.29645e-22 -4.09403e-07 -1.6125e-22 0)
(1.80013e-06 2.99136e-07 -1.1842e-21 -5.06294e-07 -8.87117e-22 0)
(1.88854e-06 3.89793e-07 -7.56154e-22 -5.97214e-07 -5.88903e-22 0)
(1.97543e-06 4.62738e-07 6.12077e-22 -6.83454e-07 5.40434e-22 0)
(2.06592e-06 5.18347e-07 6.36899e-22 -7.66366e-07 6.25745e-22 0)
(2.14504e-06 5.53429e-07 1.1699e-21 -8.4499e-07 1.19344e-21 0)
(2.23364e-06 5.77771e-07 2.14363e-22 -9.12508e-07 2.58373e-22 0)
(1.35844e-06 -1.87646e-07 3.14794e-22 -6.91788e-08 -1.56062e-24 0)
(1.44294e-06 -8.94094e-08 3.29568e-22 -1.98023e-07 5.76316e-23 0)
(1.53891e-06 3.71458e-08 -2.0472e-22 -3.12705e-07 9.03595e-24 0)
(1.62137e-06 1.54119e-07 3.14645e-24 -4.13294e-07 2.73792e-24 0)
(1.70538e-06 2.61193e-07 -8.4119e-22 -5.03103e-07 -5.81595e-22 0)
(1.78786e-06 3.52664e-07 -3.56445e-22 -5.85388e-07 -3.03061e-22 0)
(1.86938e-06 4.26765e-07 5.19566e-22 -6.62497e-07 5.03216e-22 0)
(1.95466e-06 4.84664e-07 2.6477e-28 -7.36153e-07 2.09441e-28 0)
(2.03063e-06 5.23099e-07 5.23478e-28 -8.06219e-07 3.99583e-28 0)
(2.11517e-06 5.52512e-07 3.05226e-22 -8.66004e-07 7.21665e-23 0)
(1.27191e-06 -2.34053e-07 0 -7.36523e-08 0 0)
(1.35835e-06 -1.32099e-07 5.56293e-23 -2.07527e-07 5.69117e-23 0)
(1.4523e-06 -2.20792e-09 9.07356e-23 -3.21949e-07 8.90492e-23 0)
(1.52951e-06 1.16735e-07 3.00317e-22 -4.17422e-07 1.35776e-22 0)
(1.60739e-06 2.23956e-07 1.54407e-22 -4.99655e-07 1.34064e-22 0)
(1.68379e-06 3.14994e-07 4.96519e-24 -5.73223e-07 4.03758e-24 0)
(1.76027e-06 3.88687e-07 2.09329e-22 -6.41463e-07 1.62837e-22 0)
(1.84092e-06 4.47046e-07 -3.90116e-22 -7.06396e-07 -3.83509e-22 0)
(1.91442e-06 4.87045e-07 -5.09745e-22 -7.68466e-07 -3.64515e-22 0)
(1.99571e-06 5.19389e-07 7.15993e-22 -8.2137e-07 6.73459e-22 0)
(1.18632e-06 -2.82978e-07 0 -8.03392e-08 0 0)
(1.27381e-06 -1.74272e-07 0 -2.19196e-07 0 0)
(1.36325e-06 -3.95229e-08 -2.68195e-22 -3.31692e-07 -2.73966e-22 0)
(1.43321e-06 8.15339e-08 0 -4.20077e-07 0 0)
(1.50375e-06 1.87884e-07 -9.2536e-22 -4.93457e-07 -6.58743e-22 0)
(1.57387e-06 2.76875e-07 3.95665e-22 -5.57843e-07 3.07774e-22 0)
(1.64574e-06 3.48332e-07 1.24996e-21 -6.17372e-07 1.11759e-21 0)
(1.72259e-06 4.05177e-07 8.6493e-22 -6.74175e-07 9.5711e-22 0)
(1.79462e-06 4.44845e-07 -4.14187e-22 -7.2901e-07 -4.38722e-22 0)
(1.87386e-06 4.78027e-07 -1.53241e-21 -7.76073e-07 -1.5659e-21 0)
(1.10359e-06 -3.3442e-07 -1.74405e-23 -9.07819e-08 -2.45038e-23 0)
(1.19001e-06 -2.12751e-07 6.88204e-22 -2.34652e-07 -1.43412e-22 0)
(1.27047e-06 -7.15894e-08 1.67811e-22 -3.42704e-07 1.83974e-22 0)
(1.33014e-06 5.06102e-08 6.94763e-24 -4.21721e-07 5.51033e-24 0)
(1.39173e-06 1.53751e-07 -5.69305e-22 -4.84745e-07 -3.72707e-22 0)
(1.45533e-06 2.38039e-07 -1.27714e-21 -5.39498e-07 -1.02446e-21 0)
(1.52323e-06 3.04709e-07 1.41484e-21 -5.90538e-07 1.23293e-21 0)
(1.59742e-06 3.57637e-07 2.51137e-22 -6.39894e-07 1.5621e-22 0)
(1.66937e-06 3.94824e-07 8.37104e-22 -6.88348e-07 4.96363e-22 0)
(1.74811e-06 4.2672e-07 3.89328e-22 -7.30653e-07 4.52474e-22 0)
(1.02985e-06 -3.87712e-07 -1.98424e-22 -1.11919e-07 1.40049e-22 0)
(1.10887e-06 -2.44663e-07 -6.42994e-22 -2.5649e-07 1.98541e-22 0)
(1.17099e-06 -9.59993e-08 2.4329e-22 -3.51809e-07 2.90385e-22 0)
(1.21564e-06 2.50114e-08 1.05904e-22 -4.15768e-07 -1.47551e-22 0)
(1.26655e-06 1.21702e-07 5.03879e-22 -4.65824e-07 3.82185e-22 0)
(1.32402e-06 1.97913e-07 -9.61577e-22 -5.1039e-07 -7.54539e-22 0)
(1.38933e-06 2.56869e-07 8.10925e-24 -5.53603e-07 5.96214e-24 0)
(1.46276e-06 3.03291e-07 8.91643e-22 -5.96798e-07 8.51348e-22 0)
(1.53669e-06 3.35776e-07 -2.95227e-22 -6.40459e-07 -1.52636e-22 0)
(1.61713e-06 3.64257e-07 -3.09304e-22 -6.79792e-07 -1.5139e-22 0)
(9.74301e-07 -4.35863e-07 1.26175e-30 -1.48251e-07 -1.87752e-30 0)
(1.03048e-06 -2.55369e-07 4.88892e-23 -2.86918e-07 1.55336e-22 0)
(1.06029e-06 -1.02478e-07 2.80012e-22 -3.60463e-07 -4.68333e-22 0)
(1.08428e-06 8.99546e-09 -1.2455e-22 -4.05691e-07 -1.1417e-22 0)
(1.12343e-06 9.1771e-08 -6.71193e-22 -4.41553e-07 -4.88271e-22 0)
(1.17592e-06 1.54162e-07 0 -4.76431e-07 0 0)
(1.24094e-06 2.01176e-07 -5.25209e-22 -5.13027e-07 -2.70197e-22 0)
(1.31628e-06 2.37822e-07 2.79662e-22 -5.5158e-07 3.4316e-22 0)
(1.39494e-06 2.63095e-07 5.99888e-22 -5.91955e-07 7.76004e-22 0)
(1.47981e-06 2.85911e-07 -3.2553e-22 -6.29876e-07 -4.57399e-22 0)
(9.74019e-07 -4.58054e-07 -6.32604e-22 -2.36837e-07 7.33035e-22 0)
(9.48725e-07 -2.3841e-07 3.74976e-22 -3.25467e-07 -2.82883e-22 0)
(9.22643e-07 -8.92684e-08 5.39447e-22 -3.49048e-07 -5.96019e-24 0)
(9.2143e-07 8.3038e-10 -1.96231e-22 -3.65029e-07 5.28618e-23 0)
(9.51857e-07 6.23602e-08 -3.69488e-22 -3.8625e-07 -2.62511e-22 0)
(1.00411e-06 1.0547e-07 -2.37709e-22 -4.13816e-07 -1.12703e-22 0)
(1.07359e-06 1.36927e-07 0 -4.47295e-07 0 0)
(1.15533e-06 1.61082e-07 -3.23438e-22 -4.84884e-07 -1.23407e-22 0)
(1.24268e-06 1.77192e-07 3.51557e-22 -5.25648e-07 1.26205e-22 0)
(1.33561e-06 1.92456e-07 -2.04058e-27 -5.65758e-07 -6.96829e-28 0)
(1.08246e-06 -2.64423e-07 2.43281e-23 -3.84363e-07 -2.14014e-22 -7.11285e-37)
(8.31556e-07 -1.07237e-07 5.72912e-22 -3.51289e-07 -2.44508e-22 8.11158e-37)
(7.44258e-07 -3.53101e-08 -8.87e-23 -3.25198e-07 1.33575e-22 4.37257e-37)
(7.17415e-07 -9.38561e-10 2.5301e-22 -3.17275e-07 8.36133e-23 8.87371e-38)
(7.46764e-07 2.10811e-08 -4.85747e-23 -3.30334e-07 3.00632e-23 -3.1749e-38)
(8.04912e-07 3.5831e-08 -4.21427e-22 -3.55184e-07 -1.56406e-22 1.57439e-37)
(8.84772e-07 4.65013e-08 6.59801e-25 -3.88999e-07 2.16529e-25 3.20003e-43)
(9.78323e-07 5.47649e-08 -3.63931e-22 -4.28369e-07 -5.51428e-23 5.24514e-38)
(1.07916e-06 6.02137e-08 2.15024e-22 -4.71247e-07 1.82152e-22 -6.70615e-40)
(1.18463e-06 6.56935e-08 -6.03472e-22 -5.15221e-07 7.61662e-23 -1.33029e-37)
)
;

boundaryField
{
    left
    {
        type            calculated;
        value           nonuniform List<symmTensor> 
30
(
(2.52474e-06 8.03781e-08 9.81494e-22 -2.81318e-08 1.9205e-22 0)
(2.39002e-06 7.14002e-08 3.02855e-23 -3.01863e-08 8.83459e-24 0)
(2.26891e-06 5.95708e-08 -5.49486e-23 -3.35827e-08 -1.94435e-23 0)
(2.15791e-06 4.34661e-08 0 -3.74343e-08 0 0)
(2.05384e-06 2.33709e-08 3.74784e-22 -4.1295e-08 5.07631e-23 0)
(1.95577e-06 -1.6673e-10 -7.18261e-22 -4.50774e-08 -8.04881e-23 0)
(1.86166e-06 -2.72665e-08 0 -4.87714e-08 0 0)
(1.77071e-06 -5.74578e-08 3.08487e-22 -5.22763e-08 2.07253e-24 0)
(1.6817e-06 -9.07589e-08 4.06833e-23 -5.56808e-08 3.08968e-23 0)
(1.59392e-06 -1.26901e-07 5.99187e-23 -5.89519e-08 4.88221e-23 0)
(1.50659e-06 -1.65857e-07 -9.86817e-23 -6.21973e-08 -8.54407e-23 0)
(1.41922e-06 -2.07515e-07 -5.8173e-22 -6.55029e-08 4.65655e-23 0)
(1.33149e-06 -2.51922e-07 3.14794e-22 -6.91788e-08 -1.56062e-24 0)
(1.24339e-06 -2.99277e-07 0 -7.36523e-08 0 0)
(1.15574e-06 -3.49978e-07 0 -8.03392e-08 0 0)
(1.07041e-06 -4.05339e-07 -1.74405e-23 -9.07819e-08 -2.45038e-23 0)
(9.94205e-07 -4.65943e-07 -1.98424e-22 -1.11919e-07 1.40049e-22 0)
(9.4203e-07 -5.32537e-07 1.26175e-30 -1.48251e-07 -1.87752e-30 0)
(9.85139e-07 -5.89561e-07 -6.32604e-22 -2.36837e-07 7.33035e-22 0)
(1.28035e-06 -4.94721e-07 2.36841e-23 -3.84363e-07 -2.14014e-22 -7.11285e-37)
(9.43885e-06 1.77598e-06 2.53668e-21 -2.80573e-06 3.265e-22 -1.84035e-36)
(6.49146e-06 9.42535e-07 -3.73379e-22 -1.26312e-06 -6.45445e-22 0)
(5.23041e-06 4.29279e-07 1.6894e-21 -5.28342e-07 7.16772e-22 0)
(4.47884e-06 1.72112e-07 8.69963e-23 -2.604e-07 1.21916e-22 0)
(3.97291e-06 9.65763e-08 2.97258e-27 -1.22455e-07 2.76522e-27 0)
(3.58803e-06 6.69877e-08 1.61568e-21 -6.70291e-08 2.89899e-22 0)
(3.29142e-06 6.79842e-08 2.50958e-23 -3.76595e-08 7.41245e-24 0)
(3.04871e-06 7.34262e-08 1.23814e-21 -2.77596e-08 2.34232e-22 0)
(2.84841e-06 7.84791e-08 -1.37191e-23 -2.34525e-08 -1.0166e-24 0)
(2.67274e-06 8.36563e-08 -2.08107e-23 -2.5156e-08 -4.37431e-24 0)
)
;
    }
    right
    {
        type            calculated;
        value           nonuniform List<symmTensor> 
30
(
(2.27461e-06 -4.35503e-13 -3.72227e-28 -9.7409e-07 -1.30784e-21 -2.85295e-36)
(2.27432e-06 -3.54443e-13 -3.95259e-28 -9.73415e-07 9.18117e-22 3.54072e-37)
(2.27724e-06 -3.08375e-13 6.61385e-32 -9.80235e-07 1.20008e-24 -9.68958e-43)
(2.28474e-06 -2.86726e-13 -2.64127e-28 -9.97734e-07 -2.59015e-21 -4.74652e-36)
(2.29594e-06 -2.71537e-13 -6.67165e-29 -1.02387e-06 1.96893e-21 -2.05567e-36)
(2.31009e-06 -2.60033e-13 2.04058e-28 -1.05689e-06 4.11933e-22 1.26278e-38)
(2.32593e-06 -2.50766e-13 9.86154e-29 -1.09384e-06 2.15388e-22 2.59444e-39)
(2.34232e-06 -2.42532e-13 2.86389e-28 -1.13207e-06 6.71361e-22 2.05661e-38)
(2.35813e-06 -2.35464e-13 -1.11141e-28 -1.16896e-06 -1.49795e-21 -1.51587e-36)
(2.37234e-06 -2.3e-13 -1.77128e-28 -1.20212e-06 -4.76135e-22 -4.20554e-39)
(2.38399e-06 -2.23121e-13 -3.68572e-30 -1.2293e-06 -4.30914e-24 8.01151e-41)
(2.39264e-06 -2.1504e-13 -3.53627e-43 -1.2495e-06 -4.90667e-36 -1.63464e-65)
(2.3985e-06 -2.09486e-13 -8.99443e-29 -1.26316e-06 -2.71173e-22 -1.27343e-51)
(2.40166e-06 -2.0755e-13 -8.91127e-29 -1.27053e-06 -2.72755e-22 0)
(2.40161e-06 -2.08469e-13 1.79015e-28 -1.27043e-06 5.45467e-22 0)
(2.39859e-06 -2.08244e-13 -3.13092e-43 -1.26338e-06 -2.82051e-36 -5.38252e-66)
(2.39306e-06 -2.05449e-13 -6.11904e-43 -1.25047e-06 -5.57043e-36 -2.13143e-65)
(2.385e-06 -2.04804e-13 8.79338e-29 -1.23166e-06 2.64411e-22 -1.29626e-66)
(2.37488e-06 -2.09647e-13 -9.00134e-29 -1.20804e-06 -2.5934e-22 -1.15405e-51)
(2.36309e-06 -2.16008e-13 -3.1105e-43 -1.18054e-06 -2.67662e-36 -5.19229e-66)
(2.35016e-06 -2.19888e-13 -6.50479e-43 -1.15038e-06 -1.70154e-36 0)
(2.33665e-06 -2.2503e-13 -6.65691e-43 -1.11884e-06 -1.65489e-36 0)
(2.32314e-06 -2.34672e-13 -3.47107e-43 -1.08733e-06 -8.04139e-37 0)
(2.31025e-06 -2.46592e-13 3.83717e-43 -1.05726e-06 -1.00933e-36 9.32509e-68)
(2.29862e-06 -2.58677e-13 1.1795e-42 -1.03012e-06 -1.33879e-36 5.56726e-66)
(2.28881e-06 -2.73262e-13 1.62576e-42 -1.00721e-06 1.14398e-36 8.01534e-66)
(2.28138e-06 -2.94432e-13 1.3065e-42 -9.89878e-07 2.19621e-36 8.29984e-80)
(2.27656e-06 -3.21913e-13 -9.68165e-43 -9.7864e-07 -1.47165e-36 0)
(2.27467e-06 -3.68835e-13 1.58361e-28 -9.74225e-07 2.09145e-22 0)
(2.27482e-06 -4.35253e-13 0 -9.74576e-07 0 0)
)
;
    }
    down
    {
        type            calculated;
        value           nonuniform List<symmTensor> 
30
(
(-9.80483e-09 4.31682e-13 -1.68556e-21 4.20207e-09 6.98014e-28 -7.10477e-38)
(9.13025e-09 3.54212e-13 -9.25597e-23 -3.91297e-09 3.94187e-28 -1.07363e-37)
(1.04242e-07 3.08309e-13 -1.18143e-21 -4.46753e-08 -1.79669e-28 6.74819e-37)
(2.54663e-07 2.81817e-13 0 -1.09141e-07 0 0)
(4.282e-07 2.60335e-13 -1.56416e-22 -1.83514e-07 -2.8922e-28 -8.36317e-38)
(6.09737e-07 2.48302e-13 -1.62057e-21 -2.61316e-07 -1.97095e-29 2.18376e-37)
(7.87208e-07 2.4057e-13 3.64677e-22 -3.37375e-07 2.66974e-28 -7.26434e-38)
(9.56437e-07 2.36428e-13 -1.07528e-21 -4.09902e-07 1.10536e-28 -4.37611e-37)
(1.11176e-06 2.3558e-13 8.70864e-22 -4.76469e-07 1.41137e-28 3.19569e-37)
(1.25568e-06 2.3643e-13 1.63881e-21 -5.38147e-07 3.13059e-29 4.44876e-37)
(1.3852e-06 2.36451e-13 1.26825e-21 -5.93657e-07 2.72436e-28 5.04389e-37)
(1.49816e-06 2.34659e-13 1.0118e-21 -6.42067e-07 2.02553e-29 2.10816e-37)
(1.60188e-06 2.35235e-13 -8.02532e-22 -6.86521e-07 -3.81254e-28 -7.91432e-37)
(1.69517e-06 2.38558e-13 -4.60097e-22 -7.26503e-07 -1.32246e-28 -1.24107e-38)
(1.77934e-06 2.42507e-13 -1.46673e-21 -7.62573e-07 -2.96372e-29 5.39424e-37)
(1.85477e-06 2.45742e-13 0 -7.94901e-07 0 0)
(1.92239e-06 2.48991e-13 0 -8.23882e-07 0 0)
(1.98268e-06 2.5184e-13 5.42253e-22 -8.4972e-07 1.39616e-28 -9.56775e-39)
(2.03633e-06 2.53908e-13 4.87727e-22 -8.72715e-07 1.0874e-29 6.73849e-38)
(2.08377e-06 2.56913e-13 1.14294e-21 -8.93044e-07 2.84868e-28 -3.28657e-38)
(2.12545e-06 2.61654e-13 1.47854e-21 -9.10907e-07 3.25978e-29 6.3182e-37)
(2.16167e-06 2.66647e-13 -4.96354e-22 -9.26432e-07 -1.04255e-29 7.13889e-38)
(2.19269e-06 2.71071e-13 1.50101e-21 -9.39725e-07 2.98693e-29 6.51829e-37)
(2.21866e-06 2.76566e-13 -1.83422e-21 -9.50855e-07 -4.59974e-28 -4.85187e-38)
(2.23966e-06 2.85221e-13 1.08709e-22 -9.59853e-07 1.48916e-28 -2.03532e-37)
(2.25579e-06 2.97511e-13 -1.08171e-29 -9.66765e-07 -2.86321e-36 -1.15843e-54)
(2.267e-06 3.13612e-13 -6.2693e-22 -9.71569e-07 -1.73852e-28 -3.04196e-39)
(2.2737e-06 3.37287e-13 6.29548e-22 -9.74442e-07 1.8697e-28 -2.2024e-39)
(2.27586e-06 3.84127e-13 3.13465e-22 -9.75368e-07 -4.08292e-28 -1.06835e-36)
(2.27513e-06 4.45403e-13 -1.47328e-21 -9.75055e-07 -7.5809e-28 -2.85295e-36)
)
;
    }
    up
    {
        type            calculated;
        value           nonuniform List<symmTensor> 
30
(
(1.08246e-06 1.83878e-13 2.43281e-23 -4.63913e-07 8.16562e-29 -7.11285e-37)
(8.31556e-07 1.1117e-13 5.72912e-22 -3.56381e-07 2.18138e-28 8.11158e-37)
(7.44258e-07 1.06506e-13 -8.87e-23 -3.18968e-07 -1.63798e-28 4.37257e-37)
(7.17415e-07 1.12299e-13 2.5301e-22 -3.07464e-07 6.22345e-30 8.87371e-38)
(7.46764e-07 1.20672e-13 -4.85747e-23 -3.20042e-07 8.19881e-29 -3.1749e-38)
(8.04912e-07 1.29455e-13 -4.21427e-22 -3.44962e-07 -1.82519e-29 1.57439e-37)
(8.84772e-07 1.41196e-13 6.59801e-25 -3.79188e-07 1.08629e-32 3.20003e-43)
(9.78323e-07 1.56095e-13 -3.63931e-22 -4.19281e-07 2.81605e-29 5.24514e-38)
(1.07916e-06 1.72125e-13 2.15024e-22 -4.62496e-07 6.74166e-29 -6.70615e-40)
(1.18463e-06 1.88001e-13 -6.03472e-22 -5.07699e-07 1.19499e-28 -1.33029e-37)
(1.28659e-06 2.00577e-13 -7.08313e-22 -5.51397e-07 -5.92894e-29 2.4678e-37)
(1.38153e-06 2.08585e-13 -2.96584e-22 -5.92084e-07 -8.95572e-29 -3.65111e-52)
(1.47546e-06 2.16951e-13 -3.16749e-22 -6.3234e-07 -9.31493e-29 -3.81097e-52)
(1.5657e-06 2.27156e-13 0 -6.71014e-07 0 0)
(1.65231e-06 2.3459e-13 3.54715e-22 -7.08134e-07 1.00723e-28 0)
(1.73401e-06 2.37236e-13 3.72254e-22 -7.43146e-07 1.01859e-28 -4.12845e-52)
(1.81071e-06 2.40275e-13 -3.88719e-22 -7.76018e-07 -1.03164e-28 -8.3766e-52)
(1.88187e-06 2.47746e-13 -4.03996e-22 -8.06515e-07 -1.06371e-28 2.91357e-66)
(1.94744e-06 2.53694e-13 4.18074e-22 -8.34619e-07 1.08925e-28 1.27615e-51)
(2.00726e-06 2.55046e-13 4.42872e-37 -8.60256e-07 -4.21403e-43 -2.00092e-66)
(2.06133e-06 2.60486e-13 0 -8.83426e-07 0 0)
(2.10958e-06 2.69061e-13 3.49142e-36 -9.04107e-07 3.63347e-43 3.90905e-66)
(2.15199e-06 2.71033e-13 5.44379e-36 -9.22283e-07 3.31726e-43 9.82978e-66)
(2.18847e-06 2.75957e-13 3.83461e-36 -9.37916e-07 -6.36681e-44 4.07932e-66)
(2.21884e-06 2.84936e-13 5.45219e-36 -9.5093e-07 3.68354e-43 9.85433e-66)
(2.24294e-06 2.92235e-13 7.10169e-36 -9.61258e-07 8.09844e-43 1.54975e-65)
(2.26042e-06 3.05039e-13 -4.85262e-22 -9.68751e-07 -1.3097e-28 -8.12167e-52)
(2.27145e-06 3.24042e-13 0 -9.73477e-07 0 0)
(2.27574e-06 3.65543e-13 0 -9.75316e-07 0 0)
(2.27541e-06 4.33195e-13 0 -9.75176e-07 0 0)
)
;
    }
    hole
    {
        type            calculated;
        value           nonuniform List<symmTensor> 
20
(
(1.38615e-06 -2.88818e-06 -2.27724e-21 9.31543e-07 2.10507e-21 7.72383e-37)
(2.15274e-06 -3.30456e-06 -2.63795e-21 5.66035e-07 2.0796e-21 2.5847e-37)
(3.0435e-06 -3.59256e-06 0 6.73432e-08 0 0)
(4.01985e-06 -3.71545e-06 -1.7284e-21 -5.33789e-07 9.63814e-22 -5.62598e-38)
(5.02788e-06 -3.6431e-06 -8.76986e-22 -1.19509e-06 4.04297e-22 -6.96138e-37)
(6.02355e-06 -3.37124e-06 -3.33879e-21 -1.87083e-06 1.22717e-21 -1.65763e-36)
(6.93479e-06 -2.89264e-06 5.33505e-21 -2.50587e-06 -1.50465e-21 5.83537e-36)
(7.76982e-06 -2.24598e-06 8.26154e-21 -3.07463e-06 -1.64334e-21 3.42615e-37)
(8.4055e-06 -1.42983e-06 4.0588e-21 -3.50565e-06 -4.80398e-22 -1.04312e-36)
(8.97663e-06 -5.04206e-07 2.50334e-21 -3.83581e-06 -9.83615e-23 -1.84035e-36)
(1.00267e-09 1.31354e-10 -7.49182e-23 -2.34641e-09 1.90668e-21 -7.10477e-38)
(1.04822e-09 4.2711e-10 -1.66439e-22 -2.51318e-09 1.40621e-21 1.92461e-36)
(-3.00702e-08 -2.19664e-08 7.28609e-24 7.59899e-08 -3.66306e-23 -4.51945e-38)
(-8.81054e-08 -1.01705e-07 3.64344e-22 2.43825e-07 -1.29186e-21 1.69122e-36)
(-1.47361e-07 -2.65546e-07 -9.82874e-22 4.74463e-07 2.66516e-21 3.74678e-36)
(-1.74156e-07 -5.30894e-07 6.98712e-22 7.32692e-07 -1.51562e-21 -5.93044e-36)
(-1.28987e-07 -8.9782e-07 9.64277e-22 9.71376e-07 -1.72005e-21 1.19905e-37)
(2.53413e-08 -1.35186e-06 2.7314e-21 1.14525e-06 -4.08783e-21 7.06737e-36)
(3.19142e-07 -1.86318e-06 -1.15798e-22 1.21375e-06 1.46889e-22 -6.48118e-36)
(7.71293e-07 -2.39133e-06 -2.24412e-22 1.14769e-06 2.42768e-22 7.06189e-39)
)
;
    }
    frontAndBack
    {
        type            empty;
    }
}


// ************************************************************************* //
