/*--------------------------------*- C++ -*----------------------------------*\
  =========                 |
  \\      /  F ield         | OpenFOAM: The Open Source CFD Toolbox
   \\    /   O peration     | Website:  https://openfoam.org
    \\  /    A nd           | Version:  9
     \\/     M anipulation  |
\*---------------------------------------------------------------------------*/
FoamFile
{
    format      ascii;
    class       volSymmTensorField;
    location    "5";
    object      epsilon;
}
// * * * * * * * * * * * * * * * * * * * * * * * * * * * * * * * * * * * * * //

dimensions      [0 0 0 0 0 0 0];

internalField   nonuniform List<symmTensor> 
1000
(
(2.10548e-06 -2.73215e-06 2.57421e-19 4.2465e-07 2.83038e-19 7.71375e-34)
(2.90463e-06 -2.10746e-06 -4.33981e-21 -5.19635e-07 2.43287e-21 0)
(3.29624e-06 -1.61443e-06 5.06355e-21 -9.7121e-07 -9.72331e-22 0)
(3.5158e-06 -1.2424e-06 1.30025e-21 -1.28816e-06 -9.29751e-22 0)
(3.62155e-06 -9.43101e-07 -5.49825e-21 -1.46379e-06 4.04786e-22 0)
(3.65702e-06 -7.09144e-07 -5.94912e-22 -1.57621e-06 6.53169e-22 0)
(3.65284e-06 -5.19041e-07 -4.99511e-21 -1.63704e-06 -2.6812e-21 0)
(3.61962e-06 -3.67914e-07 3.42837e-21 -1.6681e-06 1.60249e-21 0)
(3.57655e-06 -2.42301e-07 -1.76815e-21 -1.67943e-06 -2.01207e-21 0)
(3.51387e-06 -1.37818e-07 0 -1.68112e-06 0 0)
(2.84932e-06 -3.03833e-06 2.65084e-19 1.17643e-07 3.41681e-19 4.62421e-35)
(3.46919e-06 -2.17561e-06 0 -7.22486e-07 0 0)
(3.73453e-06 -1.55254e-06 4.0533e-21 -1.09466e-06 1.93132e-21 0)
(3.85743e-06 -1.10466e-06 -6.95518e-21 -1.35876e-06 -3.70974e-21 0)
(3.88795e-06 -7.63211e-07 -2.95628e-21 -1.4921e-06 -1.78281e-21 0)
(3.86397e-06 -5.07858e-07 2.05769e-21 -1.57502e-06 2.09865e-21 0)
(3.81157e-06 -3.08491e-07 2.30416e-21 -1.61236e-06 1.54436e-21 0)
(3.74074e-06 -1.5696e-07 5.41766e-21 -1.62925e-06 3.16239e-21 0)
(3.6611e-06 -3.41515e-08 0 -1.62386e-06 0 0)
(3.57696e-06 6.41088e-08 0 -1.62671e-06 0 0)
(3.68296e-06 -3.23194e-06 2.62382e-19 -2.89029e-07 3.92681e-19 0)
(4.05393e-06 -2.17303e-06 0 -9.51734e-07 0 0)
(4.15518e-06 -1.44503e-06 3.86358e-21 -1.20471e-06 1.99623e-21 0)
(4.15849e-06 -9.37839e-07 -1.1594e-21 -1.3922e-06 4.1014e-22 0)
(4.10017e-06 -5.66601e-07 -5.67854e-23 -1.46908e-06 2.53328e-23 0)
(4.00861e-06 -2.99109e-07 -1.91854e-21 -1.514e-06 -1.98552e-21 0)
(3.90371e-06 -9.81833e-08 2.61992e-21 -1.52278e-06 1.21157e-21 0)
(3.79216e-06 4.85524e-08 -1.9452e-21 -1.52171e-06 -1.43664e-21 0)
(3.67903e-06 1.62611e-07 -1.57046e-22 -1.50076e-06 2.70851e-22 0)
(3.56996e-06 2.55306e-07 -4.10965e-22 -1.49911e-06 -1.76945e-22 0)
(4.57524e-06 -3.28517e-06 2.32023e-19 -7.72336e-07 4.18353e-19 -2.67316e-35)
(4.64428e-06 -2.0911e-06 2.21301e-21 -1.19873e-06 -2.28497e-22 0)
(4.55159e-06 -1.29373e-06 -1.76599e-21 -1.29936e-06 -9.96484e-22 0)
(4.41635e-06 -7.50078e-07 -1.11916e-21 -1.39008e-06 2.16928e-22 0)
(4.2581e-06 -3.65323e-07 2.00329e-21 -1.39905e-06 1.9366e-21 0)
(4.09336e-06 -9.70922e-08 -2.41168e-21 -1.40022e-06 -1.59489e-21 0)
(3.93371e-06 9.68478e-08 -2.08361e-21 -1.37856e-06 -1.48286e-21 0)
(3.78206e-06 2.33386e-07 -4.64404e-21 -1.35923e-06 -3.39779e-21 0)
(3.63758e-06 3.34051e-07 -6.65537e-22 -1.32556e-06 -8.12999e-22 0)
(3.50697e-06 4.16014e-07 1.13735e-21 -1.318e-06 1.0061e-21 0)
(5.48204e-06 -3.17311e-06 1.8048e-19 -1.30101e-06 3.93801e-19 -4.60131e-34)
(5.22111e-06 -1.9188e-06 1.15741e-25 -1.45212e-06 5.53543e-27 0)
(4.91381e-06 -1.09632e-06 -5.71762e-21 -1.37462e-06 -2.80153e-21 0)
(4.62645e-06 -5.45398e-07 5.1974e-22 -1.35264e-06 -1.94632e-23 0)
(4.36067e-06 -1.68294e-07 -7.28567e-22 -1.28491e-06 7.68063e-23 0)
(4.11983e-06 8.57407e-08 1.73648e-21 -1.23854e-06 1.60394e-21 0)
(3.90584e-06 2.61878e-07 -1.94851e-22 -1.18616e-06 5.74066e-23 0)
(3.71599e-06 3.80818e-07 1.83308e-21 -1.14954e-06 1.22524e-21 0)
(3.54445e-06 4.62786e-07 -3.95789e-22 -1.10683e-06 -8.4823e-22 0)
(3.39526e-06 5.29602e-07 -7.24936e-22 -1.09459e-06 -5.85603e-22 0)
(6.37298e-06 -2.89004e-06 1.21578e-19 -1.84021e-06 3.39828e-19 -4.43762e-34)
(5.7706e-06 -1.6489e-06 1.05566e-25 -1.69519e-06 2.23217e-26 0)
(5.23582e-06 -8.49972e-07 -5.71226e-26 -1.4214e-06 -8.85933e-27 0)
(4.78728e-06 -3.27719e-07 4.59395e-22 -1.27734e-06 5.67275e-23 0)
(4.41024e-06 1.59211e-08 -2.4747e-21 -1.12936e-06 -1.50497e-21 0)
(4.09399e-06 2.37966e-07 2.82413e-23 -1.0363e-06 -2.16267e-25 0)
(3.8288e-06 3.84564e-07 1.84194e-21 -9.56302e-07 1.24754e-21 0)
(3.60493e-06 4.78428e-07 3.91641e-21 -9.05784e-07 2.86463e-21 0)
(3.4113e-06 5.37257e-07 7.09444e-22 -8.58528e-07 5.2065e-22 0)
(3.24744e-06 5.85285e-07 -1.23859e-21 -8.43714e-07 -9.75622e-22 0)
(7.18834e-06 -2.41788e-06 8.04913e-20 -2.34708e-06 2.64995e-19 -8.38706e-34)
(6.26067e-06 -1.26127e-06 1.65622e-21 -1.90232e-06 6.65008e-22 0)
(5.48957e-06 -5.47402e-07 1.75059e-21 -1.41908e-06 7.95491e-22 0)
(4.87983e-06 -9.94222e-08 -3.77698e-22 -1.15322e-06 -1.13084e-22 0)
(4.39771e-06 1.78753e-07 1.78887e-21 -9.31573e-07 1.19686e-21 0)
(4.01516e-06 3.4805e-07 -1.64631e-21 -8.00581e-07 -1.13389e-21 0)
(3.70837e-06 4.52791e-07 4.69117e-22 -7.01824e-07 2.97083e-23 0)
(3.4589e-06 5.14609e-07 -1.47011e-21 -6.44411e-07 -9.63728e-22 0)
(3.25067e-06 5.47566e-07 -1.01954e-22 -5.98753e-07 1.24492e-23 0)
(3.07711e-06 5.74984e-07 -7.45016e-22 -5.846e-07 -4.86498e-22 0)
(7.95241e-06 -1.75511e-06 4.24423e-20 -2.78452e-06 1.702e-19 -2.71014e-35)
(6.67361e-06 -7.36045e-07 -4.41558e-21 -2.02255e-06 -1.59156e-21 0)
(5.65718e-06 -1.84056e-07 3.42169e-23 -1.32643e-06 1.88066e-23 0)
(4.89928e-06 1.26531e-07 5.52425e-22 -9.61026e-07 2.80864e-22 0)
(4.32924e-06 3.02766e-07 4.091e-21 -6.8991e-07 2.0361e-21 0)
(3.89846e-06 3.99883e-07 -2.42173e-22 -5.42021e-07 -7.64859e-23 0)
(3.56523e-06 4.54713e-07 6.02945e-27 -4.40942e-07 1.21569e-27 0)
(3.30185e-06 4.8234e-07 -1.43854e-21 -3.87653e-07 -7.59542e-22 0)
(3.08768e-06 4.91338e-07 3.49905e-23 -3.51001e-07 1.64124e-24 0)
(2.91003e-06 5.00052e-07 1.07721e-22 -3.41254e-07 5.31533e-23 0)
(8.54291e-06 -8.19354e-07 1.16963e-20 -3.04161e-06 6.40378e-20 1.49245e-34)
(6.8753e-06 -7.17638e-08 -4.86468e-21 -1.92228e-06 -2.04415e-21 0)
(5.62571e-06 1.90944e-07 5.08695e-22 -1.05575e-06 4.33552e-22 0)
(4.77377e-06 2.892e-07 4.78083e-22 -6.61056e-07 3.78664e-22 0)
(4.17405e-06 3.3852e-07 -2.00054e-22 -4.03405e-07 -1.22455e-22 0)
(3.73692e-06 3.55418e-07 1.59329e-21 -2.79116e-07 5.79265e-22 0)
(3.40634e-06 3.63761e-07 8.71395e-23 -2.01636e-07 2.71088e-23 0)
(3.14691e-06 3.63715e-07 2.56985e-21 -1.66404e-07 9.84235e-22 0)
(2.93748e-06 3.57404e-07 5.6736e-22 -1.45589e-07 2.1953e-22 0)
(2.76146e-06 3.5422e-07 3.1787e-22 -1.42887e-07 1.27283e-22 0)
(9.06932e-06 7.38483e-07 9.76522e-22 -2.8068e-06 -3.8866e-20 -1.72152e-34)
(6.70332e-06 8.24512e-07 -3.72801e-22 -1.26522e-06 -6.4651e-22 0)
(5.38991e-06 5.44476e-07 1.68981e-21 -5.2949e-07 7.18668e-22 0)
(4.57169e-06 3.53252e-07 8.70025e-23 -2.61209e-07 1.22309e-22 0)
(4.02146e-06 2.78805e-07 2.9727e-27 -1.22815e-07 2.77332e-27 0)
(3.61595e-06 2.37278e-07 1.61567e-21 -6.73479e-08 2.9045e-22 0)
(3.30803e-06 2.2244e-07 2.50763e-23 -3.78118e-08 7.46917e-24 0)
(3.06076e-06 2.13787e-07 1.23814e-21 -2.79272e-08 2.34607e-22 0)
(2.85868e-06 2.06998e-07 -1.37102e-23 -2.35478e-08 -1.05425e-24 0)
(2.68387e-06 2.0239e-07 -2.08094e-23 -2.52305e-08 -4.39211e-24 0)
(-8.87447e-09 8.87271e-09 3.71113e-20 -1.06091e-09 2.26353e-20 1.79573e-34)
(1.04761e-08 -2.04487e-08 -9.39576e-23 -2.28805e-09 1.99633e-20 1.5232e-36)
(1.06046e-07 -6.95983e-08 -1.18257e-21 -4.85776e-08 1.63024e-20 1.9026e-35)
(2.56813e-07 -1.08989e-07 -2.12062e-24 -1.17619e-07 1.75824e-20 0)
(4.30506e-07 -1.33341e-07 -1.59808e-22 -1.94386e-07 1.5691e-20 -1.53217e-36)
(6.12111e-07 -1.47263e-07 -1.62085e-21 -2.73378e-07 1.73889e-20 3.20768e-35)
(7.89546e-07 -1.52799e-07 3.63822e-22 -3.49659e-07 1.93065e-20 1.53464e-36)
(9.58729e-07 -1.53345e-07 -1.07548e-21 -4.21708e-07 1.81723e-20 2.92062e-35)
(1.11394e-06 -1.49348e-07 8.68776e-22 -4.88022e-07 1.85328e-20 -1.26841e-35)
(1.25773e-06 -1.46274e-07 1.82492e-21 -5.4773e-07 1.8066e-20 -3.82794e-35)
(1.82549e-08 -2.21671e-08 3.79598e-20 -7.65465e-09 5.91921e-21 5.05973e-35)
(1.129e-07 -1.30783e-07 1.30748e-21 -3.86104e-10 1.43554e-21 0)
(2.85622e-07 -2.50821e-07 -1.22369e-21 -7.22999e-08 -1.23007e-21 0)
(4.77775e-07 -3.42619e-07 1.1751e-23 -1.69408e-07 -1.01869e-21 0)
(6.70595e-07 -3.99147e-07 0 -2.66255e-07 0 0)
(8.53499e-07 -4.30899e-07 -1.85674e-21 -3.57527e-07 -2.75508e-22 0)
(1.02203e-06 -4.42441e-07 3.135e-22 -4.39672e-07 1.59945e-21 0)
(1.17689e-06 -4.41811e-07 2.34031e-23 -5.1316e-07 8.60457e-23 0)
(1.31335e-06 -4.29677e-07 -1.00201e-21 -5.77761e-07 -2.90828e-21 0)
(1.44006e-06 -4.20014e-07 7.33396e-22 -6.32681e-07 1.13944e-22 0)
(2.86426e-08 -1.18616e-07 4.01983e-20 3.57745e-08 7.95813e-21 -2.2569e-36)
(2.09864e-07 -3.30216e-07 1.33729e-21 1.23047e-08 1.41801e-21 0)
(4.53751e-07 -4.78934e-07 1.39892e-21 -9.95161e-08 2.92878e-22 0)
(6.93232e-07 -5.78648e-07 7.17763e-23 -2.38373e-07 -9.82404e-22 0)
(9.13673e-07 -6.33676e-07 0 -3.66423e-07 0 0)
(1.10762e-06 -6.59648e-07 -2.07823e-21 -4.78792e-07 -5.42518e-22 0)
(1.27607e-06 -6.62952e-07 -2.83479e-21 -5.73209e-07 -7.93952e-22 0)
(1.4242e-06 -6.52493e-07 1.87567e-21 -6.52751e-07 1.14703e-21 0)
(1.54736e-06 -6.29484e-07 1.13984e-23 -7.17661e-07 3.66334e-23 0)
(1.66229e-06 -6.10142e-07 -1.68717e-21 -7.70473e-07 -1.06671e-21 0)
(4.43019e-08 -2.69771e-07 5.0036e-20 1.39011e-07 1.27169e-20 -4.30822e-35)
(3.42656e-07 -5.69268e-07 3.2965e-22 2.55797e-08 -1.19123e-21 0)
(6.52553e-07 -7.2568e-07 1.53743e-21 -1.3616e-07 3.00375e-22 0)
(9.3505e-07 -8.13481e-07 0 -3.16111e-07 0 0)
(1.17976e-06 -8.49963e-07 -2.62003e-21 -4.72793e-07 9.76852e-22 0)
(1.3844e-06 -8.56897e-07 3.20341e-23 -6.0541e-07 2.41702e-21 0)
(1.55369e-06 -8.42457e-07 -1.30655e-22 -7.12508e-07 -1.2984e-21 0)
(1.69673e-06 -8.1554e-07 -3.75946e-22 -7.99385e-07 -2.00407e-21 0)
(1.80828e-06 -7.78027e-07 8.55964e-22 -8.66534e-07 2.77761e-22 0)
(1.91341e-06 -7.46312e-07 1.59784e-21 -9.19368e-07 5.99339e-22 0)
(8.49791e-08 -4.83298e-07 5.30864e-20 2.82502e-07 2.26124e-20 1.1145e-34)
(5.29676e-07 -8.29549e-07 -2.69898e-21 2.26224e-08 1.81018e-21 0)
(9.05758e-07 -9.70199e-07 -1.63709e-21 -2.06827e-07 -4.81508e-22 0)
(1.22487e-06 -1.02882e-06 -4.4144e-22 -4.31358e-07 1.7719e-21 0)
(1.48566e-06 -1.03291e-06 -1.73084e-23 -6.14011e-07 1.09295e-22 0)
(1.69426e-06 -1.01027e-06 2.52411e-21 -7.62894e-07 -6.77991e-22 0)
(1.85935e-06 -9.70469e-07 1.09971e-21 -8.78736e-07 2.88586e-22 0)
(1.99358e-06 -9.21641e-07 0 -9.69549e-07 0 0)
(2.09129e-06 -8.66739e-07 -1.17477e-21 -1.03627e-06 -1.54506e-21 0)
(2.18487e-06 -8.20043e-07 4.68346e-22 -1.08709e-06 1.13659e-22 0)
(1.73687e-07 -7.63916e-07 7.51493e-20 4.43933e-07 3.28082e-20 -1.63839e-34)
(7.7726e-07 -1.09347e-06 1.10123e-21 2.83153e-09 -2.14745e-21 0)
(1.21588e-06 -1.1902e-06 -1.35231e-21 -3.03752e-07 -1.45874e-21 0)
(1.56239e-06 -1.2047e-06 2.97045e-22 -5.71881e-07 -8.25056e-22 0)
(1.82918e-06 -1.16768e-06 2.8605e-21 -7.75252e-07 9.56876e-22 0)
(2.03292e-06 -1.11019e-06 -2.75931e-21 -9.34611e-07 3.0774e-22 0)
(2.18687e-06 -1.04184e-06 -3.11693e-24 -1.05412e-06 7.32562e-23 0)
(2.30672e-06 -9.69209e-07 -2.15002e-21 -1.14462e-06 -1.4805e-21 0)
(2.38708e-06 -8.96414e-07 4.52907e-24 -1.2082e-06 2.87485e-23 0)
(2.46577e-06 -8.33983e-07 -2.34751e-21 -1.25455e-06 -1.07284e-21 0)
(3.36162e-07 -1.10859e-06 1.14099e-19 5.88969e-07 6.16412e-20 -1.70998e-34)
(1.08753e-06 -1.35056e-06 6.09631e-23 -4.07353e-08 -9.23664e-23 0)
(1.57724e-06 -1.37263e-06 -4.46645e-26 -4.24389e-07 7.62789e-26 0)
(1.93881e-06 -1.32808e-06 -2.92263e-21 -7.32141e-07 -2.04774e-21 0)
(2.20037e-06 -1.24307e-06 -4.95772e-22 -9.50177e-07 1.32689e-21 0)
(2.38954e-06 -1.14791e-06 -2.67813e-21 -1.11395e-06 -1.08959e-21 0)
(2.52476e-06 -1.05023e-06 4.81445e-21 -1.23162e-06 2.14567e-21 0)
(2.62391e-06 -9.54183e-07 -5.77624e-25 -1.31727e-06 5.75293e-23 0)
(2.68311e-06 -8.64711e-07 9.47473e-22 -1.37444e-06 -4.16359e-24 0)
(2.74265e-06 -7.87064e-07 -1.28416e-21 -1.41371e-06 -6.11305e-22 0)
(5.96236e-07 -1.50453e-06 1.62222e-19 6.8538e-07 1.02485e-19 -3.41413e-34)
(1.45942e-06 -1.59074e-06 1.57032e-21 -1.11023e-07 -1.87638e-21 0)
(1.97842e-06 -1.50879e-06 -6.06149e-22 -5.58334e-07 8.07865e-22 0)
(2.33838e-06 -1.39192e-06 3.70555e-22 -8.95819e-07 -5.7765e-22 0)
(2.58226e-06 -1.25425e-06 3.30409e-26 -1.12041e-06 -6.48814e-26 0)
(2.74714e-06 -1.12095e-06 3.10816e-21 -1.28206e-06 2.62646e-22 0)
(2.85657e-06 -9.95431e-07 2.33078e-22 -1.39305e-06 -1.01213e-21 0)
(2.92925e-06 -8.78592e-07 -7.77161e-23 -1.46967e-06 8.32859e-22 0)
(2.9646e-06 -7.75339e-07 1.09474e-23 -1.5189e-06 4.15896e-22 0)
(3.0007e-06 -6.84491e-07 9.81699e-22 -1.54831e-06 9.16929e-22 0)
(9.72768e-07 -1.92857e-06 2.00909e-19 7.02874e-07 1.5862e-19 4.61502e-34)
(1.89031e-06 -1.8041e-06 -5.05585e-22 -2.1303e-07 3.44018e-21 0)
(2.4071e-06 -1.5947e-06 -5.85991e-26 -6.98695e-07 6.14494e-26 0)
(2.74472e-06 -1.39554e-06 4.02175e-21 -1.05057e-06 9.43887e-22 0)
(2.95724e-06 -1.2027e-06 3.07191e-21 -1.27142e-06 1.53319e-21 0)
(3.08807e-06 -1.03263e-06 2.7715e-21 -1.42411e-06 1.38365e-21 0)
(3.16506e-06 -8.82036e-07 -3.02679e-22 -1.52309e-06 8.69959e-22 0)
(3.20601e-06 -7.48733e-07 -3.33748e-21 -1.58787e-06 -1.8645e-21 0)
(3.21557e-06 -6.35231e-07 2.04919e-21 -1.62673e-06 4.85194e-22 0)
(3.22545e-06 -5.33743e-07 9.19138e-22 -1.6489e-06 5.4611e-22 0)
(1.47599e-06 -2.34996e-06 2.33163e-19 6.19924e-07 2.15983e-19 6.72257e-35)
(2.37461e-06 -1.98016e-06 -1.01835e-21 -3.48907e-07 7.51831e-22 0)
(2.85005e-06 -1.62965e-06 -1.97502e-21 -8.37874e-07 -9.20558e-22 0)
(3.14113e-06 -1.34329e-06 8.55566e-21 -1.18379e-06 2.00378e-21 0)
(3.30732e-06 -1.09551e-06 5.23574e-23 -1.38864e-06 -5.95439e-23 0)
(3.39432e-06 -8.91267e-07 -2.72571e-21 -1.52454e-06 -1.54721e-21 0)
(3.43254e-06 -7.19534e-07 -2.92033e-21 -1.607e-06 -4.59749e-22 0)
(3.43711e-06 -5.74682e-07 -1.10051e-21 -1.65519e-06 -6.58074e-22 0)
(3.42202e-06 -4.57253e-07 1.21962e-22 -1.68635e-06 -9.11007e-22 0)
(3.39714e-06 -3.55416e-07 5.50912e-22 -1.68906e-06 1.15176e-21 0)
(1.38719e-06 -1.35689e-07 1.84334e-21 -6.03261e-07 1.92379e-20 -1.13995e-35)
(1.50001e-06 -1.21e-07 1.72858e-21 -6.49546e-07 1.79778e-20 -2.50582e-35)
(1.60364e-06 -1.08239e-07 -1.61515e-22 -6.92496e-07 1.57613e-20 -1.46221e-35)
(1.69683e-06 -9.6655e-08 1.74247e-22 -7.31356e-07 1.69715e-20 -6.4186e-37)
(1.78089e-06 -8.59139e-08 -8.60009e-22 -7.66315e-07 1.71393e-20 3.81298e-35)
(1.85622e-06 -7.62998e-08 5.81853e-22 -7.97826e-07 1.76217e-20 0)
(1.92375e-06 -6.7482e-08 5.48631e-22 -8.26026e-07 1.76067e-20 0)
(1.98394e-06 -5.95297e-08 1.06763e-21 -8.51255e-07 1.82702e-20 4.9554e-37)
(2.03751e-06 -5.22391e-08 9.71316e-22 -8.7371e-07 1.77604e-20 -1.29537e-35)
(2.08485e-06 -4.55585e-08 1.60805e-21 -8.93612e-07 1.89363e-20 8.4042e-37)
(2.12645e-06 -3.93431e-08 1.89734e-21 -9.11126e-07 1.81154e-20 -3.92341e-35)
(2.16259e-06 -3.35022e-08 -1.2066e-22 -9.26387e-07 1.73478e-20 1.3141e-35)
(2.19353e-06 -2.79215e-08 1.84878e-21 -9.39497e-07 1.81024e-20 -3.96133e-35)
(2.21943e-06 -2.25174e-08 -1.54666e-21 -9.50526e-07 1.53785e-20 -7.95339e-37)
(2.24036e-06 -1.72216e-08 3.84121e-22 -9.59505e-07 1.80301e-20 1.35588e-35)
(2.25643e-06 -1.20261e-08 2.34822e-22 -9.66472e-07 1.74952e-20 -3.20931e-45)
(2.26759e-06 -7.00581e-09 -4.33009e-22 -9.71405e-07 1.6752e-20 -1.44778e-37)
(2.27426e-06 -2.4462e-09 7.9445e-22 -9.74379e-07 1.82219e-20 1.03874e-37)
(2.2764e-06 1.05026e-09 4.33554e-22 -9.7529e-07 1.65633e-20 -4.09343e-35)
(2.27567e-06 1.87494e-09 1.21427e-20 -9.73974e-07 1.48946e-20 -2.26109e-35)
(1.5443e-06 -3.91088e-07 1.79561e-21 -6.82195e-07 2.20686e-21 0)
(1.62793e-06 -3.51942e-07 1.16328e-21 -7.17563e-07 3.18847e-22 0)
(1.70791e-06 -3.17468e-07 8.68691e-23 -7.50135e-07 -5.04308e-22 0)
(1.77964e-06 -2.85308e-07 2.64396e-21 -7.80034e-07 2.38307e-21 0)
(1.8457e-06 -2.55171e-07 -5.0778e-22 -8.06713e-07 -1.19982e-22 0)
(1.90534e-06 -2.27943e-07 -2.1564e-21 -8.31209e-07 -2.18471e-21 0)
(1.95965e-06 -2.02739e-07 1.09894e-21 -8.53191e-07 4.0668e-22 0)
(2.00854e-06 -1.79853e-07 0 -8.73174e-07 0 0)
(2.05268e-06 -1.58737e-07 5.2367e-22 -8.91148e-07 1.85493e-22 0)
(2.09216e-06 -1.39309e-07 1.07672e-21 -9.07351e-07 4.15008e-22 0)
(2.1274e-06 -1.21196e-07 3.22982e-21 -9.21853e-07 1.66864e-21 0)
(2.15856e-06 -1.04188e-07 1.45854e-23 -9.34774e-07 1.66681e-23 0)
(2.18586e-06 -8.80039e-08 4.18688e-22 -9.46167e-07 -3.258e-22 0)
(2.20946e-06 -7.24497e-08 6.16867e-22 -9.56067e-07 7.05394e-22 0)
(2.22944e-06 -5.73725e-08 6.32849e-22 -9.6445e-07 7.25547e-22 0)
(2.24594e-06 -4.2765e-08 -6.2692e-22 -9.71225e-07 -7.22404e-22 0)
(2.25883e-06 -2.8802e-08 -6.30476e-22 -9.76166e-07 -7.30597e-22 0)
(2.26828e-06 -1.60923e-08 -1.26616e-21 -9.78869e-07 -1.47583e-21 0)
(2.27354e-06 -5.55531e-09 -9.5799e-24 -9.78403e-07 -1.04825e-23 0)
(2.27485e-06 4.62216e-11 1.4684e-20 -9.73267e-07 1.05017e-21 3.32618e-35)
(1.74255e-06 -5.66738e-07 4.91414e-22 -8.11262e-07 6.71882e-22 0)
(1.79517e-06 -5.13351e-07 6.69819e-22 -8.32304e-07 2.39015e-22 0)
(1.84969e-06 -4.65462e-07 -1.55775e-21 -8.49968e-07 -1.96094e-21 0)
(1.89747e-06 -4.21007e-07 -1.39115e-22 -8.66736e-07 3.58048e-22 0)
(1.94327e-06 -3.78656e-07 2.84081e-21 -8.81043e-07 2.36474e-21 0)
(1.98477e-06 -3.40219e-07 -2.25698e-21 -8.94745e-07 -2.15425e-21 0)
(2.02367e-06 -3.04257e-07 -6.00995e-22 -9.07087e-07 -6.95748e-22 0)
(2.05914e-06 -2.71405e-07 1.14866e-21 -9.1874e-07 1.30595e-21 0)
(2.09193e-06 -2.40907e-07 4.19263e-24 -9.29532e-07 -8.4777e-22 0)
(2.1218e-06 -2.12752e-07 -1.21547e-21 -9.39675e-07 -1.36619e-21 0)
(2.14911e-06 -1.86474e-07 1.16471e-21 -9.49159e-07 1.30444e-21 0)
(2.17383e-06 -1.61848e-07 1.79978e-21 -9.58043e-07 2.0168e-21 0)
(2.19614e-06 -1.38533e-07 1.37709e-23 -9.6631e-07 1.51718e-23 0)
(2.2161e-06 -1.16295e-07 -6.16259e-22 -9.73914e-07 -6.9456e-22 0)
(2.23374e-06 -9.49258e-08 6.10064e-22 -9.80711e-07 6.91733e-22 0)
(2.24905e-06 -7.43449e-08 8.99296e-29 -9.86424e-07 1.00115e-28 0)
(2.26172e-06 -5.46015e-08 -6.28553e-22 -9.90508e-07 -7.21685e-22 0)
(2.2716e-06 -3.60066e-08 8.55704e-23 -9.92074e-07 5.21231e-22 0)
(2.27707e-06 -1.91328e-08 -2.06464e-21 -9.89271e-07 -2.66082e-22 0)
(2.27801e-06 -4.74089e-09 1.52139e-20 -9.8002e-07 2.17872e-22 2.51152e-38)
(1.97009e-06 -6.90712e-07 0 -9.52236e-07 0 0)
(1.99055e-06 -6.29532e-07 7.16186e-22 -9.60099e-07 2.60891e-22 0)
(2.01926e-06 -5.73112e-07 5.61018e-22 -9.63634e-07 6.40975e-22 0)
(2.04199e-06 -5.21659e-07 6.15745e-22 -9.68104e-07 7.1267e-22 0)
(2.06648e-06 -4.71575e-07 0 -9.7029e-07 0 0)
(2.08844e-06 -4.2612e-07 8.2773e-23 -9.73229e-07 -3.59753e-22 0)
(2.11056e-06 -3.83062e-07 -1.84191e-21 -9.75714e-07 -1.13103e-21 0)
(2.13114e-06 -3.43542e-07 -1.1761e-21 -9.78647e-07 -1.27763e-21 0)
(2.15117e-06 -3.06602e-07 -6.60743e-22 -9.81754e-07 -3.05001e-22 0)
(2.17001e-06 -2.72372e-07 -2.89867e-24 -9.85235e-07 8.17026e-22 0)
(2.188e-06 -2.40347e-07 -5.80727e-22 -9.89027e-07 1.79484e-22 0)
(2.20492e-06 -2.10319e-07 1.21582e-21 -9.93132e-07 5.2157e-22 0)
(2.22086e-06 -1.81932e-07 1.15375e-21 -9.97469e-07 5.73673e-23 0)
(2.23574e-06 -1.54922e-07 2.85452e-23 -1.00191e-06 4.3684e-22 0)
(2.24947e-06 -1.29024e-07 5.02648e-23 -1.0062e-06 4.63109e-22 0)
(2.26191e-06 -1.04039e-07 -6.21434e-22 -1.00994e-06 -6.98997e-22 0)
(2.27252e-06 -7.9838e-08 -1.32723e-28 -1.0124e-06 -1.49374e-28 0)
(2.28101e-06 -5.62619e-08 1.32563e-21 -1.01253e-06 1.94329e-21 0)
(2.28535e-06 -3.35123e-08 -6.77921e-23 -1.00825e-06 -5.11047e-22 0)
(2.28559e-06 -9.94194e-09 1.27623e-20 -9.9743e-07 -2.32181e-21 -5.01998e-35)
(2.21696e-06 -7.54943e-07 5.54335e-23 -1.10983e-06 8.95112e-22 0)
(2.20406e-06 -6.93502e-07 -7.78308e-22 -1.10419e-06 -3.40058e-22 0)
(2.20681e-06 -6.33573e-07 -1.95794e-21 -1.09241e-06 -1.59524e-21 0)
(2.20383e-06 -5.80817e-07 1.28888e-21 -1.08406e-06 8.77215e-22 0)
(2.20664e-06 -5.27809e-07 3.35406e-21 -1.07338e-06 2.20284e-21 0)
(2.20832e-06 -4.79911e-07 -6.1637e-22 -1.06471e-06 -6.44113e-22 0)
(2.21292e-06 -4.33844e-07 0 -1.05646e-06 0 0)
(2.21771e-06 -3.91333e-07 6.00275e-22 -1.0497e-06 6.24539e-22 0)
(2.22403e-06 -3.5127e-07 -1.93069e-21 -1.04415e-06 -8.2498e-22 0)
(2.23083e-06 -3.13944e-07 -1.25287e-21 -1.03999e-06 -9.23312e-22 0)
(2.23844e-06 -2.78879e-07 6.93448e-23 -1.03716e-06 -7.12701e-22 0)
(2.24647e-06 -2.45918e-07 -6.31998e-22 -1.0356e-06 -1.06765e-21 0)
(2.25491e-06 -2.14719e-07 -6.30556e-23 -1.03518e-06 1.12134e-21 0)
(2.26354e-06 -1.84994e-07 1.23502e-21 -1.03573e-06 1.73983e-21 0)
(2.27217e-06 -1.56424e-07 6.00758e-22 -1.03692e-06 2.56151e-22 0)
(2.28054e-06 -1.28651e-07 -2.30487e-23 -1.03828e-06 -4.33822e-22 0)
(2.28801e-06 -1.01356e-07 1.16453e-21 -1.03902e-06 4.79087e-22 0)
(2.2942e-06 -7.38587e-08 5.7276e-22 -1.0381e-06 2.29946e-22 0)
(2.29706e-06 -4.61328e-08 2.35163e-21 -1.03356e-06 1.85714e-21 0)
(2.29678e-06 -1.45193e-08 1.78311e-20 -1.02345e-06 2.35576e-21 5.19631e-35)
(2.47242e-06 -7.62737e-07 4.59263e-22 -1.26629e-06 6.3059e-22 0)
(2.42587e-06 -7.08975e-07 1.10637e-23 -1.24915e-06 2.42154e-23 0)
(2.40345e-06 -6.50354e-07 -1.41547e-21 -1.22294e-06 -9.80827e-22 0)
(2.3748e-06 -6.015e-07 -3.39936e-21 -1.20278e-06 -2.54354e-21 0)
(2.35632e-06 -5.49892e-07 1.32795e-21 -1.18019e-06 9.04569e-22 0)
(2.33773e-06 -5.0344e-07 1.25025e-21 -1.16049e-06 1.24089e-21 0)
(2.32476e-06 -4.57938e-07 -6.12569e-22 -1.14204e-06 -6.08907e-22 0)
(2.31355e-06 -4.15598e-07 -9.79942e-23 -1.12583e-06 2.72989e-22 0)
(2.30576e-06 -3.75327e-07 2.68648e-21 -1.11171e-06 1.60009e-21 0)
(2.3e-06 -3.37508e-07 -1.79642e-21 -1.0998e-06 -1.83235e-21 0)
(2.2966e-06 -3.01771e-07 -6.39011e-22 -1.09007e-06 -6.5994e-22 0)
(2.29499e-06 -2.67999e-07 1.73783e-21 -1.08245e-06 2.5727e-21 0)
(2.29508e-06 -2.35904e-07 -2.53606e-21 -1.07683e-06 -7.55401e-22 0)
(2.29659e-06 -2.0519e-07 -1.80875e-21 -1.07302e-06 -1.93178e-21 0)
(2.29922e-06 -1.75508e-07 4.09446e-24 -1.07072e-06 -3.9015e-22 0)
(2.30267e-06 -1.46366e-07 -2.4366e-21 -1.06947e-06 -1.86409e-21 0)
(2.30629e-06 -1.17296e-07 -1.774e-23 -1.06858e-06 -1.66742e-23 0)
(2.3097e-06 -8.71698e-08 2.39523e-21 -1.06716e-06 2.28894e-21 0)
(2.31118e-06 -5.5836e-08 3.80822e-23 -1.06363e-06 4.72361e-22 0)
(2.31079e-06 -1.80893e-08 1.86275e-20 -1.05635e-06 8.62308e-22 -3.96427e-37)
(2.72405e-06 -7.14062e-07 -4.81284e-22 -1.4135e-06 -6.17002e-22 0)
(2.64531e-06 -6.7657e-07 6.64854e-22 -1.38803e-06 6.0673e-22 0)
(2.60018e-06 -6.24284e-07 8.20479e-22 -1.34986e-06 4.28515e-22 0)
(2.54707e-06 -5.84281e-07 -6.48674e-22 -1.3193e-06 -6.08046e-22 0)
(2.50856e-06 -5.38699e-07 -1.53615e-21 -1.28647e-06 -7.67149e-22 0)
(2.47054e-06 -4.9741e-07 7.49911e-22 -1.25644e-06 3.72856e-22 0)
(2.44041e-06 -4.55971e-07 2.12268e-21 -1.22833e-06 1.36544e-21 0)
(2.41349e-06 -4.16673e-07 -3.41519e-21 -1.20287e-06 -2.29241e-21 0)
(2.39162e-06 -3.78785e-07 -2.10654e-21 -1.18027e-06 -1.38725e-21 0)
(2.37325e-06 -3.42728e-07 3.30633e-21 -1.16059e-06 2.2384e-21 0)
(2.3586e-06 -3.08359e-07 -1.3482e-21 -1.1439e-06 -6.4469e-22 0)
(2.34705e-06 -2.75624e-07 1.78719e-21 -1.13012e-06 1.82983e-21 0)
(2.33841e-06 -2.44333e-07 1.92374e-21 -1.11918e-06 1.25312e-21 0)
(2.33232e-06 -2.14205e-07 -1.12354e-21 -1.11089e-06 -1.56299e-21 0)
(2.32848e-06 -1.84887e-07 -7.32031e-22 -1.10503e-06 3.79841e-22 0)
(2.32653e-06 -1.55794e-07 3.47278e-23 -1.10124e-06 3.2025e-23 0)
(2.32595e-06 -1.26354e-07 -2.96911e-21 -1.09898e-06 -2.47011e-21 0)
(2.32633e-06 -9.51136e-08 5.89717e-22 -1.09761e-06 6.62175e-22 0)
(2.32659e-06 -6.1863e-08 1.16872e-21 -1.0961e-06 9.14245e-22 0)
(2.32643e-06 -2.03877e-08 1.918e-20 -1.0932e-06 7.08232e-22 -1.71531e-37)
(2.95864e-06 -6.12504e-07 5.77532e-24 -1.53853e-06 1.96583e-23 0)
(2.8515e-06 -5.99661e-07 -6.87372e-22 -1.50883e-06 -6.04425e-22 0)
(2.78749e-06 -5.59149e-07 1.47285e-22 -1.46374e-06 -1.60153e-22 0)
(2.71261e-06 -5.31321e-07 0 -1.42464e-06 0 0)
(2.6561e-06 -4.95892e-07 0 -1.38476e-06 0 0)
(2.60089e-06 -4.62666e-07 -2.05817e-21 -1.34675e-06 -1.61085e-21 0)
(2.55495e-06 -4.28494e-07 1.83141e-21 -1.31109e-06 1.70695e-21 0)
(2.51354e-06 -3.95033e-07 3.86089e-21 -1.27798e-06 3.36555e-21 0)
(2.47824e-06 -3.62153e-07 -2.92068e-21 -1.24794e-06 -2.80363e-21 0)
(2.44767e-06 -3.30181e-07 -2.55818e-21 -1.2211e-06 -2.17746e-21 0)
(2.4219e-06 -2.99227e-07 1.17989e-21 -1.19768e-06 1.17279e-21 0)
(2.40035e-06 -2.69326e-07 -1.15078e-22 -1.17775e-06 2.32382e-22 0)
(2.3828e-06 -2.40418e-07 2.01812e-21 -1.16132e-06 9.97318e-22 0)
(2.36887e-06 -2.12295e-07 3.14409e-21 -1.14835e-06 2.17432e-21 0)
(2.35827e-06 -1.84653e-07 4.29239e-23 -1.13873e-06 3.92056e-23 0)
(2.35064e-06 -1.56884e-07 1.42936e-21 -1.13226e-06 -3.90835e-22 0)
(2.34569e-06 -1.28388e-07 0 -1.1287e-06 0 0)
(2.34294e-06 -9.75286e-08 -1.20409e-21 -1.12767e-06 -5.31855e-22 0)
(2.34217e-06 -6.40921e-08 5.79293e-22 -1.12881e-06 2.45198e-22 0)
(2.34253e-06 -2.13546e-08 2.14475e-20 -1.13134e-06 1.20383e-21 -4.8009e-37)
(3.16618e-06 -4.6787e-07 -4.52538e-24 -1.6323e-06 -1.71945e-23 0)
(3.03472e-06 -4.84211e-07 8.53049e-22 -1.60134e-06 5.09699e-22 0)
(2.9575e-06 -4.63888e-07 -8.48468e-22 -1.55977e-06 -5.16624e-22 0)
(2.86583e-06 -4.50633e-07 -8.35071e-22 -1.51541e-06 -5.03153e-22 0)
(2.79309e-06 -4.29605e-07 2.29282e-21 -1.47103e-06 1.56356e-21 0)
(2.72323e-06 -4.06434e-07 1.63327e-21 -1.42647e-06 9.74856e-22 0)
(2.66285e-06 -3.81185e-07 -2.16944e-21 -1.38419e-06 -1.45162e-21 0)
(2.60848e-06 -3.54817e-07 2.87889e-22 -1.34444e-06 -3.0507e-22 0)
(2.56094e-06 -3.28059e-07 4.92634e-22 -1.30794e-06 4.56649e-22 0)
(2.51921e-06 -3.01315e-07 -2.6693e-22 -1.27498e-06 3.59732e-22 0)
(2.48312e-06 -2.7493e-07 -2.20233e-21 -1.24579e-06 -1.2075e-21 0)
(2.45218e-06 -2.49053e-07 1.97171e-23 -1.22054e-06 1.90108e-23 0)
(2.42612e-06 -2.23727e-07 -1.00824e-21 -1.19934e-06 -1.37085e-21 0)
(2.40457e-06 -1.98822e-07 -3.40452e-23 -1.18225e-06 -3.11292e-23 0)
(2.38733e-06 -1.74087e-07 1.28629e-21 -1.16931e-06 6.2637e-22 0)
(2.37405e-06 -1.48941e-07 -2.56675e-23 -1.16053e-06 -2.24242e-23 0)
(2.36472e-06 -1.22795e-07 1.56971e-21 -1.15595e-06 2.10331e-21 0)
(2.35884e-06 -9.3978e-08 -5.92162e-22 -1.15558e-06 -2.65017e-22 0)
(2.35713e-06 -6.22699e-08 -2.77603e-21 -1.15972e-06 -2.74643e-21 0)
(2.35809e-06 -2.09107e-08 1.91903e-20 -1.16817e-06 -1.01264e-21 -3.8024e-35)
(3.33142e-06 -2.82326e-07 -1.08759e-22 -1.69335e-06 -5.4833e-23 0)
(3.19522e-06 -3.18098e-07 -9.14577e-22 -1.65541e-06 -5.3905e-22 0)
(3.10698e-06 -3.26523e-07 7.42667e-22 -1.62671e-06 5.82933e-22 0)
(3.00885e-06 -3.2994e-07 -1.944e-21 -1.58632e-06 -1.76948e-21 0)
(2.92294e-06 -3.28302e-07 -1.99995e-21 -1.5443e-06 -1.66199e-21 0)
(2.84176e-06 -3.20809e-07 1.18349e-21 -1.49933e-06 1.2215e-21 0)
(2.76837e-06 -3.09245e-07 1.02888e-21 -1.45405e-06 1.22587e-21 0)
(2.70178e-06 -2.94293e-07 1.79282e-21 -1.40984e-06 1.61514e-21 0)
(2.64233e-06 -2.76992e-07 -2.10322e-21 -1.36787e-06 -1.56982e-21 0)
(2.58953e-06 -2.58124e-07 5.20723e-24 -1.32901e-06 4.30719e-23 0)
(2.54317e-06 -2.38314e-07 -2.56036e-23 -1.29384e-06 -1.28422e-22 0)
(2.50284e-06 -2.18012e-07 -1.64513e-21 -1.26282e-06 -1.60735e-21 0)
(2.46825e-06 -1.97487e-07 0 -1.23626e-06 0 0)
(2.43905e-06 -1.76801e-07 -1.48969e-21 -1.21443e-06 -4.84298e-22 0)
(2.41509e-06 -1.55854e-07 -6.989e-24 -1.19757e-06 -2.96677e-23 0)
(2.39605e-06 -1.34199e-07 -1.9235e-21 -1.18592e-06 -9.36632e-22 0)
(2.38221e-06 -1.11333e-07 5.27146e-22 -1.17989e-06 5.55882e-22 0)
(2.37306e-06 -8.57127e-08 1.21305e-21 -1.17984e-06 5.55225e-22 0)
(2.37033e-06 -5.71414e-08 1.50733e-23 -1.18684e-06 -1.22644e-24 0)
(2.37194e-06 -1.92681e-08 2.07388e-20 -1.20129e-06 -1.18099e-22 -1.67654e-37)
(3.41235e-06 -1.29498e-07 9.41142e-22 -1.69873e-06 8.27751e-22 0)
(3.2882e-06 -1.48612e-07 -8.70388e-22 -1.66681e-06 -5.47129e-22 0)
(3.1928e-06 -1.83875e-07 -5.04387e-22 -1.64668e-06 -4.18512e-22 0)
(3.09539e-06 -2.00594e-07 8.36333e-22 -1.6139e-06 5.11213e-22 0)
(3.00519e-06 -2.12362e-07 -1.65283e-21 -1.57549e-06 -7.51374e-22 0)
(2.91959e-06 -2.17638e-07 -1.11468e-21 -1.53337e-06 -5.26668e-22 0)
(2.84067e-06 -2.17799e-07 -1.38999e-21 -1.48928e-06 -1.00838e-21 0)
(2.7679e-06 -2.13756e-07 1.67267e-22 -1.44512e-06 -1.16291e-22 0)
(2.70188e-06 -2.06313e-07 2.80948e-21 -1.40218e-06 1.79065e-21 0)
(2.64236e-06 -1.96315e-07 -9.66694e-23 -1.36162e-06 -1.03871e-22 0)
(2.58933e-06 -1.84419e-07 1.50151e-21 -1.32425e-06 8.50449e-22 0)
(2.54254e-06 -1.71175e-07 -7.4121e-23 -1.29074e-06 -8.39129e-23 0)
(2.50182e-06 -1.56965e-07 5.48905e-36 -1.26163e-06 5.57143e-36 0)
(2.46694e-06 -1.41984e-07 -6.60048e-22 -1.23738e-06 -3.28931e-22 0)
(2.43786e-06 -1.26265e-07 6.45218e-22 -1.21846e-06 3.14253e-22 0)
(2.41436e-06 -1.09537e-07 -2.89963e-23 -1.20534e-06 -4.18401e-23 0)
(2.39698e-06 -9.14453e-08 1.02319e-22 -1.19875e-06 -2.72023e-22 0)
(2.38521e-06 -7.07927e-08 5.8603e-24 -1.1994e-06 1.94165e-23 0)
(2.38158e-06 -4.74418e-08 -5.95509e-24 -1.20897e-06 7.73321e-24 0)
(2.38351e-06 -1.59974e-08 2.26257e-20 -1.22847e-06 1.154e-22 2.01649e-37)
(3.34495e-06 2.04792e-08 8.7395e-22 -1.63703e-06 6.90907e-22 0)
(3.26212e-06 -1.47744e-09 0 -1.64607e-06 0 0)
(3.17578e-06 -4.4514e-08 -6.81771e-22 -1.63058e-06 -6.0045e-22 0)
(3.08942e-06 -7.27451e-08 8.91141e-36 -1.6057e-06 7.21181e-36 0)
(3.00708e-06 -9.49718e-08 2.04222e-36 -1.57283e-06 1.481e-36 0)
(2.92757e-06 -1.10702e-07 9.68544e-36 -1.5353e-06 7.2002e-36 0)
(2.85297e-06 -1.20856e-07 1.48573e-35 -1.49489e-06 1.20001e-35 0)
(2.78297e-06 -1.26357e-07 -5.97443e-22 -1.45351e-06 -5.59604e-22 0)
(2.71844e-06 -1.27924e-07 0 -1.41258e-06 0 0)
(2.65935e-06 -1.2636e-07 5.70903e-22 -1.37332e-06 5.5293e-22 0)
(2.60594e-06 -1.22298e-07 -8.178e-37 -1.3367e-06 -1.37207e-36 0)
(2.55816e-06 -1.16302e-07 -5.49181e-22 -1.30351e-06 -5.50732e-22 0)
(2.51607e-06 -1.08782e-07 5.40145e-22 -1.27443e-06 5.51043e-22 0)
(2.47957e-06 -1.00015e-07 7.75599e-36 -1.25006e-06 5.64815e-36 0)
(2.44883e-06 -9.0106e-08 -5.25709e-22 -1.23103e-06 -5.54172e-22 0)
(2.42375e-06 -7.89718e-08 -4.66016e-36 -1.21801e-06 -4.30682e-36 0)
(2.40512e-06 -6.63653e-08 5.16327e-22 -1.21194e-06 5.6074e-22 0)
(2.39251e-06 -5.1538e-08 5.1362e-22 -1.21373e-06 5.65637e-22 0)
(2.38906e-06 -3.45103e-08 -5.54355e-36 -1.2256e-06 -4.83321e-36 0)
(2.39184e-06 -1.15176e-08 2.3251e-20 -1.24868e-06 -4.90784e-36 -1.3716e-49)
(3.28661e-06 1.70896e-07 1.6164e-22 -1.57325e-06 2.79557e-22 0)
(3.21598e-06 1.36363e-07 -5.56902e-22 -1.59471e-06 -3.42349e-22 0)
(3.14735e-06 8.56303e-08 -1.24224e-21 -1.59197e-06 -9.45096e-22 0)
(3.07126e-06 4.81209e-08 0 -1.57706e-06 0 0)
(2.99813e-06 1.7088e-08 6.45322e-23 -1.55284e-06 2.53076e-22 0)
(2.92495e-06 -7.58597e-09 -5.37003e-22 -1.52226e-06 -7.4387e-23 0)
(2.85523e-06 -2.64209e-08 -1.19735e-21 -1.48751e-06 -8.92382e-22 0)
(2.78854e-06 -4.04051e-08 -1.76924e-21 -1.45055e-06 -1.19076e-21 0)
(2.72622e-06 -5.01066e-08 5.85259e-22 -1.413e-06 5.63914e-22 0)
(2.66834e-06 -5.62846e-08 -1.17003e-21 -1.37621e-06 -5.90886e-22 0)
(2.61542e-06 -5.95186e-08 -5.84244e-22 -1.34133e-06 -2.87954e-22 0)
(2.56755e-06 -6.03661e-08 -1.16653e-21 -1.3093e-06 -5.62155e-22 0)
(2.52495e-06 -5.92577e-08 -1.1644e-21 -1.28095e-06 -5.49982e-22 0)
(2.48769e-06 -5.6531e-08 -5.81123e-22 -1.25704e-06 -2.69859e-22 0)
(2.45605e-06 -5.23844e-08 -1.16019e-21 -1.23837e-06 -5.31703e-22 0)
(2.4301e-06 -4.691e-08 -1.1583e-21 -1.22576e-06 -5.26286e-22 0)
(2.41078e-06 -3.9989e-08 -5.17542e-22 -1.22039e-06 -5.61108e-22 0)
(2.39772e-06 -3.14342e-08 -5.7748e-22 -1.2232e-06 -2.62594e-22 0)
(2.39444e-06 -2.116e-08 -5.76653e-22 -1.23667e-06 -2.65486e-22 0)
(2.39763e-06 -6.94291e-09 2.30881e-20 -1.26236e-06 -2.71002e-22 -1.04696e-49)
(3.20302e-06 2.87441e-07 3.18568e-21 -1.50486e-06 2.68586e-21 0)
(3.14857e-06 2.52161e-07 5.04377e-22 -1.5391e-06 3.30411e-22 0)
(3.09562e-06 1.99086e-07 -1.84788e-21 -1.54632e-06 -1.54044e-21 0)
(3.03105e-06 1.57204e-07 1.89185e-35 -1.54003e-06 1.57714e-35 0)
(2.96817e-06 1.2041e-07 7.34412e-22 -1.52345e-06 8.56327e-22 0)
(2.90292e-06 8.93365e-08 -1.00565e-36 -1.49929e-06 -5.91365e-37 0)
(2.83975e-06 6.36754e-08 5.52976e-22 -1.47005e-06 3.15588e-22 0)
(2.77815e-06 4.27326e-08 -1.19281e-21 -1.4377e-06 -1.1512e-21 0)
(2.71978e-06 2.60837e-08 2.3657e-35 -1.40396e-06 1.97631e-35 0)
(2.66486e-06 1.31057e-08 1.14417e-21 -1.37027e-06 1.13663e-21 0)
(2.61408e-06 3.29876e-09 -5.6428e-22 -1.33785e-06 -2.87208e-22 0)
(2.5677e-06 -3.84995e-09 -6.64325e-36 -1.30775e-06 -5.29091e-36 0)
(2.52606e-06 -8.76384e-09 -2.8332e-35 -1.2809e-06 -2.60804e-35 0)
(2.48936e-06 -1.18346e-08 5.66418e-22 -1.25816e-06 2.701e-22 0)
(2.45801e-06 -1.33118e-08 -1.68609e-35 -1.24042e-06 -1.43726e-35 0)
(2.43222e-06 -1.35432e-08 -1.04429e-21 -1.22864e-06 -1.12172e-21 0)
(2.41291e-06 -1.23408e-08 7.46126e-36 -1.22399e-06 5.67235e-36 0)
(2.40008e-06 -1.03927e-08 4.63887e-22 -1.22771e-06 8.6072e-22 0)
(2.39731e-06 -6.80101e-09 -5.66126e-22 -1.24272e-06 -2.66785e-22 0)
(2.40076e-06 -1.86271e-09 2.33255e-20 -1.26979e-06 -2.72595e-22 0)
(3.10249e-06 3.84312e-07 8.75859e-22 -1.42951e-06 6.13767e-22 0)
(3.0626e-06 3.4856e-07 1.11573e-21 -1.47235e-06 9.23995e-22 0)
(3.02472e-06 2.95823e-07 9.52245e-22 -1.48817e-06 6.38956e-22 0)
(2.97236e-06 2.52031e-07 1.53594e-36 -1.4904e-06 1.93096e-36 0)
(2.92059e-06 2.11924e-07 1.63537e-21 -1.48172e-06 1.23137e-21 0)
(2.86446e-06 1.76645e-07 -1.00112e-22 -1.46463e-06 -2.76245e-22 0)
(2.8091e-06 1.46069e-07 -7.94994e-23 -1.44163e-06 -2.76783e-22 0)
(2.75393e-06 1.19804e-07 1.06141e-21 -1.41466e-06 6.07394e-22 0)
(2.70089e-06 9.75838e-08 5.79823e-22 -1.38553e-06 5.78389e-22 0)
(2.6503e-06 7.895e-08 1.11011e-21 -1.35572e-06 8.66086e-22 0)
(2.60303e-06 6.35054e-08 1.08969e-21 -1.32653e-06 5.69555e-22 0)
(2.55943e-06 5.08125e-08 -1.69359e-24 -1.29909e-06 -2.9069e-22 0)
(2.51997e-06 4.0468e-08 5.59069e-22 -1.27439e-06 -2.02322e-23 0)
(2.48499e-06 3.20898e-08 5.51763e-22 -1.2534e-06 2.69078e-22 0)
(2.45486e-06 2.5306e-08 1.63316e-21 -1.23703e-06 1.09507e-21 0)
(2.43017e-06 1.97936e-08 5.54039e-22 -1.22641e-06 2.63283e-22 0)
(2.41111e-06 1.52755e-08 0 -1.22253e-06 0 0)
(2.39987e-06 1.10473e-08 1.62564e-21 -1.22748e-06 1.08699e-21 0)
(2.3938e-06 8.3901e-09 1.64307e-21 -1.24081e-06 9.44962e-22 0)
(2.40162e-06 2.62648e-09 2.50091e-20 -1.26975e-06 5.45176e-22 0)
(2.99211e-06 4.5876e-07 -4.74286e-22 -1.35422e-06 -3.40573e-22 0)
(2.96545e-06 4.25198e-07 -4.18894e-22 -1.40351e-06 -3.01302e-22 0)
(2.94091e-06 3.7556e-07 -6.31349e-22 -1.42624e-06 -6.00363e-22 0)
(2.9003e-06 3.32378e-07 0 -1.43552e-06 0 0)
(2.85939e-06 2.91173e-07 6.13847e-22 -1.43367e-06 5.97221e-22 0)
(2.81274e-06 2.53643e-07 1.08924e-21 -1.42297e-06 8.99795e-22 0)
(2.76578e-06 2.19814e-07 -1.09042e-21 -1.40586e-06 -8.9285e-22 0)
(2.71788e-06 1.89666e-07 -5.83469e-22 -1.38422e-06 -5.87642e-22 0)
(2.67114e-06 1.63102e-07 5.73436e-22 -1.35984e-06 5.8426e-22 0)
(2.62594e-06 1.39861e-07 5.2093e-22 -1.33421e-06 2.86425e-22 0)
(2.58327e-06 1.19664e-07 -9.11854e-38 -1.30865e-06 -1.01702e-36 0)
(2.54356e-06 1.02171e-07 5.31021e-22 -1.28433e-06 2.75717e-22 0)
(2.5074e-06 8.70188e-08 1.85437e-36 -1.26228e-06 1.97075e-36 0)
(2.47515e-06 7.38438e-08 -5.37653e-22 -1.24348e-06 -2.66948e-22 0)
(2.44741e-06 6.2188e-08 1.81e-36 -1.22891e-06 1.9522e-36 0)
(2.42441e-06 5.17235e-08 5.41763e-22 -1.2196e-06 2.6182e-22 0)
(2.40741e-06 4.16329e-08 -5.16819e-22 -1.21679e-06 -5.61059e-22 0)
(2.39623e-06 3.17404e-08 -1.07471e-37 -1.22205e-06 1.01195e-36 0)
(2.39429e-06 2.06768e-08 -1.87837e-36 -1.23682e-06 -9.147e-37 0)
(2.39791e-06 7.23487e-09 2.36967e-20 -1.26278e-06 3.7876e-35 -6.98944e-50)
(2.87591e-06 5.14445e-07 6.83715e-22 -1.28019e-06 6.27785e-22 0)
(2.86077e-06 4.84293e-07 3.85929e-22 -1.33325e-06 2.8622e-22 0)
(2.84779e-06 4.39153e-07 -6.11358e-22 -1.36106e-06 -5.96263e-22 0)
(2.81822e-06 3.98058e-07 8.57036e-36 -1.37608e-06 7.1649e-36 0)
(2.78767e-06 3.57365e-07 -9.05014e-37 -1.38013e-06 -9.21108e-37 0)
(2.75053e-06 3.19119e-07 4.59623e-22 -1.37529e-06 2.95244e-22 0)
(2.71223e-06 2.8349e-07 4.7287e-22 -1.36379e-06 2.92775e-22 0)
(2.6721e-06 2.50784e-07 -5.73641e-22 -1.3474e-06 -5.92022e-22 0)
(2.63231e-06 2.21064e-07 0 -1.32786e-06 0 0)
(2.59327e-06 1.94263e-07 1.05934e-21 -1.30662e-06 8.66533e-22 0)
(2.55603e-06 1.70227e-07 -7.28157e-36 -1.285e-06 -5.90444e-36 0)
(2.52108e-06 1.48718e-07 -2.55426e-23 -1.26413e-06 -3.08149e-22 0)
(2.48907e-06 1.29435e-07 5.3435e-22 -1.24508e-06 5.7617e-22 0)
(2.46042e-06 1.12015e-07 5.24611e-22 -1.2288e-06 2.63796e-22 0)
(2.43572e-06 9.60196e-08 -5.22895e-22 -1.21627e-06 -5.69068e-22 0)
(2.41527e-06 8.08918e-08 5.30407e-22 -1.20842e-06 2.59421e-22 0)
(2.40021e-06 6.60304e-08 5.15272e-22 -1.20652e-06 5.60783e-22 0)
(2.39023e-06 5.02878e-08 5.1313e-22 -1.21151e-06 5.55662e-22 0)
(2.38865e-06 3.33443e-08 -3.68937e-36 -1.22546e-06 -1.81259e-36 0)
(2.39231e-06 1.1719e-08 2.3322e-20 -1.24994e-06 -5.57186e-36 -1.37579e-49)
(2.75726e-06 5.53064e-07 3.35036e-22 -1.20972e-06 2.597e-22 0)
(2.7519e-06 5.27253e-07 3.59104e-22 -1.26456e-06 2.71474e-22 0)
(2.74876e-06 4.87582e-07 3.81822e-22 -1.2958e-06 2.7818e-22 0)
(2.72921e-06 4.49661e-07 0 -1.31511e-06 0 0)
(2.70826e-06 4.10683e-07 4.21063e-22 -1.32388e-06 2.84208e-22 0)
(2.68031e-06 3.72902e-07 0 -1.32402e-06 0 0)
(2.65061e-06 3.36632e-07 4.52494e-22 -1.31752e-06 2.82842e-22 0)
(2.61847e-06 3.02456e-07 0 -1.30602e-06 0 0)
(2.58601e-06 2.70591e-07 0 -1.29114e-06 0 0)
(2.55365e-06 2.41154e-07 0 -1.27427e-06 0 0)
(2.52246e-06 2.14116e-07 4.95043e-22 -1.25666e-06 2.69777e-22 0)
(2.49295e-06 1.89345e-07 0 -1.23942e-06 0 0)
(2.46579e-06 1.66608e-07 0 -1.22357e-06 0 0)
(2.4414e-06 1.45572e-07 5.13042e-22 -1.21002e-06 2.59765e-22 0)
(2.42041e-06 1.25788e-07 0 -1.19967e-06 0 0)
(2.40303e-06 1.06644e-07 0 -1.19339e-06 0 0)
(2.39035e-06 8.74254e-08 0 -1.19221e-06 0 0)
(2.38206e-06 6.68033e-08 5.24983e-22 -1.19716e-06 2.57003e-22 0)
(2.38101e-06 4.44566e-08 5.26792e-22 -1.20976e-06 2.59709e-22 0)
(2.38441e-06 1.55722e-08 2.33019e-20 -1.23122e-06 2.64315e-22 1.11692e-64)
(2.63808e-06 5.77107e-07 -9.29559e-22 -1.14339e-06 -8.4097e-22 0)
(2.64084e-06 5.55995e-07 0 -1.19815e-06 0 0)
(2.64599e-06 5.22062e-07 -3.61262e-22 -1.23129e-06 -2.64332e-22 0)
(2.63543e-06 4.87848e-07 0 -1.25356e-06 0 0)
(2.6233e-06 4.51319e-07 -4.02186e-22 -1.26599e-06 -2.7178e-22 0)
(2.60412e-06 4.1482e-07 -4.19898e-22 -1.27029e-06 -2.72704e-22 0)
(2.58283e-06 3.78791e-07 0 -1.26819e-06 0 0)
(2.55871e-06 3.44032e-07 0 -1.26117e-06 0 0)
(2.53379e-06 3.10894e-07 0 -1.25072e-06 0 0)
(2.50845e-06 2.79653e-07 -4.73363e-22 -1.2381e-06 -2.65794e-22 0)
(2.48374e-06 2.50394e-07 -4.8279e-22 -1.22451e-06 -2.62876e-22 0)
(2.46016e-06 2.23086e-07 -4.9085e-22 -1.21098e-06 -2.59971e-22 0)
(2.43839e-06 1.97571e-07 0 -1.19845e-06 0 0)
(2.41882e-06 1.7355e-07 0 -1.18775e-06 0 0)
(2.40202e-06 1.5061e-07 0 -1.1797e-06 0 0)
(2.38821e-06 1.2807e-07 -5.11752e-22 -1.17502e-06 -2.52251e-22 0)
(2.37828e-06 1.05232e-07 0 -1.17457e-06 0 0)
(2.37191e-06 8.05141e-08 -5.17325e-22 -1.17908e-06 -2.53123e-22 0)
(2.37145e-06 5.35577e-08 -5.19484e-22 -1.18983e-06 -2.55431e-22 0)
(2.37447e-06 1.86657e-08 2.15597e-20 -1.20768e-06 -2.59262e-22 -9.76955e-50)
(2.51943e-06 5.884e-07 -1.70909e-21 -1.08157e-06 -1.70986e-21 0)
(2.52893e-06 5.71956e-07 -3.22337e-22 -1.13483e-06 -2.43622e-22 0)
(2.54107e-06 5.43654e-07 3.73364e-37 -1.16862e-06 1.19833e-36 0)
(2.53857e-06 5.13339e-07 2.27989e-37 -1.19266e-06 1.21225e-36 0)
(2.53452e-06 4.79663e-07 5.44106e-22 -1.20777e-06 5.93799e-22 0)
(2.52365e-06 4.44977e-07 -9.48069e-22 -1.21542e-06 -8.58273e-22 0)
(2.51052e-06 4.09829e-07 -9.61978e-22 -1.21708e-06 -8.60266e-22 0)
(2.49436e-06 3.75178e-07 0 -1.21408e-06 0 0)
(2.47706e-06 3.41485e-07 5.3177e-22 -1.20772e-06 5.97967e-22 0)
(2.45894e-06 3.0916e-07 6.48116e-23 -1.19917e-06 3.38373e-22 0)
(2.441e-06 2.78385e-07 1.46084e-36 -1.1895e-06 -2.76764e-37 0)
(2.42371e-06 2.49222e-07 -1.00236e-21 -1.17965e-06 -8.42297e-22 0)
(2.4077e-06 2.21584e-07 -5.16879e-22 -1.17046e-06 -5.84641e-22 0)
(2.39334e-06 1.95222e-07 -4.95749e-22 -1.16268e-06 -2.49602e-22 0)
(2.38114e-06 1.6976e-07 5.11178e-22 -1.15698e-06 5.73792e-22 0)
(2.37127e-06 1.44515e-07 -5.05118e-22 -1.15395e-06 -2.47727e-22 0)
(2.36439e-06 1.18778e-07 3.49342e-36 -1.15417e-06 1.70213e-36 0)
(2.3602e-06 9.08622e-08 5.06684e-22 -1.15817e-06 5.50388e-22 0)
(2.36037e-06 6.03999e-08 0 -1.16671e-06 0 0)
(2.36291e-06 2.09954e-08 2.12751e-20 -1.18026e-06 3.38608e-35 -6.27518e-50)
(2.40164e-06 5.88556e-07 5.15579e-22 -1.02385e-06 5.40069e-22 0)
(2.41683e-06 5.76416e-07 1.31936e-36 -1.0745e-06 6.95834e-37 0)
(2.43497e-06 5.53289e-07 -5.22735e-22 -1.10793e-06 -5.72996e-22 0)
(2.43979e-06 5.2676e-07 0 -1.13283e-06 0 0)
(2.44322e-06 4.96052e-07 5.24506e-22 -1.14981e-06 5.91078e-22 0)
(2.44028e-06 4.63468e-07 5.23875e-22 -1.16012e-06 5.96005e-22 0)
(2.43506e-06 4.29639e-07 -5.22754e-22 -1.165e-06 -5.9874e-22 0)
(2.42678e-06 3.95629e-07 -5.20976e-22 -1.16559e-06 -5.99693e-22 0)
(2.41711e-06 3.61983e-07 5.189e-22 -1.16303e-06 5.99142e-22 0)
(2.40633e-06 3.29207e-07 -1.15447e-35 -1.15833e-06 -9.52145e-36 0)
(2.39534e-06 2.97566e-07 -6.59507e-36 -1.15244e-06 -4.60488e-36 0)
(2.38456e-06 2.67197e-07 1.98285e-37 -1.14619e-06 2.31181e-36 0)
(2.37457e-06 2.38079e-07 8.53413e-36 -1.14033e-06 7.67195e-36 0)
(2.3657e-06 2.10021e-07 1.03134e-35 -1.13547e-06 8.51514e-36 0)
(2.35838e-06 1.82697e-07 3.40786e-36 -1.13215e-06 1.66966e-36 0)
(2.35271e-06 1.55456e-07 -1.71948e-36 -1.13078e-06 -8.33821e-37 0)
(2.34913e-06 1.27624e-07 -5.04306e-22 -1.13169e-06 -5.59067e-22 0)
(2.3473e-06 9.74854e-08 -3.49557e-36 -1.1351e-06 -1.67894e-36 0)
(2.34818e-06 6.46696e-08 -6.97669e-36 -1.14122e-06 -5.38208e-36 0)
(2.35021e-06 2.24295e-08 2.03897e-20 -1.15017e-06 -1.70123e-36 0)
(2.2845e-06 5.78596e-07 -1.53759e-21 -9.69753e-07 -1.62955e-21 0)
(2.3047e-06 5.7016e-07 -2.75436e-36 -1.01706e-06 -2.64483e-36 0)
(2.32822e-06 5.51553e-07 -5.51391e-37 -1.04944e-06 4.00198e-37 0)
(2.33987e-06 5.28507e-07 9.22916e-37 -1.0745e-06 1.0639e-36 0)
(2.35041e-06 5.00693e-07 5.0458e-22 -1.09273e-06 5.8794e-22 0)
(2.35513e-06 4.70341e-07 -5.05596e-22 -1.10517e-06 -5.94088e-22 0)
(2.35766e-06 4.38129e-07 -5.06138e-22 -1.11281e-06 -5.97812e-22 0)
(2.35718e-06 4.05185e-07 0 -1.11662e-06 0 0)
(2.35515e-06 3.72101e-07 5.056e-22 -1.11755e-06 5.99526e-22 0)
(2.35178e-06 3.39453e-07 5.04875e-22 -1.11647e-06 5.98083e-22 0)
(2.34783e-06 3.07559e-07 -3.13925e-36 -1.11419e-06 -1.62055e-36 0)
(2.3437e-06 2.76617e-07 -5.03141e-22 -1.11143e-06 -5.91654e-22 0)
(2.33988e-06 2.46661e-07 -5.02321e-22 -1.1088e-06 -5.86943e-22 0)
(2.33666e-06 2.17559e-07 1.7652e-36 -1.10682e-06 3.17496e-36 0)
(2.33437e-06 1.89044e-07 5.01138e-22 -1.10588e-06 5.74798e-22 0)
(2.33308e-06 1.60538e-07 1.72544e-36 -1.1062e-06 1.9542e-36 0)
(2.33295e-06 1.31431e-07 0 -1.10784e-06 0 0)
(2.33365e-06 1.0009e-07 5.00984e-22 -1.11071e-06 5.48342e-22 0)
(2.33535e-06 6.61764e-08 -6.94483e-36 -1.11443e-06 -5.334e-36 0)
(2.33692e-06 2.29035e-08 1.94627e-20 -1.11869e-06 -1.65467e-36 0)
(2.16746e-06 5.59144e-07 -2.88373e-23 -9.18118e-07 -1.47642e-23 0)
(2.19242e-06 5.53651e-07 -3.05532e-22 -9.61712e-07 -2.06459e-22 0)
(2.22106e-06 5.38772e-07 -4.76814e-22 -9.92666e-07 -5.60665e-22 0)
(2.23936e-06 5.18777e-07 0 -1.01753e-06 0 0)
(2.25686e-06 4.93664e-07 4.84498e-22 -1.03667e-06 5.84494e-22 0)
(2.26917e-06 4.65573e-07 8.78939e-22 -1.0509e-06 8.173e-22 0)
(2.27941e-06 4.35194e-07 -8.98768e-22 -1.06102e-06 -8.2406e-22 0)
(2.28673e-06 4.03677e-07 -1.34162e-21 -1.0678e-06 -1.05714e-21 0)
(2.29237e-06 3.71631e-07 4.92122e-22 -1.07201e-06 5.99175e-22 0)
(2.29645e-06 3.39664e-07 4.5223e-22 -1.07436e-06 2.30642e-22 0)
(2.29961e-06 3.08125e-07 -5.15194e-38 -1.07554e-06 -1.22979e-36 0)
(2.30218e-06 2.77251e-07 4.72839e-22 -1.07613e-06 2.31021e-22 0)
(2.30457e-06 2.47114e-07 -9.62027e-22 -1.07664e-06 -4.62261e-22 0)
(2.30704e-06 2.17638e-07 -4.87915e-22 -1.07747e-06 -2.31309e-22 0)
(2.30983e-06 1.88623e-07 -9.87322e-22 -1.07887e-06 -4.63217e-22 0)
(2.31295e-06 1.59593e-07 4.98399e-22 -1.0809e-06 2.32046e-22 0)
(2.31638e-06 1.30043e-07 -4.97276e-22 -1.08338e-06 -5.58097e-22 0)
(2.3197e-06 9.853e-08 -1.74137e-36 -1.08587e-06 -8.03066e-37 0)
(2.32238e-06 6.47806e-08 -5.17575e-36 -1.08741e-06 -4.48653e-36 0)
(2.32362e-06 2.23554e-08 1.85365e-20 -1.08723e-06 -8.04066e-37 0)
(2.04968e-06 5.30098e-07 4.64763e-22 -8.68462e-07 5.22703e-22 0)
(2.07961e-06 5.26715e-07 3.09838e-22 -9.08275e-07 1.94987e-22 0)
(2.11354e-06 5.14733e-07 -4.5373e-22 -9.37719e-07 -5.54769e-22 0)
(2.13866e-06 4.97327e-07 -1.26378e-37 -9.62249e-07 1.4589e-36 0)
(2.16325e-06 4.74692e-07 -3.05265e-36 -9.82159e-07 -1.1545e-36 0)
(2.18329e-06 4.48876e-07 3.96132e-22 -9.98032e-07 2.14255e-22 0)
(2.20135e-06 4.20538e-07 1.35879e-21 -1.01046e-06 1.40529e-21 0)
(2.21658e-06 3.90812e-07 -4.7585e-22 -1.02003e-06 -5.97169e-22 0)
(2.22996e-06 3.60297e-07 -9.57448e-22 -1.02734e-06 -1.19623e-21 0)
(2.24154e-06 3.29597e-07 9.3702e-22 -1.03296e-06 8.19079e-22 0)
(2.25183e-06 2.99063e-07 -4.8127e-36 -1.03742e-06 -2.28966e-36 0)
(2.26109e-06 2.68944e-07 9.61351e-22 -1.0412e-06 8.1494e-22 0)
(2.26966e-06 2.39337e-07 4.87245e-22 -1.0447e-06 5.86655e-22 0)
(2.27775e-06 2.1021e-07 4.90591e-22 -1.04821e-06 2.25027e-22 0)
(2.28553e-06 1.81426e-07 -4.90654e-22 -1.05187e-06 -5.74061e-22 0)
(2.29301e-06 1.52636e-07 -4.83755e-22 -1.05562e-06 -9.05975e-22 0)
(2.29996e-06 1.23471e-07 4.93751e-22 -1.05904e-06 5.5753e-22 0)
(2.30594e-06 9.27928e-08 4.95036e-22 -1.06144e-06 5.47476e-22 0)
(2.30979e-06 6.04417e-08 3.46105e-36 -1.06124e-06 2.62666e-36 0)
(2.31089e-06 2.07587e-08 1.76525e-20 -1.0572e-06 -3.13272e-35 -5.2067e-50)
(1.93029e-06 4.9108e-07 -2.43673e-36 -8.18683e-07 -2.34008e-36 0)
(1.96589e-06 4.88952e-07 3.19307e-22 -8.55142e-07 1.8358e-22 0)
(2.00567e-06 4.79059e-07 3.50947e-36 -8.83454e-07 1.93831e-36 0)
(2.03814e-06 4.63807e-07 0 -9.07959e-07 0 0)
(2.07028e-06 4.43461e-07 -3.94912e-36 -9.28862e-07 -2.03794e-36 0)
(2.0984e-06 4.19969e-07 -4.05302e-22 -9.46529e-07 -2.03199e-22 0)
(2.12457e-06 3.93921e-07 4.22427e-22 -9.6136e-07 2.06383e-22 0)
(2.14793e-06 3.66402e-07 8.75469e-22 -9.73767e-07 4.18093e-22 0)
(2.16922e-06 3.37959e-07 0 -9.84178e-07 0 0)
(2.18838e-06 3.09167e-07 -4.63161e-22 -9.93012e-07 -2.13178e-22 0)
(2.20582e-06 2.80351e-07 -6.50618e-36 -1.00067e-06 -8.15853e-36 0)
(2.22172e-06 2.51747e-07 -4.82228e-22 -1.00752e-06 -2.16293e-22 0)
(2.23634e-06 2.23452e-07 9.79336e-22 -1.01387e-06 4.3531e-22 0)
(2.24988e-06 1.95459e-07 4.95897e-22 -1.01992e-06 2.18955e-22 0)
(2.26245e-06 1.6769e-07 1.00211e-21 -1.02574e-06 4.40407e-22 0)
(2.27405e-06 1.39927e-07 -5.05303e-22 -1.03117e-06 -2.2137e-22 0)
(2.28436e-06 1.11963e-07 0 -1.03566e-06 0 0)
(2.29293e-06 8.30651e-08 5.2291e-36 -1.03829e-06 2.27803e-36 0)
(2.29813e-06 5.32528e-08 1.20323e-35 -1.03701e-06 9.65239e-36 0)
(2.29936e-06 1.81289e-08 1.68546e-20 -1.03008e-06 -1.34061e-36 -9.94271e-50)
(1.80832e-06 4.40461e-07 -3.88207e-22 -7.69622e-07 -4.97915e-22 0)
(1.85084e-06 4.38851e-07 1.3688e-36 -8.03349e-07 1.80111e-36 0)
(1.89752e-06 4.30381e-07 2.01702e-36 -8.31061e-07 2.72525e-36 0)
(1.93827e-06 4.16996e-07 -5.13709e-37 -8.55971e-07 1.56639e-36 0)
(1.97869e-06 3.98904e-07 4.24782e-22 -8.78178e-07 5.72494e-22 0)
(2.01551e-06 3.77936e-07 -4.32687e-22 -8.97847e-07 -5.81883e-22 0)
(2.05027e-06 3.54572e-07 -4.40149e-22 -9.15195e-07 -5.88337e-22 0)
(2.08211e-06 3.29811e-07 0 -9.3047e-07 0 0)
(2.11153e-06 3.04122e-07 4.53298e-22 -9.4394e-07 5.93986e-22 0)
(2.1384e-06 2.7802e-07 4.59068e-22 -9.55888e-07 5.93785e-22 0)
(2.16302e-06 2.51777e-07 -4.78494e-36 -9.66594e-07 -6.09937e-36 0)
(2.18547e-06 2.25593e-07 -4.69173e-22 -9.7632e-07 -5.88585e-22 0)
(2.20598e-06 1.99542e-07 -4.73576e-22 -9.85288e-07 -5.83993e-22 0)
(2.2247e-06 1.73621e-07 0 -9.93648e-07 0 0)
(2.24172e-06 1.47785e-07 4.81247e-22 -1.00141e-06 5.71646e-22 0)
(2.25705e-06 1.2193e-07 0 -1.0084e-06 0 0)
(2.27039e-06 9.60164e-08 -7.07271e-36 -1.01401e-06 -2.99087e-36 0)
(2.28128e-06 6.9773e-08 4.89741e-22 -1.01722e-06 5.47186e-22 0)
(2.28792e-06 4.34865e-08 6.89251e-36 -1.01568e-06 5.17301e-36 0)
(2.28957e-06 1.45422e-08 1.61788e-20 -1.00718e-06 2.89289e-35 -4.77201e-50)
(1.6831e-06 3.77142e-07 3.29371e-22 -7.16757e-07 1.53872e-22 0)
(1.73438e-06 3.75458e-07 0 -7.49248e-07 0 0)
(1.78945e-06 3.6794e-07 1.96817e-36 -7.77693e-07 1.49875e-36 0)
(1.8398e-06 3.56318e-07 0 -8.04166e-07 0 0)
(1.88957e-06 3.40622e-07 -6.96673e-37 -8.28624e-07 -9.75192e-37 0)
(1.93594e-06 3.22532e-07 1.68391e-36 -8.51063e-07 -2.0802e-36 0)
(1.97993e-06 3.02385e-07 0 -8.71528e-07 0 0)
(2.02072e-06 2.81054e-07 0 -8.90119e-07 0 0)
(2.05859e-06 2.58909e-07 0 -9.06965e-07 0 0)
(2.09336e-06 2.36375e-07 -3.2301e-36 -9.22226e-07 -2.71217e-36 0)
(2.12519e-06 2.13656e-07 1.47416e-37 -9.3607e-07 -1.33229e-36 0)
(2.15413e-06 1.90897e-07 1.73743e-36 -9.48666e-07 7.01592e-37 0)
(2.18032e-06 1.68125e-07 0 -9.6016e-07 0 0)
(2.20388e-06 1.45322e-07 0 -9.70656e-07 0 0)
(2.22489e-06 1.22444e-07 0 -9.80153e-07 0 0)
(2.24339e-06 9.94672e-08 1.79128e-36 -9.88489e-07 7.31044e-37 0)
(2.25915e-06 7.64963e-08 0 -9.95148e-07 0 0)
(2.27182e-06 5.37109e-08 1.01809e-35 -9.99161e-07 1.01325e-35 0)
(2.27977e-06 3.17492e-08 -1.81019e-36 -9.98231e-07 -7.38249e-37 0)
(2.28207e-06 1.02026e-08 1.56708e-20 -9.89832e-07 5.60229e-35 -4.77695e-64)
(1.55413e-06 2.96558e-07 -6.80767e-22 -6.66242e-07 -9.52007e-22 0)
(1.61664e-06 2.94633e-07 -3.66732e-23 -6.98701e-07 3.60236e-22 0)
(1.68207e-06 2.88037e-07 -8.30293e-37 -7.28817e-07 3.58771e-37 0)
(1.74369e-06 2.78494e-07 -7.86996e-37 -7.57569e-07 4.49926e-37 0)
(1.80414e-06 2.65763e-07 3.87309e-22 -7.84776e-07 5.62427e-22 0)
(1.86109e-06 2.51293e-07 -8.64314e-22 -8.1029e-07 -7.46624e-22 0)
(1.9151e-06 2.3526e-07 -8.90073e-22 -8.34017e-07 -7.58997e-22 0)
(1.96541e-06 2.18367e-07 0 -8.55939e-07 0 0)
(2.01211e-06 2.00868e-07 4.31956e-22 -8.76073e-07 5.87093e-22 0)
(2.05499e-06 1.83079e-07 -6.77682e-23 -8.94474e-07 3.95512e-22 0)
(2.09412e-06 1.65128e-07 -1.71955e-37 -9.11219e-07 1.36219e-36 0)
(2.12949e-06 1.47095e-07 -9.77412e-22 -9.26397e-07 -7.8229e-22 0)
(2.16117e-06 1.28961e-07 -4.63956e-22 -9.40089e-07 -5.79272e-22 0)
(2.18923e-06 1.1067e-07 -5.26489e-22 -9.52359e-07 -2.04451e-22 0)
(2.21373e-06 9.21544e-08 4.75239e-22 -9.63213e-07 5.67818e-22 0)
(2.23472e-06 7.34007e-08 -5.29433e-22 -9.72546e-07 -2.08784e-22 0)
(2.25209e-06 5.45802e-08 2.0328e-36 -9.80008e-07 -3.98636e-37 0)
(2.26567e-06 3.61507e-08 4.8639e-22 -9.84848e-07 5.46524e-22 0)
(2.27433e-06 1.91407e-08 -7.38867e-36 -9.85203e-07 -2.93874e-36 0)
(2.27714e-06 5.51261e-09 1.5327e-20 -9.78569e-07 -1.47154e-36 0)
(1.4217e-06 2.00047e-07 -8.66142e-23 -6.04963e-07 3.47842e-22 0)
(1.49863e-06 1.97984e-07 -4.18585e-22 -6.40728e-07 -1.3755e-22 0)
(1.57693e-06 1.92664e-07 1.03888e-22 -6.75351e-07 -3.8016e-22 0)
(1.65185e-06 1.85729e-07 0 -7.0885e-07 0 0)
(1.72456e-06 1.76693e-07 8.50865e-22 -7.40851e-07 7.15549e-22 0)
(1.7933e-06 1.66661e-07 3.84982e-22 -7.71137e-07 5.67101e-22 0)
(1.85822e-06 1.55657e-07 -9.06843e-22 -7.99515e-07 -7.46394e-22 0)
(1.91867e-06 1.44173e-07 -4.11896e-22 -8.2589e-07 -5.79852e-22 0)
(1.97463e-06 1.32344e-07 4.23909e-22 -8.50207e-07 5.8267e-22 0)
(2.02588e-06 1.20365e-07 -2.94656e-36 -8.72452e-07 -3.95323e-36 0)
(2.07243e-06 1.08293e-07 5.3607e-22 -8.92634e-07 1.91629e-22 0)
(2.11423e-06 9.61488e-08 1.56359e-36 -9.10776e-07 1.99844e-36 0)
(2.15129e-06 8.38753e-08 -2.12071e-36 -9.26898e-07 6.18416e-37 0)
(2.18362e-06 7.13827e-08 -5.40744e-22 -9.41014e-07 -2.02015e-22 0)
(2.21117e-06 5.85762e-08 -2.07713e-36 -9.53101e-07 5.42706e-37 0)
(2.23396e-06 4.54055e-08 1.45091e-36 -9.63098e-07 3.14178e-36 0)
(2.25184e-06 3.20321e-08 -4.83421e-22 -9.70814e-07 -5.52313e-22 0)
(2.2649e-06 1.89737e-08 5.37697e-22 -9.75928e-07 2.0951e-22 0)
(2.27263e-06 7.51086e-09 5.37216e-22 -9.77557e-07 2.0986e-22 0)
(2.2751e-06 1.33612e-09 1.57368e-20 -9.74125e-07 2.09123e-22 0)
(1.28657e-06 6.94198e-08 -6.15859e-22 -5.5775e-07 1.71134e-20 1.52638e-35)
(1.38149e-06 6.84188e-08 -2.96575e-22 -5.97691e-07 1.71579e-20 -2.60345e-50)
(1.47542e-06 6.61985e-08 -3.16741e-22 -6.37047e-07 1.71071e-20 -2.59916e-50)
(1.56566e-06 6.36261e-08 1.51121e-35 -6.75041e-07 1.75985e-20 0)
(1.6523e-06 6.035e-08 3.54712e-22 -7.11436e-07 1.81252e-20 0)
(1.73401e-06 5.67946e-08 3.72253e-22 -7.45841e-07 1.81172e-20 2.58928e-50)
(1.81073e-06 5.29364e-08 -3.88725e-22 -7.78124e-07 1.69727e-20 -5.17377e-50)
(1.88192e-06 4.89513e-08 -4.04006e-22 -8.08105e-07 1.69536e-20 1.78068e-64)
(1.94752e-06 4.48722e-08 4.18091e-22 -8.35738e-07 1.80934e-20 -7.74979e-50)
(2.00738e-06 4.07648e-08 3.05102e-35 -8.60963e-07 1.75076e-20 -5.16396e-50)
(2.06148e-06 3.6638e-08 0 -8.83775e-07 1.7501e-20 0)
(2.10977e-06 3.24901e-08 -2.65577e-35 -9.04156e-07 1.74964e-20 -5.16065e-50)
(2.15223e-06 2.82881e-08 5.44309e-36 -9.22093e-07 1.74936e-20 -1.03196e-49)
(2.18875e-06 2.39855e-08 3.83385e-36 -9.37556e-07 1.74924e-20 -1.03189e-49)
(2.21917e-06 1.95292e-08 5.45177e-36 -9.50479e-07 1.74926e-20 -1.0319e-49)
(2.24332e-06 1.48786e-08 7.10166e-36 -9.60801e-07 1.74942e-20 -1.032e-49)
(2.26085e-06 1.00778e-08 -4.85355e-22 -9.68389e-07 1.69459e-20 -5.16077e-50)
(2.27193e-06 5.31748e-09 3.00551e-35 -9.73261e-07 1.75001e-20 0)
(2.27626e-06 1.2589e-09 0 -9.75265e-07 1.75033e-20 0)
(2.27595e-06 -1.62432e-10 1.51739e-20 -9.74463e-07 1.75047e-20 0)
(2.53771e-06 1.88251e-07 9.81506e-22 -2.81985e-08 1.92247e-22 0)
(2.61294e-06 3.34046e-07 -1.31207e-22 -1.40099e-07 -4.28215e-23 0)
(2.75268e-06 4.83276e-07 -9.05518e-22 -3.22311e-07 -5.04374e-22 0)
(2.91292e-06 5.72804e-07 1.11211e-22 -5.47991e-07 7.65791e-23 0)
(3.08137e-06 6.04987e-07 -3.21426e-22 -7.92415e-07 -2.23395e-22 0)
(3.23326e-06 5.74843e-07 3.41426e-22 -1.03399e-06 3.72843e-22 0)
(3.35518e-06 4.8758e-07 1.15199e-21 -1.25461e-06 8.21638e-22 0)
(3.43417e-06 3.51106e-07 -5.24877e-22 -1.43955e-06 -3.88919e-22 0)
(3.46611e-06 1.79781e-07 -7.75242e-22 -1.58095e-06 -5.98684e-22 0)
(3.44141e-06 -1.66684e-08 0 -1.65532e-06 0 0)
(2.40383e-06 1.69044e-07 3.0283e-23 -3.02401e-08 8.84988e-24 0)
(2.4757e-06 3.04184e-07 1.15727e-21 -1.34528e-07 4.45982e-22 0)
(2.60548e-06 4.51371e-07 1.2474e-21 -2.96074e-07 6.8796e-22 0)
(2.75688e-06 5.52098e-07 1.15861e-21 -4.96438e-07 7.73947e-22 0)
(2.92258e-06 6.06929e-07 -2.85231e-22 -7.16607e-07 -2.0235e-22 0)
(3.08129e-06 6.08501e-07 -1.44574e-21 -9.39186e-07 -1.18925e-21 0)
(3.22116e-06 5.59422e-07 -1.25681e-21 -1.1491e-06 -9.02499e-22 0)
(3.32739e-06 4.63155e-07 1.87074e-21 -1.33212e-06 1.47032e-21 0)
(3.39192e-06 3.31865e-07 -5.37265e-22 -1.48307e-06 -3.48385e-22 0)
(3.39813e-06 1.41443e-07 8.67764e-22 -1.58774e-06 6.92764e-22 0)
(2.28366e-06 1.48642e-07 -5.49366e-23 -3.36224e-08 -1.94661e-23 0)
(2.35334e-06 2.75322e-07 -1.01053e-21 -1.35263e-07 -3.76651e-22 0)
(2.47359e-06 4.19002e-07 -1.03587e-21 -2.83794e-07 -5.55883e-22 0)
(2.61279e-06 5.25228e-07 1.45377e-21 -4.65993e-07 9.56797e-22 0)
(2.76736e-06 5.93596e-07 1.29587e-21 -6.6719e-07 9.72587e-22 0)
(2.9193e-06 6.15223e-07 1.3921e-21 -8.7366e-07 1.13689e-21 0)
(3.05982e-06 5.91478e-07 -7.03229e-24 -1.07342e-06 1.11049e-24 0)
(3.17798e-06 5.2357e-07 -1.11758e-21 -1.25418e-06 -1.03759e-21 0)
(3.26655e-06 4.27798e-07 -1.76876e-24 -1.40999e-06 2.89465e-24 0)
(3.3199e-06 2.74728e-07 2.85064e-22 -1.52874e-06 8.3959e-23 0)
(2.17389e-06 1.25872e-07 0 -3.74666e-08 0 0)
(2.2431e-06 2.45265e-07 3.31968e-22 -1.37991e-07 9.44445e-23 0)
(2.35676e-06 3.8549e-07 -3.71298e-22 -2.75227e-07 -2.43175e-22 0)
(2.48653e-06 4.96108e-07 -9.82803e-22 -4.40136e-07 -6.78281e-22 0)
(2.63208e-06 5.76691e-07 7.24866e-22 -6.21626e-07 5.47187e-22 0)
(2.77794e-06 6.17468e-07 -1.08157e-21 -8.09127e-07 -8.74744e-22 0)
(2.91651e-06 6.18421e-07 -4.27253e-22 -9.93271e-07 -4.33892e-22 0)
(3.03917e-06 5.76969e-07 1.25375e-21 -1.16462e-06 1.07155e-21 0)
(3.13532e-06 5.07311e-07 -5.32852e-24 -1.31799e-06 1.83675e-24 0)
(3.2146e-06 3.81243e-07 1.71636e-21 -1.44873e-06 1.48386e-21 0)
(2.07104e-06 1.00427e-07 3.74813e-22 -4.13127e-08 5.07982e-23 0)
(2.14047e-06 2.1329e-07 5.28463e-22 -1.42749e-07 2.02667e-22 0)
(2.24872e-06 3.49183e-07 0 -2.72579e-07 0 0)
(2.36955e-06 4.61138e-07 -6.03241e-22 -4.24606e-07 -4.0074e-22 0)
(2.5053e-06 5.48941e-07 -4.75157e-22 -5.90484e-07 -3.4843e-22 0)
(2.64315e-06 6.02681e-07 2.52025e-22 -7.62292e-07 2.08042e-22 0)
(2.77695e-06 6.22153e-07 -5.92982e-22 -9.32542e-07 -4.88198e-22 0)
(2.90167e-06 6.03712e-07 -4.18773e-22 -1.09387e-06 -2.97551e-22 0)
(3.00233e-06 5.59513e-07 -3.80115e-22 -1.23951e-06 -2.92966e-22 0)
(3.09806e-06 4.65644e-07 -1.89964e-21 -1.36776e-06 -1.48776e-21 0)
(1.97428e-06 7.27659e-08 -7.18333e-22 -4.5082e-08 -8.0557e-23 0)
(2.04473e-06 1.80518e-07 4.42478e-22 -1.48216e-07 1.52628e-22 0)
(2.14922e-06 3.12885e-07 1.29682e-21 -2.72158e-07 6.29619e-22 0)
(2.26277e-06 4.25801e-07 -4.2536e-22 -4.12845e-07 -2.60006e-22 0)
(2.38978e-06 5.19362e-07 -6.45412e-22 -5.64059e-07 -4.87363e-22 0)
(2.51942e-06 5.83628e-07 4.62765e-22 -7.20178e-07 3.93117e-22 0)
(2.64632e-06 6.1782e-07 5.31005e-22 -8.75516e-07 4.54471e-22 0)
(2.76886e-06 6.17642e-07 2.59689e-22 -1.02536e-06 2.45066e-22 0)
(2.86914e-06 5.92242e-07 1.02131e-21 -1.16286e-06 8.22547e-22 0)
(2.97355e-06 5.25984e-07 -7.04462e-22 -1.28686e-06 -6.28087e-22 0)
(1.88144e-06 4.25025e-08 0 -4.87636e-08 0 0)
(1.95331e-06 1.46041e-07 -1.89074e-22 -1.54518e-07 -1.32318e-22 0)
(2.05503e-06 2.75129e-07 4.85129e-22 -2.74662e-07 2.48637e-22 0)
(2.16235e-06 3.88112e-07 4.06363e-22 -4.06637e-07 2.39806e-22 0)
(2.2814e-06 4.85431e-07 -1.31789e-21 -5.45856e-07 -9.39005e-22 0)
(2.40318e-06 5.57534e-07 -4.61532e-22 -6.88499e-07 -3.67081e-22 0)
(2.52293e-06 6.03349e-07 1.26682e-21 -8.30136e-07 1.08516e-21 0)
(2.64182e-06 6.18905e-07 -8.17436e-22 -9.67835e-07 -7.38692e-22 0)
(2.73981e-06 6.09805e-07 3.67549e-22 -1.09502e-06 2.55677e-22 0)
(2.84671e-06 5.67685e-07 2.24342e-21 -1.21014e-06 1.9957e-21 0)
(1.79175e-06 9.98061e-09 3.0854e-22 -5.22524e-08 2.11503e-24 0)
(1.86539e-06 1.10391e-07 -6.21064e-23 -1.61009e-07 -4.70232e-23 0)
(1.96525e-06 2.37036e-07 2.00179e-24 -2.78415e-07 2.18374e-24 0)
(2.06736e-06 3.50104e-07 1.32438e-22 -4.03002e-07 1.11829e-22 0)
(2.17932e-06 4.50264e-07 -7.59408e-22 -5.31521e-07 -5.89929e-22 0)
(2.29354e-06 5.28397e-07 4.58335e-23 -6.61732e-07 1.49622e-25 0)
(2.40589e-06 5.83032e-07 -5.13132e-24 -7.90482e-07 -4.61069e-24 0)
(2.51968e-06 6.10976e-07 -1.57023e-21 -9.16367e-07 -1.41288e-21 0)
(2.61426e-06 6.14841e-07 -1.43417e-21 -1.03361e-06 -1.2099e-21 0)
(2.72015e-06 5.92765e-07 8.80841e-22 -1.13915e-06 8.43488e-22 0)
(1.70398e-06 -2.49601e-08 4.06653e-23 -5.56452e-08 3.08775e-23 0)
(1.77961e-06 7.3183e-08 -1.53466e-22 -1.67849e-07 7.60027e-23 0)
(1.87824e-06 1.98048e-07 -3.51649e-22 -2.83659e-07 -1.36613e-22 0)
(1.97592e-06 3.11195e-07 1.13415e-21 -4.02334e-07 6.29534e-22 0)
(2.08158e-06 4.13438e-07 3.1686e-22 -5.2175e-07 2.80094e-22 0)
(2.1888e-06 4.96223e-07 -1.48993e-21 -6.40922e-07 -1.19351e-21 0)
(2.29414e-06 5.57756e-07 1.14189e-21 -7.57801e-07 9.99681e-22 0)
(2.40223e-06 5.95761e-07 7.54588e-22 -8.72026e-07 7.13412e-22 0)
(2.49286e-06 6.10339e-07 -1.37993e-21 -9.79026e-07 -1.16936e-21 0)
(2.59543e-06 6.04476e-07 -2.60578e-21 -1.07435e-06 -2.35894e-21 0)
(1.61742e-06 -6.2145e-08 5.98851e-23 -5.88996e-08 4.87795e-23 0)
(1.69519e-06 3.46202e-08 8.09218e-22 -1.74799e-07 2.49385e-22 0)
(1.79306e-06 1.58552e-07 9.20681e-22 -2.89703e-07 2.84709e-22 0)
(1.88685e-06 2.72058e-07 -7.29419e-22 -4.03318e-07 -3.91667e-22 0)
(1.9868e-06 3.7595e-07 8.11956e-22 -5.14606e-07 7.27858e-22 0)
(2.08742e-06 4.62253e-07 3.64517e-22 -6.23698e-07 3.24792e-22 0)
(2.18615e-06 5.28936e-07 9.1751e-22 -7.29668e-07 7.93302e-22 0)
(2.28828e-06 5.74688e-07 2.62274e-21 -8.32913e-07 2.39295e-21 0)
(2.37487e-06 5.97872e-07 7.82817e-22 -9.30103e-07 6.59867e-22 0)
(2.47305e-06 6.04888e-07 -8.60889e-22 -1.01558e-06 -8.81365e-22 0)
(1.53134e-06 -1.01629e-07 -9.86153e-23 -6.21295e-08 -8.53484e-23 0)
(1.61134e-06 -5.39396e-09 7.37361e-22 -1.82015e-07 -4.35191e-23 0)
(1.70869e-06 1.18452e-07 5.5144e-22 -2.96602e-07 1.27113e-22 0)
(1.79886e-06 2.32663e-07 -9.15179e-22 -4.05805e-07 -4.20471e-22 0)
(1.89351e-06 3.37914e-07 -1.05395e-21 -5.09738e-07 -7.71675e-22 0)
(1.98792e-06 4.26844e-07 1.36183e-21 -6.09531e-07 1.12267e-21 0)
(2.08049e-06 4.97315e-07 8.48655e-22 -7.05347e-07 7.36648e-22 0)
(2.17673e-06 5.48905e-07 7.04076e-22 -7.98145e-07 5.98927e-22 0)
(2.25937e-06 5.78872e-07 7.60148e-22 -8.85822e-07 6.28851e-22 0)
(2.3528e-06 5.95821e-07 -2.79439e-27 -9.61992e-07 -2.24398e-27 0)
(1.44526e-06 -1.43344e-07 -5.8186e-22 -6.54173e-08 4.64598e-23 0)
(1.52753e-06 -4.66454e-08 -7.4607e-22 -1.8958e-07 -1.96128e-22 0)
(1.62435e-06 7.80912e-08 -3.11026e-22 -3.04198e-07 -9.33244e-23 0)
(1.71085e-06 1.93442e-07 -3.29678e-22 -4.09233e-07 -1.61421e-22 0)
(1.80029e-06 2.99783e-07 -1.18405e-21 -5.06171e-07 -8.87425e-22 0)
(1.88869e-06 3.9045e-07 -7.56196e-22 -5.97158e-07 -5.89304e-22 0)
(1.97552e-06 4.63381e-07 6.1214e-22 -6.83449e-07 5.40838e-22 0)
(2.06613e-06 5.18995e-07 6.37002e-22 -7.66441e-07 6.26152e-22 0)
(2.14514e-06 5.54012e-07 1.16996e-21 -8.45084e-07 1.19404e-21 0)
(2.23393e-06 5.78348e-07 2.14422e-22 -9.12689e-07 2.58508e-22 0)
(1.35895e-06 -1.87354e-07 3.1483e-22 -6.90766e-08 -1.54892e-24 0)
(1.44342e-06 -8.89632e-08 3.29605e-22 -1.97804e-07 5.77037e-23 0)
(1.53927e-06 3.77676e-08 -2.04855e-22 -3.12461e-07 8.79521e-24 0)
(1.62159e-06 1.54732e-07 3.14465e-24 -4.13054e-07 2.73679e-24 0)
(1.70555e-06 2.61858e-07 -8.4115e-22 -5.02904e-07 -5.81919e-22 0)
(1.78801e-06 3.53348e-07 -3.56289e-22 -5.85249e-07 -3.03005e-22 0)
(1.86947e-06 4.27433e-07 5.19793e-22 -6.62411e-07 5.0385e-22 0)
(1.95485e-06 4.85353e-07 2.64697e-28 -7.36142e-07 2.09445e-28 0)
(2.03072e-06 5.23719e-07 5.23387e-28 -8.06241e-07 3.99601e-28 0)
(2.11542e-06 5.53138e-07 3.05027e-22 -8.66096e-07 7.20151e-23 0)
(1.27254e-06 -2.3369e-07 0 -7.35321e-08 0 0)
(1.35891e-06 -1.31589e-07 5.55582e-23 -2.07263e-07 5.68414e-23 0)
(1.45271e-06 -1.53907e-09 9.06429e-23 -3.21658e-07 8.89746e-23 0)
(1.52977e-06 1.17394e-07 3.00358e-22 -4.17127e-07 1.35944e-22 0)
(1.60758e-06 2.24656e-07 1.54301e-22 -4.99402e-07 1.34006e-22 0)
(1.68395e-06 3.15716e-07 4.96299e-24 -5.73027e-07 4.03727e-24 0)
(1.76037e-06 3.89391e-07 2.09234e-22 -6.41324e-07 1.62809e-22 0)
(1.8411e-06 4.47778e-07 -3.90135e-22 -7.06327e-07 -3.83712e-22 0)
(1.91451e-06 4.87707e-07 -5.09602e-22 -7.68441e-07 -3.6451e-22 0)
(1.99593e-06 5.20067e-07 7.15952e-22 -8.21402e-07 6.73677e-22 0)
(1.18709e-06 -2.82529e-07 0 -8.02165e-08 0 0)
(1.27447e-06 -1.73691e-07 0 -2.18886e-07 0 0)
(1.36372e-06 -3.8812e-08 -2.67855e-22 -3.31339e-07 -2.73692e-22 0)
(1.4335e-06 8.22386e-08 0 -4.19699e-07 0 0)
(1.50397e-06 1.88626e-07 -9.25143e-22 -4.93112e-07 -6.58925e-22 0)
(1.57405e-06 2.77649e-07 3.95374e-22 -5.57548e-07 3.07636e-22 0)
(1.64585e-06 3.49091e-07 1.24984e-21 -6.17133e-07 1.11809e-21 0)
(1.72276e-06 4.05974e-07 8.65103e-22 -6.74002e-07 9.57733e-22 0)
(1.79471e-06 4.45574e-07 -4.14182e-22 -7.28888e-07 -4.38911e-22 0)
(1.87407e-06 4.78778e-07 -1.53235e-21 -7.76004e-07 -1.56646e-21 0)
(1.10454e-06 -3.33863e-07 -1.73899e-23 -9.06522e-08 -2.44689e-23 0)
(1.19078e-06 -2.12047e-07 6.88639e-22 -2.34282e-07 -1.42892e-22 0)
(1.27101e-06 -7.07823e-08 1.67511e-22 -3.42304e-07 1.8377e-22 0)
(1.3305e-06 5.14074e-08 6.94074e-24 -4.21313e-07 5.5073e-24 0)
(1.392e-06 1.54572e-07 -5.69375e-22 -4.84377e-07 -3.73051e-22 0)
(1.45554e-06 2.3889e-07 -1.27685e-21 -5.39182e-07 -1.02485e-21 0)
(1.52337e-06 3.05543e-07 1.41451e-21 -5.90277e-07 1.23333e-21 0)
(1.5976e-06 3.5851e-07 2.50962e-22 -6.39691e-07 1.56167e-22 0)
(1.66948e-06 3.95628e-07 8.36642e-22 -6.88196e-07 4.96269e-22 0)
(1.7483e-06 4.27546e-07 3.89343e-22 -7.30545e-07 4.52659e-22 0)
(1.03109e-06 -3.87031e-07 -1.98662e-22 -1.11842e-07 1.39834e-22 0)
(1.10981e-06 -2.43869e-07 -6.43529e-22 -2.56088e-07 1.97965e-22 0)
(1.17161e-06 -9.51363e-08 2.42725e-22 -3.51338e-07 2.90014e-22 0)
(1.21606e-06 2.58828e-08 1.06735e-22 -4.15268e-07 -1.46833e-22 0)
(1.26686e-06 1.22619e-07 5.03146e-22 -4.65347e-07 3.81829e-22 0)
(1.32425e-06 1.98876e-07 -9.61121e-22 -5.09953e-07 -7.54669e-22 0)
(1.38949e-06 2.57829e-07 8.10376e-24 -5.53214e-07 5.96165e-24 0)
(1.46294e-06 3.04295e-07 8.91424e-22 -5.96459e-07 8.51636e-22 0)
(1.53681e-06 3.36716e-07 -2.95007e-22 -6.40172e-07 -1.52573e-22 0)
(1.61731e-06 3.65217e-07 -3.09088e-22 -6.79547e-07 -1.51337e-22 0)
(9.75826e-07 -4.34951e-07 1.26654e-30 -1.48192e-07 -1.87557e-30 0)
(1.03158e-06 -2.54347e-07 4.8428e-23 -2.86424e-07 1.55072e-22 0)
(1.06106e-06 -1.01418e-07 2.81781e-22 -3.5996e-07 -4.67035e-22 0)
(1.08485e-06 1.00431e-08 -1.24235e-22 -4.05218e-07 -1.14047e-22 0)
(1.12385e-06 9.28512e-08 -6.71409e-22 -4.41103e-07 -4.8878e-22 0)
(1.17624e-06 1.55275e-07 0 -4.76011e-07 0 0)
(1.24116e-06 2.02278e-07 -5.24555e-22 -5.1264e-07 -2.70018e-22 0)
(1.31647e-06 2.38956e-07 2.79678e-22 -5.51224e-07 3.43337e-22 0)
(1.39507e-06 2.64159e-07 5.99895e-22 -5.91637e-07 7.76338e-22 0)
(1.47996e-06 2.86983e-07 -3.2556e-22 -6.29588e-07 -4.57592e-22 0)
(9.7625e-07 -4.57182e-07 -6.34034e-22 -2.36928e-07 7.3221e-22 0)
(9.49983e-07 -2.37408e-07 3.75645e-22 -3.24982e-07 -2.82244e-22 0)
(9.23514e-07 -8.80796e-08 5.39949e-22 -3.48564e-07 -5.36952e-24 0)
(9.22081e-07 2.08109e-09 -1.97906e-22 -3.64536e-07 5.19928e-23 0)
(9.52337e-07 6.37214e-08 -3.69087e-22 -3.85749e-07 -2.6255e-22 0)
(1.00445e-06 1.06877e-07 -2.37215e-22 -4.13306e-07 -1.12579e-22 0)
(1.07382e-06 1.38332e-07 0 -4.46794e-07 0 0)
(1.1555e-06 1.62505e-07 -3.2298e-22 -4.84392e-07 -1.23294e-22 0)
(1.24279e-06 1.78541e-07 3.51138e-22 -5.2518e-07 1.26101e-22 0)
(1.33571e-06 1.93792e-07 -2.03842e-27 -5.6531e-07 -6.96292e-28 0)
(1.08464e-06 -2.63326e-07 7.94671e-23 -3.84616e-07 1.78667e-20 -6.07978e-35)
(8.33471e-07 -1.05873e-07 7.33754e-22 -3.51108e-07 1.77143e-20 6.03715e-35)
(7.45741e-07 -3.37301e-08 1.69517e-22 -3.24849e-07 1.83987e-20 -5.93155e-35)
(7.18394e-07 7.21831e-10 5.9495e-22 -3.16724e-07 1.82365e-20 -1.91549e-35)
(7.47454e-07 2.28156e-08 3.57792e-22 -3.29687e-07 1.80678e-20 1.89884e-35)
(8.05342e-07 3.75727e-08 2.27405e-23 -3.5446e-07 1.76342e-20 1.8035e-35)
(8.85032e-07 4.82166e-08 4.67278e-22 -3.88248e-07 1.78891e-20 -2.63937e-38)
(9.78467e-07 5.64496e-08 9.64451e-23 -4.27609e-07 1.77215e-20 1.6939e-35)
(1.07922e-06 6.18214e-08 6.5061e-22 -4.70501e-07 1.81427e-20 6.53996e-38)
(1.18462e-06 6.72467e-08 -3.03307e-22 -5.1449e-07 1.78799e-20 3.09566e-35)
)
;

boundaryField
{
    left
    {
        type            calculated;
        value           nonuniform List<symmTensor> 
30
(
(2.52499e-06 8.07055e-08 9.81506e-22 -2.81985e-08 1.92247e-22 0)
(2.39027e-06 7.16733e-08 3.0283e-23 -3.02401e-08 8.84988e-24 0)
(2.26917e-06 5.98149e-08 -5.49366e-23 -3.36224e-08 -1.94661e-23 0)
(2.15821e-06 4.36849e-08 0 -3.74666e-08 0 0)
(2.05413e-06 2.3564e-08 3.74813e-22 -4.13127e-08 5.07982e-23 0)
(1.9561e-06 2.52093e-11 -7.18333e-22 -4.5082e-08 -8.0557e-23 0)
(1.86201e-06 -2.70821e-08 0 -4.87636e-08 0 0)
(1.7711e-06 -5.72572e-08 3.0854e-22 -5.22524e-08 2.11503e-24 0)
(1.68212e-06 -9.05426e-08 4.06653e-23 -5.56452e-08 3.08775e-23 0)
(1.59439e-06 -1.26652e-07 5.98851e-23 -5.88996e-08 4.87795e-23 0)
(1.50712e-06 -1.65567e-07 -9.86153e-23 -6.21295e-08 -8.53484e-23 0)
(1.41982e-06 -2.07169e-07 -5.8186e-22 -6.54173e-08 4.64598e-23 0)
(1.33218e-06 -2.51508e-07 3.1483e-22 -6.90766e-08 -1.54892e-24 0)
(1.24418e-06 -2.98778e-07 0 -7.35321e-08 0 0)
(1.15668e-06 -3.49378e-07 0 -8.02165e-08 0 0)
(1.07155e-06 -4.0463e-07 -1.73899e-23 -9.06522e-08 -2.44689e-23 0)
(9.95663e-07 -4.65105e-07 -1.98662e-22 -1.11842e-07 1.39834e-22 0)
(9.43845e-07 -5.31535e-07 1.26654e-30 -1.48192e-07 -1.87557e-30 0)
(9.88171e-07 -5.88645e-07 -6.34034e-22 -2.36928e-07 7.3221e-22 0)
(1.28283e-06 -4.93802e-07 2.4423e-23 -3.84616e-07 1.78667e-20 -6.07978e-35)
(9.43451e-06 1.78379e-06 2.53329e-21 -2.8068e-06 -3.8866e-20 -1.72152e-34)
(6.49416e-06 9.4685e-07 -3.72801e-22 -1.26522e-06 -6.4651e-22 0)
(5.23077e-06 4.31869e-07 1.68981e-21 -5.2949e-07 7.18668e-22 0)
(4.479e-06 1.73472e-07 8.70025e-23 -2.61209e-07 1.22309e-22 0)
(3.97317e-06 9.78025e-08 2.9727e-27 -1.22815e-07 2.77332e-27 0)
(3.58814e-06 6.77471e-08 1.61567e-21 -6.73479e-08 2.9045e-22 0)
(3.29166e-06 6.8681e-08 2.50763e-23 -3.78118e-08 7.46917e-24 0)
(3.04889e-06 7.39542e-08 1.23814e-21 -2.79272e-08 2.34607e-22 0)
(2.84869e-06 7.89052e-08 -1.37102e-23 -2.35478e-08 -1.05425e-24 0)
(2.67292e-06 8.40238e-08 -2.08094e-23 -2.52305e-08 -4.39211e-24 0)
)
;
    }
    right
    {
        type            calculated;
        value           nonuniform List<symmTensor> 
30
(
(2.27516e-06 7.24505e-10 2.71638e-20 -9.73974e-07 1.48946e-20 -2.26109e-35)
(2.27486e-06 7.24666e-10 2.9712e-20 -9.73267e-07 1.05017e-21 3.32618e-35)
(2.27775e-06 7.21026e-10 3.04463e-20 -9.8002e-07 2.17872e-22 2.51152e-38)
(2.28521e-06 7.10736e-10 2.85119e-20 -9.9743e-07 -2.32181e-21 -5.01998e-35)
(2.29636e-06 6.96686e-10 3.43627e-20 -1.02345e-06 2.35576e-21 5.19631e-35)
(2.31046e-06 6.77129e-10 3.6145e-20 -1.05635e-06 8.62308e-22 -3.96427e-37)
(2.32625e-06 6.56271e-10 3.78034e-20 -1.0932e-06 7.08232e-22 -1.71531e-37)
(2.3426e-06 6.34103e-10 4.12165e-20 -1.13134e-06 1.20383e-21 -4.8009e-37)
(2.35838e-06 6.13619e-10 4.00668e-20 -1.16817e-06 -1.01264e-21 -3.8024e-35)
(2.37258e-06 5.94093e-10 4.26124e-20 -1.20129e-06 -1.18099e-22 -1.67654e-37)
(2.38423e-06 5.78625e-10 4.53153e-20 -1.22847e-06 1.154e-22 2.01649e-37)
(2.39289e-06 5.6685e-10 4.65478e-20 -1.24868e-06 -4.90784e-36 -1.3716e-49)
(2.39875e-06 5.58642e-10 4.67986e-20 -1.26236e-06 -2.71002e-22 -1.04696e-49)
(2.40193e-06 5.55483e-10 4.72637e-20 -1.26979e-06 -2.72595e-22 0)
(2.40192e-06 5.55037e-10 4.89536e-20 -1.26975e-06 5.45176e-22 0)
(2.39893e-06 5.59245e-10 4.744e-20 -1.26278e-06 3.7876e-35 -6.98944e-50)
(2.39343e-06 5.66744e-10 4.669e-20 -1.24994e-06 -5.57186e-36 -1.37579e-49)
(2.3854e-06 5.76901e-10 4.61199e-20 -1.23122e-06 2.64315e-22 1.11692e-64)
(2.37532e-06 5.90213e-10 4.36846e-20 -1.20768e-06 -2.59262e-22 -9.76955e-50)
(2.36356e-06 6.06222e-10 4.25918e-20 -1.18026e-06 3.38608e-35 -6.27518e-50)
(2.35067e-06 6.23368e-10 4.08194e-20 -1.15017e-06 -1.70123e-36 0)
(2.33718e-06 6.41377e-10 3.89634e-20 -1.11869e-06 -1.65467e-36 0)
(2.32369e-06 6.60129e-10 3.71091e-20 -1.08723e-06 -8.04066e-37 0)
(2.31082e-06 6.76588e-10 3.53394e-20 -1.0572e-06 -3.13272e-35 -5.2067e-50)
(2.2992e-06 6.92989e-10 3.3742e-20 -1.03008e-06 -1.34061e-36 -9.94271e-50)
(2.28939e-06 7.05699e-10 3.23889e-20 -1.00718e-06 2.89289e-35 -4.77201e-50)
(2.28196e-06 7.15338e-10 3.13719e-20 -9.89832e-07 5.60229e-35 -4.77695e-64)
(2.27713e-06 7.21888e-10 3.06835e-20 -9.78569e-07 -1.47154e-36 0)
(2.27522e-06 7.25035e-10 3.09656e-20 -9.74125e-07 2.09123e-22 0)
(2.27537e-06 7.2408e-10 3.03773e-20 -9.74463e-07 1.75047e-20 0)
)
;
    }
    down
    {
        type            calculated;
        value           nonuniform List<symmTensor> 
30
(
(-8.87447e-09 2.44903e-09 3.71113e-20 4.85859e-09 3.85118e-20 1.79573e-34)
(1.04761e-08 2.43419e-09 -9.39576e-23 -3.44089e-09 3.74461e-20 1.5232e-36)
(1.06046e-07 2.36233e-09 -1.18257e-21 -4.44288e-08 3.38295e-20 1.9026e-35)
(2.56813e-07 2.24767e-09 -2.12062e-24 -1.09089e-07 3.51473e-20 0)
(4.30506e-07 2.11762e-09 -1.59808e-22 -1.83582e-07 3.32832e-20 -1.53217e-36)
(6.12111e-07 1.9795e-09 -1.62085e-21 -2.6147e-07 3.49995e-20 3.20768e-35)
(7.89546e-07 1.84517e-09 3.63822e-22 -3.37568e-07 3.69279e-20 1.53464e-36)
(9.58729e-07 1.71846e-09 -1.07548e-21 -4.10125e-07 3.57987e-20 2.92062e-35)
(1.11394e-06 1.60087e-09 8.68776e-22 -4.76692e-07 3.61598e-20 -1.26841e-35)
(1.25773e-06 1.49214e-09 1.82492e-21 -5.38361e-07 3.56791e-20 -3.82794e-35)
(1.38719e-06 1.39433e-09 1.84334e-21 -5.93885e-07 3.68207e-20 -1.13995e-35)
(1.50001e-06 1.3098e-09 1.72858e-21 -6.42271e-07 3.55439e-20 -2.50582e-35)
(1.60364e-06 1.23113e-09 -1.61515e-22 -6.86718e-07 3.3327e-20 -1.46221e-35)
(1.69683e-06 1.1609e-09 1.74247e-22 -7.26682e-07 3.45358e-20 -6.4186e-37)
(1.78089e-06 1.09738e-09 -8.60009e-22 -7.62735e-07 3.47014e-20 3.81298e-35)
(1.85622e-06 1.03985e-09 5.81853e-22 -7.95043e-07 3.5181e-20 0)
(1.92375e-06 9.8944e-10 5.48631e-22 -8.24004e-07 3.51628e-20 0)
(1.98394e-06 9.44371e-10 1.06763e-21 -8.49819e-07 3.58229e-20 4.9554e-37)
(2.03751e-06 9.02611e-10 9.71316e-22 -8.72792e-07 3.53093e-20 -1.29537e-35)
(2.08485e-06 8.68064e-10 1.60805e-21 -8.93097e-07 3.64811e-20 8.4042e-37)
(2.12645e-06 8.36391e-10 1.89734e-21 -9.10938e-07 3.56561e-20 -3.92341e-35)
(2.16259e-06 8.09853e-10 -1.2066e-22 -9.26438e-07 3.48842e-20 1.3141e-35)
(2.19353e-06 7.86031e-10 1.84878e-21 -9.39707e-07 3.56343e-20 -3.96133e-35)
(2.21943e-06 7.66299e-10 -1.54666e-21 -9.50815e-07 3.29059e-20 -7.95339e-37)
(2.24036e-06 7.49865e-10 3.84121e-22 -9.59791e-07 3.55531e-20 1.35588e-35)
(2.25643e-06 7.38344e-10 2.34822e-22 -9.66683e-07 3.5014e-20 -3.20931e-45)
(2.26759e-06 7.29856e-10 -4.33009e-22 -9.7147e-07 3.4267e-20 -1.44778e-37)
(2.27426e-06 7.25368e-10 7.9445e-22 -9.74331e-07 3.57337e-20 1.03874e-37)
(2.2764e-06 7.23271e-10 4.33554e-22 -9.75249e-07 3.40733e-20 -4.09343e-35)
(2.27567e-06 7.23543e-10 1.21427e-20 -9.74934e-07 3.23595e-20 -2.26109e-35)
)
;
    }
    up
    {
        type            calculated;
        value           nonuniform List<symmTensor> 
30
(
(1.08464e-06 1.62254e-09 7.94671e-23 -4.64126e-07 3.6196e-20 -6.07978e-35)
(8.33471e-07 1.81176e-09 7.33754e-22 -3.56406e-07 3.59484e-20 6.03715e-35)
(7.45741e-07 1.87866e-09 1.69517e-22 -3.18781e-07 3.65548e-20 -5.93155e-35)
(7.18394e-07 1.89983e-09 5.9495e-22 -3.07052e-07 3.63217e-20 -1.91549e-35)
(7.47454e-07 1.8778e-09 3.57792e-22 -3.19514e-07 3.60842e-20 1.89884e-35)
(8.05342e-07 1.8331e-09 2.27405e-23 -3.44342e-07 3.55871e-20 1.8035e-35)
(8.85032e-07 1.77335e-09 4.67278e-22 -3.78519e-07 3.57846e-20 -2.63937e-38)
(9.78467e-07 1.70307e-09 9.64451e-23 -4.18592e-07 3.55659e-20 1.6939e-35)
(1.07922e-06 1.62774e-09 6.5061e-22 -4.61802e-07 3.59427e-20 6.53996e-38)
(1.18462e-06 1.54774e-09 -3.03307e-22 -5.07005e-07 3.56403e-20 3.09566e-35)
(1.28657e-06 1.47016e-09 -6.15859e-22 -5.50732e-07 3.4836e-20 1.52638e-35)
(1.38149e-06 1.39926e-09 -2.96575e-22 -5.91438e-07 3.48472e-20 -2.60345e-50)
(1.47542e-06 1.32805e-09 -3.16741e-22 -6.31726e-07 3.47674e-20 -2.59916e-50)
(1.56566e-06 1.25983e-09 1.51121e-35 -6.70427e-07 3.52331e-20 0)
(1.6523e-06 1.19488e-09 3.54712e-22 -7.07583e-07 3.57375e-20 0)
(1.73401e-06 1.13197e-09 3.72253e-22 -7.42626e-07 3.57104e-20 2.58928e-50)
(1.81073e-06 1.07407e-09 -3.88725e-22 -7.75532e-07 3.45496e-20 -5.17377e-50)
(1.88192e-06 1.0215e-09 -4.04006e-22 -8.06061e-07 3.45169e-20 1.78068e-64)
(1.94752e-06 9.71675e-10 4.18091e-22 -8.34199e-07 3.56457e-20 -7.74979e-50)
(2.00738e-06 9.2694e-10 3.05102e-35 -8.59868e-07 3.50512e-20 -5.16396e-50)
(2.06148e-06 8.86492e-10 0 -8.83071e-07 3.5038e-20 0)
(2.10977e-06 8.49665e-10 -2.65577e-35 -9.03784e-07 3.50287e-20 -5.16065e-50)
(2.15223e-06 8.17344e-10 5.44309e-36 -9.21992e-07 3.50231e-20 -1.03196e-49)
(2.18875e-06 7.89433e-10 3.83385e-36 -9.37657e-07 3.50206e-20 -1.03189e-49)
(2.21917e-06 7.67434e-10 5.45177e-36 -9.507e-07 3.50211e-20 -1.0319e-49)
(2.24332e-06 7.48332e-10 7.10166e-36 -9.61059e-07 3.50243e-20 -1.032e-49)
(2.26085e-06 7.34997e-10 -4.85355e-22 -9.68579e-07 3.44786e-20 -5.16077e-50)
(2.27193e-06 7.26887e-10 3.00551e-35 -9.73331e-07 3.50361e-20 0)
(2.27626e-06 7.22992e-10 0 -9.75189e-07 3.50425e-20 0)
(2.27595e-06 7.23806e-10 1.51739e-20 -9.75056e-07 3.50452e-20 0)
)
;
    }
    hole
    {
        type            calculated;
        value           nonuniform List<symmTensor> 
20
(
(1.39123e-06 -2.88498e-06 5.18964e-19 9.29857e-07 5.65972e-19 7.71375e-34)
(2.15775e-06 -3.30093e-06 5.37217e-19 5.64207e-07 6.86879e-19 4.62421e-35)
(3.04793e-06 -3.58863e-06 5.26102e-19 6.56838e-08 7.87366e-19 0)
(4.0233e-06 -3.71149e-06 4.68012e-19 -5.3499e-07 8.39743e-19 -2.53978e-35)
(5.03044e-06 -3.63862e-06 3.63319e-19 -1.19565e-06 7.90407e-19 -4.60131e-34)
(6.02536e-06 -3.36682e-06 2.48081e-19 -1.87083e-06 6.82729e-19 -4.42753e-34)
(6.93547e-06 -2.8885e-06 1.54997e-19 -2.50535e-06 5.29171e-19 -8.38706e-34)
(7.76992e-06 -2.24262e-06 7.59491e-20 -3.074e-06 3.38648e-19 -2.71014e-35)
(8.40544e-06 -1.42752e-06 1.92654e-20 -3.50537e-06 1.27988e-19 1.49245e-34)
(8.97336e-06 -5.02782e-07 -5.88148e-22 -3.83488e-06 -7.86875e-20 -1.72152e-34)
(1.83528e-09 2.56668e-09 7.69622e-20 -1.573e-09 2.42011e-20 1.79573e-34)
(1.78625e-09 2.81207e-09 7.94354e-20 -1.5109e-09 1.08282e-20 5.05973e-35)
(-2.94655e-08 -1.97231e-08 8.22789e-20 7.74162e-08 1.63286e-20 -2.2569e-36)
(-8.74401e-08 -9.96369e-08 9.63214e-20 2.45457e-07 2.57708e-20 -4.30822e-35)
(-1.46397e-07 -2.63653e-07 1.11357e-19 4.76057e-07 4.41091e-20 1.11278e-34)
(-1.72644e-07 -5.29133e-07 1.55827e-19 7.34012e-07 7.00011e-20 -1.63839e-34)
(-1.26703e-07 -8.96069e-07 2.27653e-19 9.72173e-07 1.25234e-19 -1.71358e-34)
(2.85147e-08 -1.34998e-06 3.16149e-19 1.14539e-06 2.05336e-19 -3.41413e-34)
(3.23186e-07 -1.86097e-06 3.9743e-19 1.21315e-06 3.13544e-19 4.61502e-34)
(7.76029e-07 -2.38868e-06 4.67789e-19 1.14645e-06 4.3287e-19 6.72257e-35)
)
;
    }
    frontAndBack
    {
        type            empty;
    }
}


// ************************************************************************* //
