/*--------------------------------*- C++ -*----------------------------------*\
  =========                 |
  \\      /  F ield         | OpenFOAM: The Open Source CFD Toolbox
   \\    /   O peration     | Website:  https://openfoam.org
    \\  /    A nd           | Version:  9
     \\/     M anipulation  |
\*---------------------------------------------------------------------------*/
FoamFile
{
    format      ascii;
    class       pointVectorField;
    location    "5";
    object      pointD;
}
// * * * * * * * * * * * * * * * * * * * * * * * * * * * * * * * * * * * * * //

dimensions      [0 1 0 0 0 0 0];

internalField   nonuniform List<vector> 
2142
(
(3.70475e-06 1.08623e-06 -3.56459e-20)
(3.4339e-06 1.25755e-06 0)
(3.24458e-06 1.37975e-06 0)
(3.10683e-06 1.47904e-06 0)
(3.0077e-06 1.56041e-06 0)
(2.9374e-06 1.63049e-06 0)
(2.88889e-06 1.69212e-06 0)
(2.85725e-06 1.74783e-06 0)
(2.83863e-06 1.79913e-06 0)
(2.83025e-06 1.84704e-06 0)
(2.83198e-06 1.89905e-06 0)
(3.38523e-06 9.96618e-07 -4.17175e-20)
(3.09851e-06 1.13164e-06 0)
(2.89976e-06 1.22677e-06 0)
(2.756e-06 1.30476e-06 0)
(2.65283e-06 1.36852e-06 0)
(2.57952e-06 1.42369e-06 0)
(2.5285e-06 1.47225e-06 0)
(2.49449e-06 1.51632e-06 0)
(2.47335e-06 1.55692e-06 0)
(2.46221e-06 1.59526e-06 0)
(2.41309e-06 1.59714e-06 0)
(3.05272e-06 9.08501e-07 -4.6238e-20)
(2.75817e-06 1.0031e-06 0)
(2.55528e-06 1.06907e-06 0)
(2.40935e-06 1.12477e-06 0)
(2.30502e-06 1.17064e-06 0)
(2.23094e-06 1.21103e-06 0)
(2.17911e-06 1.24685e-06 0)
(2.14405e-06 1.27971e-06 0)
(2.12149e-06 1.31004e-06 0)
(2.10831e-06 1.33901e-06 0)
(2.06429e-06 1.336e-06 0)
(2.70855e-06 8.22658e-07 -4.84331e-20)
(2.41491e-06 8.74494e-07 0)
(2.2136e-06 9.10314e-07 0)
(2.0697e-06 9.43491e-07 0)
(1.96738e-06 9.71773e-07 0)
(1.89497e-06 9.98004e-07 0)
(1.84428e-06 1.02195e-06 0)
(1.80972e-06 1.04454e-06 0)
(1.78704e-06 1.06562e-06 0)
(1.77307e-06 1.0861e-06 0)
(1.73503e-06 1.07978e-06 0)
(2.35393e-06 7.39551e-07 -4.65132e-20)
(2.07014e-06 7.48235e-07 0)
(1.87642e-06 7.54113e-07 0)
(1.73902e-06 7.65418e-07 0)
(1.64212e-06 7.77085e-07 0)
(1.574e-06 7.90339e-07 0)
(1.5265e-06 8.03673e-07 0)
(1.49406e-06 8.17272e-07 0)
(1.47257e-06 8.30394e-07 0)
(1.45892e-06 8.43559e-07 0)
(1.42716e-06 8.35395e-07 0)
(1.99054e-06 6.59152e-07 -4.05718e-20)
(1.72496e-06 6.26241e-07 0)
(1.54484e-06 6.03706e-07 0)
(1.41861e-06 5.94871e-07 0)
(1.33074e-06 5.91758e-07 0)
(1.26964e-06 5.93895e-07 0)
(1.22738e-06 5.98425e-07 0)
(1.19861e-06 6.04746e-07 0)
(1.1795e-06 6.11535e-07 0)
(1.16713e-06 6.18873e-07 0)
(1.14162e-06 6.10288e-07 0)
(1.61946e-06 5.80573e-07 -3.23665e-20)
(1.37945e-06 5.09588e-07 0)
(1.21909e-06 4.61662e-07 0)
(1.10896e-06 4.35807e-07 0)
(1.03388e-06 4.20849e-07 0)
(9.82553e-07 4.14546e-07 0)
(9.47503e-07 4.12649e-07 0)
(9.23816e-07 4.13796e-07 0)
(9.08106e-07 4.16151e-07 0)
(8.97771e-07 4.19382e-07 0)
(8.78268e-07 4.11703e-07 0)
(1.24387e-06 5.01473e-07 -2.25679e-20)
(1.03404e-06 3.9779e-07 0)
(8.99653e-07 3.29616e-07 0)
(8.10824e-07 2.919e-07 0)
(7.52228e-07 2.69496e-07 0)
(7.13123e-07 2.58374e-07 0)
(6.8687e-07 2.5299e-07 0)
(6.69299e-07 2.51367e-07 0)
(6.5766e-07 2.51334e-07 0)
(6.49864e-07 2.52263e-07 0)
(6.35947e-07 2.46571e-07 0)
(8.65753e-07 4.14773e-07 -1.19429e-20)
(6.871e-07 2.86707e-07 0)
(5.86528e-07 2.07518e-07 0)
(5.24455e-07 1.66442e-07 0)
(4.85567e-07 1.43031e-07 0)
(4.605e-07 1.3165e-07 0)
(4.43973e-07 1.26022e-07 0)
(4.33004e-07 1.2398e-07 0)
(4.25693e-07 1.23394e-07 0)
(4.20651e-07 1.23579e-07 0)
(4.11786e-07 1.20444e-07 0)
(5.08927e-07 3.05369e-07 -1.24124e-21)
(3.41561e-07 1.6884e-07 0)
(2.84397e-07 9.87204e-08 0)
(2.53776e-07 6.72319e-08 0)
(2.35807e-07 5.10885e-08 0)
(2.24583e-07 4.40443e-08 0)
(2.17205e-07 4.09002e-08 0)
(2.12288e-07 4.00124e-08 0)
(2.0893e-07 3.99248e-08 0)
(2.065e-07 4.01965e-08 0)
(2.0214e-07 3.92755e-08 0)
(1.71216e-07 1.214e-07 2.0175e-21)
(0 0 0)
(0 0 0)
(0 0 0)
(0 0 0)
(0 0 0)
(0 0 0)
(0 0 0)
(0 0 0)
(0 0 0)
(0 0 0)
(3.70475e-06 1.08623e-06 -3.56459e-20)
(3.4339e-06 1.25755e-06 0)
(3.24458e-06 1.37975e-06 0)
(3.10683e-06 1.47904e-06 0)
(3.0077e-06 1.56041e-06 0)
(2.9374e-06 1.63049e-06 0)
(2.88889e-06 1.69212e-06 0)
(2.85725e-06 1.74783e-06 0)
(2.83863e-06 1.79913e-06 0)
(2.83025e-06 1.84704e-06 0)
(2.83198e-06 1.89905e-06 0)
(3.38523e-06 9.96618e-07 -4.17175e-20)
(3.09851e-06 1.13164e-06 0)
(2.89976e-06 1.22677e-06 0)
(2.756e-06 1.30476e-06 0)
(2.65283e-06 1.36852e-06 0)
(2.57952e-06 1.42369e-06 0)
(2.5285e-06 1.47225e-06 0)
(2.49449e-06 1.51632e-06 0)
(2.47335e-06 1.55692e-06 0)
(2.46221e-06 1.59526e-06 0)
(2.41309e-06 1.59714e-06 0)
(3.05272e-06 9.08501e-07 -4.6238e-20)
(2.75817e-06 1.0031e-06 0)
(2.55528e-06 1.06907e-06 0)
(2.40935e-06 1.12477e-06 0)
(2.30502e-06 1.17064e-06 0)
(2.23094e-06 1.21103e-06 0)
(2.17911e-06 1.24685e-06 0)
(2.14405e-06 1.27971e-06 0)
(2.12149e-06 1.31004e-06 0)
(2.10831e-06 1.33901e-06 0)
(2.06429e-06 1.336e-06 0)
(2.70855e-06 8.22658e-07 -4.84331e-20)
(2.41491e-06 8.74494e-07 0)
(2.2136e-06 9.10314e-07 0)
(2.0697e-06 9.43491e-07 0)
(1.96738e-06 9.71773e-07 0)
(1.89497e-06 9.98004e-07 0)
(1.84428e-06 1.02195e-06 0)
(1.80972e-06 1.04454e-06 0)
(1.78704e-06 1.06562e-06 0)
(1.77307e-06 1.0861e-06 0)
(1.73503e-06 1.07978e-06 0)
(2.35393e-06 7.39551e-07 -4.65132e-20)
(2.07014e-06 7.48235e-07 0)
(1.87642e-06 7.54113e-07 0)
(1.73902e-06 7.65418e-07 0)
(1.64212e-06 7.77085e-07 0)
(1.574e-06 7.90339e-07 0)
(1.5265e-06 8.03673e-07 0)
(1.49406e-06 8.17272e-07 0)
(1.47257e-06 8.30394e-07 0)
(1.45892e-06 8.43559e-07 0)
(1.42716e-06 8.35395e-07 0)
(1.99054e-06 6.59152e-07 -4.05718e-20)
(1.72496e-06 6.26241e-07 0)
(1.54484e-06 6.03706e-07 0)
(1.41861e-06 5.94871e-07 0)
(1.33074e-06 5.91758e-07 0)
(1.26964e-06 5.93895e-07 0)
(1.22738e-06 5.98425e-07 0)
(1.19861e-06 6.04746e-07 0)
(1.1795e-06 6.11535e-07 0)
(1.16713e-06 6.18873e-07 0)
(1.14162e-06 6.10288e-07 0)
(1.61946e-06 5.80573e-07 -3.23665e-20)
(1.37945e-06 5.09588e-07 0)
(1.21909e-06 4.61662e-07 0)
(1.10896e-06 4.35807e-07 0)
(1.03388e-06 4.20849e-07 0)
(9.82553e-07 4.14546e-07 0)
(9.47503e-07 4.12649e-07 0)
(9.23816e-07 4.13796e-07 0)
(9.08106e-07 4.16151e-07 0)
(8.97771e-07 4.19382e-07 0)
(8.78268e-07 4.11703e-07 0)
(1.24387e-06 5.01473e-07 -2.25679e-20)
(1.03404e-06 3.9779e-07 0)
(8.99653e-07 3.29616e-07 0)
(8.10824e-07 2.919e-07 0)
(7.52228e-07 2.69496e-07 0)
(7.13123e-07 2.58374e-07 0)
(6.8687e-07 2.5299e-07 0)
(6.69299e-07 2.51367e-07 0)
(6.5766e-07 2.51334e-07 0)
(6.49864e-07 2.52263e-07 0)
(6.35947e-07 2.46571e-07 0)
(8.65753e-07 4.14773e-07 -1.19429e-20)
(6.871e-07 2.86707e-07 0)
(5.86528e-07 2.07518e-07 0)
(5.24455e-07 1.66442e-07 0)
(4.85567e-07 1.43031e-07 0)
(4.605e-07 1.3165e-07 0)
(4.43973e-07 1.26022e-07 0)
(4.33004e-07 1.2398e-07 0)
(4.25693e-07 1.23394e-07 0)
(4.20651e-07 1.23579e-07 0)
(4.11786e-07 1.20444e-07 0)
(5.08927e-07 3.05369e-07 -1.24124e-21)
(3.41561e-07 1.6884e-07 0)
(2.84397e-07 9.87204e-08 0)
(2.53776e-07 6.72319e-08 0)
(2.35807e-07 5.10885e-08 0)
(2.24583e-07 4.40443e-08 0)
(2.17205e-07 4.09002e-08 0)
(2.12288e-07 4.00124e-08 0)
(2.0893e-07 3.99248e-08 0)
(2.065e-07 4.01965e-08 0)
(2.0214e-07 3.92755e-08 0)
(1.71216e-07 1.214e-07 2.0175e-21)
(0 0 0)
(0 0 0)
(0 0 0)
(0 0 0)
(0 0 0)
(0 0 0)
(0 0 0)
(0 0 0)
(0 0 0)
(0 0 0)
(6.01009e-06 1.78243e-06 -2.77237e-21)
(6.05293e-06 1.95492e-06 -1.50817e-21)
(6.04767e-06 2.17673e-06 -1.64825e-21)
(6.04413e-06 2.38252e-06 -1.78963e-21)
(6.04771e-06 2.57194e-06 -1.93072e-21)
(6.06045e-06 2.74691e-06 -2.0712e-21)
(6.08308e-06 2.90968e-06 -2.211e-21)
(6.11551e-06 3.06256e-06 -2.35015e-21)
(6.15735e-06 3.20747e-06 -2.48871e-21)
(6.20769e-06 3.34622e-06 -2.62686e-21)
(6.26602e-06 3.47952e-06 -2.72706e-21)
(5.87656e-06 1.71561e-06 -4.16409e-21)
(5.85823e-06 1.9472e-06 0)
(5.84292e-06 2.16761e-06 0)
(5.83476e-06 2.37036e-06 0)
(5.83579e-06 2.55552e-06 0)
(5.84668e-06 2.72537e-06 0)
(5.86738e-06 2.8824e-06 0)
(5.89739e-06 3.02912e-06 0)
(5.93611e-06 3.16758e-06 0)
(5.98265e-06 3.29974e-06 0)
(6.03985e-06 3.4272e-06 0)
(5.6948e-06 1.68733e-06 -4.28241e-21)
(5.65662e-06 1.92402e-06 0)
(5.62559e-06 2.14239e-06 0)
(5.60571e-06 2.34089e-06 0)
(5.59778e-06 2.52062e-06 0)
(5.60153e-06 2.68442e-06 0)
(5.61608e-06 2.83501e-06 0)
(5.64041e-06 2.97505e-06 0)
(5.67356e-06 3.10667e-06 0)
(5.71435e-06 3.23194e-06 0)
(5.77003e-06 3.35381e-06 0)
(5.50218e-06 1.64155e-06 -4.60235e-21)
(5.43997e-06 1.88598e-06 0)
(5.3902e-06 2.10155e-06 0)
(5.35545e-06 2.29423e-06 0)
(5.33559e-06 2.46679e-06 0)
(5.32953e-06 2.62299e-06 0)
(5.33565e-06 2.76587e-06 0)
(5.35239e-06 2.8982e-06 0)
(5.37845e-06 3.02219e-06 0)
(5.41227e-06 3.13994e-06 0)
(5.46634e-06 3.25637e-06 0)
(5.29524e-06 1.58249e-06 -5.57358e-21)
(5.20495e-06 1.83366e-06 0)
(5.13437e-06 2.04518e-06 0)
(5.08305e-06 2.2306e-06 0)
(5.04981e-06 2.39448e-06 0)
(5.0326e-06 2.54165e-06 0)
(5.02912e-06 2.67553e-06 0)
(5.0373e-06 2.79905e-06 0)
(5.05548e-06 2.91444e-06 0)
(5.08172e-06 3.02383e-06 0)
(5.13436e-06 3.13484e-06 0)
(5.07203e-06 1.513e-06 -7.63433e-21)
(4.95042e-06 1.76728e-06 0)
(4.85774e-06 1.97262e-06 0)
(4.78925e-06 2.14904e-06 0)
(4.7423e-06 2.30265e-06 0)
(4.7137e-06 2.43942e-06 0)
(4.70044e-06 2.56309e-06 0)
(4.6999e-06 2.67673e-06 0)
(4.7101e-06 2.78262e-06 0)
(4.72874e-06 2.88284e-06 0)
(4.78037e-06 2.98849e-06 0)
(4.83182e-06 1.43564e-06 -1.10754e-20)
(4.67698e-06 1.68748e-06 0)
(4.56176e-06 1.88369e-06 0)
(4.47629e-06 2.04912e-06 0)
(4.41603e-06 2.191e-06 0)
(4.37648e-06 2.31616e-06 0)
(4.35386e-06 2.4286e-06 0)
(4.34501e-06 2.53149e-06 0)
(4.34761e-06 2.62711e-06 0)
(4.35906e-06 2.71746e-06 0)
(4.41021e-06 2.81787e-06 0)
(4.57447e-06 1.35252e-06 -1.59451e-20)
(4.38621e-06 1.59511e-06 0)
(4.249e-06 1.77859e-06 0)
(4.14744e-06 1.93083e-06 0)
(4.07485e-06 2.0595e-06 0)
(4.02531e-06 2.17201e-06 0)
(3.9942e-06 2.27239e-06 0)
(3.97785e-06 2.36385e-06 0)
(3.9736e-06 2.44863e-06 0)
(3.97856e-06 2.52857e-06 0)
(4.02981e-06 2.62393e-06 0)
(4.30036e-06 1.26552e-06 -2.20189e-20)
(4.08037e-06 1.49148e-06 0)
(3.92277e-06 1.65834e-06 0)
(3.8067e-06 1.79507e-06 0)
(3.72323e-06 1.90915e-06 0)
(3.66504e-06 2.00812e-06 0)
(3.62663e-06 2.09586e-06 0)
(3.60387e-06 2.17546e-06 0)
(3.59369e-06 2.24902e-06 0)
(3.5931e-06 2.3182e-06 0)
(3.645e-06 2.40863e-06 0)
(4.01015e-06 1.17627e-06 -2.88155e-20)
(3.76204e-06 1.37828e-06 0)
(3.58673e-06 1.52459e-06 0)
(3.45839e-06 1.6436e-06 0)
(3.36594e-06 1.74183e-06 0)
(3.30072e-06 1.82658e-06 0)
(3.25645e-06 1.90131e-06 0)
(3.22852e-06 1.96887e-06 0)
(3.21352e-06 2.03113e-06 0)
(3.20848e-06 2.08931e-06 0)
(3.26128e-06 2.17479e-06 0)
(6.01009e-06 1.78243e-06 -2.77237e-21)
(6.05293e-06 1.95492e-06 -1.50817e-21)
(6.04767e-06 2.17673e-06 -1.64825e-21)
(6.04413e-06 2.38252e-06 -1.78963e-21)
(6.04771e-06 2.57194e-06 -1.93072e-21)
(6.06045e-06 2.74691e-06 -2.0712e-21)
(6.08308e-06 2.90968e-06 -2.211e-21)
(6.11551e-06 3.06256e-06 -2.35015e-21)
(6.15735e-06 3.20747e-06 -2.48871e-21)
(6.20769e-06 3.34622e-06 -2.62686e-21)
(6.26602e-06 3.47952e-06 -2.72706e-21)
(5.87656e-06 1.71561e-06 -4.16409e-21)
(5.85823e-06 1.9472e-06 0)
(5.84292e-06 2.16761e-06 0)
(5.83476e-06 2.37036e-06 0)
(5.83579e-06 2.55552e-06 0)
(5.84668e-06 2.72537e-06 0)
(5.86738e-06 2.8824e-06 0)
(5.89739e-06 3.02912e-06 0)
(5.93611e-06 3.16758e-06 0)
(5.98265e-06 3.29974e-06 0)
(6.03985e-06 3.4272e-06 0)
(5.6948e-06 1.68733e-06 -4.28241e-21)
(5.65662e-06 1.92402e-06 0)
(5.62559e-06 2.14239e-06 0)
(5.60571e-06 2.34089e-06 0)
(5.59778e-06 2.52062e-06 0)
(5.60153e-06 2.68442e-06 0)
(5.61608e-06 2.83501e-06 0)
(5.64041e-06 2.97505e-06 0)
(5.67356e-06 3.10667e-06 0)
(5.71435e-06 3.23194e-06 0)
(5.77003e-06 3.35381e-06 0)
(5.50218e-06 1.64155e-06 -4.60235e-21)
(5.43997e-06 1.88598e-06 0)
(5.3902e-06 2.10155e-06 0)
(5.35545e-06 2.29423e-06 0)
(5.33559e-06 2.46679e-06 0)
(5.32953e-06 2.62299e-06 0)
(5.33565e-06 2.76587e-06 0)
(5.35239e-06 2.8982e-06 0)
(5.37845e-06 3.02219e-06 0)
(5.41227e-06 3.13994e-06 0)
(5.46634e-06 3.25637e-06 0)
(5.29524e-06 1.58249e-06 -5.57358e-21)
(5.20495e-06 1.83366e-06 0)
(5.13437e-06 2.04518e-06 0)
(5.08305e-06 2.2306e-06 0)
(5.04981e-06 2.39448e-06 0)
(5.0326e-06 2.54165e-06 0)
(5.02912e-06 2.67553e-06 0)
(5.0373e-06 2.79905e-06 0)
(5.05548e-06 2.91444e-06 0)
(5.08172e-06 3.02383e-06 0)
(5.13436e-06 3.13484e-06 0)
(5.07203e-06 1.513e-06 -7.63433e-21)
(4.95042e-06 1.76728e-06 0)
(4.85774e-06 1.97262e-06 0)
(4.78925e-06 2.14904e-06 0)
(4.7423e-06 2.30265e-06 0)
(4.7137e-06 2.43942e-06 0)
(4.70044e-06 2.56309e-06 0)
(4.6999e-06 2.67673e-06 0)
(4.7101e-06 2.78262e-06 0)
(4.72874e-06 2.88284e-06 0)
(4.78037e-06 2.98849e-06 0)
(4.83182e-06 1.43564e-06 -1.10754e-20)
(4.67698e-06 1.68748e-06 0)
(4.56176e-06 1.88369e-06 0)
(4.47629e-06 2.04912e-06 0)
(4.41603e-06 2.191e-06 0)
(4.37648e-06 2.31616e-06 0)
(4.35386e-06 2.4286e-06 0)
(4.34501e-06 2.53149e-06 0)
(4.34761e-06 2.62711e-06 0)
(4.35906e-06 2.71746e-06 0)
(4.41021e-06 2.81787e-06 0)
(4.57447e-06 1.35252e-06 -1.59451e-20)
(4.38621e-06 1.59511e-06 0)
(4.249e-06 1.77859e-06 0)
(4.14744e-06 1.93083e-06 0)
(4.07485e-06 2.0595e-06 0)
(4.02531e-06 2.17201e-06 0)
(3.9942e-06 2.27239e-06 0)
(3.97785e-06 2.36385e-06 0)
(3.9736e-06 2.44863e-06 0)
(3.97856e-06 2.52857e-06 0)
(4.02981e-06 2.62393e-06 0)
(4.30036e-06 1.26552e-06 -2.20189e-20)
(4.08037e-06 1.49148e-06 0)
(3.92277e-06 1.65834e-06 0)
(3.8067e-06 1.79507e-06 0)
(3.72323e-06 1.90915e-06 0)
(3.66504e-06 2.00812e-06 0)
(3.62663e-06 2.09586e-06 0)
(3.60387e-06 2.17546e-06 0)
(3.59369e-06 2.24902e-06 0)
(3.5931e-06 2.3182e-06 0)
(3.645e-06 2.40863e-06 0)
(4.01015e-06 1.17627e-06 -2.88155e-20)
(3.76204e-06 1.37828e-06 0)
(3.58673e-06 1.52459e-06 0)
(3.45839e-06 1.6436e-06 0)
(3.36594e-06 1.74183e-06 0)
(3.30072e-06 1.82658e-06 0)
(3.25645e-06 1.90131e-06 0)
(3.22852e-06 1.96887e-06 0)
(3.21352e-06 2.03113e-06 0)
(3.20848e-06 2.08931e-06 0)
(3.26128e-06 2.17479e-06 0)
(6.33234e-06 3.60906e-06 -2.75087e-21)
(6.40551e-06 3.73656e-06 -2.73609e-21)
(6.48436e-06 3.86215e-06 -2.72124e-21)
(6.56836e-06 3.98643e-06 -2.70631e-21)
(6.65697e-06 4.10992e-06 -2.69133e-21)
(6.74967e-06 4.23301e-06 -2.67634e-21)
(6.84602e-06 4.35606e-06 -2.66136e-21)
(6.94561e-06 4.47937e-06 -2.64639e-21)
(7.04808e-06 4.60318e-06 -2.63145e-21)
(7.15307e-06 4.7277e-06 -2.61655e-21)
(7.26028e-06 4.85311e-06 -2.60169e-21)
(7.36941e-06 4.97957e-06 -2.58687e-21)
(7.48017e-06 5.10718e-06 -2.57212e-21)
(7.59228e-06 5.23606e-06 -2.55744e-21)
(7.70547e-06 5.36623e-06 -2.54285e-21)
(7.81945e-06 5.49773e-06 -2.52837e-21)
(7.9339e-06 5.63048e-06 -2.51404e-21)
(8.04851e-06 5.76434e-06 -2.49993e-21)
(8.16289e-06 5.89898e-06 -2.48611e-21)
(8.20078e-06 5.98284e-06 -4.90487e-22)
(6.11059e-06 3.55282e-06 0)
(6.18995e-06 3.67762e-06 0)
(6.27393e-06 3.80076e-06 0)
(6.36208e-06 3.9229e-06 0)
(6.45401e-06 4.04452e-06 0)
(6.54936e-06 4.16601e-06 0)
(6.64778e-06 4.28772e-06 0)
(6.74896e-06 4.4099e-06 0)
(6.8526e-06 4.53281e-06 0)
(6.95845e-06 4.65662e-06 0)
(7.06623e-06 4.78152e-06 0)
(7.17573e-06 4.90763e-06 0)
(7.28669e-06 5.03508e-06 0)
(7.39892e-06 5.16394e-06 0)
(7.51218e-06 5.29428e-06 0)
(7.62627e-06 5.4261e-06 0)
(7.74097e-06 5.55933e-06 0)
(7.85608e-06 5.69381e-06 0)
(7.97138e-06 5.82925e-06 0)
(8.08622e-06 5.96492e-06 1.51052e-21)
(5.84757e-06 3.47688e-06 0)
(5.93652e-06 3.60076e-06 0)
(6.02884e-06 3.72309e-06 0)
(6.12414e-06 3.84455e-06 0)
(6.22225e-06 3.96565e-06 0)
(6.3229e-06 4.08677e-06 0)
(6.42589e-06 4.20824e-06 0)
(6.531e-06 4.33035e-06 0)
(6.63806e-06 4.45332e-06 0)
(6.74687e-06 4.57734e-06 0)
(6.85726e-06 4.70257e-06 0)
(6.96906e-06 4.82917e-06 0)
(7.08213e-06 4.95724e-06 0)
(7.1963e-06 5.08686e-06 0)
(7.31142e-06 5.21811e-06 0)
(7.42735e-06 5.35098e-06 0)
(7.54394e-06 5.48546e-06 0)
(7.66101e-06 5.62142e-06 0)
(7.77836e-06 5.75863e-06 0)
(7.89479e-06 5.89641e-06 1.53258e-21)
(5.55236e-06 3.37842e-06 0)
(5.65329e-06 3.50345e-06 0)
(5.75625e-06 3.62689e-06 0)
(5.86093e-06 3.74942e-06 0)
(5.96733e-06 3.87159e-06 0)
(6.0753e-06 3.99377e-06 0)
(6.18478e-06 4.11634e-06 0)
(6.29566e-06 4.23958e-06 0)
(6.40785e-06 4.36373e-06 0)
(6.52127e-06 4.48898e-06 0)
(6.63582e-06 4.61552e-06 0)
(6.75143e-06 4.74349e-06 0)
(6.86801e-06 4.87302e-06 0)
(6.98547e-06 5.00421e-06 0)
(7.10372e-06 5.13713e-06 0)
(7.22268e-06 5.27184e-06 0)
(7.34224e-06 5.40835e-06 0)
(7.46226e-06 5.54664e-06 0)
(7.58253e-06 5.68661e-06 0)
(7.70141e-06 5.82775e-06 1.59308e-21)
(5.23026e-06 3.25727e-06 0)
(5.34509e-06 3.38539e-06 0)
(5.46057e-06 3.51179e-06 0)
(5.57642e-06 3.63706e-06 0)
(5.69286e-06 3.76185e-06 0)
(5.80981e-06 3.88652e-06 0)
(5.92737e-06 4.01151e-06 0)
(6.04552e-06 4.13708e-06 0)
(6.16428e-06 4.26353e-06 0)
(6.28367e-06 4.39106e-06 0)
(6.40368e-06 4.51987e-06 0)
(6.5243e-06 4.65013e-06 0)
(6.64553e-06 4.78198e-06 0)
(6.76735e-06 4.91554e-06 0)
(6.88973e-06 5.05093e-06 0)
(7.01264e-06 5.18825e-06 0)
(7.13602e-06 5.32757e-06 0)
(7.25976e-06 5.46899e-06 0)
(7.38369e-06 5.61255e-06 0)
(7.50581e-06 5.75791e-06 1.69443e-21)
(4.88727e-06 3.11279e-06 0)
(5.01741e-06 3.246e-06 0)
(5.14682e-06 3.37725e-06 0)
(5.27519e-06 3.507e-06 0)
(5.40299e-06 3.63602e-06 0)
(5.53019e-06 3.76466e-06 0)
(5.65705e-06 3.89341e-06 0)
(5.78363e-06 4.02259e-06 0)
(5.91008e-06 4.1525e-06 0)
(6.03649e-06 4.28338e-06 0)
(6.16294e-06 4.41547e-06 0)
(6.28951e-06 4.54895e-06 0)
(6.41626e-06 4.684e-06 0)
(6.54325e-06 4.82076e-06 0)
(6.67051e-06 4.9594e-06 0)
(6.79806e-06 5.10007e-06 0)
(6.92589e-06 5.24291e-06 0)
(7.05396e-06 5.38815e-06 0)
(7.18213e-06 5.53595e-06 0)
(7.30824e-06 5.68616e-06 1.83342e-21)
(4.52889e-06 2.9455e-06 0)
(4.67529e-06 3.0857e-06 0)
(4.81959e-06 3.22364e-06 0)
(4.96145e-06 3.35954e-06 0)
(5.10156e-06 3.49433e-06 0)
(5.23995e-06 3.62838e-06 0)
(5.37702e-06 3.76224e-06 0)
(5.51291e-06 3.89624e-06 0)
(5.64789e-06 4.03076e-06 0)
(5.78211e-06 4.16607e-06 0)
(5.91576e-06 4.30242e-06 0)
(6.04898e-06 4.44006e-06 0)
(6.18191e-06 4.57917e-06 0)
(6.31467e-06 4.71995e-06 0)
(6.44736e-06 4.86259e-06 0)
(6.58005e-06 5.0073e-06 0)
(6.71281e-06 5.15431e-06 0)
(6.84565e-06 5.30394e-06 0)
(6.97853e-06 5.45647e-06 0)
(7.10927e-06 5.6119e-06 2.00495e-21)
(4.16062e-06 2.75632e-06 0)
(4.32367e-06 2.9053e-06 0)
(4.48339e-06 3.05162e-06 0)
(4.63928e-06 3.19528e-06 0)
(4.79229e-06 3.33734e-06 0)
(4.9425e-06 3.47819e-06 0)
(5.0904e-06 3.61843e-06 0)
(5.23623e-06 3.75848e-06 0)
(5.38033e-06 3.89872e-06 0)
(5.52295e-06 4.0395e-06 0)
(5.66433e-06 4.1811e-06 0)
(5.80471e-06 4.32379e-06 0)
(5.94428e-06 4.46781e-06 0)
(6.08323e-06 4.61338e-06 0)
(6.22173e-06 4.76073e-06 0)
(6.35992e-06 4.91014e-06 0)
(6.49794e-06 5.06187e-06 0)
(6.63586e-06 5.21634e-06 0)
(6.77375e-06 5.37393e-06 0)
(6.90967e-06 5.53482e-06 2.20246e-21)
(3.78787e-06 2.54703e-06 0)
(3.96742e-06 2.70638e-06 0)
(4.14261e-06 2.86255e-06 0)
(4.31271e-06 3.0154e-06 0)
(4.47885e-06 3.16601e-06 0)
(4.64117e-06 3.31491e-06 0)
(4.80023e-06 3.46271e-06 0)
(4.95635e-06 3.60991e-06 0)
(5.10993e-06 3.75693e-06 0)
(5.2613e-06 3.90417e-06 0)
(5.41076e-06 4.05195e-06 0)
(5.55862e-06 4.20058e-06 0)
(5.70513e-06 4.35032e-06 0)
(5.85054e-06 4.50143e-06 0)
(5.9951e-06 4.65419e-06 0)
(6.13901e-06 4.80888e-06 0)
(6.28247e-06 4.96583e-06 0)
(6.42566e-06 5.12552e-06 0)
(6.56876e-06 5.28838e-06 0)
(6.71028e-06 5.4548e-06 2.4187e-21)
(3.41551e-06 2.32015e-06 0)
(3.6107e-06 2.49103e-06 0)
(3.80076e-06 2.65808e-06 0)
(3.98494e-06 2.82138e-06 0)
(4.16419e-06 2.98175e-06 0)
(4.33875e-06 3.13984e-06 0)
(4.50914e-06 3.29627e-06 0)
(4.67576e-06 3.45162e-06 0)
(4.83904e-06 3.60638e-06 0)
(4.99936e-06 3.76097e-06 0)
(5.15711e-06 3.91578e-06 0)
(5.31261e-06 4.07113e-06 0)
(5.46622e-06 4.22734e-06 0)
(5.61824e-06 4.38468e-06 0)
(5.76896e-06 4.54345e-06 0)
(5.91867e-06 4.70396e-06 0)
(6.06765e-06 4.86656e-06 0)
(6.21616e-06 5.03175e-06 0)
(6.36452e-06 5.2e-06 0)
(6.51198e-06 5.37195e-06 2.64555e-21)
(3.08494e-06 2.11371e-06 0)
(3.29178e-06 2.2945e-06 0)
(3.49295e-06 2.47044e-06 0)
(3.68804e-06 2.64259e-06 0)
(3.87764e-06 2.81144e-06 0)
(4.06201e-06 2.97766e-06 0)
(4.24161e-06 3.14185e-06 0)
(4.41681e-06 3.30458e-06 0)
(4.58806e-06 3.46635e-06 0)
(4.75577e-06 3.62761e-06 0)
(4.92032e-06 3.78876e-06 0)
(5.08211e-06 3.95014e-06 0)
(5.24151e-06 4.11207e-06 0)
(5.39888e-06 4.27484e-06 0)
(5.55457e-06 4.43875e-06 0)
(5.7089e-06 4.60409e-06 0)
(5.86224e-06 4.77122e-06 0)
(6.01492e-06 4.9406e-06 0)
(6.16741e-06 5.1127e-06 0)
(6.31971e-06 5.28838e-06 2.84418e-21)
(6.33234e-06 3.60906e-06 -2.75087e-21)
(6.40551e-06 3.73656e-06 -2.73609e-21)
(6.48436e-06 3.86215e-06 -2.72124e-21)
(6.56836e-06 3.98643e-06 -2.70631e-21)
(6.65697e-06 4.10992e-06 -2.69133e-21)
(6.74967e-06 4.23301e-06 -2.67634e-21)
(6.84602e-06 4.35606e-06 -2.66136e-21)
(6.94561e-06 4.47937e-06 -2.64639e-21)
(7.04808e-06 4.60318e-06 -2.63145e-21)
(7.15307e-06 4.7277e-06 -2.61655e-21)
(7.26028e-06 4.85311e-06 -2.60169e-21)
(7.36941e-06 4.97957e-06 -2.58687e-21)
(7.48017e-06 5.10718e-06 -2.57212e-21)
(7.59228e-06 5.23606e-06 -2.55744e-21)
(7.70547e-06 5.36623e-06 -2.54285e-21)
(7.81945e-06 5.49773e-06 -2.52837e-21)
(7.9339e-06 5.63048e-06 -2.51404e-21)
(8.04851e-06 5.76434e-06 -2.49993e-21)
(8.16289e-06 5.89898e-06 -2.48611e-21)
(8.20078e-06 5.98284e-06 -4.90487e-22)
(6.11059e-06 3.55282e-06 0)
(6.18995e-06 3.67762e-06 0)
(6.27393e-06 3.80076e-06 0)
(6.36208e-06 3.9229e-06 0)
(6.45401e-06 4.04452e-06 0)
(6.54936e-06 4.16601e-06 0)
(6.64778e-06 4.28772e-06 0)
(6.74896e-06 4.4099e-06 0)
(6.8526e-06 4.53281e-06 0)
(6.95845e-06 4.65662e-06 0)
(7.06623e-06 4.78152e-06 0)
(7.17573e-06 4.90763e-06 0)
(7.28669e-06 5.03508e-06 0)
(7.39892e-06 5.16394e-06 0)
(7.51218e-06 5.29428e-06 0)
(7.62627e-06 5.4261e-06 0)
(7.74097e-06 5.55933e-06 0)
(7.85608e-06 5.69381e-06 0)
(7.97138e-06 5.82925e-06 0)
(8.08622e-06 5.96492e-06 1.51052e-21)
(5.84757e-06 3.47688e-06 0)
(5.93652e-06 3.60076e-06 0)
(6.02884e-06 3.72309e-06 0)
(6.12414e-06 3.84455e-06 0)
(6.22225e-06 3.96565e-06 0)
(6.3229e-06 4.08677e-06 0)
(6.42589e-06 4.20824e-06 0)
(6.531e-06 4.33035e-06 0)
(6.63806e-06 4.45332e-06 0)
(6.74687e-06 4.57734e-06 0)
(6.85726e-06 4.70257e-06 0)
(6.96906e-06 4.82917e-06 0)
(7.08213e-06 4.95724e-06 0)
(7.1963e-06 5.08686e-06 0)
(7.31142e-06 5.21811e-06 0)
(7.42735e-06 5.35098e-06 0)
(7.54394e-06 5.48546e-06 0)
(7.66101e-06 5.62142e-06 0)
(7.77836e-06 5.75863e-06 0)
(7.89479e-06 5.89641e-06 1.53258e-21)
(5.55236e-06 3.37842e-06 0)
(5.65329e-06 3.50345e-06 0)
(5.75625e-06 3.62689e-06 0)
(5.86093e-06 3.74942e-06 0)
(5.96733e-06 3.87159e-06 0)
(6.0753e-06 3.99377e-06 0)
(6.18478e-06 4.11634e-06 0)
(6.29566e-06 4.23958e-06 0)
(6.40785e-06 4.36373e-06 0)
(6.52127e-06 4.48898e-06 0)
(6.63582e-06 4.61552e-06 0)
(6.75143e-06 4.74349e-06 0)
(6.86801e-06 4.87302e-06 0)
(6.98547e-06 5.00421e-06 0)
(7.10372e-06 5.13713e-06 0)
(7.22268e-06 5.27184e-06 0)
(7.34224e-06 5.40835e-06 0)
(7.46226e-06 5.54664e-06 0)
(7.58253e-06 5.68661e-06 0)
(7.70141e-06 5.82775e-06 1.59308e-21)
(5.23026e-06 3.25727e-06 0)
(5.34509e-06 3.38539e-06 0)
(5.46057e-06 3.51179e-06 0)
(5.57642e-06 3.63706e-06 0)
(5.69286e-06 3.76185e-06 0)
(5.80981e-06 3.88652e-06 0)
(5.92737e-06 4.01151e-06 0)
(6.04552e-06 4.13708e-06 0)
(6.16428e-06 4.26353e-06 0)
(6.28367e-06 4.39106e-06 0)
(6.40368e-06 4.51987e-06 0)
(6.5243e-06 4.65013e-06 0)
(6.64553e-06 4.78198e-06 0)
(6.76735e-06 4.91554e-06 0)
(6.88973e-06 5.05093e-06 0)
(7.01264e-06 5.18825e-06 0)
(7.13602e-06 5.32757e-06 0)
(7.25976e-06 5.46899e-06 0)
(7.38369e-06 5.61255e-06 0)
(7.50581e-06 5.75791e-06 1.69443e-21)
(4.88727e-06 3.11279e-06 0)
(5.01741e-06 3.246e-06 0)
(5.14682e-06 3.37725e-06 0)
(5.27519e-06 3.507e-06 0)
(5.40299e-06 3.63602e-06 0)
(5.53019e-06 3.76466e-06 0)
(5.65705e-06 3.89341e-06 0)
(5.78363e-06 4.02259e-06 0)
(5.91008e-06 4.1525e-06 0)
(6.03649e-06 4.28338e-06 0)
(6.16294e-06 4.41547e-06 0)
(6.28951e-06 4.54895e-06 0)
(6.41626e-06 4.684e-06 0)
(6.54325e-06 4.82076e-06 0)
(6.67051e-06 4.9594e-06 0)
(6.79806e-06 5.10007e-06 0)
(6.92589e-06 5.24291e-06 0)
(7.05396e-06 5.38815e-06 0)
(7.18213e-06 5.53595e-06 0)
(7.30824e-06 5.68616e-06 1.83342e-21)
(4.52889e-06 2.9455e-06 0)
(4.67529e-06 3.0857e-06 0)
(4.81959e-06 3.22364e-06 0)
(4.96145e-06 3.35954e-06 0)
(5.10156e-06 3.49433e-06 0)
(5.23995e-06 3.62838e-06 0)
(5.37702e-06 3.76224e-06 0)
(5.51291e-06 3.89624e-06 0)
(5.64789e-06 4.03076e-06 0)
(5.78211e-06 4.16607e-06 0)
(5.91576e-06 4.30242e-06 0)
(6.04898e-06 4.44006e-06 0)
(6.18191e-06 4.57917e-06 0)
(6.31467e-06 4.71995e-06 0)
(6.44736e-06 4.86259e-06 0)
(6.58005e-06 5.0073e-06 0)
(6.71281e-06 5.15431e-06 0)
(6.84565e-06 5.30394e-06 0)
(6.97853e-06 5.45647e-06 0)
(7.10927e-06 5.6119e-06 2.00495e-21)
(4.16062e-06 2.75632e-06 0)
(4.32367e-06 2.9053e-06 0)
(4.48339e-06 3.05162e-06 0)
(4.63928e-06 3.19528e-06 0)
(4.79229e-06 3.33734e-06 0)
(4.9425e-06 3.47819e-06 0)
(5.0904e-06 3.61843e-06 0)
(5.23623e-06 3.75848e-06 0)
(5.38033e-06 3.89872e-06 0)
(5.52295e-06 4.0395e-06 0)
(5.66433e-06 4.1811e-06 0)
(5.80471e-06 4.32379e-06 0)
(5.94428e-06 4.46781e-06 0)
(6.08323e-06 4.61338e-06 0)
(6.22173e-06 4.76073e-06 0)
(6.35992e-06 4.91014e-06 0)
(6.49794e-06 5.06187e-06 0)
(6.63586e-06 5.21634e-06 0)
(6.77375e-06 5.37393e-06 0)
(6.90967e-06 5.53482e-06 2.20246e-21)
(3.78787e-06 2.54703e-06 0)
(3.96742e-06 2.70638e-06 0)
(4.14261e-06 2.86255e-06 0)
(4.31271e-06 3.0154e-06 0)
(4.47885e-06 3.16601e-06 0)
(4.64117e-06 3.31491e-06 0)
(4.80023e-06 3.46271e-06 0)
(4.95635e-06 3.60991e-06 0)
(5.10993e-06 3.75693e-06 0)
(5.2613e-06 3.90417e-06 0)
(5.41076e-06 4.05195e-06 0)
(5.55862e-06 4.20058e-06 0)
(5.70513e-06 4.35032e-06 0)
(5.85054e-06 4.50143e-06 0)
(5.9951e-06 4.65419e-06 0)
(6.13901e-06 4.80888e-06 0)
(6.28247e-06 4.96583e-06 0)
(6.42566e-06 5.12552e-06 0)
(6.56876e-06 5.28838e-06 0)
(6.71028e-06 5.4548e-06 2.4187e-21)
(3.41551e-06 2.32015e-06 0)
(3.6107e-06 2.49103e-06 0)
(3.80076e-06 2.65808e-06 0)
(3.98494e-06 2.82138e-06 0)
(4.16419e-06 2.98175e-06 0)
(4.33875e-06 3.13984e-06 0)
(4.50914e-06 3.29627e-06 0)
(4.67576e-06 3.45162e-06 0)
(4.83904e-06 3.60638e-06 0)
(4.99936e-06 3.76097e-06 0)
(5.15711e-06 3.91578e-06 0)
(5.31261e-06 4.07113e-06 0)
(5.46622e-06 4.22734e-06 0)
(5.61824e-06 4.38468e-06 0)
(5.76896e-06 4.54345e-06 0)
(5.91867e-06 4.70396e-06 0)
(6.06765e-06 4.86656e-06 0)
(6.21616e-06 5.03175e-06 0)
(6.36452e-06 5.2e-06 0)
(6.51198e-06 5.37195e-06 2.64555e-21)
(3.08494e-06 2.11371e-06 0)
(3.29178e-06 2.2945e-06 0)
(3.49295e-06 2.47044e-06 0)
(3.68804e-06 2.64259e-06 0)
(3.87764e-06 2.81144e-06 0)
(4.06201e-06 2.97766e-06 0)
(4.24161e-06 3.14185e-06 0)
(4.41681e-06 3.30458e-06 0)
(4.58806e-06 3.46635e-06 0)
(4.75577e-06 3.62761e-06 0)
(4.92032e-06 3.78876e-06 0)
(5.08211e-06 3.95014e-06 0)
(5.24151e-06 4.11207e-06 0)
(5.39888e-06 4.27484e-06 0)
(5.55457e-06 4.43875e-06 0)
(5.7089e-06 4.60409e-06 0)
(5.86224e-06 4.77122e-06 0)
(6.01492e-06 4.9406e-06 0)
(6.16741e-06 5.1127e-06 0)
(6.31971e-06 5.28838e-06 2.84418e-21)
(2.59518e-06 1.76894e-06 0)
(2.84425e-06 1.97209e-06 0)
(3.05511e-06 2.15707e-06 0)
(3.26022e-06 2.33701e-06 0)
(3.45952e-06 2.51349e-06 0)
(3.65335e-06 2.68683e-06 0)
(3.84193e-06 2.85759e-06 0)
(4.02563e-06 3.02628e-06 0)
(4.20477e-06 3.19338e-06 0)
(4.37975e-06 3.35936e-06 0)
(4.55094e-06 3.5246e-06 0)
(4.71873e-06 3.68947e-06 0)
(4.88348e-06 3.85429e-06 0)
(5.04559e-06 4.01935e-06 0)
(5.20541e-06 4.18493e-06 0)
(5.36331e-06 4.35128e-06 0)
(5.51965e-06 4.5187e-06 0)
(5.67484e-06 4.68746e-06 0)
(5.82925e-06 4.85798e-06 0)
(5.98343e-06 5.03063e-06 0)
(6.13778e-06 5.20626e-06 2.96689e-21)
(2.41881e-06 1.66528e-06 0)
(2.65967e-06 1.86582e-06 0)
(2.86906e-06 2.05116e-06 0)
(3.07344e-06 2.2324e-06 0)
(3.27256e-06 2.41075e-06 0)
(3.46667e-06 2.58636e-06 0)
(3.65583e-06 2.75964e-06 0)
(3.84033e-06 2.93098e-06 0)
(4.02042e-06 3.10074e-06 0)
(4.1964e-06 3.26931e-06 0)
(4.36861e-06 3.437e-06 0)
(4.53737e-06 3.60413e-06 0)
(4.70305e-06 3.77096e-06 0)
(4.86599e-06 3.93775e-06 0)
(5.02654e-06 4.10473e-06 0)
(5.18508e-06 4.27213e-06 0)
(5.34196e-06 4.44015e-06 0)
(5.49762e-06 4.60906e-06 0)
(5.65246e-06 4.77914e-06 0)
(5.80707e-06 4.95066e-06 0)
(5.96188e-06 5.12421e-06 3.03279e-21)
(2.26224e-06 1.56544e-06 0)
(2.49419e-06 1.76325e-06 0)
(2.69991e-06 1.94816e-06 0)
(2.90169e-06 2.12997e-06 0)
(3.09893e-06 2.30959e-06 0)
(3.29178e-06 2.48697e-06 0)
(3.48015e-06 2.66236e-06 0)
(3.66422e-06 2.83601e-06 0)
(3.84415e-06 3.00819e-06 0)
(4.02018e-06 3.17915e-06 0)
(4.19256e-06 3.34916e-06 0)
(4.36159e-06 3.51845e-06 0)
(4.52757e-06 3.68724e-06 0)
(4.69083e-06 3.85572e-06 0)
(4.8517e-06 4.02408e-06 0)
(5.01054e-06 4.19248e-06 0)
(5.1677e-06 4.36109e-06 0)
(5.32361e-06 4.53008e-06 0)
(5.47869e-06 4.69963e-06 0)
(5.63357e-06 4.86988e-06 0)
(5.78866e-06 5.04115e-06 3.07417e-21)
(2.12261e-06 1.47024e-06 0)
(2.3451e-06 1.66466e-06 0)
(2.54586e-06 1.84843e-06 0)
(2.74368e-06 2.03021e-06 0)
(2.93773e-06 2.21057e-06 0)
(3.12807e-06 2.38927e-06 0)
(3.31448e-06 2.56638e-06 0)
(3.49707e-06 2.74203e-06 0)
(3.67587e-06 2.91634e-06 0)
(3.85108e-06 3.08948e-06 0)
(4.02288e-06 3.26163e-06 0)
(4.19151e-06 3.43294e-06 0)
(4.35723e-06 3.60357e-06 0)
(4.52033e-06 3.77365e-06 0)
(4.68111e-06 3.94332e-06 0)
(4.83991e-06 4.11267e-06 0)
(4.99707e-06 4.28181e-06 0)
(5.153e-06 4.45083e-06 0)
(5.30814e-06 4.61978e-06 0)
(5.46317e-06 4.78867e-06 0)
(5.6184e-06 4.95757e-06 3.08927e-21)
(1.99751e-06 1.37997e-06 0)
(2.21034e-06 1.57065e-06 0)
(2.40518e-06 1.75274e-06 0)
(2.598e-06 1.93394e-06 0)
(2.78782e-06 2.1145e-06 0)
(2.97464e-06 2.29403e-06 0)
(3.15814e-06 2.47245e-06 0)
(3.33833e-06 2.64971e-06 0)
(3.5152e-06 2.82583e-06 0)
(3.68883e-06 3.00088e-06 0)
(3.85937e-06 3.17493e-06 0)
(4.02701e-06 3.34807e-06 0)
(4.19195e-06 3.52039e-06 0)
(4.35444e-06 3.69195e-06 0)
(4.51477e-06 3.86282e-06 0)
(4.67322e-06 4.03305e-06 0)
(4.83013e-06 4.20266e-06 0)
(4.98588e-06 4.37164e-06 0)
(5.1409e-06 4.53993e-06 0)
(5.29583e-06 4.70745e-06 0)
(5.45096e-06 4.87404e-06 3.0767e-21)
(1.88446e-06 1.29464e-06 0)
(2.08768e-06 1.48131e-06 0)
(2.27599e-06 1.66127e-06 0)
(2.4631e-06 1.84144e-06 0)
(2.64793e-06 2.02176e-06 0)
(2.83046e-06 2.2017e-06 0)
(3.01028e-06 2.38101e-06 0)
(3.18734e-06 2.55952e-06 0)
(3.36156e-06 2.73714e-06 0)
(3.53298e-06 2.9138e-06 0)
(3.70167e-06 3.08951e-06 0)
(3.86779e-06 3.26426e-06 0)
(4.03149e-06 3.43808e-06 0)
(4.19299e-06 3.61096e-06 0)
(4.35252e-06 3.78291e-06 0)
(4.51035e-06 3.95391e-06 0)
(4.66678e-06 4.12391e-06 0)
(4.82217e-06 4.29282e-06 0)
(4.97688e-06 4.46045e-06 0)
(5.13148e-06 4.62666e-06 0)
(5.28631e-06 4.79098e-06 3.03951e-21)
(1.78127e-06 1.21411e-06 0)
(1.97509e-06 1.39662e-06 0)
(2.1565e-06 1.57419e-06 0)
(2.3374e-06 1.75297e-06 0)
(2.5167e-06 1.93268e-06 0)
(2.69434e-06 2.11264e-06 0)
(2.86988e-06 2.29248e-06 0)
(3.04322e-06 2.47189e-06 0)
(3.21422e-06 2.65067e-06 0)
(3.38289e-06 2.82865e-06 0)
(3.54925e-06 3.00574e-06 0)
(3.7134e-06 3.18187e-06 0)
(3.87547e-06 3.35697e-06 0)
(4.03562e-06 3.53099e-06 0)
(4.19406e-06 3.70388e-06 0)
(4.35102e-06 3.87554e-06 0)
(4.50676e-06 4.04585e-06 0)
(4.6616e-06 4.21466e-06 0)
(4.81585e-06 4.38168e-06 0)
(4.97002e-06 4.54665e-06 0)
(5.12441e-06 4.70885e-06 2.97981e-21)
(1.68594e-06 1.13809e-06 0)
(1.87064e-06 1.31645e-06 0)
(2.04495e-06 1.49143e-06 0)
(2.21932e-06 1.66858e-06 0)
(2.39272e-06 1.84738e-06 0)
(2.56504e-06 2.02705e-06 0)
(2.73585e-06 2.2071e-06 0)
(2.90501e-06 2.38709e-06 0)
(3.07234e-06 2.56672e-06 0)
(3.23783e-06 2.74573e-06 0)
(3.40145e-06 2.92394e-06 0)
(3.56326e-06 3.10119e-06 0)
(3.72336e-06 3.27736e-06 0)
(3.88187e-06 3.45234e-06 0)
(4.03896e-06 3.62599e-06 0)
(4.19484e-06 3.79819e-06 0)
(4.3497e-06 3.96874e-06 0)
(4.50383e-06 4.13743e-06 0)
(4.65749e-06 4.30388e-06 0)
(4.8111e-06 4.46775e-06 0)
(4.96492e-06 4.62812e-06 2.89962e-21)
(1.59667e-06 1.06628e-06 0)
(1.77256e-06 1.24057e-06 0)
(1.93966e-06 1.41291e-06 0)
(2.10732e-06 1.58826e-06 0)
(2.27456e-06 1.76594e-06 0)
(2.44127e-06 1.94507e-06 0)
(2.60701e-06 2.12505e-06 0)
(2.77164e-06 2.30534e-06 0)
(2.93497e-06 2.48553e-06 0)
(3.09693e-06 2.66529e-06 0)
(3.25749e-06 2.84434e-06 0)
(3.41667e-06 3.02247e-06 0)
(3.57452e-06 3.19948e-06 0)
(3.73116e-06 3.37521e-06 0)
(3.8867e-06 3.54947e-06 0)
(4.0413e-06 3.72208e-06 0)
(4.19514e-06 3.8928e-06 0)
(4.34844e-06 4.06135e-06 0)
(4.50139e-06 4.22732e-06 0)
(4.65433e-06 4.39026e-06 0)
(4.80746e-06 4.54912e-06 2.80277e-21)
(1.51183e-06 9.98346e-07 0)
(1.6792e-06 1.16874e-06 0)
(1.83906e-06 1.33845e-06 0)
(1.9999e-06 1.51194e-06 0)
(2.16081e-06 1.68835e-06 0)
(2.3217e-06 1.86675e-06 0)
(2.48215e-06 2.04643e-06 0)
(2.642e-06 2.22676e-06 0)
(2.80106e-06 2.40725e-06 0)
(2.95925e-06 2.58749e-06 0)
(3.11651e-06 2.76713e-06 0)
(3.27283e-06 2.94589e-06 0)
(3.42825e-06 3.12352e-06 0)
(3.58282e-06 3.2998e-06 0)
(3.73664e-06 3.47449e-06 0)
(3.88984e-06 3.64738e-06 0)
(4.04253e-06 3.8182e-06 0)
(4.19488e-06 3.98661e-06 0)
(4.34704e-06 4.15217e-06 0)
(4.49923e-06 4.3144e-06 0)
(4.65157e-06 4.47215e-06 2.6934e-21)
(1.42993e-06 9.34004e-07 0)
(1.589e-06 1.10074e-06 0)
(1.74161e-06 1.26791e-06 0)
(1.89557e-06 1.43951e-06 0)
(2.05006e-06 1.61457e-06 0)
(2.205e-06 1.79209e-06 0)
(2.36e-06 1.97127e-06 0)
(2.51491e-06 2.15143e-06 0)
(2.66954e-06 2.33198e-06 0)
(2.82379e-06 2.51246e-06 0)
(2.97758e-06 2.69244e-06 0)
(3.13089e-06 2.8716e-06 0)
(3.28372e-06 3.04962e-06 0)
(3.4361e-06 3.22624e-06 0)
(3.58809e-06 3.4012e-06 0)
(3.73978e-06 3.57424e-06 0)
(3.89123e-06 3.74507e-06 0)
(4.04257e-06 3.91335e-06 0)
(4.19387e-06 4.07859e-06 0)
(4.34525e-06 4.24033e-06 0)
(4.49675e-06 4.39738e-06 2.57624e-21)
(1.34954e-06 8.73008e-07 0)
(1.50047e-06 1.03636e-06 0)
(1.64583e-06 1.20112e-06 0)
(1.79287e-06 1.37086e-06 0)
(1.94089e-06 1.54452e-06 0)
(2.0898e-06 1.72105e-06 0)
(2.23927e-06 1.89958e-06 0)
(2.38915e-06 2.07937e-06 0)
(2.53926e-06 2.25977e-06 0)
(2.68947e-06 2.44025e-06 0)
(2.83972e-06 2.62034e-06 0)
(2.98993e-06 2.79966e-06 0)
(3.1401e-06 2.97785e-06 0)
(3.29022e-06 3.15462e-06 0)
(3.44031e-06 3.32968e-06 0)
(3.59042e-06 3.50274e-06 0)
(3.74059e-06 3.67351e-06 0)
(3.89087e-06 3.84164e-06 0)
(4.04128e-06 4.00667e-06 0)
(4.19183e-06 4.16815e-06 0)
(4.34247e-06 4.32494e-06 2.45644e-21)
(1.26931e-06 8.15198e-07 0)
(1.41216e-06 9.75457e-07 0)
(1.55024e-06 1.13795e-06 0)
(1.69035e-06 1.30589e-06 0)
(1.83186e-06 1.47813e-06 0)
(1.97472e-06 1.65357e-06 0)
(2.11864e-06 1.83132e-06 0)
(2.26347e-06 2.01056e-06 0)
(2.40902e-06 2.19061e-06 0)
(2.5552e-06 2.37087e-06 0)
(2.70187e-06 2.55085e-06 0)
(2.84899e-06 2.73011e-06 0)
(2.99648e-06 2.90827e-06 0)
(3.14433e-06 3.085e-06 0)
(3.29252e-06 3.25998e-06 0)
(3.44106e-06 3.43293e-06 0)
(3.58993e-06 3.60355e-06 0)
(3.73914e-06 3.77152e-06 0)
(3.88865e-06 3.93643e-06 0)
(4.03838e-06 4.09787e-06 0)
(4.18817e-06 4.2548e-06 2.33943e-21)
(1.18785e-06 7.60453e-07 0)
(1.32258e-06 9.17899e-07 0)
(1.45334e-06 1.07828e-06 0)
(1.58648e-06 1.24448e-06 0)
(1.72149e-06 1.41528e-06 0)
(1.85833e-06 1.58957e-06 0)
(1.99672e-06 1.7664e-06 0)
(2.13654e-06 1.94493e-06 0)
(2.27761e-06 2.12443e-06 0)
(2.41981e-06 2.30428e-06 0)
(2.56299e-06 2.48393e-06 0)
(2.70707e-06 2.66293e-06 0)
(2.85197e-06 2.84085e-06 0)
(2.99761e-06 3.01735e-06 0)
(3.14396e-06 3.1921e-06 0)
(3.29096e-06 3.36481e-06 0)
(3.43858e-06 3.5352e-06 0)
(3.58675e-06 3.70298e-06 0)
(3.7354e-06 3.86782e-06 0)
(3.88434e-06 4.02939e-06 0)
(4.03335e-06 4.18686e-06 2.2307e-21)
(1.10371e-06 7.08804e-07 0)
(1.2302e-06 8.63685e-07 0)
(1.35356e-06 1.02209e-06 0)
(1.47972e-06 1.18658e-06 0)
(1.60825e-06 1.35591e-06 0)
(1.73912e-06 1.52895e-06 0)
(1.8721e-06 1.70473e-06 0)
(2.00704e-06 1.88238e-06 0)
(2.14376e-06 2.06115e-06 0)
(2.28212e-06 2.24037e-06 0)
(2.42198e-06 2.41949e-06 0)
(2.56319e-06 2.59802e-06 0)
(2.70564e-06 2.77552e-06 0)
(2.84922e-06 2.95161e-06 0)
(2.99385e-06 3.12598e-06 0)
(3.13944e-06 3.29833e-06 0)
(3.28589e-06 3.4684e-06 0)
(3.43311e-06 3.63595e-06 0)
(3.58096e-06 3.80074e-06 0)
(3.72919e-06 3.96258e-06 0)
(3.87752e-06 4.1209e-06 2.13543e-21)
(1.01534e-06 6.60231e-07 0)
(1.13334e-06 8.1275e-07 0)
(1.24922e-06 9.69258e-07 0)
(1.36839e-06 1.13205e-06 0)
(1.49051e-06 1.29986e-06 0)
(1.61554e-06 1.47155e-06 0)
(1.74326e-06 1.64613e-06 0)
(1.87352e-06 1.82272e-06 0)
(2.00614e-06 2.00056e-06 0)
(2.14092e-06 2.17897e-06 0)
(2.2777e-06 2.35735e-06 0)
(2.41631e-06 2.53522e-06 0)
(2.55657e-06 2.71211e-06 0)
(2.69835e-06 2.88765e-06 0)
(2.84149e-06 3.0615e-06 0)
(2.98586e-06 3.23337e-06 0)
(3.13133e-06 3.40303e-06 0)
(3.27773e-06 3.57029e-06 0)
(3.4249e-06 3.73503e-06 0)
(3.57254e-06 3.8972e-06 0)
(3.7203e-06 4.05658e-06 2.0589e-21)
(9.21011e-07 6.15033e-07 0)
(1.0302e-06 7.65292e-07 0)
(1.13851e-06 9.19904e-07 0)
(1.25072e-06 1.08092e-06 0)
(1.36655e-06 1.24708e-06 0)
(1.48594e-06 1.41726e-06 0)
(1.60867e-06 1.59045e-06 0)
(1.73456e-06 1.76578e-06 0)
(1.86341e-06 1.94247e-06 0)
(1.99498e-06 2.11984e-06 0)
(2.12906e-06 2.29729e-06 0)
(2.26544e-06 2.4743e-06 0)
(2.4039e-06 2.65041e-06 0)
(2.54423e-06 2.82524e-06 0)
(2.68622e-06 2.99844e-06 0)
(2.82969e-06 3.16974e-06 0)
(2.97443e-06 3.33891e-06 0)
(3.12024e-06 3.50583e-06 0)
(3.26691e-06 3.67047e-06 0)
(3.41411e-06 3.83294e-06 0)
(3.56147e-06 3.99345e-06 2.00384e-21)
(8.18623e-07 5.73104e-07 0)
(9.18623e-07 7.21121e-07 0)
(1.01932e-06 8.73763e-07 0)
(1.12465e-06 1.03287e-06 0)
(1.23441e-06 1.19723e-06 0)
(1.34846e-06 1.3657e-06 0)
(1.46658e-06 1.53731e-06 0)
(1.58854e-06 1.71116e-06 0)
(1.71408e-06 1.88649e-06 0)
(1.84295e-06 2.06261e-06 0)
(1.97485e-06 2.23893e-06 0)
(2.10952e-06 2.4149e-06 0)
(2.24669e-06 2.59008e-06 0)
(2.38608e-06 2.76407e-06 0)
(2.52742e-06 2.93652e-06 0)
(2.67044e-06 3.10717e-06 0)
(2.81488e-06 3.2758e-06 0)
(2.96046e-06 3.44232e-06 0)
(3.10689e-06 3.60679e-06 0)
(3.25386e-06 3.76946e-06 0)
(3.401e-06 3.93098e-06 1.97337e-21)
(7.06193e-07 5.35244e-07 0)
(7.96589e-07 6.80824e-07 0)
(8.89681e-07 8.31225e-07 0)
(9.8834e-07 9.88134e-07 0)
(1.09234e-06 1.15037e-06 0)
(1.20149e-06 1.31683e-06 0)
(1.3155e-06 1.48654e-06 0)
(1.43409e-06 1.65862e-06 0)
(1.55693e-06 1.83232e-06 0)
(1.6837e-06 2.00693e-06 0)
(1.81407e-06 2.18187e-06 0)
(1.94768e-06 2.35661e-06 0)
(2.08421e-06 2.53069e-06 0)
(2.22331e-06 2.7037e-06 0)
(2.36464e-06 2.8753e-06 0)
(2.50784e-06 3.04523e-06 0)
(2.65255e-06 3.21329e-06 0)
(2.79841e-06 3.3794e-06 0)
(2.94505e-06 3.54365e-06 0)
(3.09208e-06 3.70638e-06 0)
(3.23919e-06 3.86849e-06 1.96348e-21)
(5.79998e-07 5.00768e-07 2.26396e-21)
(6.60251e-07 6.43467e-07 2.28448e-21)
(7.45961e-07 7.91315e-07 2.28049e-21)
(8.38359e-07 9.45724e-07 2.27696e-21)
(9.37155e-07 1.10556e-06 2.27386e-21)
(1.04206e-06 1.26973e-06 2.27118e-21)
(1.15271e-06 1.43728e-06 2.2689e-21)
(1.26873e-06 1.60735e-06 2.26697e-21)
(1.38972e-06 1.77918e-06 2.26539e-21)
(1.51526e-06 1.95209e-06 2.26411e-21)
(1.64495e-06 2.12548e-06 2.26312e-21)
(1.77839e-06 2.29882e-06 2.2624e-21)
(1.91517e-06 2.47166e-06 2.26192e-21)
(2.05488e-06 2.64359e-06 2.26165e-21)
(2.1971e-06 2.81428e-06 2.26159e-21)
(2.3414e-06 2.98345e-06 2.26171e-21)
(2.48733e-06 3.15094e-06 2.26198e-21)
(2.63439e-06 3.31664e-06 2.26237e-21)
(2.78205e-06 3.48067e-06 2.26278e-21)
(2.92967e-06 3.64336e-06 2.26308e-21)
(3.08068e-06 3.78078e-06 2.1125e-21)
(2.59518e-06 1.76894e-06 0)
(2.84425e-06 1.97209e-06 0)
(3.05511e-06 2.15707e-06 0)
(3.26022e-06 2.33701e-06 0)
(3.45952e-06 2.51349e-06 0)
(3.65335e-06 2.68683e-06 0)
(3.84193e-06 2.85759e-06 0)
(4.02563e-06 3.02628e-06 0)
(4.20477e-06 3.19338e-06 0)
(4.37975e-06 3.35936e-06 0)
(4.55094e-06 3.5246e-06 0)
(4.71873e-06 3.68947e-06 0)
(4.88348e-06 3.85429e-06 0)
(5.04559e-06 4.01935e-06 0)
(5.20541e-06 4.18493e-06 0)
(5.36331e-06 4.35128e-06 0)
(5.51965e-06 4.5187e-06 0)
(5.67484e-06 4.68746e-06 0)
(5.82925e-06 4.85798e-06 0)
(5.98343e-06 5.03063e-06 0)
(6.13778e-06 5.20626e-06 2.96689e-21)
(2.41881e-06 1.66528e-06 0)
(2.65967e-06 1.86582e-06 0)
(2.86906e-06 2.05116e-06 0)
(3.07344e-06 2.2324e-06 0)
(3.27256e-06 2.41075e-06 0)
(3.46667e-06 2.58636e-06 0)
(3.65583e-06 2.75964e-06 0)
(3.84033e-06 2.93098e-06 0)
(4.02042e-06 3.10074e-06 0)
(4.1964e-06 3.26931e-06 0)
(4.36861e-06 3.437e-06 0)
(4.53737e-06 3.60413e-06 0)
(4.70305e-06 3.77096e-06 0)
(4.86599e-06 3.93775e-06 0)
(5.02654e-06 4.10473e-06 0)
(5.18508e-06 4.27213e-06 0)
(5.34196e-06 4.44015e-06 0)
(5.49762e-06 4.60906e-06 0)
(5.65246e-06 4.77914e-06 0)
(5.80707e-06 4.95066e-06 0)
(5.96188e-06 5.12421e-06 3.03279e-21)
(2.26224e-06 1.56544e-06 0)
(2.49419e-06 1.76325e-06 0)
(2.69991e-06 1.94816e-06 0)
(2.90169e-06 2.12997e-06 0)
(3.09893e-06 2.30959e-06 0)
(3.29178e-06 2.48697e-06 0)
(3.48015e-06 2.66236e-06 0)
(3.66422e-06 2.83601e-06 0)
(3.84415e-06 3.00819e-06 0)
(4.02018e-06 3.17915e-06 0)
(4.19256e-06 3.34916e-06 0)
(4.36159e-06 3.51845e-06 0)
(4.52757e-06 3.68724e-06 0)
(4.69083e-06 3.85572e-06 0)
(4.8517e-06 4.02408e-06 0)
(5.01054e-06 4.19248e-06 0)
(5.1677e-06 4.36109e-06 0)
(5.32361e-06 4.53008e-06 0)
(5.47869e-06 4.69963e-06 0)
(5.63357e-06 4.86988e-06 0)
(5.78866e-06 5.04115e-06 3.07417e-21)
(2.12261e-06 1.47024e-06 0)
(2.3451e-06 1.66466e-06 0)
(2.54586e-06 1.84843e-06 0)
(2.74368e-06 2.03021e-06 0)
(2.93773e-06 2.21057e-06 0)
(3.12807e-06 2.38927e-06 0)
(3.31448e-06 2.56638e-06 0)
(3.49707e-06 2.74203e-06 0)
(3.67587e-06 2.91634e-06 0)
(3.85108e-06 3.08948e-06 0)
(4.02288e-06 3.26163e-06 0)
(4.19151e-06 3.43294e-06 0)
(4.35723e-06 3.60357e-06 0)
(4.52033e-06 3.77365e-06 0)
(4.68111e-06 3.94332e-06 0)
(4.83991e-06 4.11267e-06 0)
(4.99707e-06 4.28181e-06 0)
(5.153e-06 4.45083e-06 0)
(5.30814e-06 4.61978e-06 0)
(5.46317e-06 4.78867e-06 0)
(5.6184e-06 4.95757e-06 3.08927e-21)
(1.99751e-06 1.37997e-06 0)
(2.21034e-06 1.57065e-06 0)
(2.40518e-06 1.75274e-06 0)
(2.598e-06 1.93394e-06 0)
(2.78782e-06 2.1145e-06 0)
(2.97464e-06 2.29403e-06 0)
(3.15814e-06 2.47245e-06 0)
(3.33833e-06 2.64971e-06 0)
(3.5152e-06 2.82583e-06 0)
(3.68883e-06 3.00088e-06 0)
(3.85937e-06 3.17493e-06 0)
(4.02701e-06 3.34807e-06 0)
(4.19195e-06 3.52039e-06 0)
(4.35444e-06 3.69195e-06 0)
(4.51477e-06 3.86282e-06 0)
(4.67322e-06 4.03305e-06 0)
(4.83013e-06 4.20266e-06 0)
(4.98588e-06 4.37164e-06 0)
(5.1409e-06 4.53993e-06 0)
(5.29583e-06 4.70745e-06 0)
(5.45096e-06 4.87404e-06 3.0767e-21)
(1.88446e-06 1.29464e-06 0)
(2.08768e-06 1.48131e-06 0)
(2.27599e-06 1.66127e-06 0)
(2.4631e-06 1.84144e-06 0)
(2.64793e-06 2.02176e-06 0)
(2.83046e-06 2.2017e-06 0)
(3.01028e-06 2.38101e-06 0)
(3.18734e-06 2.55952e-06 0)
(3.36156e-06 2.73714e-06 0)
(3.53298e-06 2.9138e-06 0)
(3.70167e-06 3.08951e-06 0)
(3.86779e-06 3.26426e-06 0)
(4.03149e-06 3.43808e-06 0)
(4.19299e-06 3.61096e-06 0)
(4.35252e-06 3.78291e-06 0)
(4.51035e-06 3.95391e-06 0)
(4.66678e-06 4.12391e-06 0)
(4.82217e-06 4.29282e-06 0)
(4.97688e-06 4.46045e-06 0)
(5.13148e-06 4.62666e-06 0)
(5.28631e-06 4.79098e-06 3.03951e-21)
(1.78127e-06 1.21411e-06 0)
(1.97509e-06 1.39662e-06 0)
(2.1565e-06 1.57419e-06 0)
(2.3374e-06 1.75297e-06 0)
(2.5167e-06 1.93268e-06 0)
(2.69434e-06 2.11264e-06 0)
(2.86988e-06 2.29248e-06 0)
(3.04322e-06 2.47189e-06 0)
(3.21422e-06 2.65067e-06 0)
(3.38289e-06 2.82865e-06 0)
(3.54925e-06 3.00574e-06 0)
(3.7134e-06 3.18187e-06 0)
(3.87547e-06 3.35697e-06 0)
(4.03562e-06 3.53099e-06 0)
(4.19406e-06 3.70388e-06 0)
(4.35102e-06 3.87554e-06 0)
(4.50676e-06 4.04585e-06 0)
(4.6616e-06 4.21466e-06 0)
(4.81585e-06 4.38168e-06 0)
(4.97002e-06 4.54665e-06 0)
(5.12441e-06 4.70885e-06 2.97981e-21)
(1.68594e-06 1.13809e-06 0)
(1.87064e-06 1.31645e-06 0)
(2.04495e-06 1.49143e-06 0)
(2.21932e-06 1.66858e-06 0)
(2.39272e-06 1.84738e-06 0)
(2.56504e-06 2.02705e-06 0)
(2.73585e-06 2.2071e-06 0)
(2.90501e-06 2.38709e-06 0)
(3.07234e-06 2.56672e-06 0)
(3.23783e-06 2.74573e-06 0)
(3.40145e-06 2.92394e-06 0)
(3.56326e-06 3.10119e-06 0)
(3.72336e-06 3.27736e-06 0)
(3.88187e-06 3.45234e-06 0)
(4.03896e-06 3.62599e-06 0)
(4.19484e-06 3.79819e-06 0)
(4.3497e-06 3.96874e-06 0)
(4.50383e-06 4.13743e-06 0)
(4.65749e-06 4.30388e-06 0)
(4.8111e-06 4.46775e-06 0)
(4.96492e-06 4.62812e-06 2.89962e-21)
(1.59667e-06 1.06628e-06 0)
(1.77256e-06 1.24057e-06 0)
(1.93966e-06 1.41291e-06 0)
(2.10732e-06 1.58826e-06 0)
(2.27456e-06 1.76594e-06 0)
(2.44127e-06 1.94507e-06 0)
(2.60701e-06 2.12505e-06 0)
(2.77164e-06 2.30534e-06 0)
(2.93497e-06 2.48553e-06 0)
(3.09693e-06 2.66529e-06 0)
(3.25749e-06 2.84434e-06 0)
(3.41667e-06 3.02247e-06 0)
(3.57452e-06 3.19948e-06 0)
(3.73116e-06 3.37521e-06 0)
(3.8867e-06 3.54947e-06 0)
(4.0413e-06 3.72208e-06 0)
(4.19514e-06 3.8928e-06 0)
(4.34844e-06 4.06135e-06 0)
(4.50139e-06 4.22732e-06 0)
(4.65433e-06 4.39026e-06 0)
(4.80746e-06 4.54912e-06 2.80277e-21)
(1.51183e-06 9.98346e-07 0)
(1.6792e-06 1.16874e-06 0)
(1.83906e-06 1.33845e-06 0)
(1.9999e-06 1.51194e-06 0)
(2.16081e-06 1.68835e-06 0)
(2.3217e-06 1.86675e-06 0)
(2.48215e-06 2.04643e-06 0)
(2.642e-06 2.22676e-06 0)
(2.80106e-06 2.40725e-06 0)
(2.95925e-06 2.58749e-06 0)
(3.11651e-06 2.76713e-06 0)
(3.27283e-06 2.94589e-06 0)
(3.42825e-06 3.12352e-06 0)
(3.58282e-06 3.2998e-06 0)
(3.73664e-06 3.47449e-06 0)
(3.88984e-06 3.64738e-06 0)
(4.04253e-06 3.8182e-06 0)
(4.19488e-06 3.98661e-06 0)
(4.34704e-06 4.15217e-06 0)
(4.49923e-06 4.3144e-06 0)
(4.65157e-06 4.47215e-06 2.6934e-21)
(1.42993e-06 9.34004e-07 0)
(1.589e-06 1.10074e-06 0)
(1.74161e-06 1.26791e-06 0)
(1.89557e-06 1.43951e-06 0)
(2.05006e-06 1.61457e-06 0)
(2.205e-06 1.79209e-06 0)
(2.36e-06 1.97127e-06 0)
(2.51491e-06 2.15143e-06 0)
(2.66954e-06 2.33198e-06 0)
(2.82379e-06 2.51246e-06 0)
(2.97758e-06 2.69244e-06 0)
(3.13089e-06 2.8716e-06 0)
(3.28372e-06 3.04962e-06 0)
(3.4361e-06 3.22624e-06 0)
(3.58809e-06 3.4012e-06 0)
(3.73978e-06 3.57424e-06 0)
(3.89123e-06 3.74507e-06 0)
(4.04257e-06 3.91335e-06 0)
(4.19387e-06 4.07859e-06 0)
(4.34525e-06 4.24033e-06 0)
(4.49675e-06 4.39738e-06 2.57624e-21)
(1.34954e-06 8.73008e-07 0)
(1.50047e-06 1.03636e-06 0)
(1.64583e-06 1.20112e-06 0)
(1.79287e-06 1.37086e-06 0)
(1.94089e-06 1.54452e-06 0)
(2.0898e-06 1.72105e-06 0)
(2.23927e-06 1.89958e-06 0)
(2.38915e-06 2.07937e-06 0)
(2.53926e-06 2.25977e-06 0)
(2.68947e-06 2.44025e-06 0)
(2.83972e-06 2.62034e-06 0)
(2.98993e-06 2.79966e-06 0)
(3.1401e-06 2.97785e-06 0)
(3.29022e-06 3.15462e-06 0)
(3.44031e-06 3.32968e-06 0)
(3.59042e-06 3.50274e-06 0)
(3.74059e-06 3.67351e-06 0)
(3.89087e-06 3.84164e-06 0)
(4.04128e-06 4.00667e-06 0)
(4.19183e-06 4.16815e-06 0)
(4.34247e-06 4.32494e-06 2.45644e-21)
(1.26931e-06 8.15198e-07 0)
(1.41216e-06 9.75457e-07 0)
(1.55024e-06 1.13795e-06 0)
(1.69035e-06 1.30589e-06 0)
(1.83186e-06 1.47813e-06 0)
(1.97472e-06 1.65357e-06 0)
(2.11864e-06 1.83132e-06 0)
(2.26347e-06 2.01056e-06 0)
(2.40902e-06 2.19061e-06 0)
(2.5552e-06 2.37087e-06 0)
(2.70187e-06 2.55085e-06 0)
(2.84899e-06 2.73011e-06 0)
(2.99648e-06 2.90827e-06 0)
(3.14433e-06 3.085e-06 0)
(3.29252e-06 3.25998e-06 0)
(3.44106e-06 3.43293e-06 0)
(3.58993e-06 3.60355e-06 0)
(3.73914e-06 3.77152e-06 0)
(3.88865e-06 3.93643e-06 0)
(4.03838e-06 4.09787e-06 0)
(4.18817e-06 4.2548e-06 2.33943e-21)
(1.18785e-06 7.60453e-07 0)
(1.32258e-06 9.17899e-07 0)
(1.45334e-06 1.07828e-06 0)
(1.58648e-06 1.24448e-06 0)
(1.72149e-06 1.41528e-06 0)
(1.85833e-06 1.58957e-06 0)
(1.99672e-06 1.7664e-06 0)
(2.13654e-06 1.94493e-06 0)
(2.27761e-06 2.12443e-06 0)
(2.41981e-06 2.30428e-06 0)
(2.56299e-06 2.48393e-06 0)
(2.70707e-06 2.66293e-06 0)
(2.85197e-06 2.84085e-06 0)
(2.99761e-06 3.01735e-06 0)
(3.14396e-06 3.1921e-06 0)
(3.29096e-06 3.36481e-06 0)
(3.43858e-06 3.5352e-06 0)
(3.58675e-06 3.70298e-06 0)
(3.7354e-06 3.86782e-06 0)
(3.88434e-06 4.02939e-06 0)
(4.03335e-06 4.18686e-06 2.2307e-21)
(1.10371e-06 7.08804e-07 0)
(1.2302e-06 8.63685e-07 0)
(1.35356e-06 1.02209e-06 0)
(1.47972e-06 1.18658e-06 0)
(1.60825e-06 1.35591e-06 0)
(1.73912e-06 1.52895e-06 0)
(1.8721e-06 1.70473e-06 0)
(2.00704e-06 1.88238e-06 0)
(2.14376e-06 2.06115e-06 0)
(2.28212e-06 2.24037e-06 0)
(2.42198e-06 2.41949e-06 0)
(2.56319e-06 2.59802e-06 0)
(2.70564e-06 2.77552e-06 0)
(2.84922e-06 2.95161e-06 0)
(2.99385e-06 3.12598e-06 0)
(3.13944e-06 3.29833e-06 0)
(3.28589e-06 3.4684e-06 0)
(3.43311e-06 3.63595e-06 0)
(3.58096e-06 3.80074e-06 0)
(3.72919e-06 3.96258e-06 0)
(3.87752e-06 4.1209e-06 2.13543e-21)
(1.01534e-06 6.60231e-07 0)
(1.13334e-06 8.1275e-07 0)
(1.24922e-06 9.69258e-07 0)
(1.36839e-06 1.13205e-06 0)
(1.49051e-06 1.29986e-06 0)
(1.61554e-06 1.47155e-06 0)
(1.74326e-06 1.64613e-06 0)
(1.87352e-06 1.82272e-06 0)
(2.00614e-06 2.00056e-06 0)
(2.14092e-06 2.17897e-06 0)
(2.2777e-06 2.35735e-06 0)
(2.41631e-06 2.53522e-06 0)
(2.55657e-06 2.71211e-06 0)
(2.69835e-06 2.88765e-06 0)
(2.84149e-06 3.0615e-06 0)
(2.98586e-06 3.23337e-06 0)
(3.13133e-06 3.40303e-06 0)
(3.27773e-06 3.57029e-06 0)
(3.4249e-06 3.73503e-06 0)
(3.57254e-06 3.8972e-06 0)
(3.7203e-06 4.05658e-06 2.0589e-21)
(9.21011e-07 6.15033e-07 0)
(1.0302e-06 7.65292e-07 0)
(1.13851e-06 9.19904e-07 0)
(1.25072e-06 1.08092e-06 0)
(1.36655e-06 1.24708e-06 0)
(1.48594e-06 1.41726e-06 0)
(1.60867e-06 1.59045e-06 0)
(1.73456e-06 1.76578e-06 0)
(1.86341e-06 1.94247e-06 0)
(1.99498e-06 2.11984e-06 0)
(2.12906e-06 2.29729e-06 0)
(2.26544e-06 2.4743e-06 0)
(2.4039e-06 2.65041e-06 0)
(2.54423e-06 2.82524e-06 0)
(2.68622e-06 2.99844e-06 0)
(2.82969e-06 3.16974e-06 0)
(2.97443e-06 3.33891e-06 0)
(3.12024e-06 3.50583e-06 0)
(3.26691e-06 3.67047e-06 0)
(3.41411e-06 3.83294e-06 0)
(3.56147e-06 3.99345e-06 2.00384e-21)
(8.18623e-07 5.73104e-07 0)
(9.18623e-07 7.21121e-07 0)
(1.01932e-06 8.73763e-07 0)
(1.12465e-06 1.03287e-06 0)
(1.23441e-06 1.19723e-06 0)
(1.34846e-06 1.3657e-06 0)
(1.46658e-06 1.53731e-06 0)
(1.58854e-06 1.71116e-06 0)
(1.71408e-06 1.88649e-06 0)
(1.84295e-06 2.06261e-06 0)
(1.97485e-06 2.23893e-06 0)
(2.10952e-06 2.4149e-06 0)
(2.24669e-06 2.59008e-06 0)
(2.38608e-06 2.76407e-06 0)
(2.52742e-06 2.93652e-06 0)
(2.67044e-06 3.10717e-06 0)
(2.81488e-06 3.2758e-06 0)
(2.96046e-06 3.44232e-06 0)
(3.10689e-06 3.60679e-06 0)
(3.25386e-06 3.76946e-06 0)
(3.401e-06 3.93098e-06 1.97337e-21)
(7.06193e-07 5.35244e-07 0)
(7.96589e-07 6.80824e-07 0)
(8.89681e-07 8.31225e-07 0)
(9.8834e-07 9.88134e-07 0)
(1.09234e-06 1.15037e-06 0)
(1.20149e-06 1.31683e-06 0)
(1.3155e-06 1.48654e-06 0)
(1.43409e-06 1.65862e-06 0)
(1.55693e-06 1.83232e-06 0)
(1.6837e-06 2.00693e-06 0)
(1.81407e-06 2.18187e-06 0)
(1.94768e-06 2.35661e-06 0)
(2.08421e-06 2.53069e-06 0)
(2.22331e-06 2.7037e-06 0)
(2.36464e-06 2.8753e-06 0)
(2.50784e-06 3.04523e-06 0)
(2.65255e-06 3.21329e-06 0)
(2.79841e-06 3.3794e-06 0)
(2.94505e-06 3.54365e-06 0)
(3.09208e-06 3.70638e-06 0)
(3.23919e-06 3.86849e-06 1.96348e-21)
(5.79998e-07 5.00768e-07 2.26396e-21)
(6.60251e-07 6.43467e-07 2.28448e-21)
(7.45961e-07 7.91315e-07 2.28049e-21)
(8.38359e-07 9.45724e-07 2.27696e-21)
(9.37155e-07 1.10556e-06 2.27386e-21)
(1.04206e-06 1.26973e-06 2.27118e-21)
(1.15271e-06 1.43728e-06 2.2689e-21)
(1.26873e-06 1.60735e-06 2.26697e-21)
(1.38972e-06 1.77918e-06 2.26539e-21)
(1.51526e-06 1.95209e-06 2.26411e-21)
(1.64495e-06 2.12548e-06 2.26312e-21)
(1.77839e-06 2.29882e-06 2.2624e-21)
(1.91517e-06 2.47166e-06 2.26192e-21)
(2.05488e-06 2.64359e-06 2.26165e-21)
(2.1971e-06 2.81428e-06 2.26159e-21)
(2.3414e-06 2.98345e-06 2.26171e-21)
(2.48733e-06 3.15094e-06 2.26198e-21)
(2.63439e-06 3.31664e-06 2.26237e-21)
(2.78205e-06 3.48067e-06 2.26278e-21)
(2.92967e-06 3.64336e-06 2.26308e-21)
(3.08068e-06 3.78078e-06 2.1125e-21)
(0 0 0)
(1.93015e-07 3.61546e-08 0)
(3.9307e-07 1.11193e-07 0)
(6.06293e-07 2.28785e-07 0)
(8.35965e-07 3.84132e-07 0)
(1.08483e-06 5.72586e-07 0)
(1.3541e-06 7.88e-07 0)
(1.64407e-06 1.0238e-06 0)
(1.954e-06 1.27305e-06 0)
(2.28249e-06 1.52953e-06 0)
(0 0 0)
(1.82169e-07 3.21475e-08 0)
(3.70878e-07 9.98502e-08 0)
(5.71337e-07 2.07072e-07 0)
(7.86298e-07 3.50007e-07 0)
(1.01823e-06 5.24888e-07 0)
(1.26828e-06 7.26447e-07 0)
(1.53687e-06 9.4896e-07 0)
(1.82346e-06 1.18616e-06 0)
(2.12673e-06 1.43269e-06 0)
(0 0 0)
(1.72359e-07 2.80121e-08 0)
(3.50934e-07 8.88262e-08 0)
(5.40146e-07 1.86555e-07 0)
(7.42214e-07 3.18134e-07 0)
(9.59283e-07 4.80477e-07 0)
(1.19238e-06 6.69008e-07 0)
(1.44196e-06 8.78698e-07 0)
(1.7078e-06 1.10389e-06 0)
(1.98871e-06 1.33992e-06 0)
(0 0 0)
(1.63311e-07 2.3695e-08 0)
(3.32664e-07 7.79767e-08 0)
(5.11839e-07 1.67009e-07 0)
(7.02572e-07 2.88272e-07 0)
(9.06693e-07 4.39196e-07 0)
(1.12507e-06 6.15751e-07 0)
(1.35807e-06 8.1345e-07 0)
(1.60562e-06 1.02713e-06 0)
(1.86649e-06 1.25245e-06 0)
(0 0 0)
(1.54846e-07 1.91519e-08 0)
(3.15654e-07 6.7103e-08 0)
(4.85672e-07 1.48014e-07 0)
(6.66204e-07 2.59766e-07 0)
(8.58785e-07 4.00176e-07 0)
(1.06414e-06 5.65645e-07 0)
(1.28251e-06 7.52124e-07 0)
(1.514e-06 9.5492e-07 0)
(1.75726e-06 1.16989e-06 0)
(0 0 0)
(1.46842e-07 1.43725e-08 0)
(2.99638e-07 5.61326e-08 0)
(4.61197e-07 1.29411e-07 0)
(6.32445e-07 2.32381e-07 0)
(8.14649e-07 3.63147e-07 0)
(1.00838e-06 5.18441e-07 0)
(1.21376e-06 6.94536e-07 0)
(1.43098e-06 8.87134e-07 0)
(1.65865e-06 1.0922e-06 0)
(0 0 0)
(1.39182e-07 9.34299e-09 0)
(2.84355e-07 4.49727e-08 0)
(4.37967e-07 1.10979e-07 0)
(6.0061e-07 2.0575e-07 0)
(7.73319e-07 3.27598e-07 0)
(9.56523e-07 4.73518e-07 0)
(1.15026e-06 6.40029e-07 0)
(1.35473e-06 8.23175e-07 0)
(1.56857e-06 1.01899e-06 0)
(0 0 0)
(1.31784e-07 4.06744e-09 0)
(2.69631e-07 3.35887e-08 0)
(4.15683e-07 9.26173e-08 0)
(5.70237e-07 1.79695e-07 0)
(7.34128e-07 2.93282e-07 0)
(9.0766e-07 4.30569e-07 0)
(1.09079e-06 5.88256e-07 0)
(1.28374e-06 7.62665e-07 0)
(1.48517e-06 9.49912e-07 0)
(0 0 0)
(1.24572e-07 -1.45708e-09 0)
(2.55301e-07 2.1936e-08 0)
(3.94066e-07 7.42091e-08 0)
(5.40899e-07 1.54014e-07 0)
(6.96464e-07 2.59908e-07 0)
(8.6096e-07 3.89225e-07 0)
(1.0343e-06 5.38804e-07 0)
(1.21667e-06 7.05183e-07 0)
(1.40686e-06 8.84565e-07 0)
(0 0 0)
(1.17492e-07 -7.22699e-09 0)
(2.41245e-07 9.99324e-09 0)
(3.72908e-07 5.56899e-08 0)
(5.12264e-07 1.28588e-07 0)
(6.59837e-07 2.27299e-07 0)
(8.15738e-07 3.49252e-07 0)
(9.79858e-07 4.91382e-07 0)
(1.15238e-06 6.50398e-07 0)
(1.33219e-06 8.22596e-07 0)
(0 0 0)
(1.10495e-07 -1.3246e-08 0)
(2.27364e-07 -2.26645e-09 0)
(3.52029e-07 3.69974e-08 0)
(4.84041e-07 1.03314e-07 0)
(6.2381e-07 1.95303e-07 0)
(7.71382e-07 3.10449e-07 0)
(9.26658e-07 4.45748e-07 0)
(1.08982e-06 5.98035e-07 0)
(1.25988e-06 7.63706e-07 0)
(0 0 0)
(1.03557e-07 -1.95221e-08 0)
(2.13594e-07 -1.48682e-08 0)
(3.31299e-07 1.80882e-08 0)
(4.55995e-07 7.81279e-08 0)
(5.88004e-07 1.63831e-07 0)
(7.27339e-07 2.7269e-07 0)
(8.73944e-07 4.01735e-07 0)
(1.02801e-06 5.47892e-07 0)
(1.1887e-06 7.07656e-07 0)
(0 0 0)
(9.66716e-08 -2.60796e-08 0)
(1.9991e-07 -2.78447e-08 0)
(3.10629e-07 -1.06681e-09 0)
(4.27929e-07 5.30057e-08 0)
(5.52076e-07 1.32852e-07 0)
(6.83091e-07 2.35929e-07 0)
(8.20999e-07 3.59268e-07 0)
(9.66031e-07 4.99862e-07 0)
(1.1175e-06 6.54303e-07 0)
(0 0 0)
(8.98831e-08 -3.29678e-08 0)
(1.86366e-07 -4.12501e-08 0)
(2.90005e-07 -2.05004e-08 0)
(3.99701e-07 2.79416e-08 0)
(5.15715e-07 1.02374e-07 0)
(6.38133e-07 2.00167e-07 0)
(7.67104e-07 3.18327e-07 0)
(9.02925e-07 4.53894e-07 0)
(1.04508e-06 6.03556e-07 0)
(0 0 0)
(8.32991e-08 -4.02954e-08 0)
(1.73108e-07 -5.51512e-08 0)
(2.69486e-07 -4.01893e-08 0)
(3.71212e-07 3.04161e-09 0)
(4.78618e-07 7.25506e-08 0)
(5.91943e-07 1.6557e-07 0)
(7.11509e-07 2.79065e-07 0)
(8.37712e-07 4.10108e-07 0)
(9.70229e-07 5.5549e-07 0)
(0 0 0)
(7.72102e-08 -4.82497e-08 0)
(1.6052e-07 -6.96775e-08 0)
(2.49305e-07 -6.01476e-08 0)
(3.42442e-07 -2.16136e-08 0)
(4.40486e-07 4.3515e-08 0)
(5.43944e-07 1.32283e-07 0)
(6.53368e-07 2.41605e-07 0)
(7.69284e-07 3.6859e-07 0)
(8.91573e-07 5.1014e-07 0)
(0 0 0)
(7.21554e-08 -5.726e-08 0)
(1.49209e-07 -8.49439e-08 0)
(2.2981e-07 -8.01346e-08 0)
(3.13389e-07 -4.55622e-08 0)
(4.00975e-07 1.58267e-08 0)
(4.93472e-07 1.00881e-07 0)
(5.91724e-07 2.06489e-07 0)
(6.96408e-07 3.29821e-07 0)
(8.07618e-07 4.67904e-07 0)
(0 0 0)
(6.97809e-08 -6.79203e-08 0)
(1.4062e-07 -1.01165e-07 0)
(2.11754e-07 -1.00052e-07 0)
(2.84115e-07 -6.85772e-08 0)
(3.59592e-07 -1.02595e-08 0)
(4.39598e-07 7.15832e-08 0)
(5.25288e-07 1.73871e-07 0)
(6.17485e-07 2.93871e-07 0)
(7.16474e-07 4.28764e-07 0)
(0 0 0)
(7.32039e-08 -8.17523e-08 0)
(1.36528e-07 -1.1805e-07 0)
(1.95925e-07 -1.18608e-07 0)
(2.54587e-07 -8.90497e-08 0)
(3.1577e-07 -3.31411e-08 0)
(3.81359e-07 4.58812e-08 0)
(4.52784e-07 1.4509e-07 0)
(5.3097e-07 2.61915e-07 0)
(6.16345e-07 3.93718e-07 0)
(3.85614e-08 -3.63552e-08 9.14652e-22)
(9.9313e-08 -1.00082e-07 1.8347e-21)
(1.42548e-07 -1.35096e-07 1.84286e-21)
(1.83567e-07 -1.35224e-07 1.8631e-21)
(2.24292e-07 -1.06406e-07 1.89429e-21)
(2.68084e-07 -5.22348e-08 1.93587e-21)
(3.16794e-07 2.43747e-08 1.98759e-21)
(3.71833e-07 1.20672e-07 2.04903e-21)
(4.34113e-07 2.34251e-07 2.11981e-21)
(5.04011e-07 3.62603e-07 2.19938e-21)
(0 0 0)
(1.93015e-07 3.61546e-08 0)
(3.9307e-07 1.11193e-07 0)
(6.06293e-07 2.28785e-07 0)
(8.35965e-07 3.84132e-07 0)
(1.08483e-06 5.72586e-07 0)
(1.3541e-06 7.88e-07 0)
(1.64407e-06 1.0238e-06 0)
(1.954e-06 1.27305e-06 0)
(2.28249e-06 1.52953e-06 0)
(0 0 0)
(1.82169e-07 3.21475e-08 0)
(3.70878e-07 9.98502e-08 0)
(5.71337e-07 2.07072e-07 0)
(7.86298e-07 3.50007e-07 0)
(1.01823e-06 5.24888e-07 0)
(1.26828e-06 7.26447e-07 0)
(1.53687e-06 9.4896e-07 0)
(1.82346e-06 1.18616e-06 0)
(2.12673e-06 1.43269e-06 0)
(0 0 0)
(1.72359e-07 2.80121e-08 0)
(3.50934e-07 8.88262e-08 0)
(5.40146e-07 1.86555e-07 0)
(7.42214e-07 3.18134e-07 0)
(9.59283e-07 4.80477e-07 0)
(1.19238e-06 6.69008e-07 0)
(1.44196e-06 8.78698e-07 0)
(1.7078e-06 1.10389e-06 0)
(1.98871e-06 1.33992e-06 0)
(0 0 0)
(1.63311e-07 2.3695e-08 0)
(3.32664e-07 7.79767e-08 0)
(5.11839e-07 1.67009e-07 0)
(7.02572e-07 2.88272e-07 0)
(9.06693e-07 4.39196e-07 0)
(1.12507e-06 6.15751e-07 0)
(1.35807e-06 8.1345e-07 0)
(1.60562e-06 1.02713e-06 0)
(1.86649e-06 1.25245e-06 0)
(0 0 0)
(1.54846e-07 1.91519e-08 0)
(3.15654e-07 6.7103e-08 0)
(4.85672e-07 1.48014e-07 0)
(6.66204e-07 2.59766e-07 0)
(8.58785e-07 4.00176e-07 0)
(1.06414e-06 5.65645e-07 0)
(1.28251e-06 7.52124e-07 0)
(1.514e-06 9.5492e-07 0)
(1.75726e-06 1.16989e-06 0)
(0 0 0)
(1.46842e-07 1.43725e-08 0)
(2.99638e-07 5.61326e-08 0)
(4.61197e-07 1.29411e-07 0)
(6.32445e-07 2.32381e-07 0)
(8.14649e-07 3.63147e-07 0)
(1.00838e-06 5.18441e-07 0)
(1.21376e-06 6.94536e-07 0)
(1.43098e-06 8.87134e-07 0)
(1.65865e-06 1.0922e-06 0)
(0 0 0)
(1.39182e-07 9.34299e-09 0)
(2.84355e-07 4.49727e-08 0)
(4.37967e-07 1.10979e-07 0)
(6.0061e-07 2.0575e-07 0)
(7.73319e-07 3.27598e-07 0)
(9.56523e-07 4.73518e-07 0)
(1.15026e-06 6.40029e-07 0)
(1.35473e-06 8.23175e-07 0)
(1.56857e-06 1.01899e-06 0)
(0 0 0)
(1.31784e-07 4.06744e-09 0)
(2.69631e-07 3.35887e-08 0)
(4.15683e-07 9.26173e-08 0)
(5.70237e-07 1.79695e-07 0)
(7.34128e-07 2.93282e-07 0)
(9.0766e-07 4.30569e-07 0)
(1.09079e-06 5.88256e-07 0)
(1.28374e-06 7.62665e-07 0)
(1.48517e-06 9.49912e-07 0)
(0 0 0)
(1.24572e-07 -1.45708e-09 0)
(2.55301e-07 2.1936e-08 0)
(3.94066e-07 7.42091e-08 0)
(5.40899e-07 1.54014e-07 0)
(6.96464e-07 2.59908e-07 0)
(8.6096e-07 3.89225e-07 0)
(1.0343e-06 5.38804e-07 0)
(1.21667e-06 7.05183e-07 0)
(1.40686e-06 8.84565e-07 0)
(0 0 0)
(1.17492e-07 -7.22699e-09 0)
(2.41245e-07 9.99324e-09 0)
(3.72908e-07 5.56899e-08 0)
(5.12264e-07 1.28588e-07 0)
(6.59837e-07 2.27299e-07 0)
(8.15738e-07 3.49252e-07 0)
(9.79858e-07 4.91382e-07 0)
(1.15238e-06 6.50398e-07 0)
(1.33219e-06 8.22596e-07 0)
(0 0 0)
(1.10495e-07 -1.3246e-08 0)
(2.27364e-07 -2.26645e-09 0)
(3.52029e-07 3.69974e-08 0)
(4.84041e-07 1.03314e-07 0)
(6.2381e-07 1.95303e-07 0)
(7.71382e-07 3.10449e-07 0)
(9.26658e-07 4.45748e-07 0)
(1.08982e-06 5.98035e-07 0)
(1.25988e-06 7.63706e-07 0)
(0 0 0)
(1.03557e-07 -1.95221e-08 0)
(2.13594e-07 -1.48682e-08 0)
(3.31299e-07 1.80882e-08 0)
(4.55995e-07 7.81279e-08 0)
(5.88004e-07 1.63831e-07 0)
(7.27339e-07 2.7269e-07 0)
(8.73944e-07 4.01735e-07 0)
(1.02801e-06 5.47892e-07 0)
(1.1887e-06 7.07656e-07 0)
(0 0 0)
(9.66716e-08 -2.60796e-08 0)
(1.9991e-07 -2.78447e-08 0)
(3.10629e-07 -1.06681e-09 0)
(4.27929e-07 5.30057e-08 0)
(5.52076e-07 1.32852e-07 0)
(6.83091e-07 2.35929e-07 0)
(8.20999e-07 3.59268e-07 0)
(9.66031e-07 4.99862e-07 0)
(1.1175e-06 6.54303e-07 0)
(0 0 0)
(8.98831e-08 -3.29678e-08 0)
(1.86366e-07 -4.12501e-08 0)
(2.90005e-07 -2.05004e-08 0)
(3.99701e-07 2.79416e-08 0)
(5.15715e-07 1.02374e-07 0)
(6.38133e-07 2.00167e-07 0)
(7.67104e-07 3.18327e-07 0)
(9.02925e-07 4.53894e-07 0)
(1.04508e-06 6.03556e-07 0)
(0 0 0)
(8.32991e-08 -4.02954e-08 0)
(1.73108e-07 -5.51512e-08 0)
(2.69486e-07 -4.01893e-08 0)
(3.71212e-07 3.04161e-09 0)
(4.78618e-07 7.25506e-08 0)
(5.91943e-07 1.6557e-07 0)
(7.11509e-07 2.79065e-07 0)
(8.37712e-07 4.10108e-07 0)
(9.70229e-07 5.5549e-07 0)
(0 0 0)
(7.72102e-08 -4.82497e-08 0)
(1.6052e-07 -6.96775e-08 0)
(2.49305e-07 -6.01476e-08 0)
(3.42442e-07 -2.16136e-08 0)
(4.40486e-07 4.3515e-08 0)
(5.43944e-07 1.32283e-07 0)
(6.53368e-07 2.41605e-07 0)
(7.69284e-07 3.6859e-07 0)
(8.91573e-07 5.1014e-07 0)
(0 0 0)
(7.21554e-08 -5.726e-08 0)
(1.49209e-07 -8.49439e-08 0)
(2.2981e-07 -8.01346e-08 0)
(3.13389e-07 -4.55622e-08 0)
(4.00975e-07 1.58267e-08 0)
(4.93472e-07 1.00881e-07 0)
(5.91724e-07 2.06489e-07 0)
(6.96408e-07 3.29821e-07 0)
(8.07618e-07 4.67904e-07 0)
(0 0 0)
(6.97809e-08 -6.79203e-08 0)
(1.4062e-07 -1.01165e-07 0)
(2.11754e-07 -1.00052e-07 0)
(2.84115e-07 -6.85772e-08 0)
(3.59592e-07 -1.02595e-08 0)
(4.39598e-07 7.15832e-08 0)
(5.25288e-07 1.73871e-07 0)
(6.17485e-07 2.93871e-07 0)
(7.16474e-07 4.28764e-07 0)
(0 0 0)
(7.32039e-08 -8.17523e-08 0)
(1.36528e-07 -1.1805e-07 0)
(1.95925e-07 -1.18608e-07 0)
(2.54587e-07 -8.90497e-08 0)
(3.1577e-07 -3.31411e-08 0)
(3.81359e-07 4.58812e-08 0)
(4.52784e-07 1.4509e-07 0)
(5.3097e-07 2.61915e-07 0)
(6.16345e-07 3.93718e-07 0)
(3.85614e-08 -3.63552e-08 9.14652e-22)
(9.9313e-08 -1.00082e-07 1.8347e-21)
(1.42548e-07 -1.35096e-07 1.84286e-21)
(1.83567e-07 -1.35224e-07 1.8631e-21)
(2.24292e-07 -1.06406e-07 1.89429e-21)
(2.68084e-07 -5.22348e-08 1.93587e-21)
(3.16794e-07 2.43747e-08 1.98759e-21)
(3.71833e-07 1.20672e-07 2.04903e-21)
(4.34113e-07 2.34251e-07 2.11981e-21)
(5.04011e-07 3.62603e-07 2.19938e-21)
)
;

boundaryField
{
    left
    {
        type            calculated;
    }
    right
    {
        type            calculated;
    }
    down
    {
        type            calculated;
    }
    up
    {
        type            calculated;
    }
    hole
    {
        type            calculated;
    }
    frontAndBack
    {
        type            empty;
    }
}


// ************************************************************************* //
