/*--------------------------------*- C++ -*----------------------------------*\
  =========                 |
  \\      /  F ield         | OpenFOAM: The Open Source CFD Toolbox
   \\    /   O peration     | Website:  https://openfoam.org
    \\  /    A nd           | Version:  9
     \\/     M anipulation  |
\*---------------------------------------------------------------------------*/
FoamFile
{
    format      ascii;
    class       pointVectorField;
    location    "15";
    object      pointD;
}
// * * * * * * * * * * * * * * * * * * * * * * * * * * * * * * * * * * * * * //

dimensions      [0 1 0 0 0 0 0];

internalField   nonuniform List<vector> 
2142
(
(1.11607e-05 3.28339e-06 -9.81662e-20)
(1.03435e-05 3.80552e-06 0)
(9.77121e-06 4.17828e-06 0)
(9.35434e-06 4.48092e-06 0)
(9.05394e-06 4.72864e-06 0)
(8.84053e-06 4.94187e-06 0)
(8.69296e-06 5.12934e-06 0)
(8.59635e-06 5.2988e-06 0)
(8.53928e-06 5.45479e-06 0)
(8.51339e-06 5.60042e-06 0)
(8.51787e-06 5.75861e-06 0)
(1.02028e-05 3.00999e-06 -1.11261e-19)
(9.33715e-06 3.42351e-06 0)
(8.73577e-06 3.71454e-06 0)
(8.29994e-06 3.95331e-06 0)
(7.98652e-06 4.14802e-06 0)
(7.76354e-06 4.31634e-06 0)
(7.60798e-06 4.46438e-06 0)
(7.50406e-06 4.59873e-06 0)
(7.43924e-06 4.72249e-06 0)
(7.40487e-06 4.83934e-06 0)
(7.25629e-06 4.84595e-06 0)
(9.20962e-06 2.73685e-06 -1.126e-19)
(8.31677e-06 3.03272e-06 0)
(7.70149e-06 3.23607e-06 0)
(7.25788e-06 3.4081e-06 0)
(6.94002e-06 3.54902e-06 0)
(6.71418e-06 3.67284e-06 0)
(6.55595e-06 3.78259e-06 0)
(6.44877e-06 3.88319e-06 0)
(6.37965e-06 3.97607e-06 0)
(6.33913e-06 4.06479e-06 0)
(6.20591e-06 4.05683e-06 0)
(8.18261e-06 2.46822e-06 -1.10268e-19)
(7.28784e-06 2.63973e-06 0)
(6.67535e-06 2.75337e-06 0)
(6.2363e-06 2.85789e-06 0)
(5.92358e-06 2.94619e-06 0)
(5.7024e-06 3.02753e-06 0)
(5.54748e-06 3.10172e-06 0)
(5.44186e-06 3.17156e-06 0)
(5.37246e-06 3.2368e-06 0)
(5.32967e-06 3.30013e-06 0)
(5.21464e-06 3.28243e-06 0)
(7.12376e-06 2.21176e-06 -1.11126e-19)
(6.25552e-06 2.25218e-06 0)
(5.66243e-06 2.27779e-06 0)
(5.24095e-06 2.31623e-06 0)
(4.94392e-06 2.35501e-06 0)
(4.73551e-06 2.39748e-06 0)
(4.5903e-06 2.4401e-06 0)
(4.49126e-06 2.4832e-06 0)
(4.4257e-06 2.52483e-06 0)
(4.38411e-06 2.56645e-06 0)
(4.28819e-06 2.54352e-06 0)
(6.03352e-06 1.96767e-06 -1.08627e-19)
(5.22212e-06 1.87674e-06 0)
(4.66522e-06 1.81791e-06 0)
(4.27558e-06 1.79578e-06 0)
(4.00562e-06 1.79078e-06 0)
(3.81858e-06 1.8003e-06 0)
(3.68956e-06 1.81703e-06 0)
(3.60194e-06 1.83872e-06 0)
(3.54389e-06 1.86174e-06 0)
(3.50638e-06 1.8862e-06 0)
(3.42952e-06 1.86236e-06 0)
(4.91009e-06 1.72952e-06 -9.13732e-20)
(4.18175e-06 1.51973e-06 0)
(3.68237e-06 1.38229e-06 0)
(3.34205e-06 1.30914e-06 0)
(3.11127e-06 1.26932e-06 0)
(2.9543e-06 1.25421e-06 0)
(2.84752e-06 1.25231e-06 0)
(2.77559e-06 1.25898e-06 0)
(2.72803e-06 1.26909e-06 0)
(2.69684e-06 1.28152e-06 0)
(2.63821e-06 1.2607e-06 0)
(3.77754e-06 1.48677e-06 -6.40713e-20)
(3.13722e-06 1.1782e-06 0)
(2.71589e-06 9.78489e-07 0)
(2.44347e-06 8.69606e-07 0)
(2.2635e-06 8.07998e-07 0)
(2.14418e-06 7.78921e-07 0)
(2.06433e-06 7.66953e-07 0)
(2.01106e-06 7.65552e-07 0)
(1.97589e-06 7.68629e-07 0)
(1.95241e-06 7.74183e-07 0)
(1.91062e-06 7.59385e-07 0)
(2.61566e-06 1.23644e-06 -2.33303e-20)
(2.08451e-06 8.40431e-07 0)
(1.76928e-06 6.09204e-07 0)
(1.58147e-06 4.89514e-07 0)
(1.46197e-06 4.24734e-07 0)
(1.38553e-06 3.94583e-07 0)
(1.33517e-06 3.8154e-07 0)
(1.30184e-06 3.78503e-07 0)
(1.27969e-06 3.7951e-07 0)
(1.26444e-06 3.82415e-07 0)
(1.23776e-06 3.74956e-07 0)
(1.5056e-06 9.354e-07 2.02549e-20)
(1.034e-06 4.93046e-07 0)
(8.57894e-07 2.89126e-07 0)
(7.66291e-07 1.95038e-07 0)
(7.10961e-07 1.50058e-07 0)
(6.76603e-07 1.31126e-07 0)
(6.53981e-07 1.24013e-07 0)
(6.38918e-07 1.23151e-07 0)
(6.28651e-07 1.24515e-07 0)
(6.2123e-07 1.2669e-07 0)
(6.08039e-07 1.25054e-07 0)
(4.97858e-07 3.80407e-07 1.87515e-20)
(0 0 0)
(0 0 0)
(0 0 0)
(0 0 0)
(0 0 0)
(0 0 0)
(0 0 0)
(0 0 0)
(0 0 0)
(0 0 0)
(1.11607e-05 3.28339e-06 -9.81662e-20)
(1.03435e-05 3.80552e-06 0)
(9.77121e-06 4.17828e-06 0)
(9.35434e-06 4.48092e-06 0)
(9.05394e-06 4.72864e-06 0)
(8.84053e-06 4.94187e-06 0)
(8.69296e-06 5.12934e-06 0)
(8.59635e-06 5.2988e-06 0)
(8.53928e-06 5.45479e-06 0)
(8.51339e-06 5.60042e-06 0)
(8.51787e-06 5.75861e-06 0)
(1.02028e-05 3.00999e-06 -1.11261e-19)
(9.33715e-06 3.42351e-06 0)
(8.73577e-06 3.71454e-06 0)
(8.29994e-06 3.95331e-06 0)
(7.98652e-06 4.14802e-06 0)
(7.76354e-06 4.31634e-06 0)
(7.60798e-06 4.46438e-06 0)
(7.50406e-06 4.59873e-06 0)
(7.43924e-06 4.72249e-06 0)
(7.40487e-06 4.83934e-06 0)
(7.25629e-06 4.84595e-06 0)
(9.20962e-06 2.73685e-06 -1.126e-19)
(8.31677e-06 3.03272e-06 0)
(7.70149e-06 3.23607e-06 0)
(7.25788e-06 3.4081e-06 0)
(6.94002e-06 3.54902e-06 0)
(6.71418e-06 3.67284e-06 0)
(6.55595e-06 3.78259e-06 0)
(6.44877e-06 3.88319e-06 0)
(6.37965e-06 3.97607e-06 0)
(6.33913e-06 4.06479e-06 0)
(6.20591e-06 4.05683e-06 0)
(8.18261e-06 2.46822e-06 -1.10268e-19)
(7.28784e-06 2.63973e-06 0)
(6.67535e-06 2.75337e-06 0)
(6.2363e-06 2.85789e-06 0)
(5.92358e-06 2.94619e-06 0)
(5.7024e-06 3.02753e-06 0)
(5.54748e-06 3.10172e-06 0)
(5.44186e-06 3.17156e-06 0)
(5.37246e-06 3.2368e-06 0)
(5.32967e-06 3.30013e-06 0)
(5.21464e-06 3.28243e-06 0)
(7.12376e-06 2.21176e-06 -1.11126e-19)
(6.25552e-06 2.25218e-06 0)
(5.66243e-06 2.27779e-06 0)
(5.24095e-06 2.31623e-06 0)
(4.94392e-06 2.35501e-06 0)
(4.73551e-06 2.39748e-06 0)
(4.5903e-06 2.4401e-06 0)
(4.49126e-06 2.4832e-06 0)
(4.4257e-06 2.52483e-06 0)
(4.38411e-06 2.56645e-06 0)
(4.28819e-06 2.54352e-06 0)
(6.03352e-06 1.96767e-06 -1.08627e-19)
(5.22212e-06 1.87674e-06 0)
(4.66522e-06 1.81791e-06 0)
(4.27558e-06 1.79578e-06 0)
(4.00562e-06 1.79078e-06 0)
(3.81858e-06 1.8003e-06 0)
(3.68956e-06 1.81703e-06 0)
(3.60194e-06 1.83872e-06 0)
(3.54389e-06 1.86174e-06 0)
(3.50638e-06 1.8862e-06 0)
(3.42952e-06 1.86236e-06 0)
(4.91009e-06 1.72952e-06 -9.13732e-20)
(4.18175e-06 1.51973e-06 0)
(3.68237e-06 1.38229e-06 0)
(3.34205e-06 1.30914e-06 0)
(3.11127e-06 1.26932e-06 0)
(2.9543e-06 1.25421e-06 0)
(2.84752e-06 1.25231e-06 0)
(2.77559e-06 1.25898e-06 0)
(2.72803e-06 1.26909e-06 0)
(2.69684e-06 1.28152e-06 0)
(2.63821e-06 1.2607e-06 0)
(3.77754e-06 1.48677e-06 -6.40713e-20)
(3.13722e-06 1.1782e-06 0)
(2.71589e-06 9.78489e-07 0)
(2.44347e-06 8.69606e-07 0)
(2.2635e-06 8.07998e-07 0)
(2.14418e-06 7.78921e-07 0)
(2.06433e-06 7.66953e-07 0)
(2.01106e-06 7.65552e-07 0)
(1.97589e-06 7.68629e-07 0)
(1.95241e-06 7.74183e-07 0)
(1.91062e-06 7.59385e-07 0)
(2.61566e-06 1.23644e-06 -2.33303e-20)
(2.08451e-06 8.40431e-07 0)
(1.76928e-06 6.09204e-07 0)
(1.58147e-06 4.89514e-07 0)
(1.46197e-06 4.24734e-07 0)
(1.38553e-06 3.94583e-07 0)
(1.33517e-06 3.8154e-07 0)
(1.30184e-06 3.78503e-07 0)
(1.27969e-06 3.7951e-07 0)
(1.26444e-06 3.82415e-07 0)
(1.23776e-06 3.74956e-07 0)
(1.5056e-06 9.354e-07 2.02549e-20)
(1.034e-06 4.93046e-07 0)
(8.57894e-07 2.89126e-07 0)
(7.66291e-07 1.95038e-07 0)
(7.10961e-07 1.50058e-07 0)
(6.76603e-07 1.31126e-07 0)
(6.53981e-07 1.24013e-07 0)
(6.38918e-07 1.23151e-07 0)
(6.28651e-07 1.24515e-07 0)
(6.2123e-07 1.2669e-07 0)
(6.08039e-07 1.25054e-07 0)
(4.97858e-07 3.80407e-07 1.87515e-20)
(0 0 0)
(0 0 0)
(0 0 0)
(0 0 0)
(0 0 0)
(0 0 0)
(0 0 0)
(0 0 0)
(0 0 0)
(0 0 0)
(1.81125e-05 5.40046e-06 -2.44186e-21)
(1.82428e-05 5.92259e-06 -1.42494e-21)
(1.82274e-05 6.59437e-06 -1.55883e-21)
(1.82166e-05 7.21799e-06 -1.68969e-21)
(1.8227e-05 7.79202e-06 -1.81409e-21)
(1.82646e-05 8.32213e-06 -1.93268e-21)
(1.83318e-05 8.81513e-06 -2.04646e-21)
(1.84283e-05 9.27801e-06 -2.15645e-21)
(1.85531e-05 9.71656e-06 -2.20926e-21)
(1.87032e-05 1.01363e-05 -1.67782e-21)
(1.88773e-05 1.05396e-05 -6.15464e-22)
(1.77079e-05 5.19836e-06 -3.59391e-21)
(1.76529e-05 5.89915e-06 0)
(1.76067e-05 6.56677e-06 0)
(1.75817e-05 7.18131e-06 0)
(1.75842e-05 7.74264e-06 0)
(1.76161e-05 8.25745e-06 0)
(1.76775e-05 8.73329e-06 0)
(1.77667e-05 9.17772e-06 0)
(1.78821e-05 9.59699e-06 0)
(1.8021e-05 9.99703e-06 0)
(1.81921e-05 1.03827e-05 0)
(1.71577e-05 5.11279e-06 -3.69551e-21)
(1.70427e-05 5.82884e-06 0)
(1.69488e-05 6.49039e-06 0)
(1.68882e-05 7.09212e-06 0)
(1.68634e-05 7.63708e-06 0)
(1.68736e-05 8.13368e-06 0)
(1.69163e-05 8.59013e-06 0)
(1.69885e-05 9.01448e-06 0)
(1.70873e-05 9.41318e-06 0)
(1.72092e-05 9.79254e-06 0)
(1.7376e-05 1.01615e-05 0)
(1.65753e-05 4.97385e-06 -4.33165e-21)
(1.63876e-05 5.7135e-06 0)
(1.62369e-05 6.36667e-06 0)
(1.61312e-05 6.95081e-06 0)
(1.60702e-05 7.47408e-06 0)
(1.60507e-05 7.94769e-06 0)
(1.6068e-05 8.38082e-06 0)
(1.61174e-05 8.7819e-06 0)
(1.61951e-05 9.15756e-06 0)
(1.62963e-05 9.51422e-06 0)
(1.64586e-05 9.86683e-06 0)
(1.59502e-05 4.79425e-06 -6.87955e-21)
(1.56776e-05 5.5548e-06 0)
(1.5464e-05 6.19584e-06 0)
(1.5308e-05 6.75803e-06 0)
(1.52065e-05 7.25496e-06 0)
(1.51534e-05 7.70122e-06 0)
(1.51419e-05 8.10708e-06 0)
(1.51657e-05 8.48147e-06 0)
(1.52198e-05 8.83114e-06 0)
(1.52984e-05 9.16254e-06 0)
(1.54565e-05 9.49882e-06 0)
(1.52767e-05 4.58265e-06 -1.27354e-20)
(1.49094e-05 5.35346e-06 0)
(1.46288e-05 5.97591e-06 0)
(1.44208e-05 6.51082e-06 0)
(1.4278e-05 6.97667e-06 0)
(1.41907e-05 7.39137e-06 0)
(1.41499e-05 7.76628e-06 0)
(1.41476e-05 8.11075e-06 0)
(1.41779e-05 8.43167e-06 0)
(1.42336e-05 8.73534e-06 0)
(1.43888e-05 9.05549e-06 0)
(1.45524e-05 4.34695e-06 -2.28647e-20)
(1.40845e-05 5.11128e-06 0)
(1.37358e-05 5.70629e-06 0)
(1.34766e-05 6.20796e-06 0)
(1.32938e-05 6.63824e-06 0)
(1.31737e-05 7.01778e-06 0)
(1.31048e-05 7.35868e-06 0)
(1.30776e-05 7.6706e-06 0)
(1.3085e-05 7.96046e-06 0)
(1.31191e-05 8.23428e-06 0)
(1.32729e-05 8.53862e-06 0)
(1.3777e-05 4.09362e-06 -3.74996e-20)
(1.32081e-05 4.83085e-06 0)
(1.2793e-05 5.38763e-06 0)
(1.24854e-05 5.84944e-06 0)
(1.22656e-05 6.23976e-06 0)
(1.21155e-05 6.581e-06 0)
(1.20211e-05 6.88547e-06 0)
(1.19713e-05 7.16284e-06 0)
(1.1958e-05 7.41988e-06 0)
(1.19726e-05 7.66222e-06 0)
(1.21267e-05 7.95131e-06 0)
(1.29517e-05 3.8285e-06 -5.60071e-20)
(1.2287e-05 4.51613e-06 0)
(1.18105e-05 5.02298e-06 0)
(1.14594e-05 5.43806e-06 0)
(1.12068e-05 5.78433e-06 0)
(1.10306e-05 6.08467e-06 0)
(1.09141e-05 6.35093e-06 0)
(1.08449e-05 6.59247e-06 0)
(1.08137e-05 6.81563e-06 0)
(1.08115e-05 7.02544e-06 0)
(1.09674e-05 7.29963e-06 0)
(1.20786e-05 3.55679e-06 -7.69389e-20)
(1.13293e-05 4.17215e-06 0)
(1.07995e-05 4.61741e-06 0)
(1.04114e-05 4.9792e-06 0)
(1.01316e-05 5.27771e-06 0)
(9.93397e-06 5.53514e-06 0)
(9.79953e-06 5.76214e-06 0)
(9.71441e-06 5.96735e-06 0)
(9.6685e-06 6.15639e-06 0)
(9.65283e-06 6.33299e-06 0)
(9.81135e-06 6.59218e-06 0)
(1.81125e-05 5.40046e-06 -2.44186e-21)
(1.82428e-05 5.92259e-06 -1.42494e-21)
(1.82274e-05 6.59437e-06 -1.55883e-21)
(1.82166e-05 7.21799e-06 -1.68969e-21)
(1.8227e-05 7.79202e-06 -1.81409e-21)
(1.82646e-05 8.32213e-06 -1.93268e-21)
(1.83318e-05 8.81513e-06 -2.04646e-21)
(1.84283e-05 9.27801e-06 -2.15645e-21)
(1.85531e-05 9.71656e-06 -2.20926e-21)
(1.87032e-05 1.01363e-05 -1.67782e-21)
(1.88773e-05 1.05396e-05 -6.15464e-22)
(1.77079e-05 5.19836e-06 -3.59391e-21)
(1.76529e-05 5.89915e-06 0)
(1.76067e-05 6.56677e-06 0)
(1.75817e-05 7.18131e-06 0)
(1.75842e-05 7.74264e-06 0)
(1.76161e-05 8.25745e-06 0)
(1.76775e-05 8.73329e-06 0)
(1.77667e-05 9.17772e-06 0)
(1.78821e-05 9.59699e-06 0)
(1.8021e-05 9.99703e-06 0)
(1.81921e-05 1.03827e-05 0)
(1.71577e-05 5.11279e-06 -3.69551e-21)
(1.70427e-05 5.82884e-06 0)
(1.69488e-05 6.49039e-06 0)
(1.68882e-05 7.09212e-06 0)
(1.68634e-05 7.63708e-06 0)
(1.68736e-05 8.13368e-06 0)
(1.69163e-05 8.59013e-06 0)
(1.69885e-05 9.01448e-06 0)
(1.70873e-05 9.41318e-06 0)
(1.72092e-05 9.79254e-06 0)
(1.7376e-05 1.01615e-05 0)
(1.65753e-05 4.97385e-06 -4.33165e-21)
(1.63876e-05 5.7135e-06 0)
(1.62369e-05 6.36667e-06 0)
(1.61312e-05 6.95081e-06 0)
(1.60702e-05 7.47408e-06 0)
(1.60507e-05 7.94769e-06 0)
(1.6068e-05 8.38082e-06 0)
(1.61174e-05 8.7819e-06 0)
(1.61951e-05 9.15756e-06 0)
(1.62963e-05 9.51422e-06 0)
(1.64586e-05 9.86683e-06 0)
(1.59502e-05 4.79425e-06 -6.87955e-21)
(1.56776e-05 5.5548e-06 0)
(1.5464e-05 6.19584e-06 0)
(1.5308e-05 6.75803e-06 0)
(1.52065e-05 7.25496e-06 0)
(1.51534e-05 7.70122e-06 0)
(1.51419e-05 8.10708e-06 0)
(1.51657e-05 8.48147e-06 0)
(1.52198e-05 8.83114e-06 0)
(1.52984e-05 9.16254e-06 0)
(1.54565e-05 9.49882e-06 0)
(1.52767e-05 4.58265e-06 -1.27354e-20)
(1.49094e-05 5.35346e-06 0)
(1.46288e-05 5.97591e-06 0)
(1.44208e-05 6.51082e-06 0)
(1.4278e-05 6.97667e-06 0)
(1.41907e-05 7.39137e-06 0)
(1.41499e-05 7.76628e-06 0)
(1.41476e-05 8.11075e-06 0)
(1.41779e-05 8.43167e-06 0)
(1.42336e-05 8.73534e-06 0)
(1.43888e-05 9.05549e-06 0)
(1.45524e-05 4.34695e-06 -2.28647e-20)
(1.40845e-05 5.11128e-06 0)
(1.37358e-05 5.70629e-06 0)
(1.34766e-05 6.20796e-06 0)
(1.32938e-05 6.63824e-06 0)
(1.31737e-05 7.01778e-06 0)
(1.31048e-05 7.35868e-06 0)
(1.30776e-05 7.6706e-06 0)
(1.3085e-05 7.96046e-06 0)
(1.31191e-05 8.23428e-06 0)
(1.32729e-05 8.53862e-06 0)
(1.3777e-05 4.09362e-06 -3.74996e-20)
(1.32081e-05 4.83085e-06 0)
(1.2793e-05 5.38763e-06 0)
(1.24854e-05 5.84944e-06 0)
(1.22656e-05 6.23976e-06 0)
(1.21155e-05 6.581e-06 0)
(1.20211e-05 6.88547e-06 0)
(1.19713e-05 7.16284e-06 0)
(1.1958e-05 7.41988e-06 0)
(1.19726e-05 7.66222e-06 0)
(1.21267e-05 7.95131e-06 0)
(1.29517e-05 3.8285e-06 -5.60071e-20)
(1.2287e-05 4.51613e-06 0)
(1.18105e-05 5.02298e-06 0)
(1.14594e-05 5.43806e-06 0)
(1.12068e-05 5.78433e-06 0)
(1.10306e-05 6.08467e-06 0)
(1.09141e-05 6.35093e-06 0)
(1.08449e-05 6.59247e-06 0)
(1.08137e-05 6.81563e-06 0)
(1.08115e-05 7.02544e-06 0)
(1.09674e-05 7.29963e-06 0)
(1.20786e-05 3.55679e-06 -7.69389e-20)
(1.13293e-05 4.17215e-06 0)
(1.07995e-05 4.61741e-06 0)
(1.04114e-05 4.9792e-06 0)
(1.01316e-05 5.27771e-06 0)
(9.93397e-06 5.53514e-06 0)
(9.79953e-06 5.76214e-06 0)
(9.71441e-06 5.96735e-06 0)
(9.6685e-06 6.15639e-06 0)
(9.65283e-06 6.33299e-06 0)
(9.81135e-06 6.59218e-06 0)
(1.90755e-05 1.09313e-05 3.91155e-22)
(1.92943e-05 1.13168e-05 1.29741e-21)
(1.95304e-05 1.16963e-05 2.11384e-21)
(1.9782e-05 1.20719e-05 2.8416e-21)
(2.00475e-05 1.2445e-05 3.48876e-21)
(2.03254e-05 1.28168e-05 4.0616e-21)
(2.06144e-05 1.31885e-05 4.56688e-21)
(2.09132e-05 1.35609e-05 5.01023e-21)
(2.12207e-05 1.39348e-05 5.39674e-21)
(2.15358e-05 1.43109e-05 5.73065e-21)
(2.18576e-05 1.46896e-05 6.01577e-21)
(2.21852e-05 1.50715e-05 6.25495e-21)
(2.25178e-05 1.54569e-05 6.45049e-21)
(2.28544e-05 1.5846e-05 6.60402e-21)
(2.31943e-05 1.6239e-05 6.71686e-21)
(2.35366e-05 1.6636e-05 6.78992e-21)
(2.38803e-05 1.70367e-05 6.82509e-21)
(2.42245e-05 1.74407e-05 6.82485e-21)
(2.4568e-05 1.7847e-05 6.79307e-21)
(2.46815e-05 1.81005e-05 -1.57853e-21)
(1.84042e-05 1.07628e-05 0)
(1.86422e-05 1.11401e-05 0)
(1.88942e-05 1.15123e-05 0)
(1.91587e-05 1.18814e-05 0)
(1.94346e-05 1.22489e-05 0)
(1.97208e-05 1.2616e-05 0)
(2.00163e-05 1.29836e-05 0)
(2.032e-05 1.33527e-05 0)
(2.06313e-05 1.37239e-05 0)
(2.09491e-05 1.40978e-05 0)
(2.12728e-05 1.4475e-05 0)
(2.16017e-05 1.48559e-05 0)
(2.19349e-05 1.52407e-05 0)
(2.2272e-05 1.56298e-05 0)
(2.26122e-05 1.60233e-05 0)
(2.29549e-05 1.64213e-05 0)
(2.32994e-05 1.68234e-05 0)
(2.36451e-05 1.72293e-05 0)
(2.39914e-05 1.76381e-05 0)
(2.43364e-05 1.80476e-05 -9.99777e-21)
(1.7609e-05 1.05339e-05 0)
(1.78763e-05 1.09086e-05 0)
(1.81537e-05 1.12785e-05 0)
(1.84401e-05 1.16457e-05 0)
(1.8735e-05 1.20117e-05 0)
(1.90374e-05 1.23777e-05 0)
(1.93469e-05 1.27447e-05 0)
(1.96627e-05 1.31136e-05 0)
(1.99844e-05 1.34851e-05 0)
(2.03113e-05 1.38597e-05 0)
(2.0643e-05 1.42379e-05 0)
(2.0979e-05 1.46203e-05 0)
(2.13187e-05 1.50071e-05 0)
(2.16617e-05 1.53985e-05 0)
(2.20076e-05 1.57948e-05 0)
(2.23559e-05 1.6196e-05 0)
(2.27061e-05 1.66019e-05 0)
(2.30578e-05 1.70123e-05 0)
(2.34103e-05 1.74264e-05 0)
(2.376e-05 1.78423e-05 -1.00832e-20)
(1.67173e-05 1.02363e-05 0)
(1.7021e-05 1.06146e-05 0)
(1.73308e-05 1.09881e-05 0)
(1.76457e-05 1.13586e-05 0)
(1.79658e-05 1.1728e-05 0)
(1.82905e-05 1.20973e-05 0)
(1.86197e-05 1.24678e-05 0)
(1.89531e-05 1.28402e-05 0)
(1.92904e-05 1.32153e-05 0)
(1.96313e-05 1.35938e-05 0)
(1.99757e-05 1.39761e-05 0)
(2.03232e-05 1.43627e-05 0)
(2.06736e-05 1.47539e-05 0)
(2.10266e-05 1.51501e-05 0)
(2.1382e-05 1.55515e-05 0)
(2.17395e-05 1.59583e-05 0)
(2.20987e-05 1.63705e-05 0)
(2.24594e-05 1.67879e-05 0)
(2.28207e-05 1.72104e-05 0)
(2.31778e-05 1.76364e-05 -1.02193e-20)
(1.57452e-05 9.86961e-06 0)
(1.6091e-05 1.02575e-05 0)
(1.64387e-05 1.064e-05 0)
(1.67874e-05 1.10191e-05 0)
(1.71379e-05 1.13965e-05 0)
(1.74898e-05 1.17736e-05 0)
(1.78435e-05 1.21514e-05 0)
(1.81989e-05 1.25311e-05 0)
(1.85561e-05 1.29133e-05 0)
(1.89152e-05 1.32987e-05 0)
(1.92761e-05 1.36879e-05 0)
(1.96388e-05 1.40815e-05 0)
(2.00033e-05 1.44799e-05 0)
(2.03695e-05 1.48834e-05 0)
(2.07374e-05 1.52924e-05 0)
(2.11069e-05 1.57071e-05 0)
(2.14777e-05 1.61278e-05 0)
(2.18495e-05 1.65548e-05 0)
(2.22219e-05 1.69882e-05 0)
(2.25889e-05 1.7427e-05 -1.04037e-20)
(1.47107e-05 9.43207e-06 0)
(1.51027e-05 9.83547e-06 0)
(1.54924e-05 1.02329e-05 0)
(1.5879e-05 1.06256e-05 0)
(1.62637e-05 1.1016e-05 0)
(1.66467e-05 1.14052e-05 0)
(1.70285e-05 1.17947e-05 0)
(1.74094e-05 1.21853e-05 0)
(1.77899e-05 1.25781e-05 0)
(1.81702e-05 1.29738e-05 0)
(1.85506e-05 1.33731e-05 0)
(1.89313e-05 1.37766e-05 0)
(1.93125e-05 1.41847e-05 0)
(1.96943e-05 1.4598e-05 0)
(2.0077e-05 1.50169e-05 0)
(2.04605e-05 1.54418e-05 0)
(2.08448e-05 1.58733e-05 0)
(2.12297e-05 1.63119e-05 0)
(2.1615e-05 1.67582e-05 0)
(2.1994e-05 1.72116e-05 -1.06362e-20)
(1.36303e-05 8.92538e-06 0)
(1.40712e-05 9.35008e-06 0)
(1.45058e-05 9.76783e-06 0)
(1.49331e-05 1.01793e-05 0)
(1.5355e-05 1.05874e-05 0)
(1.57716e-05 1.09931e-05 0)
(1.61843e-05 1.13981e-05 0)
(1.65934e-05 1.18035e-05 0)
(1.69996e-05 1.22104e-05 0)
(1.74035e-05 1.26196e-05 0)
(1.78056e-05 1.30319e-05 0)
(1.82064e-05 1.3448e-05 0)
(1.86063e-05 1.38686e-05 0)
(1.90056e-05 1.42941e-05 0)
(1.94047e-05 1.47252e-05 0)
(1.98037e-05 1.51625e-05 0)
(2.02029e-05 1.56067e-05 0)
(2.06023e-05 1.60587e-05 0)
(2.10017e-05 1.65193e-05 0)
(2.13948e-05 1.69885e-05 -1.09171e-20)
(1.25204e-05 8.35254e-06 0)
(1.30115e-05 8.80386e-06 0)
(1.34925e-05 9.24709e-06 0)
(1.39619e-05 9.68217e-06 0)
(1.44227e-05 1.01123e-05 0)
(1.4875e-05 1.05388e-05 0)
(1.53203e-05 1.09632e-05 0)
(1.57593e-05 1.1387e-05 0)
(1.61931e-05 1.18114e-05 0)
(1.66223e-05 1.22372e-05 0)
(1.70478e-05 1.26655e-05 0)
(1.74702e-05 1.30971e-05 0)
(1.78901e-05 1.35326e-05 0)
(1.83081e-05 1.39727e-05 0)
(1.87248e-05 1.44182e-05 0)
(1.91404e-05 1.48698e-05 0)
(1.95555e-05 1.53283e-05 0)
(1.99702e-05 1.57951e-05 0)
(2.03848e-05 1.62711e-05 0)
(2.07935e-05 1.67568e-05 -1.12464e-20)
(1.13973e-05 7.71902e-06 0)
(1.19379e-05 8.20175e-06 0)
(1.24654e-05 8.67481e-06 0)
(1.29776e-05 9.13777e-06 0)
(1.34779e-05 9.59389e-06 0)
(1.39667e-05 1.00448e-05 0)
(1.44456e-05 1.04922e-05 0)
(1.49157e-05 1.09378e-05 0)
(1.5378e-05 1.13827e-05 0)
(1.58337e-05 1.18283e-05 0)
(1.62835e-05 1.22754e-05 0)
(1.67285e-05 1.2725e-05 0)
(1.71693e-05 1.31779e-05 0)
(1.76068e-05 1.36349e-05 0)
(1.80417e-05 1.40968e-05 0)
(1.84746e-05 1.45645e-05 0)
(1.89061e-05 1.5039e-05 0)
(1.93368e-05 1.55216e-05 0)
(1.97672e-05 1.60136e-05 0)
(2.01928e-05 1.65162e-05 -1.16241e-20)
(1.02754e-05 7.03258e-06 0)
(1.0863e-05 7.55012e-06 0)
(1.14352e-05 8.05608e-06 0)
(1.19898e-05 8.55069e-06 0)
(1.25295e-05 9.03636e-06 0)
(1.30552e-05 9.51508e-06 0)
(1.35682e-05 9.98875e-06 0)
(1.40699e-05 1.04591e-05 0)
(1.45615e-05 1.09275e-05 0)
(1.50441e-05 1.13954e-05 0)
(1.55189e-05 1.18638e-05 0)
(1.59869e-05 1.23339e-05 0)
(1.64491e-05 1.28065e-05 0)
(1.69066e-05 1.32824e-05 0)
(1.736e-05 1.37627e-05 0)
(1.78104e-05 1.42481e-05 0)
(1.82586e-05 1.47397e-05 0)
(1.87053e-05 1.52391e-05 0)
(1.91516e-05 1.57475e-05 0)
(1.95951e-05 1.62669e-05 -1.20503e-20)
(9.27926e-06 6.40841e-06 0)
(9.90192e-06 6.95584e-06 0)
(1.05076e-05 7.4886e-06 0)
(1.10949e-05 8.00994e-06 0)
(1.16658e-05 8.52126e-06 0)
(1.2221e-05 9.02461e-06 0)
(1.27617e-05 9.52177e-06 0)
(1.32892e-05 1.00144e-05 0)
(1.38048e-05 1.05042e-05 0)
(1.43096e-05 1.09923e-05 0)
(1.4805e-05 1.148e-05 0)
(1.52919e-05 1.19684e-05 0)
(1.57716e-05 1.24584e-05 0)
(1.62452e-05 1.29508e-05 0)
(1.67136e-05 1.34467e-05 0)
(1.71779e-05 1.39468e-05 0)
(1.76392e-05 1.44523e-05 0)
(1.80986e-05 1.49644e-05 0)
(1.85573e-05 1.54846e-05 0)
(1.90154e-05 1.60154e-05 -1.23972e-20)
(1.90755e-05 1.09313e-05 3.91155e-22)
(1.92943e-05 1.13168e-05 1.29741e-21)
(1.95304e-05 1.16963e-05 2.11384e-21)
(1.9782e-05 1.20719e-05 2.8416e-21)
(2.00475e-05 1.2445e-05 3.48876e-21)
(2.03254e-05 1.28168e-05 4.0616e-21)
(2.06144e-05 1.31885e-05 4.56688e-21)
(2.09132e-05 1.35609e-05 5.01023e-21)
(2.12207e-05 1.39348e-05 5.39674e-21)
(2.15358e-05 1.43109e-05 5.73065e-21)
(2.18576e-05 1.46896e-05 6.01577e-21)
(2.21852e-05 1.50715e-05 6.25495e-21)
(2.25178e-05 1.54569e-05 6.45049e-21)
(2.28544e-05 1.5846e-05 6.60402e-21)
(2.31943e-05 1.6239e-05 6.71686e-21)
(2.35366e-05 1.6636e-05 6.78992e-21)
(2.38803e-05 1.70367e-05 6.82509e-21)
(2.42245e-05 1.74407e-05 6.82485e-21)
(2.4568e-05 1.7847e-05 6.79307e-21)
(2.46815e-05 1.81005e-05 -1.57853e-21)
(1.84042e-05 1.07628e-05 0)
(1.86422e-05 1.11401e-05 0)
(1.88942e-05 1.15123e-05 0)
(1.91587e-05 1.18814e-05 0)
(1.94346e-05 1.22489e-05 0)
(1.97208e-05 1.2616e-05 0)
(2.00163e-05 1.29836e-05 0)
(2.032e-05 1.33527e-05 0)
(2.06313e-05 1.37239e-05 0)
(2.09491e-05 1.40978e-05 0)
(2.12728e-05 1.4475e-05 0)
(2.16017e-05 1.48559e-05 0)
(2.19349e-05 1.52407e-05 0)
(2.2272e-05 1.56298e-05 0)
(2.26122e-05 1.60233e-05 0)
(2.29549e-05 1.64213e-05 0)
(2.32994e-05 1.68234e-05 0)
(2.36451e-05 1.72293e-05 0)
(2.39914e-05 1.76381e-05 0)
(2.43364e-05 1.80476e-05 -9.99777e-21)
(1.7609e-05 1.05339e-05 0)
(1.78763e-05 1.09086e-05 0)
(1.81537e-05 1.12785e-05 0)
(1.84401e-05 1.16457e-05 0)
(1.8735e-05 1.20117e-05 0)
(1.90374e-05 1.23777e-05 0)
(1.93469e-05 1.27447e-05 0)
(1.96627e-05 1.31136e-05 0)
(1.99844e-05 1.34851e-05 0)
(2.03113e-05 1.38597e-05 0)
(2.0643e-05 1.42379e-05 0)
(2.0979e-05 1.46203e-05 0)
(2.13187e-05 1.50071e-05 0)
(2.16617e-05 1.53985e-05 0)
(2.20076e-05 1.57948e-05 0)
(2.23559e-05 1.6196e-05 0)
(2.27061e-05 1.66019e-05 0)
(2.30578e-05 1.70123e-05 0)
(2.34103e-05 1.74264e-05 0)
(2.376e-05 1.78423e-05 -1.00832e-20)
(1.67173e-05 1.02363e-05 0)
(1.7021e-05 1.06146e-05 0)
(1.73308e-05 1.09881e-05 0)
(1.76457e-05 1.13586e-05 0)
(1.79658e-05 1.1728e-05 0)
(1.82905e-05 1.20973e-05 0)
(1.86197e-05 1.24678e-05 0)
(1.89531e-05 1.28402e-05 0)
(1.92904e-05 1.32153e-05 0)
(1.96313e-05 1.35938e-05 0)
(1.99757e-05 1.39761e-05 0)
(2.03232e-05 1.43627e-05 0)
(2.06736e-05 1.47539e-05 0)
(2.10266e-05 1.51501e-05 0)
(2.1382e-05 1.55515e-05 0)
(2.17395e-05 1.59583e-05 0)
(2.20987e-05 1.63705e-05 0)
(2.24594e-05 1.67879e-05 0)
(2.28207e-05 1.72104e-05 0)
(2.31778e-05 1.76364e-05 -1.02193e-20)
(1.57452e-05 9.86961e-06 0)
(1.6091e-05 1.02575e-05 0)
(1.64387e-05 1.064e-05 0)
(1.67874e-05 1.10191e-05 0)
(1.71379e-05 1.13965e-05 0)
(1.74898e-05 1.17736e-05 0)
(1.78435e-05 1.21514e-05 0)
(1.81989e-05 1.25311e-05 0)
(1.85561e-05 1.29133e-05 0)
(1.89152e-05 1.32987e-05 0)
(1.92761e-05 1.36879e-05 0)
(1.96388e-05 1.40815e-05 0)
(2.00033e-05 1.44799e-05 0)
(2.03695e-05 1.48834e-05 0)
(2.07374e-05 1.52924e-05 0)
(2.11069e-05 1.57071e-05 0)
(2.14777e-05 1.61278e-05 0)
(2.18495e-05 1.65548e-05 0)
(2.22219e-05 1.69882e-05 0)
(2.25889e-05 1.7427e-05 -1.04037e-20)
(1.47107e-05 9.43207e-06 0)
(1.51027e-05 9.83547e-06 0)
(1.54924e-05 1.02329e-05 0)
(1.5879e-05 1.06256e-05 0)
(1.62637e-05 1.1016e-05 0)
(1.66467e-05 1.14052e-05 0)
(1.70285e-05 1.17947e-05 0)
(1.74094e-05 1.21853e-05 0)
(1.77899e-05 1.25781e-05 0)
(1.81702e-05 1.29738e-05 0)
(1.85506e-05 1.33731e-05 0)
(1.89313e-05 1.37766e-05 0)
(1.93125e-05 1.41847e-05 0)
(1.96943e-05 1.4598e-05 0)
(2.0077e-05 1.50169e-05 0)
(2.04605e-05 1.54418e-05 0)
(2.08448e-05 1.58733e-05 0)
(2.12297e-05 1.63119e-05 0)
(2.1615e-05 1.67582e-05 0)
(2.1994e-05 1.72116e-05 -1.06362e-20)
(1.36303e-05 8.92538e-06 0)
(1.40712e-05 9.35008e-06 0)
(1.45058e-05 9.76783e-06 0)
(1.49331e-05 1.01793e-05 0)
(1.5355e-05 1.05874e-05 0)
(1.57716e-05 1.09931e-05 0)
(1.61843e-05 1.13981e-05 0)
(1.65934e-05 1.18035e-05 0)
(1.69996e-05 1.22104e-05 0)
(1.74035e-05 1.26196e-05 0)
(1.78056e-05 1.30319e-05 0)
(1.82064e-05 1.3448e-05 0)
(1.86063e-05 1.38686e-05 0)
(1.90056e-05 1.42941e-05 0)
(1.94047e-05 1.47252e-05 0)
(1.98037e-05 1.51625e-05 0)
(2.02029e-05 1.56067e-05 0)
(2.06023e-05 1.60587e-05 0)
(2.10017e-05 1.65193e-05 0)
(2.13948e-05 1.69885e-05 -1.09171e-20)
(1.25204e-05 8.35254e-06 0)
(1.30115e-05 8.80386e-06 0)
(1.34925e-05 9.24709e-06 0)
(1.39619e-05 9.68217e-06 0)
(1.44227e-05 1.01123e-05 0)
(1.4875e-05 1.05388e-05 0)
(1.53203e-05 1.09632e-05 0)
(1.57593e-05 1.1387e-05 0)
(1.61931e-05 1.18114e-05 0)
(1.66223e-05 1.22372e-05 0)
(1.70478e-05 1.26655e-05 0)
(1.74702e-05 1.30971e-05 0)
(1.78901e-05 1.35326e-05 0)
(1.83081e-05 1.39727e-05 0)
(1.87248e-05 1.44182e-05 0)
(1.91404e-05 1.48698e-05 0)
(1.95555e-05 1.53283e-05 0)
(1.99702e-05 1.57951e-05 0)
(2.03848e-05 1.62711e-05 0)
(2.07935e-05 1.67568e-05 -1.12464e-20)
(1.13973e-05 7.71902e-06 0)
(1.19379e-05 8.20175e-06 0)
(1.24654e-05 8.67481e-06 0)
(1.29776e-05 9.13777e-06 0)
(1.34779e-05 9.59389e-06 0)
(1.39667e-05 1.00448e-05 0)
(1.44456e-05 1.04922e-05 0)
(1.49157e-05 1.09378e-05 0)
(1.5378e-05 1.13827e-05 0)
(1.58337e-05 1.18283e-05 0)
(1.62835e-05 1.22754e-05 0)
(1.67285e-05 1.2725e-05 0)
(1.71693e-05 1.31779e-05 0)
(1.76068e-05 1.36349e-05 0)
(1.80417e-05 1.40968e-05 0)
(1.84746e-05 1.45645e-05 0)
(1.89061e-05 1.5039e-05 0)
(1.93368e-05 1.55216e-05 0)
(1.97672e-05 1.60136e-05 0)
(2.01928e-05 1.65162e-05 -1.16241e-20)
(1.02754e-05 7.03258e-06 0)
(1.0863e-05 7.55012e-06 0)
(1.14352e-05 8.05608e-06 0)
(1.19898e-05 8.55069e-06 0)
(1.25295e-05 9.03636e-06 0)
(1.30552e-05 9.51508e-06 0)
(1.35682e-05 9.98875e-06 0)
(1.40699e-05 1.04591e-05 0)
(1.45615e-05 1.09275e-05 0)
(1.50441e-05 1.13954e-05 0)
(1.55189e-05 1.18638e-05 0)
(1.59869e-05 1.23339e-05 0)
(1.64491e-05 1.28065e-05 0)
(1.69066e-05 1.32824e-05 0)
(1.736e-05 1.37627e-05 0)
(1.78104e-05 1.42481e-05 0)
(1.82586e-05 1.47397e-05 0)
(1.87053e-05 1.52391e-05 0)
(1.91516e-05 1.57475e-05 0)
(1.95951e-05 1.62669e-05 -1.20503e-20)
(9.27926e-06 6.40841e-06 0)
(9.90192e-06 6.95584e-06 0)
(1.05076e-05 7.4886e-06 0)
(1.10949e-05 8.00994e-06 0)
(1.16658e-05 8.52126e-06 0)
(1.2221e-05 9.02461e-06 0)
(1.27617e-05 9.52177e-06 0)
(1.32892e-05 1.00144e-05 0)
(1.38048e-05 1.05042e-05 0)
(1.43096e-05 1.09923e-05 0)
(1.4805e-05 1.148e-05 0)
(1.52919e-05 1.19684e-05 0)
(1.57716e-05 1.24584e-05 0)
(1.62452e-05 1.29508e-05 0)
(1.67136e-05 1.34467e-05 0)
(1.71779e-05 1.39468e-05 0)
(1.76392e-05 1.44523e-05 0)
(1.80986e-05 1.49644e-05 0)
(1.85573e-05 1.54846e-05 0)
(1.90154e-05 1.60154e-05 -1.23972e-20)
(7.80394e-06 5.36625e-06 0)
(8.55375e-06 5.98084e-06 0)
(9.18847e-06 6.54082e-06 0)
(9.80596e-06 7.0856e-06 0)
(1.0406e-05 7.61995e-06 0)
(1.09896e-05 8.14477e-06 0)
(1.15574e-05 8.66181e-06 0)
(1.21104e-05 9.17255e-06 0)
(1.26498e-05 9.67847e-06 0)
(1.31766e-05 1.01809e-05 0)
(1.36919e-05 1.06811e-05 0)
(1.41969e-05 1.11801e-05 0)
(1.46928e-05 1.1679e-05 0)
(1.51806e-05 1.21785e-05 0)
(1.56616e-05 1.26795e-05 0)
(1.61367e-05 1.31828e-05 0)
(1.66071e-05 1.36893e-05 0)
(1.7074e-05 1.41998e-05 0)
(1.75385e-05 1.47154e-05 0)
(1.80024e-05 1.52374e-05 0)
(1.84667e-05 1.57681e-05 -1.25069e-20)
(7.27225e-06 5.05403e-06 0)
(7.99728e-06 5.66061e-06 0)
(8.62754e-06 6.22153e-06 0)
(9.24277e-06 6.77012e-06 0)
(9.84224e-06 7.31001e-06 0)
(1.04266e-05 7.84163e-06 0)
(1.09961e-05 8.36621e-06 0)
(1.15516e-05 8.8849e-06 0)
(1.20937e-05 9.39884e-06 0)
(1.26235e-05 9.90911e-06 0)
(1.31418e-05 1.04167e-05 0)
(1.36498e-05 1.09226e-05 0)
(1.41484e-05 1.14275e-05 0)
(1.46387e-05 1.19323e-05 0)
(1.51218e-05 1.24376e-05 0)
(1.55989e-05 1.29441e-05 0)
(1.60709e-05 1.34525e-05 0)
(1.65392e-05 1.39634e-05 0)
(1.70051e-05 1.44779e-05 0)
(1.74703e-05 1.49965e-05 0)
(1.7936e-05 1.55211e-05 -1.24875e-20)
(6.8004e-06 4.75362e-06 0)
(7.49848e-06 5.35179e-06 0)
(8.11761e-06 5.91127e-06 0)
(8.72496e-06 6.46145e-06 0)
(9.31867e-06 7.00505e-06 0)
(9.89918e-06 7.54192e-06 0)
(1.04662e-05 8.07281e-06 0)
(1.10203e-05 8.59844e-06 0)
(1.15619e-05 9.11961e-06 0)
(1.20918e-05 9.63712e-06 0)
(1.26106e-05 1.01517e-05 0)
(1.31193e-05 1.06641e-05 0)
(1.36188e-05 1.1175e-05 0)
(1.41101e-05 1.16848e-05 0)
(1.45942e-05 1.21943e-05 0)
(1.50721e-05 1.27039e-05 0)
(1.55449e-05 1.32141e-05 0)
(1.6014e-05 1.37254e-05 0)
(1.64806e-05 1.42383e-05 0)
(1.69466e-05 1.47532e-05 0)
(1.74133e-05 1.5271e-05 -1.24765e-20)
(6.37972e-06 4.46745e-06 0)
(7.0492e-06 5.05524e-06 0)
(7.6533e-06 5.61114e-06 0)
(8.24861e-06 6.1611e-06 0)
(8.8326e-06 6.7068e-06 0)
(9.40546e-06 7.24755e-06 0)
(9.96652e-06 7.78355e-06 0)
(1.05161e-05 8.31513e-06 0)
(1.10542e-05 8.84269e-06 0)
(1.15815e-05 9.36674e-06 0)
(1.20986e-05 9.88776e-06 0)
(1.2606e-05 1.04062e-05 0)
(1.31047e-05 1.09227e-05 0)
(1.35954e-05 1.14374e-05 0)
(1.40792e-05 1.19509e-05 0)
(1.4557e-05 1.24633e-05 0)
(1.50298e-05 1.29752e-05 0)
(1.54989e-05 1.34866e-05 0)
(1.59657e-05 1.39977e-05 0)
(1.64322e-05 1.45086e-05 0)
(1.68992e-05 1.50194e-05 -1.24745e-20)
(6.00293e-06 4.19637e-06 0)
(6.64316e-06 4.77275e-06 0)
(7.22932e-06 5.32343e-06 0)
(7.80946e-06 5.87149e-06 0)
(8.3806e-06 6.4177e-06 0)
(8.94277e-06 6.96084e-06 0)
(9.49495e-06 7.50066e-06 0)
(1.00372e-05 8.03702e-06 0)
(1.05694e-05 8.57e-06 0)
(1.10919e-05 9.09974e-06 0)
(1.16051e-05 9.62649e-06 0)
(1.21095e-05 1.01505e-05 0)
(1.26057e-05 1.0672e-05 0)
(1.30946e-05 1.11911e-05 0)
(1.3577e-05 1.17083e-05 0)
(1.40537e-05 1.22234e-05 0)
(1.45257e-05 1.27366e-05 0)
(1.49943e-05 1.32479e-05 0)
(1.54607e-05 1.37571e-05 0)
(1.59268e-05 1.42639e-05 0)
(1.63935e-05 1.47679e-05 -1.24816e-20)
(5.66248e-06 3.9404e-06 0)
(6.27366e-06 4.50453e-06 0)
(6.84004e-06 5.04869e-06 0)
(7.40283e-06 5.5935e-06 0)
(7.95885e-06 6.13885e-06 0)
(8.50795e-06 6.6831e-06 0)
(9.04894e-06 7.22552e-06 0)
(9.58164e-06 7.76558e-06 0)
(1.01058e-05 8.30296e-06 0)
(1.06215e-05 8.83753e-06 0)
(1.1129e-05 9.36921e-06 0)
(1.16288e-05 9.89803e-06 0)
(1.21213e-05 1.0424e-05 0)
(1.26071e-05 1.09472e-05 0)
(1.3087e-05 1.14675e-05 0)
(1.35618e-05 1.1985e-05 0)
(1.40323e-05 1.24994e-05 0)
(1.44998e-05 1.30105e-05 0)
(1.49652e-05 1.35177e-05 0)
(1.54303e-05 1.40207e-05 0)
(1.58961e-05 1.45179e-05 -1.2497e-20)
(5.35178e-06 3.69906e-06 0)
(5.93452e-06 4.25056e-06 0)
(6.47999e-06 4.78735e-06 0)
(7.02395e-06 5.32786e-06 0)
(7.56318e-06 5.87123e-06 0)
(8.09745e-06 6.41543e-06 0)
(8.62542e-06 6.95934e-06 0)
(9.1468e-06 7.50202e-06 0)
(9.66117e-06 8.04282e-06 0)
(1.01685e-05 8.58129e-06 0)
(1.06689e-05 9.1171e-06 0)
(1.11627e-05 9.65001e-06 0)
(1.16501e-05 1.01798e-05 0)
(1.21318e-05 1.07064e-05 0)
(1.26084e-05 1.12295e-05 0)
(1.30805e-05 1.1749e-05 0)
(1.3549e-05 1.22644e-05 0)
(1.40147e-05 1.27752e-05 0)
(1.44787e-05 1.32806e-05 0)
(1.49424e-05 1.37798e-05 0)
(1.54069e-05 1.42707e-05 -1.25197e-20)
(5.06473e-06 3.47147e-06 0)
(5.61991e-06 4.01033e-06 0)
(6.14384e-06 4.53924e-06 0)
(6.66803e-06 5.07471e-06 0)
(7.18934e-06 5.61522e-06 0)
(7.70748e-06 6.15844e-06 0)
(8.22108e-06 6.70286e-06 0)
(8.72975e-06 7.24719e-06 0)
(9.23297e-06 7.79048e-06 0)
(9.73063e-06 8.33196e-06 0)
(1.02227e-05 8.87106e-06 0)
(1.07093e-05 9.40731e-06 0)
(1.11908e-05 9.94032e-06 0)
(1.16675e-05 1.04697e-05 0)
(1.21399e-05 1.09952e-05 0)
(1.26087e-05 1.15162e-05 0)
(1.30744e-05 1.20323e-05 0)
(1.3538e-05 1.25427e-05 0)
(1.40002e-05 1.30464e-05 0)
(1.44622e-05 1.35424e-05 0)
(1.49248e-05 1.40279e-05 -1.25489e-20)
(4.79589e-06 3.25665e-06 0)
(5.32444e-06 3.78319e-06 0)
(5.82655e-06 4.30403e-06 0)
(6.3304e-06 4.83399e-06 0)
(6.83303e-06 5.37102e-06 0)
(7.33414e-06 5.9125e-06 0)
(7.83237e-06 6.4566e-06 0)
(8.32729e-06 7.00172e-06 0)
(8.81832e-06 7.54661e-06 0)
(9.30527e-06 8.09026e-06 0)
(9.78801e-06 8.63184e-06 0)
(1.02666e-05 9.17067e-06 0)
(1.07413e-05 9.70616e-06 0)
(1.12123e-05 1.02378e-05 0)
(1.16799e-05 1.0765e-05 0)
(1.21448e-05 1.12872e-05 0)
(1.26074e-05 1.18038e-05 0)
(1.30684e-05 1.23138e-05 0)
(1.35284e-05 1.28161e-05 0)
(1.39883e-05 1.33093e-05 0)
(1.44488e-05 1.37904e-05 -1.25833e-20)
(4.54029e-06 3.05358e-06 0)
(5.04308e-06 3.56836e-06 0)
(5.52328e-06 4.08121e-06 0)
(6.00648e-06 4.60545e-06 0)
(6.48995e-06 5.13857e-06 0)
(6.97342e-06 5.67773e-06 0)
(7.45559e-06 6.22082e-06 0)
(7.93602e-06 6.76597e-06 0)
(8.4141e-06 7.31169e-06 0)
(8.8896e-06 7.8567e-06 0)
(9.36231e-06 8.39998e-06 0)
(9.83223e-06 8.94063e-06 0)
(1.02994e-05 9.47792e-06 0)
(1.07641e-05 1.00111e-05 0)
(1.12266e-05 1.05396e-05 0)
(1.16872e-05 1.10627e-05 0)
(1.21462e-05 1.15795e-05 0)
(1.26043e-05 1.20891e-05 0)
(1.30618e-05 1.25902e-05 0)
(1.35194e-05 1.30812e-05 0)
(1.39775e-05 1.3559e-05 -1.26215e-20)
(4.29339e-06 2.86138e-06 0)
(4.77112e-06 3.36513e-06 0)
(5.2294e-06 3.87026e-06 0)
(5.69178e-06 4.38876e-06 0)
(6.15581e-06 4.91771e-06 0)
(6.62126e-06 5.45413e-06 0)
(7.08693e-06 5.99564e-06 0)
(7.55238e-06 6.54017e-06 0)
(8.01702e-06 7.08598e-06 0)
(8.48056e-06 7.63161e-06 0)
(8.94275e-06 8.17584e-06 0)
(9.40353e-06 8.7176e-06 0)
(9.86288e-06 9.256e-06 0)
(1.03209e-05 9.79021e-06 0)
(1.07778e-05 1.03195e-05 0)
(1.12337e-05 1.08429e-05 0)
(1.1689e-05 1.13598e-05 0)
(1.2144e-05 1.18689e-05 0)
(1.25988e-05 1.2369e-05 0)
(1.30539e-05 1.28587e-05 0)
(1.35094e-05 1.33344e-05 -1.26618e-20)
(4.05087e-06 2.67929e-06 0)
(4.50402e-06 3.17286e-06 0)
(4.94038e-06 3.67068e-06 0)
(5.38187e-06 4.18352e-06 0)
(5.82631e-06 4.70819e-06 0)
(6.27353e-06 5.24154e-06 0)
(6.72246e-06 5.78101e-06 0)
(7.17268e-06 6.32433e-06 0)
(7.62361e-06 6.86959e-06 0)
(8.07493e-06 7.41515e-06 0)
(8.52636e-06 7.95962e-06 0)
(8.97775e-06 8.5018e-06 0)
(9.42901e-06 9.04066e-06 0)
(9.88017e-06 9.57526e-06 0)
(1.03313e-05 1.01047e-05 0)
(1.07824e-05 1.06282e-05 0)
(1.12338e-05 1.11448e-05 0)
(1.16855e-05 1.16536e-05 0)
(1.21376e-05 1.2153e-05 0)
(1.25901e-05 1.26419e-05 0)
(1.30429e-05 1.31168e-05 -1.27024e-20)
(3.80858e-06 2.5068e-06 0)
(4.23735e-06 2.99107e-06 0)
(4.65175e-06 3.48205e-06 0)
(5.07228e-06 3.98942e-06 0)
(5.49708e-06 4.50974e-06 0)
(5.92603e-06 5.03976e-06 0)
(6.35817e-06 5.57679e-06 0)
(6.79311e-06 6.11838e-06 0)
(7.2303e-06 6.66249e-06 0)
(7.66938e-06 7.20732e-06 0)
(8.11002e-06 7.75137e-06 0)
(8.552e-06 8.29331e-06 0)
(8.99517e-06 8.83199e-06 0)
(9.43944e-06 9.3664e-06 0)
(9.88476e-06 9.8956e-06 0)
(1.03311e-05 1.04187e-05 0)
(1.07785e-05 1.09349e-05 0)
(1.1227e-05 1.14431e-05 0)
(1.16763e-05 1.19422e-05 0)
(1.21262e-05 1.24309e-05 0)
(1.25764e-05 1.29063e-05 -1.27415e-20)
(3.56228e-06 2.34355e-06 0)
(3.9666e-06 2.81937e-06 0)
(4.35893e-06 3.30398e-06 0)
(4.75847e-06 3.80607e-06 0)
(5.16365e-06 4.32201e-06 0)
(5.57441e-06 4.84849e-06 0)
(5.98989e-06 5.38269e-06 0)
(6.40973e-06 5.92206e-06 0)
(6.83337e-06 6.46445e-06 0)
(7.26042e-06 7.00795e-06 0)
(7.6905e-06 7.55094e-06 0)
(8.12332e-06 8.09201e-06 0)
(8.55861e-06 8.62991e-06 0)
(8.99619e-06 9.16358e-06 0)
(9.4359e-06 9.69203e-06 0)
(9.87761e-06 1.02144e-05 0)
(1.03212e-05 1.07298e-05 0)
(1.07664e-05 1.12375e-05 0)
(1.12131e-05 1.17363e-05 0)
(1.16606e-05 1.22255e-05 0)
(1.21084e-05 1.27025e-05 -1.27773e-20)
(3.30762e-06 2.18957e-06 0)
(3.6871e-06 2.65771e-06 0)
(4.05717e-06 3.13635e-06 0)
(4.43569e-06 3.63327e-06 0)
(4.82138e-06 4.14476e-06 0)
(5.21418e-06 4.66743e-06 0)
(5.61333e-06 5.19841e-06 0)
(6.01846e-06 5.73506e-06 0)
(6.429e-06 6.27516e-06 0)
(6.8445e-06 6.81672e-06 0)
(7.26453e-06 7.35803e-06 0)
(7.68868e-06 7.89762e-06 0)
(8.11659e-06 8.43418e-06 0)
(8.54794e-06 8.96658e-06 0)
(8.98245e-06 9.49383e-06 0)
(9.41986e-06 1.00151e-05 0)
(9.85989e-06 1.05295e-05 0)
(1.03022e-05 1.10364e-05 0)
(1.07464e-05 1.15351e-05 0)
(1.11918e-05 1.20251e-05 0)
(1.16374e-05 1.25047e-05 -1.28081e-20)
(3.03978e-06 2.04482e-06 0)
(3.39376e-06 2.50587e-06 0)
(3.74135e-06 2.97882e-06 0)
(4.09889e-06 3.47059e-06 0)
(4.46532e-06 3.97746e-06 0)
(4.84057e-06 4.49602e-06 0)
(5.22395e-06 5.02333e-06 0)
(5.61503e-06 5.55676e-06 0)
(6.0132e-06 6.094e-06 0)
(6.41795e-06 6.63302e-06 0)
(6.82873e-06 7.17207e-06 0)
(7.24503e-06 7.70961e-06 0)
(7.66635e-06 8.2443e-06 0)
(8.09223e-06 8.77496e-06 0)
(8.52224e-06 9.3006e-06 0)
(8.95597e-06 9.82036e-06 0)
(9.39298e-06 1.03335e-05 0)
(9.83283e-06 1.08396e-05 0)
(1.0275e-05 1.13381e-05 0)
(1.07185e-05 1.18291e-05 0)
(1.11623e-05 1.23118e-05 -1.28324e-20)
(2.75358e-06 1.91011e-06 0)
(3.08116e-06 2.3644e-06 0)
(3.40608e-06 2.83163e-06 0)
(3.74275e-06 3.31804e-06 0)
(4.09035e-06 3.81993e-06 0)
(4.4487e-06 4.33389e-06 0)
(4.81712e-06 4.85699e-06 0)
(5.1951e-06 5.38657e-06 0)
(5.58197e-06 5.92032e-06 0)
(5.97709e-06 6.45617e-06 0)
(6.37977e-06 6.99235e-06 0)
(6.78938e-06 7.52727e-06 0)
(7.20526e-06 8.05956e-06 0)
(7.62677e-06 8.58805e-06 0)
(8.05332e-06 9.11171e-06 0)
(8.4843e-06 9.6297e-06 0)
(8.91912e-06 1.01414e-05 0)
(9.35716e-06 1.06464e-05 0)
(9.79773e-06 1.11447e-05 0)
(1.02399e-05 1.16365e-05 0)
(1.06825e-05 1.21226e-05 -1.28491e-20)
(2.44266e-06 1.7851e-06 0)
(2.74275e-06 2.23266e-06 0)
(3.04491e-06 2.69396e-06 0)
(3.36108e-06 3.17464e-06 0)
(3.69054e-06 3.67107e-06 0)
(4.03296e-06 4.17988e-06 0)
(4.38762e-06 4.69816e-06 0)
(4.75385e-06 5.22327e-06 0)
(5.13087e-06 5.7529e-06 0)
(5.51788e-06 6.28497e-06 0)
(5.91405e-06 6.81769e-06 0)
(6.31855e-06 7.34947e-06 0)
(6.73057e-06 7.87893e-06 0)
(7.14927e-06 8.40486e-06 0)
(7.57384e-06 8.92624e-06 0)
(8.00348e-06 9.44225e-06 0)
(8.43736e-06 9.9523e-06 0)
(8.87465e-06 1.04561e-05 0)
(9.31453e-06 1.09538e-05 0)
(9.75597e-06 1.14463e-05 0)
(1.01979e-05 1.19353e-05 -1.28576e-20)
(2.10105e-06 1.67209e-06 0)
(2.37249e-06 2.11234e-06 0)
(2.65203e-06 2.56689e-06 0)
(2.94833e-06 3.04095e-06 0)
(3.26068e-06 3.531e-06 0)
(3.58851e-06 4.03375e-06 0)
(3.93096e-06 4.54632e-06 0)
(4.28717e-06 5.0661e-06 0)
(4.65617e-06 5.59078e-06 0)
(5.03698e-06 6.11831e-06 0)
(5.42859e-06 6.6469e-06 0)
(5.82998e-06 7.17494e-06 0)
(6.24011e-06 7.70105e-06 0)
(6.65797e-06 8.22403e-06 0)
(7.0825e-06 8.74285e-06 0)
(7.51265e-06 9.2567e-06 0)
(7.94735e-06 9.76502e-06 0)
(8.38546e-06 1.02676e-05 0)
(8.82591e-06 1.07646e-05 0)
(9.26752e-06 1.12573e-05 0)
(9.70934e-06 1.1748e-05 -1.28607e-20)
(1.71767e-06 1.56896e-06 1.06308e-21)
(1.95895e-06 2.00055e-06 3.83291e-22)
(2.21663e-06 2.44744e-06 -2.81803e-22)
(2.49438e-06 2.91399e-06 -9.28819e-22)
(2.79132e-06 3.39682e-06 -1.54897e-21)
(3.10661e-06 3.8927e-06 -2.13828e-21)
(3.43911e-06 4.39881e-06 -2.69223e-21)
(3.78774e-06 4.91254e-06 -3.20879e-21)
(4.15126e-06 5.43163e-06 -3.68587e-21)
(4.52847e-06 5.95403e-06 -4.12293e-21)
(4.91815e-06 6.47795e-06 -4.51954e-21)
(5.31907e-06 7.0018e-06 -4.87541e-21)
(5.73e-06 7.52419e-06 -5.19009e-21)
(6.14971e-06 8.04393e-06 -5.46321e-21)
(6.57696e-06 8.56e-06 -5.69422e-21)
(7.01042e-06 9.0716e-06 -5.88157e-21)
(7.44874e-06 9.57818e-06 -6.02445e-21)
(7.89041e-06 1.00795e-05 -6.12091e-21)
(8.33387e-06 1.05759e-05 -6.17367e-21)
(8.7772e-06 1.10684e-05 -6.18605e-21)
(9.23138e-06 1.1484e-05 -9.52175e-21)
(7.80394e-06 5.36625e-06 0)
(8.55375e-06 5.98084e-06 0)
(9.18847e-06 6.54082e-06 0)
(9.80596e-06 7.0856e-06 0)
(1.0406e-05 7.61995e-06 0)
(1.09896e-05 8.14477e-06 0)
(1.15574e-05 8.66181e-06 0)
(1.21104e-05 9.17255e-06 0)
(1.26498e-05 9.67847e-06 0)
(1.31766e-05 1.01809e-05 0)
(1.36919e-05 1.06811e-05 0)
(1.41969e-05 1.11801e-05 0)
(1.46928e-05 1.1679e-05 0)
(1.51806e-05 1.21785e-05 0)
(1.56616e-05 1.26795e-05 0)
(1.61367e-05 1.31828e-05 0)
(1.66071e-05 1.36893e-05 0)
(1.7074e-05 1.41998e-05 0)
(1.75385e-05 1.47154e-05 0)
(1.80024e-05 1.52374e-05 0)
(1.84667e-05 1.57681e-05 -1.25069e-20)
(7.27225e-06 5.05403e-06 0)
(7.99728e-06 5.66061e-06 0)
(8.62754e-06 6.22153e-06 0)
(9.24277e-06 6.77012e-06 0)
(9.84224e-06 7.31001e-06 0)
(1.04266e-05 7.84163e-06 0)
(1.09961e-05 8.36621e-06 0)
(1.15516e-05 8.8849e-06 0)
(1.20937e-05 9.39884e-06 0)
(1.26235e-05 9.90911e-06 0)
(1.31418e-05 1.04167e-05 0)
(1.36498e-05 1.09226e-05 0)
(1.41484e-05 1.14275e-05 0)
(1.46387e-05 1.19323e-05 0)
(1.51218e-05 1.24376e-05 0)
(1.55989e-05 1.29441e-05 0)
(1.60709e-05 1.34525e-05 0)
(1.65392e-05 1.39634e-05 0)
(1.70051e-05 1.44779e-05 0)
(1.74703e-05 1.49965e-05 0)
(1.7936e-05 1.55211e-05 -1.24875e-20)
(6.8004e-06 4.75362e-06 0)
(7.49848e-06 5.35179e-06 0)
(8.11761e-06 5.91127e-06 0)
(8.72496e-06 6.46145e-06 0)
(9.31867e-06 7.00505e-06 0)
(9.89918e-06 7.54192e-06 0)
(1.04662e-05 8.07281e-06 0)
(1.10203e-05 8.59844e-06 0)
(1.15619e-05 9.11961e-06 0)
(1.20918e-05 9.63712e-06 0)
(1.26106e-05 1.01517e-05 0)
(1.31193e-05 1.06641e-05 0)
(1.36188e-05 1.1175e-05 0)
(1.41101e-05 1.16848e-05 0)
(1.45942e-05 1.21943e-05 0)
(1.50721e-05 1.27039e-05 0)
(1.55449e-05 1.32141e-05 0)
(1.6014e-05 1.37254e-05 0)
(1.64806e-05 1.42383e-05 0)
(1.69466e-05 1.47532e-05 0)
(1.74133e-05 1.5271e-05 -1.24765e-20)
(6.37972e-06 4.46745e-06 0)
(7.0492e-06 5.05524e-06 0)
(7.6533e-06 5.61114e-06 0)
(8.24861e-06 6.1611e-06 0)
(8.8326e-06 6.7068e-06 0)
(9.40546e-06 7.24755e-06 0)
(9.96652e-06 7.78355e-06 0)
(1.05161e-05 8.31513e-06 0)
(1.10542e-05 8.84269e-06 0)
(1.15815e-05 9.36674e-06 0)
(1.20986e-05 9.88776e-06 0)
(1.2606e-05 1.04062e-05 0)
(1.31047e-05 1.09227e-05 0)
(1.35954e-05 1.14374e-05 0)
(1.40792e-05 1.19509e-05 0)
(1.4557e-05 1.24633e-05 0)
(1.50298e-05 1.29752e-05 0)
(1.54989e-05 1.34866e-05 0)
(1.59657e-05 1.39977e-05 0)
(1.64322e-05 1.45086e-05 0)
(1.68992e-05 1.50194e-05 -1.24745e-20)
(6.00293e-06 4.19637e-06 0)
(6.64316e-06 4.77275e-06 0)
(7.22932e-06 5.32343e-06 0)
(7.80946e-06 5.87149e-06 0)
(8.3806e-06 6.4177e-06 0)
(8.94277e-06 6.96084e-06 0)
(9.49495e-06 7.50066e-06 0)
(1.00372e-05 8.03702e-06 0)
(1.05694e-05 8.57e-06 0)
(1.10919e-05 9.09974e-06 0)
(1.16051e-05 9.62649e-06 0)
(1.21095e-05 1.01505e-05 0)
(1.26057e-05 1.0672e-05 0)
(1.30946e-05 1.11911e-05 0)
(1.3577e-05 1.17083e-05 0)
(1.40537e-05 1.22234e-05 0)
(1.45257e-05 1.27366e-05 0)
(1.49943e-05 1.32479e-05 0)
(1.54607e-05 1.37571e-05 0)
(1.59268e-05 1.42639e-05 0)
(1.63935e-05 1.47679e-05 -1.24816e-20)
(5.66248e-06 3.9404e-06 0)
(6.27366e-06 4.50453e-06 0)
(6.84004e-06 5.04869e-06 0)
(7.40283e-06 5.5935e-06 0)
(7.95885e-06 6.13885e-06 0)
(8.50795e-06 6.6831e-06 0)
(9.04894e-06 7.22552e-06 0)
(9.58164e-06 7.76558e-06 0)
(1.01058e-05 8.30296e-06 0)
(1.06215e-05 8.83753e-06 0)
(1.1129e-05 9.36921e-06 0)
(1.16288e-05 9.89803e-06 0)
(1.21213e-05 1.0424e-05 0)
(1.26071e-05 1.09472e-05 0)
(1.3087e-05 1.14675e-05 0)
(1.35618e-05 1.1985e-05 0)
(1.40323e-05 1.24994e-05 0)
(1.44998e-05 1.30105e-05 0)
(1.49652e-05 1.35177e-05 0)
(1.54303e-05 1.40207e-05 0)
(1.58961e-05 1.45179e-05 -1.2497e-20)
(5.35178e-06 3.69906e-06 0)
(5.93452e-06 4.25056e-06 0)
(6.47999e-06 4.78735e-06 0)
(7.02395e-06 5.32786e-06 0)
(7.56318e-06 5.87123e-06 0)
(8.09745e-06 6.41543e-06 0)
(8.62542e-06 6.95934e-06 0)
(9.1468e-06 7.50202e-06 0)
(9.66117e-06 8.04282e-06 0)
(1.01685e-05 8.58129e-06 0)
(1.06689e-05 9.1171e-06 0)
(1.11627e-05 9.65001e-06 0)
(1.16501e-05 1.01798e-05 0)
(1.21318e-05 1.07064e-05 0)
(1.26084e-05 1.12295e-05 0)
(1.30805e-05 1.1749e-05 0)
(1.3549e-05 1.22644e-05 0)
(1.40147e-05 1.27752e-05 0)
(1.44787e-05 1.32806e-05 0)
(1.49424e-05 1.37798e-05 0)
(1.54069e-05 1.42707e-05 -1.25197e-20)
(5.06473e-06 3.47147e-06 0)
(5.61991e-06 4.01033e-06 0)
(6.14384e-06 4.53924e-06 0)
(6.66803e-06 5.07471e-06 0)
(7.18934e-06 5.61522e-06 0)
(7.70748e-06 6.15844e-06 0)
(8.22108e-06 6.70286e-06 0)
(8.72975e-06 7.24719e-06 0)
(9.23297e-06 7.79048e-06 0)
(9.73063e-06 8.33196e-06 0)
(1.02227e-05 8.87106e-06 0)
(1.07093e-05 9.40731e-06 0)
(1.11908e-05 9.94032e-06 0)
(1.16675e-05 1.04697e-05 0)
(1.21399e-05 1.09952e-05 0)
(1.26087e-05 1.15162e-05 0)
(1.30744e-05 1.20323e-05 0)
(1.3538e-05 1.25427e-05 0)
(1.40002e-05 1.30464e-05 0)
(1.44622e-05 1.35424e-05 0)
(1.49248e-05 1.40279e-05 -1.25489e-20)
(4.79589e-06 3.25665e-06 0)
(5.32444e-06 3.78319e-06 0)
(5.82655e-06 4.30403e-06 0)
(6.3304e-06 4.83399e-06 0)
(6.83303e-06 5.37102e-06 0)
(7.33414e-06 5.9125e-06 0)
(7.83237e-06 6.4566e-06 0)
(8.32729e-06 7.00172e-06 0)
(8.81832e-06 7.54661e-06 0)
(9.30527e-06 8.09026e-06 0)
(9.78801e-06 8.63184e-06 0)
(1.02666e-05 9.17067e-06 0)
(1.07413e-05 9.70616e-06 0)
(1.12123e-05 1.02378e-05 0)
(1.16799e-05 1.0765e-05 0)
(1.21448e-05 1.12872e-05 0)
(1.26074e-05 1.18038e-05 0)
(1.30684e-05 1.23138e-05 0)
(1.35284e-05 1.28161e-05 0)
(1.39883e-05 1.33093e-05 0)
(1.44488e-05 1.37904e-05 -1.25833e-20)
(4.54029e-06 3.05358e-06 0)
(5.04308e-06 3.56836e-06 0)
(5.52328e-06 4.08121e-06 0)
(6.00648e-06 4.60545e-06 0)
(6.48995e-06 5.13857e-06 0)
(6.97342e-06 5.67773e-06 0)
(7.45559e-06 6.22082e-06 0)
(7.93602e-06 6.76597e-06 0)
(8.4141e-06 7.31169e-06 0)
(8.8896e-06 7.8567e-06 0)
(9.36231e-06 8.39998e-06 0)
(9.83223e-06 8.94063e-06 0)
(1.02994e-05 9.47792e-06 0)
(1.07641e-05 1.00111e-05 0)
(1.12266e-05 1.05396e-05 0)
(1.16872e-05 1.10627e-05 0)
(1.21462e-05 1.15795e-05 0)
(1.26043e-05 1.20891e-05 0)
(1.30618e-05 1.25902e-05 0)
(1.35194e-05 1.30812e-05 0)
(1.39775e-05 1.3559e-05 -1.26215e-20)
(4.29339e-06 2.86138e-06 0)
(4.77112e-06 3.36513e-06 0)
(5.2294e-06 3.87026e-06 0)
(5.69178e-06 4.38876e-06 0)
(6.15581e-06 4.91771e-06 0)
(6.62126e-06 5.45413e-06 0)
(7.08693e-06 5.99564e-06 0)
(7.55238e-06 6.54017e-06 0)
(8.01702e-06 7.08598e-06 0)
(8.48056e-06 7.63161e-06 0)
(8.94275e-06 8.17584e-06 0)
(9.40353e-06 8.7176e-06 0)
(9.86288e-06 9.256e-06 0)
(1.03209e-05 9.79021e-06 0)
(1.07778e-05 1.03195e-05 0)
(1.12337e-05 1.08429e-05 0)
(1.1689e-05 1.13598e-05 0)
(1.2144e-05 1.18689e-05 0)
(1.25988e-05 1.2369e-05 0)
(1.30539e-05 1.28587e-05 0)
(1.35094e-05 1.33344e-05 -1.26618e-20)
(4.05087e-06 2.67929e-06 0)
(4.50402e-06 3.17286e-06 0)
(4.94038e-06 3.67068e-06 0)
(5.38187e-06 4.18352e-06 0)
(5.82631e-06 4.70819e-06 0)
(6.27353e-06 5.24154e-06 0)
(6.72246e-06 5.78101e-06 0)
(7.17268e-06 6.32433e-06 0)
(7.62361e-06 6.86959e-06 0)
(8.07493e-06 7.41515e-06 0)
(8.52636e-06 7.95962e-06 0)
(8.97775e-06 8.5018e-06 0)
(9.42901e-06 9.04066e-06 0)
(9.88017e-06 9.57526e-06 0)
(1.03313e-05 1.01047e-05 0)
(1.07824e-05 1.06282e-05 0)
(1.12338e-05 1.11448e-05 0)
(1.16855e-05 1.16536e-05 0)
(1.21376e-05 1.2153e-05 0)
(1.25901e-05 1.26419e-05 0)
(1.30429e-05 1.31168e-05 -1.27024e-20)
(3.80858e-06 2.5068e-06 0)
(4.23735e-06 2.99107e-06 0)
(4.65175e-06 3.48205e-06 0)
(5.07228e-06 3.98942e-06 0)
(5.49708e-06 4.50974e-06 0)
(5.92603e-06 5.03976e-06 0)
(6.35817e-06 5.57679e-06 0)
(6.79311e-06 6.11838e-06 0)
(7.2303e-06 6.66249e-06 0)
(7.66938e-06 7.20732e-06 0)
(8.11002e-06 7.75137e-06 0)
(8.552e-06 8.29331e-06 0)
(8.99517e-06 8.83199e-06 0)
(9.43944e-06 9.3664e-06 0)
(9.88476e-06 9.8956e-06 0)
(1.03311e-05 1.04187e-05 0)
(1.07785e-05 1.09349e-05 0)
(1.1227e-05 1.14431e-05 0)
(1.16763e-05 1.19422e-05 0)
(1.21262e-05 1.24309e-05 0)
(1.25764e-05 1.29063e-05 -1.27415e-20)
(3.56228e-06 2.34355e-06 0)
(3.9666e-06 2.81937e-06 0)
(4.35893e-06 3.30398e-06 0)
(4.75847e-06 3.80607e-06 0)
(5.16365e-06 4.32201e-06 0)
(5.57441e-06 4.84849e-06 0)
(5.98989e-06 5.38269e-06 0)
(6.40973e-06 5.92206e-06 0)
(6.83337e-06 6.46445e-06 0)
(7.26042e-06 7.00795e-06 0)
(7.6905e-06 7.55094e-06 0)
(8.12332e-06 8.09201e-06 0)
(8.55861e-06 8.62991e-06 0)
(8.99619e-06 9.16358e-06 0)
(9.4359e-06 9.69203e-06 0)
(9.87761e-06 1.02144e-05 0)
(1.03212e-05 1.07298e-05 0)
(1.07664e-05 1.12375e-05 0)
(1.12131e-05 1.17363e-05 0)
(1.16606e-05 1.22255e-05 0)
(1.21084e-05 1.27025e-05 -1.27773e-20)
(3.30762e-06 2.18957e-06 0)
(3.6871e-06 2.65771e-06 0)
(4.05717e-06 3.13635e-06 0)
(4.43569e-06 3.63327e-06 0)
(4.82138e-06 4.14476e-06 0)
(5.21418e-06 4.66743e-06 0)
(5.61333e-06 5.19841e-06 0)
(6.01846e-06 5.73506e-06 0)
(6.429e-06 6.27516e-06 0)
(6.8445e-06 6.81672e-06 0)
(7.26453e-06 7.35803e-06 0)
(7.68868e-06 7.89762e-06 0)
(8.11659e-06 8.43418e-06 0)
(8.54794e-06 8.96658e-06 0)
(8.98245e-06 9.49383e-06 0)
(9.41986e-06 1.00151e-05 0)
(9.85989e-06 1.05295e-05 0)
(1.03022e-05 1.10364e-05 0)
(1.07464e-05 1.15351e-05 0)
(1.11918e-05 1.20251e-05 0)
(1.16374e-05 1.25047e-05 -1.28081e-20)
(3.03978e-06 2.04482e-06 0)
(3.39376e-06 2.50587e-06 0)
(3.74135e-06 2.97882e-06 0)
(4.09889e-06 3.47059e-06 0)
(4.46532e-06 3.97746e-06 0)
(4.84057e-06 4.49602e-06 0)
(5.22395e-06 5.02333e-06 0)
(5.61503e-06 5.55676e-06 0)
(6.0132e-06 6.094e-06 0)
(6.41795e-06 6.63302e-06 0)
(6.82873e-06 7.17207e-06 0)
(7.24503e-06 7.70961e-06 0)
(7.66635e-06 8.2443e-06 0)
(8.09223e-06 8.77496e-06 0)
(8.52224e-06 9.3006e-06 0)
(8.95597e-06 9.82036e-06 0)
(9.39298e-06 1.03335e-05 0)
(9.83283e-06 1.08396e-05 0)
(1.0275e-05 1.13381e-05 0)
(1.07185e-05 1.18291e-05 0)
(1.11623e-05 1.23118e-05 -1.28324e-20)
(2.75358e-06 1.91011e-06 0)
(3.08116e-06 2.3644e-06 0)
(3.40608e-06 2.83163e-06 0)
(3.74275e-06 3.31804e-06 0)
(4.09035e-06 3.81993e-06 0)
(4.4487e-06 4.33389e-06 0)
(4.81712e-06 4.85699e-06 0)
(5.1951e-06 5.38657e-06 0)
(5.58197e-06 5.92032e-06 0)
(5.97709e-06 6.45617e-06 0)
(6.37977e-06 6.99235e-06 0)
(6.78938e-06 7.52727e-06 0)
(7.20526e-06 8.05956e-06 0)
(7.62677e-06 8.58805e-06 0)
(8.05332e-06 9.11171e-06 0)
(8.4843e-06 9.6297e-06 0)
(8.91912e-06 1.01414e-05 0)
(9.35716e-06 1.06464e-05 0)
(9.79773e-06 1.11447e-05 0)
(1.02399e-05 1.16365e-05 0)
(1.06825e-05 1.21226e-05 -1.28491e-20)
(2.44266e-06 1.7851e-06 0)
(2.74275e-06 2.23266e-06 0)
(3.04491e-06 2.69396e-06 0)
(3.36108e-06 3.17464e-06 0)
(3.69054e-06 3.67107e-06 0)
(4.03296e-06 4.17988e-06 0)
(4.38762e-06 4.69816e-06 0)
(4.75385e-06 5.22327e-06 0)
(5.13087e-06 5.7529e-06 0)
(5.51788e-06 6.28497e-06 0)
(5.91405e-06 6.81769e-06 0)
(6.31855e-06 7.34947e-06 0)
(6.73057e-06 7.87893e-06 0)
(7.14927e-06 8.40486e-06 0)
(7.57384e-06 8.92624e-06 0)
(8.00348e-06 9.44225e-06 0)
(8.43736e-06 9.9523e-06 0)
(8.87465e-06 1.04561e-05 0)
(9.31453e-06 1.09538e-05 0)
(9.75597e-06 1.14463e-05 0)
(1.01979e-05 1.19353e-05 -1.28576e-20)
(2.10105e-06 1.67209e-06 0)
(2.37249e-06 2.11234e-06 0)
(2.65203e-06 2.56689e-06 0)
(2.94833e-06 3.04095e-06 0)
(3.26068e-06 3.531e-06 0)
(3.58851e-06 4.03375e-06 0)
(3.93096e-06 4.54632e-06 0)
(4.28717e-06 5.0661e-06 0)
(4.65617e-06 5.59078e-06 0)
(5.03698e-06 6.11831e-06 0)
(5.42859e-06 6.6469e-06 0)
(5.82998e-06 7.17494e-06 0)
(6.24011e-06 7.70105e-06 0)
(6.65797e-06 8.22403e-06 0)
(7.0825e-06 8.74285e-06 0)
(7.51265e-06 9.2567e-06 0)
(7.94735e-06 9.76502e-06 0)
(8.38546e-06 1.02676e-05 0)
(8.82591e-06 1.07646e-05 0)
(9.26752e-06 1.12573e-05 0)
(9.70934e-06 1.1748e-05 -1.28607e-20)
(1.71767e-06 1.56896e-06 1.06308e-21)
(1.95895e-06 2.00055e-06 3.83291e-22)
(2.21663e-06 2.44744e-06 -2.81803e-22)
(2.49438e-06 2.91399e-06 -9.28819e-22)
(2.79132e-06 3.39682e-06 -1.54897e-21)
(3.10661e-06 3.8927e-06 -2.13828e-21)
(3.43911e-06 4.39881e-06 -2.69223e-21)
(3.78774e-06 4.91254e-06 -3.20879e-21)
(4.15126e-06 5.43163e-06 -3.68587e-21)
(4.52847e-06 5.95403e-06 -4.12293e-21)
(4.91815e-06 6.47795e-06 -4.51954e-21)
(5.31907e-06 7.0018e-06 -4.87541e-21)
(5.73e-06 7.52419e-06 -5.19009e-21)
(6.14971e-06 8.04393e-06 -5.46321e-21)
(6.57696e-06 8.56e-06 -5.69422e-21)
(7.01042e-06 9.0716e-06 -5.88157e-21)
(7.44874e-06 9.57818e-06 -6.02445e-21)
(7.89041e-06 1.00795e-05 -6.12091e-21)
(8.33387e-06 1.05759e-05 -6.17367e-21)
(8.7772e-06 1.10684e-05 -6.18605e-21)
(9.23138e-06 1.1484e-05 -9.52175e-21)
(0 0 0)
(5.80551e-07 1.1645e-07 0)
(1.18154e-06 3.4852e-07 0)
(1.82165e-06 7.07554e-07 0)
(2.51122e-06 1.17939e-06 0)
(3.25882e-06 1.7503e-06 0)
(4.06829e-06 2.40196e-06 0)
(4.94055e-06 3.1147e-06 0)
(5.87336e-06 3.86781e-06 0)
(6.8624e-06 4.64265e-06 0)
(0 0 0)
(5.47908e-07 1.04939e-07 0)
(1.11488e-06 3.15408e-07 0)
(1.71676e-06 6.4351e-07 0)
(2.36217e-06 1.07805e-06 0)
(3.05876e-06 1.60798e-06 0)
(3.81022e-06 2.21769e-06 0)
(4.61786e-06 2.89015e-06 0)
(5.48011e-06 3.60665e-06 0)
(6.39297e-06 4.35126e-06 0)
(0 0 0)
(5.18378e-07 9.2923e-08 0)
(1.05495e-06 2.83068e-07 0)
(1.62314e-06 5.82887e-07 0)
(2.22986e-06 9.83388e-07 0)
(2.88174e-06 1.47557e-06 0)
(3.58208e-06 2.04593e-06 0)
(4.3323e-06 2.67958e-06 0)
(5.13184e-06 3.35968e-06 0)
(5.97714e-06 4.0724e-06 0)
(0 0 0)
(4.91133e-07 8.02713e-08 0)
(1.00003e-06 2.511e-07 0)
(1.53814e-06 5.25028e-07 0)
(2.11086e-06 8.94665e-07 0)
(2.72382e-06 1.35254e-06 0)
(3.37982e-06 1.88682e-06 0)
(4.08001e-06 2.48424e-06 0)
(4.82432e-06 3.12949e-06 0)
(5.60905e-06 3.8097e-06 0)
(0 0 0)
(4.65636e-07 6.68713e-08 0)
(9.48867e-07 2.18939e-07 0)
(1.45952e-06 4.68693e-07 0)
(2.00164e-06 8.09914e-07 0)
(2.57994e-06 1.23627e-06 0)
(3.19673e-06 1.73722e-06 0)
(3.85285e-06 2.30081e-06 0)
(4.54868e-06 2.91319e-06 0)
(5.28022e-06 3.56204e-06 0)
(0 0 0)
(4.41517e-07 5.27091e-08 0)
(9.00662e-07 1.86391e-07 0)
(1.38594e-06 4.13419e-07 0)
(1.9002e-06 7.28429e-07 0)
(2.44734e-06 1.12592e-06 0)
(3.02916e-06 1.59633e-06 0)
(3.64616e-06 2.12869e-06 0)
(4.29893e-06 2.7103e-06 0)
(4.9834e-06 3.32922e-06 0)
(0 0 0)
(4.18421e-07 3.77556e-08 0)
(8.54632e-07 1.53198e-07 0)
(1.31604e-06 3.58565e-07 0)
(1.80447e-06 6.49118e-07 0)
(2.32309e-06 1.01996e-06 0)
(2.87328e-06 1.46229e-06 0)
(3.45521e-06 1.96587e-06 0)
(4.06957e-06 2.51903e-06 0)
(4.71229e-06 3.11005e-06 0)
(0 0 0)
(3.96102e-07 2.2034e-08 0)
(8.10247e-07 1.19272e-07 0)
(1.24893e-06 3.03841e-07 0)
(1.71306e-06 5.71456e-07 0)
(2.20519e-06 9.17633e-07 0)
(2.7263e-06 1.33413e-06 0)
(3.27632e-06 1.81127e-06 0)
(3.85596e-06 2.33818e-06 0)
(4.46128e-06 2.9034e-06 0)
(0 0 0)
(3.74328e-07 5.54452e-09 0)
(7.67014e-07 8.44932e-08 0)
(1.18376e-06 2.48913e-07 0)
(1.62467e-06 4.94846e-07 0)
(2.09178e-06 8.18072e-07 0)
(2.58572e-06 1.21077e-06 0)
(3.10627e-06 1.66364e-06 0)
(3.65409e-06 2.16647e-06 0)
(4.2255e-06 2.70805e-06 0)
(0 0 0)
(3.52933e-07 -1.16934e-08 0)
(7.24568e-07 4.88098e-08 0)
(1.1199e-06 1.93599e-07 0)
(1.5383e-06 4.18944e-07 0)
(1.98137e-06 7.20753e-07 0)
(2.44946e-06 1.09148e-06 0)
(2.94228e-06 1.52209e-06 0)
(3.46043e-06 2.00289e-06 0)
(4.00059e-06 2.52292e-06 0)
(0 0 0)
(3.31777e-07 -2.96902e-08 0)
(6.82599e-07 1.21536e-08 0)
(1.0568e-06 1.3773e-07 0)
(1.45306e-06 3.43452e-07 0)
(1.87262e-06 6.25234e-07 0)
(2.31564e-06 9.75664e-07 0)
(2.78184e-06 1.38589e-06 0)
(3.27182e-06 1.84659e-06 0)
(3.7826e-06 2.34708e-06 0)
(0 0 0)
(3.10758e-07 -4.84733e-08 0)
(6.40889e-07 -2.55459e-08 0)
(9.94037e-07 8.11872e-08 0)
(1.36821e-06 2.68193e-07 0)
(1.76437e-06 5.31253e-07 0)
(2.18257e-06 8.6296e-07 0)
(2.62267e-06 1.25455e-06 0)
(3.08527e-06 1.69695e-06 0)
(3.56783e-06 2.1798e-06 0)
(0 0 0)
(2.89842e-07 -6.81109e-08 0)
(5.9934e-07 -6.43753e-08 0)
(9.31317e-07 2.39013e-08 0)
(1.28311e-06 1.93115e-07 0)
(1.65554e-06 4.38739e-07 0)
(2.04866e-06 7.53235e-07 0)
(2.46256e-06 1.12784e-06 0)
(2.89794e-06 1.55366e-06 0)
(3.35274e-06 2.02064e-06 0)
(0 0 0)
(2.69148e-07 -8.87506e-08 0)
(5.58077e-07 -1.0449e-07 0)
(8.68539e-07 -3.42065e-08 0)
(1.19728e-06 1.18222e-07 0)
(1.54512e-06 3.47731e-07 0)
(1.9123e-06 6.46508e-07 0)
(2.29927e-06 1.0057e-06 0)
(2.70692e-06 1.41656e-06 0)
(3.13369e-06 1.86931e-06 0)
(0 0 0)
(2.48965e-07 -1.10693e-07 0)
(5.17459e-07 -1.46065e-07 0)
(8.05784e-07 -9.30433e-08 0)
(1.11033e-06 4.38533e-08 0)
(1.43213e-06 2.58707e-07 0)
(1.77186e-06 5.43285e-07 0)
(2.13049e-06 8.88599e-07 0)
(2.50918e-06 1.286e-06 0)
(2.90695e-06 1.72602e-06 0)
(0 0 0)
(2.30083e-07 -1.3448e-07 0)
(4.78506e-07 -1.8946e-07 0)
(7.43602e-07 -1.52619e-07 0)
(1.02205e-06 -2.97178e-08 0)
(1.31552e-06 1.72092e-07 0)
(1.62549e-06 4.44019e-07 0)
(1.95358e-06 7.76915e-07 0)
(2.30132e-06 1.16224e-06 0)
(2.66834e-06 1.59086e-06 0)
(0 0 0)
(2.1401e-07 -1.61297e-07 0)
(4.42881e-07 -2.34946e-07 0)
(6.82863e-07 -2.12173e-07 0)
(9.32255e-07 -1.01089e-07 0)
(1.19411e-06 8.95586e-08 0)
(1.47105e-06 3.50408e-07 0)
(1.76554e-06 6.72237e-07 0)
(2.07954e-06 1.04668e-06 0)
(2.41328e-06 1.46498e-06 0)
(0 0 0)
(2.05406e-07 -1.92854e-07 0)
(4.14617e-07 -2.83097e-07 0)
(6.25582e-07 -2.71369e-07 0)
(8.4095e-07 -1.69561e-07 0)
(1.06628e-06 1.18826e-08 0)
(1.30566e-06 2.63115e-07 0)
(1.56243e-06 5.75011e-07 0)
(1.83897e-06 9.39502e-07 0)
(2.13605e-06 1.34829e-06 0)
(0 0 0)
(2.13116e-07 -2.33353e-07 0)
(3.98653e-07 -3.32877e-07 0)
(5.73859e-07 -3.26307e-07 0)
(7.47914e-07 -2.30357e-07 0)
(9.30282e-07 -5.62138e-08 0)
(1.12641e-06 1.86524e-07 0)
(1.34041e-06 4.89176e-07 0)
(1.57495e-06 8.44151e-07 0)
(1.83124e-06 1.24369e-06 0)
(1.10547e-07 -1.04536e-07 8.91786e-22)
(2.85275e-07 -2.86495e-07 1.79965e-21)
(4.10804e-07 -3.82714e-07 1.81466e-21)
(5.30962e-07 -3.75233e-07 1.82487e-21)
(6.514e-07 -2.81762e-07 1.84102e-21)
(7.8179e-07 -1.13001e-07 1.86314e-21)
(9.27441e-07 1.22397e-07 1.89234e-21)
(1.09241e-06 4.16267e-07 1.92862e-21)
(1.27931e-06 7.61482e-07 1.96101e-21)
(1.48925e-06 1.15066e-06 1.69108e-21)
(0 0 0)
(5.80551e-07 1.1645e-07 0)
(1.18154e-06 3.4852e-07 0)
(1.82165e-06 7.07554e-07 0)
(2.51122e-06 1.17939e-06 0)
(3.25882e-06 1.7503e-06 0)
(4.06829e-06 2.40196e-06 0)
(4.94055e-06 3.1147e-06 0)
(5.87336e-06 3.86781e-06 0)
(6.8624e-06 4.64265e-06 0)
(0 0 0)
(5.47908e-07 1.04939e-07 0)
(1.11488e-06 3.15408e-07 0)
(1.71676e-06 6.4351e-07 0)
(2.36217e-06 1.07805e-06 0)
(3.05876e-06 1.60798e-06 0)
(3.81022e-06 2.21769e-06 0)
(4.61786e-06 2.89015e-06 0)
(5.48011e-06 3.60665e-06 0)
(6.39297e-06 4.35126e-06 0)
(0 0 0)
(5.18378e-07 9.2923e-08 0)
(1.05495e-06 2.83068e-07 0)
(1.62314e-06 5.82887e-07 0)
(2.22986e-06 9.83388e-07 0)
(2.88174e-06 1.47557e-06 0)
(3.58208e-06 2.04593e-06 0)
(4.3323e-06 2.67958e-06 0)
(5.13184e-06 3.35968e-06 0)
(5.97714e-06 4.0724e-06 0)
(0 0 0)
(4.91133e-07 8.02713e-08 0)
(1.00003e-06 2.511e-07 0)
(1.53814e-06 5.25028e-07 0)
(2.11086e-06 8.94665e-07 0)
(2.72382e-06 1.35254e-06 0)
(3.37982e-06 1.88682e-06 0)
(4.08001e-06 2.48424e-06 0)
(4.82432e-06 3.12949e-06 0)
(5.60905e-06 3.8097e-06 0)
(0 0 0)
(4.65636e-07 6.68713e-08 0)
(9.48867e-07 2.18939e-07 0)
(1.45952e-06 4.68693e-07 0)
(2.00164e-06 8.09914e-07 0)
(2.57994e-06 1.23627e-06 0)
(3.19673e-06 1.73722e-06 0)
(3.85285e-06 2.30081e-06 0)
(4.54868e-06 2.91319e-06 0)
(5.28022e-06 3.56204e-06 0)
(0 0 0)
(4.41517e-07 5.27091e-08 0)
(9.00662e-07 1.86391e-07 0)
(1.38594e-06 4.13419e-07 0)
(1.9002e-06 7.28429e-07 0)
(2.44734e-06 1.12592e-06 0)
(3.02916e-06 1.59633e-06 0)
(3.64616e-06 2.12869e-06 0)
(4.29893e-06 2.7103e-06 0)
(4.9834e-06 3.32922e-06 0)
(0 0 0)
(4.18421e-07 3.77556e-08 0)
(8.54632e-07 1.53198e-07 0)
(1.31604e-06 3.58565e-07 0)
(1.80447e-06 6.49118e-07 0)
(2.32309e-06 1.01996e-06 0)
(2.87328e-06 1.46229e-06 0)
(3.45521e-06 1.96587e-06 0)
(4.06957e-06 2.51903e-06 0)
(4.71229e-06 3.11005e-06 0)
(0 0 0)
(3.96102e-07 2.2034e-08 0)
(8.10247e-07 1.19272e-07 0)
(1.24893e-06 3.03841e-07 0)
(1.71306e-06 5.71456e-07 0)
(2.20519e-06 9.17633e-07 0)
(2.7263e-06 1.33413e-06 0)
(3.27632e-06 1.81127e-06 0)
(3.85596e-06 2.33818e-06 0)
(4.46128e-06 2.9034e-06 0)
(0 0 0)
(3.74328e-07 5.54452e-09 0)
(7.67014e-07 8.44932e-08 0)
(1.18376e-06 2.48913e-07 0)
(1.62467e-06 4.94846e-07 0)
(2.09178e-06 8.18072e-07 0)
(2.58572e-06 1.21077e-06 0)
(3.10627e-06 1.66364e-06 0)
(3.65409e-06 2.16647e-06 0)
(4.2255e-06 2.70805e-06 0)
(0 0 0)
(3.52933e-07 -1.16934e-08 0)
(7.24568e-07 4.88098e-08 0)
(1.1199e-06 1.93599e-07 0)
(1.5383e-06 4.18944e-07 0)
(1.98137e-06 7.20753e-07 0)
(2.44946e-06 1.09148e-06 0)
(2.94228e-06 1.52209e-06 0)
(3.46043e-06 2.00289e-06 0)
(4.00059e-06 2.52292e-06 0)
(0 0 0)
(3.31777e-07 -2.96902e-08 0)
(6.82599e-07 1.21536e-08 0)
(1.0568e-06 1.3773e-07 0)
(1.45306e-06 3.43452e-07 0)
(1.87262e-06 6.25234e-07 0)
(2.31564e-06 9.75664e-07 0)
(2.78184e-06 1.38589e-06 0)
(3.27182e-06 1.84659e-06 0)
(3.7826e-06 2.34708e-06 0)
(0 0 0)
(3.10758e-07 -4.84733e-08 0)
(6.40889e-07 -2.55459e-08 0)
(9.94037e-07 8.11872e-08 0)
(1.36821e-06 2.68193e-07 0)
(1.76437e-06 5.31253e-07 0)
(2.18257e-06 8.6296e-07 0)
(2.62267e-06 1.25455e-06 0)
(3.08527e-06 1.69695e-06 0)
(3.56783e-06 2.1798e-06 0)
(0 0 0)
(2.89842e-07 -6.81109e-08 0)
(5.9934e-07 -6.43753e-08 0)
(9.31317e-07 2.39013e-08 0)
(1.28311e-06 1.93115e-07 0)
(1.65554e-06 4.38739e-07 0)
(2.04866e-06 7.53235e-07 0)
(2.46256e-06 1.12784e-06 0)
(2.89794e-06 1.55366e-06 0)
(3.35274e-06 2.02064e-06 0)
(0 0 0)
(2.69148e-07 -8.87506e-08 0)
(5.58077e-07 -1.0449e-07 0)
(8.68539e-07 -3.42065e-08 0)
(1.19728e-06 1.18222e-07 0)
(1.54512e-06 3.47731e-07 0)
(1.9123e-06 6.46508e-07 0)
(2.29927e-06 1.0057e-06 0)
(2.70692e-06 1.41656e-06 0)
(3.13369e-06 1.86931e-06 0)
(0 0 0)
(2.48965e-07 -1.10693e-07 0)
(5.17459e-07 -1.46065e-07 0)
(8.05784e-07 -9.30433e-08 0)
(1.11033e-06 4.38533e-08 0)
(1.43213e-06 2.58707e-07 0)
(1.77186e-06 5.43285e-07 0)
(2.13049e-06 8.88599e-07 0)
(2.50918e-06 1.286e-06 0)
(2.90695e-06 1.72602e-06 0)
(0 0 0)
(2.30083e-07 -1.3448e-07 0)
(4.78506e-07 -1.8946e-07 0)
(7.43602e-07 -1.52619e-07 0)
(1.02205e-06 -2.97178e-08 0)
(1.31552e-06 1.72092e-07 0)
(1.62549e-06 4.44019e-07 0)
(1.95358e-06 7.76915e-07 0)
(2.30132e-06 1.16224e-06 0)
(2.66834e-06 1.59086e-06 0)
(0 0 0)
(2.1401e-07 -1.61297e-07 0)
(4.42881e-07 -2.34946e-07 0)
(6.82863e-07 -2.12173e-07 0)
(9.32255e-07 -1.01089e-07 0)
(1.19411e-06 8.95586e-08 0)
(1.47105e-06 3.50408e-07 0)
(1.76554e-06 6.72237e-07 0)
(2.07954e-06 1.04668e-06 0)
(2.41328e-06 1.46498e-06 0)
(0 0 0)
(2.05406e-07 -1.92854e-07 0)
(4.14617e-07 -2.83097e-07 0)
(6.25582e-07 -2.71369e-07 0)
(8.4095e-07 -1.69561e-07 0)
(1.06628e-06 1.18826e-08 0)
(1.30566e-06 2.63115e-07 0)
(1.56243e-06 5.75011e-07 0)
(1.83897e-06 9.39502e-07 0)
(2.13605e-06 1.34829e-06 0)
(0 0 0)
(2.13116e-07 -2.33353e-07 0)
(3.98653e-07 -3.32877e-07 0)
(5.73859e-07 -3.26307e-07 0)
(7.47914e-07 -2.30357e-07 0)
(9.30282e-07 -5.62138e-08 0)
(1.12641e-06 1.86524e-07 0)
(1.34041e-06 4.89176e-07 0)
(1.57495e-06 8.44151e-07 0)
(1.83124e-06 1.24369e-06 0)
(1.10547e-07 -1.04536e-07 8.91786e-22)
(2.85275e-07 -2.86495e-07 1.79965e-21)
(4.10804e-07 -3.82714e-07 1.81466e-21)
(5.30962e-07 -3.75233e-07 1.82487e-21)
(6.514e-07 -2.81762e-07 1.84102e-21)
(7.8179e-07 -1.13001e-07 1.86314e-21)
(9.27441e-07 1.22397e-07 1.89234e-21)
(1.09241e-06 4.16267e-07 1.92862e-21)
(1.27931e-06 7.61482e-07 1.96101e-21)
(1.48925e-06 1.15066e-06 1.69108e-21)
)
;

boundaryField
{
    left
    {
        type            calculated;
    }
    right
    {
        type            calculated;
    }
    down
    {
        type            calculated;
    }
    up
    {
        type            calculated;
    }
    hole
    {
        type            calculated;
    }
    frontAndBack
    {
        type            empty;
    }
}


// ************************************************************************* //
