/*--------------------------------*- C++ -*----------------------------------*\
  =========                 |
  \\      /  F ield         | OpenFOAM: The Open Source CFD Toolbox
   \\    /   O peration     | Website:  https://openfoam.org
    \\  /    A nd           | Version:  9
     \\/     M anipulation  |
\*---------------------------------------------------------------------------*/
FoamFile
{
    format      ascii;
    class       volSymmTensorField;
    location    "5";
    object      epsilon;
}
// * * * * * * * * * * * * * * * * * * * * * * * * * * * * * * * * * * * * * //

dimensions      [0 0 0 0 0 0 0];

internalField   nonuniform List<symmTensor> 
1000
(
(1.38777e-06 -2.77129e-06 2.59353e-19 7.26322e-07 2.87025e-19 7.80115e-34)
(2.79524e-06 -2.14556e-06 -5.63968e-21 -5.37784e-07 3.48581e-21 0)
(3.40406e-06 -1.65016e-06 6.2346e-21 -1.03692e-06 -1.52464e-21 0)
(3.76582e-06 -1.30109e-06 1.72439e-21 -1.36694e-06 -1.33418e-21 0)
(3.95774e-06 -1.02797e-06 -6.92638e-21 -1.55952e-06 9.69763e-22 0)
(4.04769e-06 -8.1331e-07 -8.91344e-22 -1.68066e-06 9.43172e-22 0)
(4.07751e-06 -6.3742e-07 -5.99557e-21 -1.75231e-06 -3.09996e-21 0)
(4.0639e-06 -4.92932e-07 4.25859e-21 -1.79212e-06 1.76388e-21 0)
(4.02972e-06 -3.6945e-07 -1.81896e-21 -1.81113e-06 -2.55732e-21 0)
(3.95522e-06 -2.61302e-07 0 -1.8144e-06 0 0)
(2.33154e-06 -3.213e-06 2.85786e-19 4.6543e-07 3.68045e-19 4.99233e-35)
(3.54528e-06 -2.19806e-06 0 -6.51285e-07 0 0)
(4.01313e-06 -1.59445e-06 4.69266e-21 -1.1182e-06 2.51218e-21 0)
(4.25469e-06 -1.1839e-06 -8.15627e-21 -1.40646e-06 -4.65168e-21 0)
(4.36681e-06 -8.76517e-07 -3.49875e-21 -1.57165e-06 -2.20276e-21 0)
(4.39563e-06 -6.41064e-07 2.25973e-21 -1.67217e-06 2.71665e-21 0)
(4.37649e-06 -4.51428e-07 2.78498e-21 -1.72833e-06 1.86661e-21 0)
(4.32134e-06 -2.99767e-07 6.82982e-21 -1.75782e-06 3.65286e-21 0)
(4.24902e-06 -1.69868e-07 0 -1.76421e-06 0 0)
(4.14928e-06 -6.35944e-08 0 -1.77173e-06 0 0)
(3.92705e-06 -3.40858e-06 2.69008e-19 4.85092e-08 4.02597e-19 0)
(4.37972e-06 -2.16798e-06 0 -7.38895e-07 0 0)
(4.59271e-06 -1.48622e-06 4.53187e-21 -1.1287e-06 2.68019e-21 0)
(4.69272e-06 -1.02178e-06 -1.65357e-21 -1.37096e-06 8.08526e-22 0)
(4.70567e-06 -6.86396e-07 -8.66474e-23 -1.50645e-06 4.76082e-23 0)
(4.66039e-06 -4.33329e-07 -2.09103e-21 -1.58474e-06 -2.66322e-21 0)
(4.58127e-06 -2.34585e-07 3.49158e-21 -1.62328e-06 1.31804e-21 0)
(4.47821e-06 -7.89314e-08 -2.39838e-21 -1.64076e-06 -1.76749e-21 0)
(4.36247e-06 5.15929e-08 -4.20804e-22 -1.63492e-06 4.57532e-22 0)
(4.23156e-06 1.59403e-07 -6.15463e-22 -1.64106e-06 -1.59906e-22 0)
(5.64059e-06 -3.37929e-06 2.14276e-19 -4.71548e-07 3.87286e-19 -2.4779e-35)
(5.26259e-06 -2.10475e-06 2.8802e-21 -8.40821e-07 -8.62352e-22 0)
(5.13224e-06 -1.3553e-06 -2.06992e-21 -1.08202e-06 -1.38615e-21 0)
(5.053e-06 -8.43118e-07 -1.6741e-21 -1.26231e-06 6.35966e-22 0)
(4.94685e-06 -4.80307e-07 2.15688e-21 -1.35885e-06 2.74363e-21 0)
(4.816e-06 -2.12461e-07 -2.99743e-21 -1.4127e-06 -2.00511e-21 0)
(4.66964e-06 -7.61204e-09 -2.59158e-21 -1.43369e-06 -1.85912e-21 0)
(4.51426e-06 1.49253e-07 -5.82433e-21 -1.44018e-06 -4.21258e-21 0)
(4.35351e-06 2.76142e-07 -6.0323e-22 -1.42559e-06 -1.14234e-21 0)
(4.19019e-06 3.82246e-07 1.31415e-21 -1.42912e-06 1.30048e-21 0)
(7.24152e-06 -3.16655e-06 1.58935e-19 -1.04326e-06 3.47874e-19 -4.07188e-34)
(6.19157e-06 -1.99302e-06 1.47919e-25 -9.92755e-07 -2.5954e-26 0)
(5.67162e-06 -1.21387e-06 -6.91818e-21 -1.02568e-06 -3.721e-21 0)
(5.35955e-06 -6.66431e-07 8.1846e-22 -1.10663e-06 -2.3042e-22 0)
(5.10077e-06 -2.79813e-07 -1.25209e-21 -1.14603e-06 4.15737e-22 0)
(4.86321e-06 -1.37863e-09 1.81807e-21 -1.16707e-06 2.31579e-21 0)
(4.63856e-06 2.04627e-07 -4.04369e-22 -1.1683e-06 1.88169e-22 0)
(4.4263e-06 3.57896e-07 2.38916e-21 -1.16489e-06 1.4669e-21 0)
(4.22158e-06 4.75796e-07 4.61409e-23 -1.14589e-06 -1.43066e-21 0)
(4.02738e-06 5.7645e-07 -8.6859e-22 -1.14906e-06 -7.46339e-22 0)
(8.6787e-06 -2.78147e-06 1.01322e-19 -1.60925e-06 2.8885e-19 -3.78227e-34)
(7.15602e-06 -1.79588e-06 1.30637e-25 -1.19423e-06 -3.66923e-27 0)
(6.2364e-06 -1.04413e-06 -8.35391e-26 -9.84675e-07 1.05124e-26 0)
(5.63825e-06 -4.91047e-07 7.58443e-22 -9.2713e-07 -1.43686e-22 0)
(5.18467e-06 -9.73984e-08 -3.0286e-21 -8.87391e-07 -1.96246e-21 0)
(4.81463e-06 1.79983e-07 5.64942e-23 -8.66223e-07 -1.8215e-23 0)
(4.50017e-06 3.78097e-07 2.26048e-21 -8.46943e-07 1.59301e-21 0)
(4.22879e-06 5.20694e-07 4.63975e-21 -8.3651e-07 3.74713e-21 0)
(3.98602e-06 6.24524e-07 8.50905e-22 -8.20931e-07 6.63945e-22 0)
(3.77015e-06 7.15146e-07 -1.40336e-21 -8.27626e-07 -1.30437e-21 0)
(9.84331e-06 -2.23379e-06 6.87549e-20 -2.10409e-06 2.22033e-19 -7.02111e-34)
(8.06339e-06 -1.47839e-06 1.96039e-21 -1.40948e-06 3.04318e-22 0)
(6.78829e-06 -8.16328e-07 2.19628e-21 -9.57893e-07 9.85826e-22 0)
(5.88451e-06 -3.0867e-07 -6.45373e-22 -7.39894e-07 6.27523e-23 0)
(5.21227e-06 5.64311e-08 1.79739e-21 -6.08092e-07 1.89617e-21 0)
(4.69642e-06 3.0912e-07 -1.68237e-21 -5.41128e-07 -1.72859e-21 0)
(4.29037e-06 4.84314e-07 1.08621e-21 -5.04368e-07 -4.24085e-22 0)
(3.96538e-06 6.06907e-07 -1.71055e-21 -4.93361e-07 -1.26134e-21 0)
(3.69684e-06 6.91204e-07 -2.66406e-22 -4.8874e-07 1.76705e-22 0)
(3.47204e-06 7.71407e-07 -8.99081e-22 -5.0799e-07 -5.61821e-22 0)
(1.07521e-05 -1.54812e-06 4.04219e-20 -2.47717e-06 1.46638e-19 -2.33025e-35)
(8.83316e-06 -1.02656e-06 -5.79642e-21 -1.56624e-06 -1.633e-21 0)
(7.2466e-06 -5.15574e-07 4.91025e-23 -9.032e-07 8.12949e-24 0)
(6.06269e-06 -1.19928e-07 9.57289e-22 -5.44616e-07 1.70207e-24 0)
(5.18805e-06 1.67988e-07 4.73388e-21 -3.37595e-07 2.74519e-21 0)
(4.54313e-06 3.67407e-07 -5.41419e-22 -2.38537e-07 1.55326e-22 0)
(4.06189e-06 5.05175e-07 1.48169e-26 -1.95646e-07 -6.31911e-27 0)
(3.69835e-06 6.00847e-07 -1.73054e-21 -1.91529e-07 -8.94125e-22 0)
(3.42123e-06 6.66131e-07 9.24029e-23 -2.06329e-07 -6.83997e-23 0)
(3.19868e-06 7.27183e-07 1.49631e-22 -2.35475e-07 1.12882e-23 0)
(1.11464e-05 -6.84869e-07 1.4606e-20 -2.61247e-06 6.91834e-20 1.6162e-34)
(9.13676e-06 -4.36556e-07 -6.29331e-21 -1.51709e-06 -1.67352e-21 0)
(7.3944e-06 -1.69258e-07 6.75434e-22 -7.41507e-07 2.79343e-22 0)
(6.08919e-06 2.61956e-08 7.99849e-22 -3.40746e-07 1.11682e-22 0)
(5.1361e-06 1.88114e-07 -4.0322e-22 -1.2318e-07 4.4026e-23 0)
(4.43897e-06 3.10755e-07 1.75066e-21 -2.68968e-08 8.72475e-22 0)
(3.92343e-06 4.04961e-07 2.32958e-22 8.54266e-09 -1.15521e-22 0)
(3.53744e-06 4.74526e-07 2.9074e-21 3.74268e-09 1.35102e-21 0)
(3.24729e-06 5.26566e-07 6.31478e-22 -1.97231e-08 3.15124e-22 0)
(3.02909e-06 5.68631e-07 2.71586e-22 -4.93796e-08 3.28275e-22 0)
(1.13426e-05 6.13252e-07 5.34582e-21 -2.26952e-06 1.00384e-21 2.80174e-36)
(8.78701e-06 4.19483e-07 -3.83532e-22 -9.51419e-07 -4.87649e-22 0)
(7.16622e-06 2.39818e-07 2.22836e-21 -3.85935e-07 5.1165e-22 0)
(5.99134e-06 1.72513e-07 1.40589e-22 -1.36689e-07 5.77216e-23 0)
(5.12525e-06 1.9551e-07 6.0842e-27 -2.23342e-08 -2.6758e-28 0)
(4.46455e-06 2.47948e-07 1.95265e-21 2.40293e-08 4.10087e-22 0)
(3.95505e-06 3.07059e-07 7.38058e-23 3.79659e-08 -4.07695e-23 0)
(3.55493e-06 3.5908e-07 1.44031e-21 3.2132e-08 3.88534e-22 0)
(3.23764e-06 3.93587e-07 -5.36067e-23 1.55992e-08 3.07159e-23 0)
(2.98137e-06 4.24391e-07 -3.69066e-23 1.39084e-09 5.56794e-24 0)
(-5.82848e-08 -2.61737e-08 2.71128e-20 2.22303e-08 2.24182e-20 1.47978e-34)
(-7.62976e-08 -4.31726e-08 -1.6071e-22 3.87237e-08 1.99587e-20 1.48371e-36)
(-3.13433e-08 -9.02075e-08 -1.38258e-21 9.46858e-09 1.56226e-20 1.85478e-35)
(8.85375e-08 -1.34908e-07 -2.07291e-24 -5.09612e-08 1.71868e-20 0)
(2.46691e-07 -1.66847e-07 -3.92061e-23 -1.24956e-07 1.49222e-20 -1.50312e-36)
(4.28638e-07 -1.85659e-07 -1.9774e-21 -2.05127e-07 1.71292e-20 3.15947e-35)
(6.14761e-07 -1.9338e-07 2.50517e-22 -2.84343e-07 1.94813e-20 1.51761e-36)
(7.99161e-07 -1.93331e-07 -1.40262e-21 -3.60303e-07 1.82202e-20 2.89927e-35)
(9.71326e-07 -1.86562e-07 9.43985e-22 -4.30405e-07 1.86231e-20 -1.26352e-35)
(1.133e-06 -1.79379e-07 2.15187e-21 -4.93486e-07 1.80479e-20 -3.82532e-35)
(-3.37549e-08 -3.49082e-08 2.83505e-20 -2.41867e-09 5.00598e-21 3.94624e-35)
(3.77702e-11 -1.08374e-07 1.4799e-21 4.539e-08 1.68767e-21 0)
(1.26623e-07 -2.35173e-07 -1.38097e-21 -1.00082e-08 -1.46866e-21 0)
(3.1032e-07 -3.4696e-07 8.53942e-23 -1.11245e-07 -1.24994e-21 0)
(5.08738e-07 -4.26775e-07 0 -2.22704e-07 0 0)
(7.08267e-07 -4.75725e-07 -2.22047e-21 -3.30221e-07 -2.88913e-22 0)
(8.95148e-07 -4.98706e-07 1.92656e-22 -4.26926e-07 1.96761e-21 0)
(1.07003e-06 -5.03393e-07 1.72671e-23 -5.11921e-07 1.05539e-22 0)
(1.22394e-06 -4.9189e-07 -8.08769e-22 -5.84571e-07 -3.55594e-21 0)
(1.36641e-06 -4.79442e-07 8.81214e-22 -6.44235e-07 1.11121e-22 0)
(-4.35016e-08 -9.795e-08 3.07721e-20 1.48232e-08 6.06282e-21 -1.76037e-36)
(4.98612e-08 -2.87902e-07 1.47439e-21 6.67226e-08 1.67382e-21 0)
(2.57558e-07 -4.62492e-07 1.61228e-21 -2.6809e-08 3.29407e-22 0)
(5.13706e-07 -5.91369e-07 1.66553e-22 -1.82522e-07 -1.20897e-21 0)
(7.62394e-07 -6.72246e-07 0 -3.41444e-07 0 0)
(9.90184e-07 -7.143e-07 -2.42838e-21 -4.84331e-07 -6.20398e-22 0)
(1.18813e-06 -7.27082e-07 -3.31263e-21 -6.04538e-07 -9.12175e-22 0)
(1.36241e-06 -7.19645e-07 2.11349e-21 -7.03309e-07 1.371e-21 0)
(1.50536e-06 -6.95731e-07 8.68623e-24 -7.80923e-07 4.50218e-23 0)
(1.63522e-06 -6.71903e-07 -1.88571e-21 -8.40402e-07 -1.27193e-21 0)
(-8.06747e-08 -2.13218e-07 3.94826e-20 1.11307e-07 9.5988e-21 -3.27626e-35)
(1.26808e-07 -5.31121e-07 4.47191e-22 9.07613e-08 -1.42858e-21 0)
(4.23284e-07 -7.28558e-07 1.75892e-21 -6.31686e-08 3.36729e-22 0)
(7.48613e-07 -8.46217e-07 0 -2.74256e-07 0 0)
(1.04076e-06 -9.02662e-07 -3.19574e-21 -4.73626e-07 1.26225e-21 0)
(1.29237e-06 -9.18488e-07 -2.37367e-22 -6.44524e-07 2.98688e-21 0)
(1.49901e-06 -9.0744e-07 2.50901e-24 -7.82407e-07 -1.60353e-21 0)
(1.67198e-06 -8.78697e-07 -1.89006e-22 -8.91092e-07 -2.47443e-21 0)
(1.8048e-06 -8.37257e-07 9.86649e-22 -9.72128e-07 3.23515e-22 0)
(1.92342e-06 -7.98613e-07 1.83122e-21 -1.0313e-06 7.01697e-22 0)
(-1.26792e-07 -3.91513e-07 3.78374e-20 2.74529e-07 1.73767e-20 8.33047e-35)
(2.6065e-07 -8.11334e-07 -3.22066e-21 9.61398e-08 2.21007e-21 0)
(6.58034e-07 -1.00113e-06 -1.84938e-21 -1.4497e-07 -5.57686e-22 0)
(1.04634e-06 -1.08282e-06 -7.06639e-22 -4.15778e-07 2.1851e-21 0)
(1.3696e-06 -1.09698e-06 -3.27991e-23 -6.48112e-07 1.34913e-22 0)
(1.63176e-06 -1.07343e-06 3.05088e-21 -8.3634e-07 -8.89419e-22 0)
(1.83657e-06 -1.02889e-06 1.26164e-21 -9.82293e-07 3.33022e-22 0)
(2.00012e-06 -9.72339e-07 0 -1.09317e-06 0 0)
(2.11793e-06 -9.10156e-07 -1.17999e-21 -1.17195e-06 -1.89312e-21 0)
(2.22166e-06 -8.54402e-07 5.42214e-22 -1.22682e-06 1.27208e-22 0)
(-1.54358e-07 -6.45238e-07 5.59532e-20 4.83361e-07 2.3234e-20 -1.25322e-34)
(4.69438e-07 -1.10443e-06 1.46456e-21 7.48514e-08 -2.61857e-21 0)
(9.72405e-07 -1.24894e-06 -1.40534e-21 -2.69431e-07 -1.7617e-21 0)
(1.40886e-06 -1.27422e-06 4.42203e-22 -5.92454e-07 -1.01839e-21 0)
(1.74352e-06 -1.23181e-06 3.22469e-21 -8.45088e-07 1.12188e-21 0)
(2.00104e-06 -1.16098e-06 -3.2627e-21 -1.03963e-06 4.40265e-22 0)
(2.19231e-06 -1.08053e-06 -1.30061e-23 -1.1834e-06 9.0879e-23 0)
(2.33646e-06 -9.96812e-07 -2.32533e-21 -1.28729e-06 -1.78145e-21 0)
(2.43295e-06 -9.16395e-07 1.17549e-24 -1.35746e-06 3.58963e-23 0)
(2.51637e-06 -8.45649e-07 -2.62207e-21 -1.40306e-06 -1.25729e-21 0)
(-1.26017e-07 -9.78037e-07 9.26121e-20 6.97284e-07 4.90618e-20 -1.3803e-34)
(7.60088e-07 -1.38796e-06 8.04671e-23 1.6749e-08 -1.13965e-22 0)
(1.35828e-06 -1.44621e-06 -6.10732e-26 -4.27953e-07 9.43232e-26 0)
(1.82301e-06 -1.3902e-06 -3.14436e-21 -7.94912e-07 -2.47055e-21 0)
(2.15959e-06 -1.28728e-06 -7.34806e-22 -1.05808e-06 1.64623e-21 0)
(2.40045e-06 -1.17453e-06 -2.97716e-21 -1.24612e-06 -1.2835e-21 0)
(2.56238e-06 -1.06176e-06 5.32858e-21 -1.3753e-06 2.52249e-21 0)
(2.67171e-06 -9.54517e-07 -8.8577e-24 -1.46262e-06 7.24054e-23 0)
(2.73747e-06 -8.59779e-07 1.11944e-21 -1.51841e-06 -5.33596e-23 0)
(2.79022e-06 -7.77848e-07 -1.42347e-21 -1.55013e-06 -7.05062e-22 0)
(2.78039e-09 -1.38396e-06 1.42067e-19 8.7008e-07 8.82478e-20 -2.93734e-34)
(1.14099e-06 -1.6443e-06 2.05612e-21 -8.18758e-08 -2.35395e-21 0)
(1.81613e-06 -1.5732e-06 -8.03289e-22 -6.15963e-07 1.00812e-21 0)
(2.29663e-06 -1.43963e-06 4.97507e-22 -1.00881e-06 -7.21704e-22 0)
(2.5922e-06 -1.28122e-06 4.62897e-26 -1.25759e-06 -8.13904e-26 0)
(2.8016e-06 -1.12731e-06 3.57927e-21 -1.42207e-06 2.22288e-22 0)
(2.94744e-06 -9.87751e-07 4.0088e-22 -1.52944e-06 -1.29278e-21 0)
(3.0305e-06 -8.68391e-07 -2.12664e-22 -1.59898e-06 1.07208e-21 0)
(3.06835e-06 -7.66302e-07 -5.71372e-23 -1.64155e-06 5.38907e-22 0)
(3.08496e-06 -6.81916e-07 1.00565e-21 -1.6612e-06 1.11695e-21 0)
(2.71331e-07 -1.84352e-06 1.84357e-19 9.58282e-07 1.47027e-19 4.2231e-34)
(1.60671e-06 -1.85505e-06 -1.078e-21 -2.26968e-07 4.39903e-21 0)
(2.31352e-06 -1.6499e-06 -7.62692e-26 -8.07509e-07 7.7958e-26 0)
(2.77831e-06 -1.43033e-06 4.57626e-21 -1.18007e-06 1.0978e-21 0)
(3.07321e-06 -1.21737e-06 3.4103e-21 -1.401e-06 1.82959e-21 0)
(3.2393e-06 -1.04367e-06 3.09042e-21 -1.54545e-06 1.62477e-21 0)
(3.33863e-06 -8.98758e-07 -4.87281e-22 -1.6394e-06 1.14811e-21 0)
(3.3927e-06 -7.76022e-07 -3.75045e-21 -1.70072e-06 -2.16265e-21 0)
(3.4084e-06 -6.68541e-07 2.46107e-21 -1.7363e-06 4.34487e-22 0)
(3.40976e-06 -5.79695e-07 1.04249e-21 -1.75448e-06 6.27149e-22 0)
(7.21705e-07 -2.32238e-06 2.25192e-19 9.19633e-07 2.08782e-19 6.49568e-35)
(2.14051e-06 -2.02146e-06 -1.32093e-21 -3.91783e-07 1.00253e-21 0)
(2.84508e-06 -1.66694e-06 -2.19992e-21 -9.4157e-07 -1.15224e-21 0)
(3.27164e-06 -1.37093e-06 9.85536e-21 -1.28691e-06 2.25771e-21 0)
(3.51559e-06 -1.13789e-06 7.0496e-23 -1.49547e-06 -8.03421e-23 0)
(3.65384e-06 -9.49281e-07 -3.09738e-21 -1.63133e-06 -1.83214e-21 0)
(3.72387e-06 -7.91117e-07 -3.5757e-21 -1.71817e-06 -3.46502e-22 0)
(3.74712e-06 -6.57195e-07 -1.27335e-21 -1.77133e-06 -7.67101e-22 0)
(3.73794e-06 -5.44701e-07 4.17759e-22 -1.80311e-06 -1.26837e-21 0)
(3.70887e-06 -4.48645e-07 3.68823e-22 -1.80918e-06 1.52505e-21 0)
(1.27905e-06 -1.63726e-07 1.88665e-21 -5.5083e-07 1.95634e-20 -1.14241e-35)
(1.40681e-06 -1.43522e-07 1.92501e-21 -5.97817e-07 1.80541e-20 -2.51737e-35)
(1.52514e-06 -1.24712e-07 -6.59498e-26 -6.4143e-07 1.54681e-20 -1.47219e-35)
(1.63133e-06 -1.07447e-07 1.97557e-22 -6.80674e-07 1.6992e-20 -6.47515e-37)
(1.72737e-06 -9.13129e-08 -1.11922e-21 -7.16015e-07 1.73368e-20 3.85332e-35)
(1.81323e-06 -7.67257e-08 5.88922e-22 -7.47701e-07 1.78358e-20 0)
(1.89009e-06 -6.34082e-08 5.56065e-22 -7.76012e-07 1.78452e-20 0)
(1.95843e-06 -5.1403e-08 1.06868e-21 -8.0123e-07 1.86639e-20 5.02868e-37)
(2.0191e-06 -4.05211e-08 1.06364e-21 -8.23606e-07 1.80346e-20 -1.31594e-35)
(2.07262e-06 -3.06711e-08 1.60978e-21 -8.43361e-07 1.95011e-20 8.54583e-37)
(2.11957e-06 -2.16942e-08 2.15722e-21 -8.60682e-07 1.84085e-20 -3.99286e-35)
(2.16039e-06 -1.34671e-08 -1.97812e-22 -8.75724e-07 1.76775e-20 1.33833e-35)
(2.19544e-06 -5.85626e-09 2.10763e-21 -8.88609e-07 1.84168e-20 -4.03693e-35)
(2.22501e-06 1.2459e-09 -1.5467e-21 -8.99435e-07 1.53138e-20 -8.10946e-37)
(2.24926e-06 7.93723e-09 3.08318e-22 -9.08254e-07 1.85253e-20 1.3831e-35)
(2.26843e-06 1.42545e-08 2.3962e-22 -9.15135e-07 1.78526e-20 -3.27488e-45)
(2.28246e-06 2.01965e-08 -4.33496e-22 -9.20064e-07 1.69776e-20 -1.47775e-37)
(2.2918e-06 2.55399e-08 8.03144e-22 -9.23103e-07 1.87232e-20 1.06042e-37)
(2.29607e-06 2.99515e-08 6.7917e-22 -9.24041e-07 1.66273e-20 -4.17912e-35)
(2.29626e-06 3.18163e-08 2.40714e-20 -9.22565e-07 1.49025e-20 -6.2318e-35)
(1.48304e-06 -4.45795e-07 1.83936e-21 -6.93368e-07 2.65474e-21 0)
(1.57588e-06 -4.00671e-07 1.3778e-21 -7.25556e-07 3.3498e-22 0)
(1.66473e-06 -3.58689e-07 2.00213e-22 -7.53924e-07 -6.3476e-22 0)
(1.74374e-06 -3.19094e-07 2.81736e-21 -7.78979e-07 2.81161e-21 0)
(1.81678e-06 -2.81635e-07 -6.06323e-22 -8.01018e-07 -1.1347e-22 0)
(1.88253e-06 -2.47397e-07 -2.2366e-21 -8.20813e-07 -2.59316e-21 0)
(1.94246e-06 -2.15757e-07 1.28383e-21 -8.3846e-07 4.20698e-22 0)
(1.99645e-06 -1.86931e-07 0 -8.54339e-07 0 0)
(2.04521e-06 -1.60498e-07 6.13842e-22 -8.68568e-07 1.85554e-22 0)
(2.08891e-06 -1.363e-07 1.25507e-21 -8.81317e-07 4.21032e-22 0)
(2.12799e-06 -1.13993e-07 3.67406e-21 -8.92666e-07 1.80119e-21 0)
(2.16266e-06 -9.3321e-08 1.46506e-23 -9.02691e-07 1.99322e-23 0)
(2.1932e-06 -7.39943e-08 5.90136e-22 -9.11423e-07 -4.71407e-22 0)
(2.2198e-06 -5.57859e-08 6.21145e-22 -9.18874e-07 8.41064e-22 0)
(2.24257e-06 -3.85034e-08 6.38039e-22 -9.24998e-07 8.63525e-22 0)
(2.26171e-06 -2.2086e-08 -6.3267e-22 -9.29706e-07 -8.58216e-22 0)
(2.27697e-06 -6.55845e-09 -6.36868e-22 -9.32752e-07 -8.66384e-22 0)
(2.28857e-06 7.6449e-09 -1.28012e-21 -9.33753e-07 -1.74751e-21 0)
(2.29513e-06 2.01347e-08 -9.83118e-24 -9.31676e-07 -1.23256e-23 0)
(2.29698e-06 2.89598e-08 2.66351e-20 -9.25193e-07 1.46068e-21 6.03004e-35)
(1.72516e-06 -6.23985e-07 4.89846e-22 -8.79699e-07 8.18658e-22 0)
(1.78308e-06 -5.6571e-07 7.78285e-22 -8.9556e-07 2.70289e-22 0)
(1.84161e-06 -5.11078e-07 -1.55989e-21 -9.05631e-07 -2.37809e-21 0)
(1.89175e-06 -4.59798e-07 -2.38379e-22 -9.1337e-07 4.57117e-22 0)
(1.94005e-06 -4.10769e-07 3.04806e-21 -9.18953e-07 2.80709e-21 0)
(1.98366e-06 -3.65628e-07 -2.36261e-21 -9.23764e-07 -2.5739e-21 0)
(2.02471e-06 -3.23461e-07 -6.03043e-22 -9.27891e-07 -8.39803e-22 0)
(2.06237e-06 -2.84662e-07 1.15544e-21 -9.31799e-07 1.5741e-21 0)
(2.09737e-06 -2.48731e-07 1.83728e-22 -9.35547e-07 -1.08804e-21 0)
(2.12953e-06 -2.15549e-07 -1.22448e-21 -9.39245e-07 -1.643e-21 0)
(2.15912e-06 -1.84743e-07 1.17478e-21 -9.42885e-07 1.56645e-21 0)
(2.18616e-06 -1.56051e-07 1.81674e-21 -9.46445e-07 2.41835e-21 0)
(2.21076e-06 -1.29163e-07 1.39735e-23 -9.49851e-07 1.81337e-23 0)
(2.23299e-06 -1.03826e-07 -6.23143e-22 -9.5299e-07 -8.29868e-22 0)
(2.25279e-06 -7.98241e-08 6.17259e-22 -9.55658e-07 8.24854e-22 0)
(2.27022e-06 -5.7016e-08 9.15588e-29 -9.57547e-07 1.18874e-28 0)
(2.28471e-06 -3.53404e-08 -6.37028e-22 -9.58062e-07 -8.56804e-22 0)
(2.29626e-06 -1.48317e-08 6.06654e-24 -9.56395e-07 6.60144e-22 0)
(2.30252e-06 4.35628e-09 -2.49538e-21 -9.50697e-07 -1.00676e-22 0)
(2.30455e-06 2.27014e-08 2.74849e-20 -9.39484e-07 3.92841e-22 4.53735e-38)
(1.98806e-06 -7.38948e-07 0 -1.06151e-06 0 0)
(2.01191e-06 -6.74831e-07 8.2611e-22 -1.06365e-06 2.99765e-22 0)
(2.04146e-06 -6.13497e-07 5.7066e-22 -1.05814e-06 7.82199e-22 0)
(2.06342e-06 -5.56858e-07 6.21887e-22 -1.0513e-06 8.69583e-22 0)
(2.0872e-06 -5.01903e-07 0 -1.04263e-06 0 0)
(2.10839e-06 -4.51067e-07 1.74613e-22 -1.03419e-06 -4.63544e-22 0)
(2.12994e-06 -4.03011e-07 -2.04958e-21 -1.02608e-06 -1.31532e-21 0)
(2.15041e-06 -3.58373e-07 -1.19293e-21 -1.01891e-06 -1.54786e-21 0)
(2.17061e-06 -3.16615e-07 -7.57392e-22 -1.01275e-06 -3.37243e-22 0)
(2.19004e-06 -2.7772e-07 -1.77503e-22 -1.00769e-06 1.05388e-21 0)
(2.20888e-06 -2.41349e-07 -7.61719e-22 -1.00368e-06 2.86496e-22 0)
(2.22693e-06 -2.07292e-07 1.40449e-21 -1.00065e-06 5.54787e-22 0)
(2.24418e-06 -1.75262e-07 1.42473e-21 -9.98444e-07 -4.38701e-23 0)
(2.26051e-06 -1.45011e-07 -5.47169e-23 -9.96843e-07 5.62078e-22 0)
(2.27572e-06 -1.16302e-07 -3.16414e-23 -9.95523e-07 5.93099e-22 0)
(2.28966e-06 -8.88799e-08 -6.31741e-22 -9.94036e-07 -8.33453e-22 0)
(2.30163e-06 -6.25587e-08 -1.35246e-28 -9.91639e-07 -1.7752e-28 0)
(2.31152e-06 -3.68741e-08 1.2685e-21 -9.87428e-07 2.3469e-21 0)
(2.31684e-06 -1.18851e-08 1.09743e-23 -9.79593e-07 -6.46742e-22 0)
(2.31944e-06 1.53491e-08 2.48357e-20 -9.66958e-07 -2.48281e-21 -8.93936e-35)
(2.26029e-06 -7.8636e-07 -8.29023e-23 -1.2459e-06 1.13144e-21 0)
(2.2503e-06 -7.24466e-07 -8.83773e-22 -1.235e-06 -3.97297e-22 0)
(2.25192e-06 -6.6209e-07 -2.09432e-21 -1.21419e-06 -1.93502e-21 0)
(2.24661e-06 -6.06105e-07 1.41123e-21 -1.19367e-06 1.05084e-21 0)
(2.24676e-06 -5.50737e-07 3.69106e-21 -1.1715e-06 2.62212e-21 0)
(2.24605e-06 -4.99354e-07 -6.29397e-22 -1.15045e-06 -7.87563e-22 0)
(2.24837e-06 -4.50154e-07 0 -1.13057e-06 0 0)
(2.2516e-06 -4.03957e-07 6.12822e-22 -1.11258e-06 7.60573e-22 0)
(2.2567e-06 -3.60253e-07 -2.22874e-21 -1.09659e-06 -9.08247e-22 0)
(2.2629e-06 -3.19127e-07 -1.36335e-21 -1.0827e-06 -1.08717e-21 0)
(2.27029e-06 -2.80335e-07 2.41243e-22 -1.07085e-06 -9.31236e-22 0)
(2.27852e-06 -2.43745e-07 -5.59653e-22 -1.06095e-06 -1.32513e-21 0)
(2.28744e-06 -2.09132e-07 -3.17129e-22 -1.0528e-06 1.46176e-21 0)
(2.29681e-06 -1.76262e-07 1.17606e-21 -1.04612e-06 2.12931e-21 0)
(2.30632e-06 -1.44885e-07 6.9559e-22 -1.04055e-06 2.68267e-22 0)
(2.31572e-06 -1.14627e-07 5.85348e-23 -1.03559e-06 -5.58363e-22 0)
(2.32429e-06 -8.51895e-08 1.35096e-21 -1.0305e-06 4.90406e-22 0)
(2.33189e-06 -5.5668e-08 6.65043e-22 -1.02447e-06 2.32517e-22 0)
(2.33642e-06 -2.61942e-08 2.56027e-21 -1.01602e-06 2.11812e-21 0)
(2.33996e-06 7.96574e-09 3.0017e-20 -1.00427e-06 3.0276e-21 9.04299e-35)
(2.52887e-06 -7.74261e-07 4.39842e-22 -1.41132e-06 7.85253e-22 0)
(2.48647e-06 -7.22497e-07 8.94442e-24 -1.39123e-06 3.04863e-23 0)
(2.46259e-06 -6.65187e-07 -1.53823e-21 -1.35846e-06 -1.18158e-21 0)
(2.43187e-06 -6.15179e-07 -3.66199e-21 -1.32671e-06 -3.07739e-21 0)
(2.41005e-06 -5.63945e-07 1.45125e-21 -1.29353e-06 1.08359e-21 0)
(2.3889e-06 -5.16085e-07 1.28323e-21 -1.26188e-06 1.52401e-21 0)
(2.37303e-06 -4.69434e-07 -6.28662e-22 -1.23207e-06 -7.46261e-22 0)
(2.35979e-06 -4.24982e-07 -1.84497e-22 -1.20472e-06 3.64672e-22 0)
(2.35016e-06 -3.82326e-07 3.00641e-21 -1.18004e-06 1.85739e-21 0)
(2.34321e-06 -3.41666e-07 -1.84018e-21 -1.15815e-06 -2.23197e-21 0)
(2.33896e-06 -3.02887e-07 -6.54037e-22 -1.13902e-06 -8.0217e-22 0)
(2.33694e-06 -2.6596e-07 1.60989e-21 -1.12259e-06 3.19068e-21 0)
(2.33695e-06 -2.30744e-07 -3.01547e-21 -1.10867e-06 -7.3069e-22 0)
(2.33867e-06 -1.97047e-07 -1.85119e-21 -1.09702e-06 -2.33049e-21 0)
(2.34177e-06 -1.64628e-07 8.68917e-23 -1.08732e-06 -5.07811e-22 0)
(2.34594e-06 -1.33034e-07 -2.65923e-21 -1.07913e-06 -2.15658e-21 0)
(2.35063e-06 -1.0191e-07 -1.87722e-23 -1.07186e-06 -1.96304e-23 0)
(2.35566e-06 -7.00477e-08 2.53405e-21 -1.0649e-06 2.68492e-21 0)
(2.35964e-06 -3.77514e-08 -3.90958e-23 -1.05724e-06 5.99506e-22 0)
(2.36441e-06 9.79647e-10 3.09116e-20 -1.04828e-06 1.16296e-21 -6.70366e-37)
(2.77614e-06 -7.05891e-07 -4.56921e-22 -1.54816e-06 -7.69946e-22 0)
(2.7069e-06 -6.71601e-07 6.85998e-22 -1.52252e-06 7.42915e-22 0)
(2.66149e-06 -6.26175e-07 9.18167e-22 -1.48247e-06 4.98697e-22 0)
(2.61022e-06 -5.86566e-07 -6.6779e-22 -1.44463e-06 -7.49252e-22 0)
(2.56945e-06 -5.44289e-07 -1.74174e-21 -1.4038e-06 -8.83597e-22 0)
(2.53019e-06 -5.03517e-07 8.53446e-22 -1.3641e-06 4.27548e-22 0)
(2.49786e-06 -4.62749e-07 2.34703e-21 -1.32641e-06 1.61533e-21 0)
(2.46948e-06 -4.22796e-07 -3.76133e-21 -1.29136e-06 -2.71582e-21 0)
(2.44602e-06 -3.83675e-07 -2.33107e-21 -1.25926e-06 -1.6332e-21 0)
(2.42648e-06 -3.45696e-07 3.6505e-21 -1.23037e-06 2.63319e-21 0)
(2.41084e-06 -3.08942e-07 -1.55434e-21 -1.2047e-06 -7.15719e-22 0)
(2.39861e-06 -2.73522e-07 1.83518e-21 -1.18228e-06 2.22663e-21 0)
(2.38956e-06 -2.39401e-07 2.14427e-21 -1.163e-06 1.44686e-21 0)
(2.38334e-06 -2.06461e-07 -1.0693e-21 -1.14672e-06 -1.93007e-21 0)
(2.3797e-06 -1.74492e-07 -1.00227e-21 -1.13321e-06 5.74793e-22 0)
(2.3783e-06 -1.43026e-07 3.68458e-23 -1.12218e-06 3.79638e-23 0)
(2.37889e-06 -1.11695e-07 -3.21259e-21 -1.11327e-06 -2.88114e-21 0)
(2.3812e-06 -7.9139e-08 6.06253e-22 -1.10612e-06 7.90078e-22 0)
(2.38476e-06 -4.58571e-08 1.28098e-21 -1.10026e-06 1.04545e-21 0)
(2.39074e-06 -5.12422e-09 3.11825e-20 -1.09532e-06 1.02072e-21 -2.81261e-37)
(3.01441e-06 -6.1001e-07 2.15786e-24 -1.65185e-06 2.56342e-23 0)
(2.89659e-06 -5.90245e-07 -7.04016e-22 -1.62205e-06 -7.3622e-22 0)
(2.834e-06 -5.56488e-07 2.2863e-22 -1.57947e-06 -2.29355e-22 0)
(2.77064e-06 -5.30057e-07 0 -1.53939e-06 0 0)
(2.71602e-06 -4.97572e-07 0 -1.49642e-06 0 0)
(2.66353e-06 -4.66284e-07 -2.1965e-21 -1.45256e-06 -1.95034e-21 0)
(2.61761e-06 -4.33599e-07 1.88633e-21 -1.41019e-06 2.10043e-21 0)
(2.57648e-06 -4.00336e-07 4.05482e-21 -1.36989e-06 4.10435e-21 0)
(2.54067e-06 -3.66668e-07 -3.00927e-21 -1.33216e-06 -3.44092e-21 0)
(2.50958e-06 -3.33165e-07 -2.71782e-21 -1.29757e-06 -2.63265e-21 0)
(2.48317e-06 -3.00047e-07 1.21452e-21 -1.26625e-06 1.43443e-21 0)
(2.46103e-06 -2.67624e-07 -2.04188e-22 -1.23845e-06 3.21027e-22 0)
(2.44301e-06 -2.35973e-07 2.33347e-21 -1.21422e-06 1.10033e-21 0)
(2.4288e-06 -2.05089e-07 3.49149e-21 -1.19358e-06 2.52458e-21 0)
(2.41827e-06 -1.74827e-07 4.55882e-23 -1.1765e-06 4.68245e-23 0)
(2.41114e-06 -1.44765e-07 1.88867e-21 -1.16289e-06 -6.70495e-22 0)
(2.40747e-06 -1.14576e-07 0 -1.15268e-06 0 0)
(2.40694e-06 -8.28853e-08 -1.40258e-21 -1.14579e-06 -5.56151e-22 0)
(2.41007e-06 -5.03717e-08 6.7612e-22 -1.14231e-06 2.52275e-22 0)
(2.4171e-06 -1.00571e-08 3.34042e-20 -1.14209e-06 1.51669e-21 -7.63733e-37)
(3.31036e-06 -5.03508e-07 -6.37e-25 -1.73736e-06 -2.29196e-23 0)
(3.11998e-06 -5.0175e-07 9.54315e-22 -1.70138e-06 5.83012e-22 0)
(2.99365e-06 -4.77643e-07 -9.41187e-22 -1.65698e-06 -5.92927e-22 0)
(2.90891e-06 -4.56735e-07 -9.29795e-22 -1.61277e-06 -5.78407e-22 0)
(2.84718e-06 -4.35757e-07 2.50596e-21 -1.56909e-06 1.84407e-21 0)
(2.78392e-06 -4.12204e-07 1.83758e-21 -1.52284e-06 1.12465e-21 0)
(2.72811e-06 -3.87683e-07 -2.39966e-21 -1.47806e-06 -1.70942e-21 0)
(2.67663e-06 -3.61429e-07 4.69832e-22 -1.43484e-06 -4.52539e-22 0)
(2.63058e-06 -3.33787e-07 5.10939e-22 -1.39345e-06 5.5964e-22 0)
(2.58935e-06 -3.05535e-07 -4.49567e-22 -1.35482e-06 5.18215e-22 0)
(2.55323e-06 -2.76924e-07 -2.5319e-21 -1.31925e-06 -1.36424e-21 0)
(2.52188e-06 -2.48455e-07 2.05233e-23 -1.28722e-06 2.31658e-23 0)
(2.49535e-06 -2.20293e-07 -9.52869e-22 -1.25897e-06 -1.71236e-21 0)
(2.4734e-06 -1.92545e-07 -3.61215e-23 -1.23474e-06 -3.74462e-23 0)
(2.45611e-06 -1.65138e-07 1.49754e-21 -1.21472e-06 6.81e-22 0)
(2.44325e-06 -1.37738e-07 -2.7632e-23 -1.19904e-06 -2.66009e-23 0)
(2.43526e-06 -1.10073e-07 1.53689e-21 -1.18798e-06 2.57726e-21 0)
(2.43173e-06 -8.08805e-08 -6.92839e-22 -1.18171e-06 -2.77803e-22 0)
(2.43421e-06 -5.09448e-08 -2.95273e-21 -1.1809e-06 -3.23338e-21 0)
(2.44186e-06 -1.34919e-08 3.04626e-20 -1.18561e-06 -9.72788e-22 -5.88324e-35)
(3.58846e-06 -3.74349e-07 -1.33786e-22 -1.80629e-06 -5.892e-23 0)
(3.3778e-06 -3.8558e-07 -1.07279e-21 -1.76167e-06 -6.06737e-22 0)
(3.20396e-06 -3.77705e-07 7.94796e-22 -1.72155e-06 6.95274e-22 0)
(3.05661e-06 -3.63902e-07 -1.9502e-21 -1.67663e-06 -2.16222e-21 0)
(2.9646e-06 -3.55502e-07 -2.07902e-21 -1.631e-06 -2.00723e-21 0)
(2.89713e-06 -3.43228e-07 1.14372e-21 -1.58545e-06 1.52602e-21 0)
(2.83184e-06 -3.2682e-07 9.44036e-22 -1.53931e-06 1.55547e-21 0)
(2.77179e-06 -3.09007e-07 1.85728e-21 -1.49455e-06 1.97731e-21 0)
(2.7166e-06 -2.88361e-07 -2.30285e-21 -1.4505e-06 -1.866e-21 0)
(2.66612e-06 -2.66448e-07 -6.70513e-24 -1.40843e-06 5.83512e-23 0)
(2.62086e-06 -2.43332e-07 4.60004e-24 -1.36887e-06 -1.7155e-22 0)
(2.58069e-06 -2.19714e-07 -1.70673e-21 -1.33258e-06 -1.96509e-21 0)
(2.54585e-06 -1.95853e-07 0 -1.30012e-06 0 0)
(2.51625e-06 -1.71995e-07 -1.81079e-21 -1.27198e-06 -4.65325e-22 0)
(2.49216e-06 -1.48179e-07 -1.71357e-24 -1.24865e-06 -3.87148e-23 0)
(2.47344e-06 -1.2422e-07 -2.25238e-21 -1.23055e-06 -1.01085e-21 0)
(2.46091e-06 -9.9945e-08 5.49325e-22 -1.21828e-06 6.70429e-22 0)
(2.4541e-06 -7.43377e-08 1.42571e-21 -1.21233e-06 5.83922e-22 0)
(2.45556e-06 -4.82169e-08 1.93641e-23 -1.21395e-06 -3.34974e-24 0)
(2.46346e-06 -1.54344e-08 3.16948e-20 -1.22339e-06 5.65061e-23 -2.53273e-37)
(3.79098e-06 -2.41696e-07 1.03426e-21 -1.83281e-06 1.0159e-21 0)
(3.575e-06 -2.40683e-07 -1.05015e-21 -1.78551e-06 -6.18782e-22 0)
(3.38213e-06 -2.60571e-07 -5.44314e-22 -1.75225e-06 -5.04906e-22 0)
(3.20373e-06 -2.60235e-07 9.83932e-22 -1.70683e-06 5.70671e-22 0)
(3.06239e-06 -2.61262e-07 -2.06508e-21 -1.65909e-06 -7.55145e-22 0)
(2.98134e-06 -2.58758e-07 -1.37257e-21 -1.61421e-06 -5.41809e-22 0)
(2.91445e-06 -2.49134e-07 -1.5408e-21 -1.57029e-06 -1.18264e-21 0)
(2.84726e-06 -2.38827e-07 2.82949e-22 -1.5259e-06 -1.92548e-22 0)
(2.78634e-06 -2.2508e-07 3.21863e-21 -1.48218e-06 2.04861e-21 0)
(2.72909e-06 -2.09822e-07 -9.59831e-23 -1.4395e-06 -1.29088e-22 0)
(2.67716e-06 -1.93005e-07 1.7525e-21 -1.3989e-06 9.50724e-22 0)
(2.63024e-06 -1.75336e-07 -7.36197e-23 -1.36113e-06 -1.04174e-22 0)
(2.58892e-06 -1.57075e-07 5.68013e-36 -1.32701e-06 6.81687e-36 0)
(2.55321e-06 -1.38514e-07 -7.79145e-22 -1.29723e-06 -3.57079e-22 0)
(2.52359e-06 -1.19751e-07 7.62165e-22 -1.2725e-06 3.38674e-22 0)
(2.50002e-06 -1.00755e-07 -2.73608e-23 -1.25346e-06 -5.21881e-23 0)
(2.48358e-06 -8.14504e-08 1.96436e-22 -1.24102e-06 -3.74183e-22 0)
(2.47376e-06 -6.12084e-08 3.15879e-24 -1.23586e-06 2.48966e-23 0)
(2.47375e-06 -4.08069e-08 -9.3126e-24 -1.23973e-06 1.08668e-23 0)
(2.48093e-06 -1.52359e-08 3.35326e-20 -1.25299e-06 1.74024e-22 2.98814e-37)
(3.76307e-06 -8.82412e-08 1.02378e-21 -1.78292e-06 8.30992e-22 0)
(3.60055e-06 -1.02802e-07 0 -1.77654e-06 0 0)
(3.41881e-06 -1.35626e-07 -7.33943e-22 -1.74897e-06 -7.32707e-22 0)
(3.24263e-06 -1.53547e-07 9.80817e-36 -1.70756e-06 8.60042e-36 0)
(3.09953e-06 -1.63624e-07 2.32435e-36 -1.662e-06 1.71569e-36 0)
(3.01717e-06 -1.66223e-07 1.08751e-35 -1.61851e-06 8.39899e-36 0)
(2.95024e-06 -1.64689e-07 1.62016e-35 -1.57754e-06 1.42748e-35 0)
(2.88183e-06 -1.59991e-07 -6.18665e-22 -1.53472e-06 -6.83431e-22 0)
(2.81957e-06 -1.52836e-07 0 -1.49252e-06 0 0)
(2.76038e-06 -1.43846e-07 5.92593e-22 -1.45082e-06 6.76397e-22 0)
(2.70628e-06 -1.33436e-07 -6.56626e-37 -1.41094e-06 -1.76766e-36 0)
(2.65694e-06 -1.22039e-07 -5.70387e-22 -1.37364e-06 -6.73903e-22 0)
(2.6131e-06 -1.09926e-07 5.60976e-22 -1.33985e-06 6.74002e-22 0)
(2.57489e-06 -9.73514e-08 8.73169e-36 -1.31034e-06 6.58211e-36 0)
(2.54285e-06 -8.44235e-08 -5.45895e-22 -1.28594e-06 -6.76358e-22 0)
(2.51711e-06 -7.12496e-08 -5.01492e-36 -1.26742e-06 -5.16075e-36 0)
(2.49882e-06 -5.77812e-08 5.36441e-22 -1.25579e-06 6.81103e-22 0)
(2.4875e-06 -4.38535e-08 5.34011e-22 -1.25186e-06 6.84319e-22 0)
(2.48671e-06 -3.01206e-08 -6.08108e-36 -1.25766e-06 -5.65458e-36 0)
(2.49318e-06 -1.32632e-08 3.3955e-20 -1.27346e-06 -5.7e-36 -2.00304e-49)
(3.7244e-06 7.50883e-08 7.18039e-23 -1.71953e-06 3.90838e-22 0)
(3.58311e-06 4.25418e-08 -7.36709e-22 -1.73079e-06 -3.71563e-22 0)
(3.42302e-06 -5.90491e-09 -1.47612e-21 -1.71637e-06 -1.10721e-21 0)
(3.25998e-06 -3.93272e-08 0 -1.68633e-06 0 0)
(3.12838e-06 -5.97968e-08 -6.88215e-23 -1.64952e-06 3.60625e-22 0)
(3.04794e-06 -6.94377e-08 -8.15284e-22 -1.61183e-06 1.29438e-23 0)
(2.97926e-06 -7.5808e-08 -1.36985e-21 -1.57396e-06 -1.03561e-21 0)
(2.90969e-06 -7.758e-08 -2.0758e-21 -1.5338e-06 -1.35082e-21 0)
(2.84565e-06 -7.73946e-08 6.10899e-22 -1.49345e-06 6.8806e-22 0)
(2.78465e-06 -7.50715e-08 -1.43446e-21 -1.45326e-06 -6.23967e-22 0)
(2.72864e-06 -7.13362e-08 -7.13461e-22 -1.41458e-06 -3.0368e-22 0)
(2.67736e-06 -6.64087e-08 -1.41993e-21 -1.37826e-06 -5.91765e-22 0)
(2.63159e-06 -6.05962e-08 -1.41351e-21 -1.34529e-06 -5.77607e-22 0)
(2.59149e-06 -5.41371e-08 -7.03827e-22 -1.3165e-06 -2.82623e-22 0)
(2.55763e-06 -4.71949e-08 -1.40235e-21 -1.29279e-06 -5.55069e-22 0)
(2.53025e-06 -4.00167e-08 -1.39761e-21 -1.27502e-06 -5.47437e-22 0)
(2.51044e-06 -3.26071e-08 -5.38936e-22 -1.26431e-06 -6.82667e-22 0)
(2.49781e-06 -2.5335e-08 -6.9484e-22 -1.26138e-06 -2.70791e-22 0)
(2.49596e-06 -1.85553e-08 -6.93166e-22 -1.26853e-06 -2.72325e-22 0)
(2.50102e-06 -1.0513e-08 3.35048e-20 -1.28567e-06 -2.76006e-22 -1.51297e-49)
(3.63983e-06 2.18295e-07 3.75994e-21 -1.64496e-06 3.25821e-21 0)
(3.52588e-06 1.76611e-07 6.78451e-22 -1.67292e-06 3.59139e-22 0)
(3.38728e-06 1.18166e-07 -2.14586e-21 -1.66975e-06 -1.84296e-21 0)
(3.24663e-06 7.40374e-08 2.16287e-35 -1.65227e-06 1.87993e-35 0)
(3.13993e-06 4.63255e-08 6.46074e-22 -1.62641e-06 1.09477e-21 0)
(3.06446e-06 2.99562e-08 -1.28574e-36 -1.59575e-06 -6.29411e-37 0)
(2.99322e-06 1.6079e-08 6.98922e-22 -1.56062e-06 3.3503e-22 0)
(2.92363e-06 7.51862e-09 -1.25528e-21 -1.52323e-06 -1.40143e-21 0)
(2.85846e-06 5.41523e-10 2.6338e-35 -1.48475e-06 2.34161e-35 0)
(2.79685e-06 -4.00274e-09 1.20084e-21 -1.44642e-06 1.38666e-21 0)
(2.74011e-06 -7.07158e-09 -6.93797e-22 -1.40937e-06 -3.02561e-22 0)
(2.68818e-06 -8.70685e-09 -7.46348e-36 -1.37458e-06 -6.22269e-36 0)
(2.6417e-06 -9.27734e-09 -3.06782e-35 -1.34298e-06 -3.13735e-35 0)
(2.60088e-06 -9.03259e-09 6.89995e-22 -1.31545e-06 2.82398e-22 0)
(2.56624e-06 -8.19925e-09 -1.86306e-35 -1.29285e-06 -1.70548e-35 0)
(2.5381e-06 -7.21305e-09 -1.08975e-21 -1.27613e-06 -1.36916e-21 0)
(2.5173e-06 -6.01167e-09 8.44018e-36 -1.26623e-06 6.58031e-36 0)
(2.5038e-06 -5.76788e-09 3.89134e-22 -1.26409e-06 1.09545e-21 0)
(2.5009e-06 -5.64675e-09 -6.84935e-22 -1.27211e-06 -2.73093e-22 0)
(2.50425e-06 -6.49593e-09 3.36003e-20 -1.28986e-06 -2.76904e-22 0)
(3.51896e-06 3.49601e-07 1.19344e-21 -1.55841e-06 6.69112e-22 0)
(3.43075e-06 2.98157e-07 1.35952e-21 -1.60003e-06 1.09452e-21 0)
(3.31852e-06 2.32387e-07 1.28679e-21 -1.60867e-06 6.90694e-22 0)
(3.2108e-06 1.87764e-07 1.23192e-36 -1.60519e-06 2.53455e-36 0)
(3.13345e-06 1.56317e-07 1.9922e-21 -1.59024e-06 1.40966e-21 0)
(3.06262e-06 1.30702e-07 5.5219e-24 -1.56623e-06 -3.8288e-22 0)
(2.99002e-06 1.09749e-07 2.42713e-23 -1.53448e-06 -3.83866e-22 0)
(2.92181e-06 9.29679e-08 1.33728e-21 -1.50059e-06 6.44287e-22 0)
(2.85702e-06 7.85939e-08 6.13339e-22 -1.46489e-06 7.0455e-22 0)
(2.7964e-06 6.68237e-08 1.27282e-21 -1.42931e-06 1.00802e-21 0)
(2.74042e-06 5.69159e-08 1.34764e-21 -1.39475e-06 5.98842e-22 0)
(2.68925e-06 4.87294e-08 9.74629e-23 -1.36225e-06 -4.03262e-22 0)
(2.64334e-06 4.18548e-08 7.83454e-22 -1.33271e-06 -1.21225e-22 0)
(2.60295e-06 3.6007e-08 6.75884e-22 -1.30699e-06 2.80582e-22 0)
(2.56844e-06 3.08073e-08 1.90363e-21 -1.28593e-06 1.24147e-21 0)
(2.54037e-06 2.58839e-08 6.76227e-22 -1.2705e-06 2.72748e-22 0)
(2.51876e-06 2.08462e-08 0 -1.26145e-06 0 0)
(2.50561e-06 1.47331e-08 1.89065e-21 -1.2604e-06 1.22386e-21 0)
(2.49858e-06 8.93584e-09 1.95746e-21 -1.26746e-06 1.02001e-21 0)
(2.50328e-06 -2.42681e-09 3.55554e-20 -1.28503e-06 5.51736e-22 0)
(3.36525e-06 4.65839e-07 -6.50649e-22 -1.46182e-06 -3.62093e-22 0)
(3.30195e-06 4.12421e-07 -5.67956e-22 -1.51467e-06 -3.25167e-22 0)
(3.23698e-06 3.51365e-07 -6.94909e-22 -1.53709e-06 -7.41143e-22 0)
(3.17041e-06 3.05693e-07 0 -1.54592e-06 0 0)
(3.10397e-06 2.66899e-07 6.66354e-22 -1.53943e-06 7.30328e-22 0)
(3.03463e-06 2.30957e-07 1.27693e-21 -1.52082e-06 1.05112e-21 0)
(2.96695e-06 2.01734e-07 -1.27024e-21 -1.4949e-06 -1.04084e-21 0)
(2.90201e-06 1.76232e-07 -6.22998e-22 -1.46566e-06 -7.15654e-22 0)
(2.84052e-06 1.5432e-07 6.09797e-22 -1.43424e-06 7.11854e-22 0)
(2.78281e-06 1.35342e-07 6.50276e-22 -1.40248e-06 3.01081e-22 0)
(2.72942e-06 1.1876e-07 2.40941e-37 -1.37135e-06 -1.40792e-36 0)
(2.68053e-06 1.04218e-07 6.57351e-22 -1.34193e-06 2.88083e-22 0)
(2.63659e-06 9.12783e-08 1.94991e-36 -1.31511e-06 2.40846e-36 0)
(2.5978e-06 7.95649e-08 -6.61997e-22 -1.29174e-06 -2.77309e-22 0)
(2.56464e-06 6.8607e-08 1.8967e-36 -1.27267e-06 2.38769e-36 0)
(2.53726e-06 5.79769e-08 6.64941e-22 -1.25871e-06 2.70217e-22 0)
(2.5166e-06 4.68751e-08 -5.40259e-22 -1.25083e-06 -6.86199e-22 0)
(2.50232e-06 3.49394e-08 -4.5259e-37 -1.25006e-06 1.41806e-36 0)
(2.49679e-06 2.06448e-08 -2.30247e-36 -1.25703e-06 -9.29648e-37 0)
(2.49627e-06 2.58211e-09 3.39648e-20 -1.27227e-06 5.50855e-35 -1.00181e-49)
(3.21088e-06 5.65562e-07 7.84373e-22 -1.35554e-06 7.67062e-22 0)
(3.17759e-06 5.19055e-07 5.13606e-22 -1.41647e-06 3.04084e-22 0)
(3.14419e-06 4.63706e-07 -6.74988e-22 -1.45076e-06 -7.36465e-22 0)
(3.09224e-06 4.1241e-07 1.03271e-35 -1.46823e-06 8.31477e-36 0)
(3.03989e-06 3.65106e-07 -9.76462e-37 -1.47048e-06 -1.13357e-36 0)
(2.98078e-06 3.22314e-07 5.90287e-22 -1.45988e-06 3.13404e-22 0)
(2.92238e-06 2.85446e-07 6.02569e-22 -1.44194e-06 3.09552e-22 0)
(2.86455e-06 2.52848e-07 -6.14956e-22 -1.41909e-06 -7.21577e-22 0)
(2.80909e-06 2.2421e-07 0 -1.39338e-06 0 0)
(2.75648e-06 1.98814e-07 1.22108e-21 -1.36653e-06 1.00805e-21 0)
(2.70746e-06 1.76148e-07 -8.37228e-36 -1.33974e-06 -6.86773e-36 0)
(2.66238e-06 1.55766e-07 6.93462e-23 -1.31415e-06 -4.2566e-22 0)
(2.62169e-06 1.37214e-07 5.6282e-22 -1.29067e-06 7.04205e-22 0)
(2.58569e-06 1.2003e-07 6.48919e-22 -1.27015e-06 2.72674e-22 0)
(2.55472e-06 1.03737e-07 -5.48443e-22 -1.2534e-06 -6.96441e-22 0)
(2.52904e-06 8.76584e-08 6.54393e-22 -1.24112e-06 2.66442e-22 0)
(2.5092e-06 7.12802e-08 5.3867e-22 -1.23424e-06 6.8711e-22 0)
(2.49496e-06 5.32314e-08 5.35613e-22 -1.23317e-06 6.81369e-22 0)
(2.48825e-06 3.35406e-08 -4.55077e-36 -1.2394e-06 -1.83321e-36 0)
(2.48579e-06 8.29834e-09 3.35964e-20 -1.2526e-06 -6.43171e-36 -1.98189e-49)
(3.05861e-06 6.40445e-07 4.37667e-22 -1.25028e-06 2.68409e-22 0)
(3.04298e-06 6.00288e-07 4.6844e-22 -1.31644e-06 2.82611e-22 0)
(3.02868e-06 5.45198e-07 4.95947e-22 -1.35736e-06 2.91396e-22 0)
(2.99278e-06 4.94034e-07 0 -1.38154e-06 0 0)
(2.95509e-06 4.44357e-07 5.41333e-22 -1.39188e-06 2.98805e-22 0)
(2.90855e-06 3.985e-07 0 -1.38991e-06 0 0)
(2.86108e-06 3.57135e-07 5.75336e-22 -1.37982e-06 2.96216e-22 0)
(2.81222e-06 3.19563e-07 0 -1.36391e-06 0 0)
(2.76457e-06 2.85716e-07 0 -1.34443e-06 0 0)
(2.71864e-06 2.55043e-07 0 -1.32308e-06 0 0)
(2.67547e-06 2.2718e-07 6.1886e-22 -1.3012e-06 2.7934e-22 0)
(2.63549e-06 2.01697e-07 0 -1.27996e-06 0 0)
(2.59924e-06 1.78168e-07 0 -1.26028e-06 0 0)
(2.56701e-06 1.56113e-07 6.37133e-22 -1.24299e-06 2.66842e-22 0)
(2.53914e-06 1.35014e-07 0 -1.2288e-06 0 0)
(2.51581e-06 1.14174e-07 0 -1.21838e-06 0 0)
(2.49741e-06 9.29569e-08 0 -1.21236e-06 0 0)
(2.48373e-06 6.99971e-08 6.50834e-22 -1.21129e-06 2.60038e-22 0)
(2.47597e-06 4.53637e-08 6.53574e-22 -1.21594e-06 2.61035e-22 0)
(2.47154e-06 1.39561e-08 3.37567e-20 -1.2262e-06 2.63238e-22 1.6234e-64)
(2.90364e-06 6.88846e-07 -1.0947e-21 -1.15393e-06 -9.75984e-22 0)
(2.90305e-06 6.53284e-07 0 -1.22175e-06 0 0)
(2.9027e-06 6.02886e-07 -4.63637e-22 -1.26516e-06 -2.71603e-22 0)
(2.88083e-06 5.54599e-07 0 -1.29415e-06 0 0)
(2.85646e-06 5.05661e-07 -5.13357e-22 -1.31027e-06 -2.81287e-22 0)
(2.82239e-06 4.59041e-07 -5.34171e-22 -1.31511e-06 -2.82325e-22 0)
(2.78631e-06 4.15259e-07 0 -1.31191e-06 0 0)
(2.7475e-06 3.74527e-07 0 -1.30261e-06 0 0)
(2.70882e-06 3.36926e-07 0 -1.28935e-06 0 0)
(2.67079e-06 3.02226e-07 -5.94199e-22 -1.27371e-06 -2.73438e-22 0)
(2.63463e-06 2.70196e-07 -6.04499e-22 -1.25705e-06 -2.6986e-22 0)
(2.60084e-06 2.40505e-07 -6.13303e-22 -1.24047e-06 -2.66303e-22 0)
(2.56999e-06 2.12787e-07 0 -1.22491e-06 0 0)
(2.54243e-06 1.86581e-07 0 -1.21111e-06 0 0)
(2.51842e-06 1.614e-07 0 -1.19972e-06 0 0)
(2.49813e-06 1.36497e-07 -6.36953e-22 -1.19125e-06 -2.55736e-22 0)
(2.48168e-06 1.11295e-07 0 -1.1862e-06 0 0)
(2.46897e-06 8.42599e-08 -6.44424e-22 -1.18485e-06 -2.54361e-22 0)
(2.4605e-06 5.56479e-08 -6.47805e-22 -1.18779e-06 -2.54993e-22 0)
(2.45427e-06 1.94668e-08 3.18538e-20 -1.19467e-06 -2.56468e-22 -1.43815e-49)
(2.75038e-06 7.15407e-07 -1.88823e-21 -1.06719e-06 -2.10492e-21 0)
(2.76067e-06 6.84464e-07 -4.0988e-22 -1.13295e-06 -2.4322e-22 0)
(2.77094e-06 6.39914e-07 -2.41684e-38 -1.17652e-06 1.86983e-36 0)
(2.76118e-06 5.95553e-07 -2.13208e-37 -1.20791e-06 1.8702e-36 0)
(2.74871e-06 5.48795e-07 5.90087e-22 -1.22805e-06 7.27621e-22 0)
(2.72661e-06 5.03012e-07 -1.09978e-21 -1.23828e-06 -9.96238e-22 0)
(2.70178e-06 4.58593e-07 -1.11447e-21 -1.24093e-06 -9.97756e-22 0)
(2.67339e-06 4.16324e-07 0 -1.23766e-06 0 0)
(2.64425e-06 3.76433e-07 5.67663e-22 -1.23029e-06 7.29343e-22 0)
(2.61486e-06 3.38987e-07 -1.99381e-23 -1.22026e-06 4.64875e-22 0)
(2.58648e-06 3.03908e-07 2.17884e-36 -1.20883e-06 -6.97243e-37 0)
(2.55965e-06 2.70999e-07 -1.15268e-21 -1.19703e-06 -9.76509e-22 0)
(2.53497e-06 2.39984e-07 -5.44202e-22 -1.18572e-06 -7.14874e-22 0)
(2.51277e-06 2.10468e-07 -6.19202e-22 -1.17558e-06 -2.5237e-22 0)
(2.49325e-06 1.82005e-07 5.35247e-22 -1.16711e-06 7.03592e-22 0)
(2.47659e-06 1.53892e-07 -6.30776e-22 -1.16071e-06 -2.49179e-22 0)
(2.4626e-06 1.25566e-07 4.36479e-36 -1.15664e-06 1.70578e-36 0)
(2.45132e-06 9.54994e-08 5.26244e-22 -1.15504e-06 6.80546e-22 0)
(2.44241e-06 6.40614e-08 0 -1.15604e-06 0 0)
(2.43461e-06 2.46515e-08 3.18363e-20 -1.1592e-06 5.1558e-35 -9.39027e-50)
(2.59945e-06 7.23599e-07 5.58044e-22 -9.89078e-07 6.7329e-22 0)
(2.61791e-06 6.97077e-07 1.81413e-36 -1.05054e-06 4.46921e-37 0)
(2.63659e-06 6.58473e-07 -5.66018e-22 -1.09272e-06 -7.06398e-22 0)
(2.63742e-06 6.18359e-07 0 -1.12503e-06 0 0)
(2.63554e-06 5.7467e-07 5.65793e-22 -1.14768e-06 7.23946e-22 0)
(2.62458e-06 5.30737e-07 5.63441e-22 -1.16189e-06 7.28498e-22 0)
(2.61055e-06 4.86938e-07 -5.60429e-22 -1.16928e-06 -7.30842e-22 0)
(2.59255e-06 4.44398e-07 -5.56565e-22 -1.17122e-06 -7.31459e-22 0)
(2.57316e-06 4.03467e-07 5.52401e-22 -1.1692e-06 7.30615e-22 0)
(2.55279e-06 3.64456e-07 -1.3461e-35 -1.16445e-06 -1.08806e-35 0)
(2.53268e-06 3.27424e-07 -7.91806e-36 -1.15808e-06 -5.06871e-36 0)
(2.51334e-06 2.92313e-07 -4.38916e-37 -1.151e-06 3.19092e-36 0)
(2.49534e-06 2.58948e-07 9.6349e-36 -1.14395e-06 9.01228e-36 0)
(2.47902e-06 2.27023e-07 1.18376e-35 -1.13749e-06 9.86678e-36 0)
(2.4645e-06 1.96165e-07 4.26396e-36 -1.13201e-06 1.66946e-36 0)
(2.45191e-06 1.65746e-07 -2.15242e-36 -1.12775e-06 -8.31591e-37 0)
(2.44085e-06 1.35263e-07 -5.23997e-22 -1.12475e-06 -6.89849e-22 0)
(2.43139e-06 1.03264e-07 -4.38469e-36 -1.12293e-06 -1.66094e-36 0)
(2.42243e-06 7.02137e-08 -7.98662e-36 -1.12201e-06 -6.26781e-36 0)
(2.41345e-06 2.92741e-08 3.11233e-20 -1.12141e-06 -1.6587e-36 0)
(2.45088e-06 7.15966e-07 -1.6672e-21 -9.18135e-07 -2.01245e-21 0)
(2.47587e-06 6.93331e-07 -3.15217e-36 -9.74259e-07 -3.06563e-36 0)
(2.50162e-06 6.60214e-07 -1.00943e-36 -1.0142e-06 9.06173e-37 0)
(2.51183e-06 6.24251e-07 9.90743e-37 -1.04629e-06 1.30617e-36 0)
(2.51955e-06 5.83959e-07 5.40892e-22 -1.07039e-06 7.19709e-22 0)
(2.51902e-06 5.42484e-07 -5.40778e-22 -1.08748e-06 -7.25772e-22 0)
(2.51531e-06 5.0021e-07 -5.39982e-22 -1.0987e-06 -7.29353e-22 0)
(2.5075e-06 4.58422e-07 0 -1.1051e-06 0 0)
(2.49783e-06 4.17552e-07 5.36229e-22 -1.10786e-06 7.30795e-22 0)
(2.48663e-06 3.78078e-07 5.33824e-22 -1.10797e-06 7.29223e-22 0)
(2.475e-06 3.40163e-07 -3.93207e-36 -1.10636e-06 -1.60916e-36 0)
(2.46343e-06 3.0388e-07 -5.28845e-22 -1.10379e-06 -7.22566e-22 0)
(2.45244e-06 2.69147e-07 -5.26486e-22 -1.10087e-06 -7.17775e-22 0)
(2.44233e-06 2.35762e-07 1.49734e-36 -1.09805e-06 4.08006e-36 0)
(2.43313e-06 2.03439e-07 5.2234e-22 -1.09556e-06 7.05682e-22 0)
(2.42496e-06 1.7167e-07 1.7934e-36 -1.09349e-06 2.40599e-36 0)
(2.41719e-06 1.40032e-07 0 -1.09165e-06 0 0)
(2.40993e-06 1.07246e-07 5.17359e-22 -1.08976e-06 6.81134e-22 0)
(2.40139e-06 7.38526e-08 -7.94802e-36 -1.08708e-06 -6.21933e-36 0)
(2.39171e-06 3.31303e-08 3.03977e-20 -1.08296e-06 -1.60182e-36 0)
(2.30421e-06 6.93886e-07 -3.87949e-23 -8.52933e-07 -9.02236e-24 0)
(2.33503e-06 6.74489e-07 -3.83794e-22 -9.03505e-07 -1.93963e-22 0)
(2.36719e-06 6.46116e-07 -5.08183e-22 -9.40887e-07 -6.90934e-22 0)
(2.3861e-06 6.1403e-07 0 -9.722e-07 0 0)
(2.4028e-06 5.77244e-07 5.15828e-22 -9.97095e-07 7.15103e-22 0)
(2.41217e-06 5.38631e-07 1.009e-21 -1.01635e-06 9.40608e-22 0)
(2.41838e-06 4.98569e-07 -1.03217e-21 -1.03068e-06 -9.48323e-22 0)
(2.42052e-06 4.58382e-07 -1.585e-21 -1.04089e-06 -1.17641e-21 0)
(2.42044e-06 4.18543e-07 5.19615e-22 -1.04786e-06 7.3e-22 0)
(2.41838e-06 3.79625e-07 5.65896e-22 -1.05237e-06 2.2592e-22 0)
(2.41529e-06 3.41867e-07 2.77034e-37 -1.05514e-06 -1.69603e-36 0)
(2.41159e-06 3.05436e-07 5.91562e-22 -1.0568e-06 2.26871e-22 0)
(2.40771e-06 2.70336e-07 -1.20382e-21 -1.05779e-06 -4.5417e-22 0)
(2.40394e-06 2.36469e-07 -6.10821e-22 -1.05845e-06 -2.27226e-22 0)
(2.40023e-06 2.03643e-07 -1.23692e-21 -1.05888e-06 -4.54638e-22 0)
(2.39668e-06 1.71499e-07 6.2501e-22 -1.05902e-06 2.27349e-22 0)
(2.39247e-06 1.3972e-07 -5.13611e-22 -1.05848e-06 -6.90649e-22 0)
(2.38775e-06 1.0729e-07 -2.18977e-36 -1.05676e-06 -7.81533e-37 0)
(2.38013e-06 7.47964e-08 -5.71545e-36 -1.05269e-06 -5.39679e-36 0)
(2.37034e-06 3.60344e-08 2.9691e-20 -1.04554e-06 -7.73236e-37 0)
(2.15881e-06 6.57707e-07 4.97127e-22 -7.92492e-07 6.46194e-22 0)
(2.19559e-06 6.40904e-07 3.89663e-22 -8.37878e-07 1.79874e-22 0)
(2.2341e-06 6.1655e-07 -4.79612e-22 -8.72829e-07 -6.83749e-22 0)
(2.26151e-06 5.88061e-07 -6.1334e-37 -9.0323e-07 2.19894e-36 0)
(2.28697e-06 5.54815e-07 -3.97838e-36 -9.28639e-07 -8.14092e-37 0)
(2.30597e-06 5.19388e-07 4.9556e-22 -9.49612e-07 2.03861e-22 0)
(2.32187e-06 4.82128e-07 1.51399e-21 -9.66565e-07 1.65567e-21 0)
(2.33376e-06 4.44317e-07 -5.01006e-22 -9.80083e-07 -7.27245e-22 0)
(2.34312e-06 4.06424e-07 -1.00603e-21 -9.90768e-07 -1.45666e-21 0)
(2.35009e-06 3.69055e-07 1.07372e-21 -9.9921e-07 9.42168e-22 0)
(2.35545e-06 3.32491e-07 -6.01207e-36 -1.00595e-06 -2.21721e-36 0)
(2.35954e-06 2.96959e-07 1.10104e-21 -1.01145e-06 9.39135e-22 0)
(2.36273e-06 2.62526e-07 5.07227e-22 -1.01606e-06 7.17419e-22 0)
(2.36525e-06 2.29189e-07 6.13493e-22 -1.01997e-06 2.18965e-22 0)
(2.36703e-06 1.96849e-07 -5.0815e-22 -1.02318e-06 -7.0556e-22 0)
(2.36813e-06 1.65314e-07 -3.89252e-22 -1.02551e-06 -1.17684e-21 0)
(2.36765e-06 1.34393e-07 5.08282e-22 -1.02639e-06 6.90803e-22 0)
(2.36571e-06 1.03413e-07 5.07867e-22 -1.02515e-06 6.82378e-22 0)
(2.35955e-06 7.29907e-08 3.95273e-36 -1.02024e-06 3.06851e-36 0)
(2.35029e-06 3.78425e-08 2.90354e-20 -1.01085e-06 -5.13949e-35 -8.56412e-50)
(2.01424e-06 6.07085e-07 -2.76885e-36 -7.35497e-07 -2.71907e-36 0)
(2.05773e-06 5.92388e-07 4.02649e-22 -7.76587e-07 1.66716e-22 0)
(2.10308e-06 5.71469e-07 4.41037e-36 -8.097e-07 1.7765e-36 0)
(2.13927e-06 5.46408e-07 0 -8.39507e-07 0 0)
(2.17362e-06 5.168e-07 -4.93888e-36 -8.65528e-07 -1.89898e-36 0)
(2.20227e-06 4.84923e-07 -5.06073e-22 -8.88118e-07 -1.9066e-22 0)
(2.22779e-06 4.51062e-07 5.26852e-22 -9.07467e-07 1.94813e-22 0)
(2.24932e-06 4.164e-07 1.09102e-21 -9.2396e-07 3.96708e-22 0)
(2.26799e-06 3.81369e-07 0 -9.37984e-07 0 0)
(2.28383e-06 3.46557e-07 -5.76835e-22 -9.49951e-07 -2.03934e-22 0)
(2.29748e-06 3.12247e-07 -6.77652e-36 -9.60248e-07 -9.94405e-36 0)
(2.30917e-06 2.78693e-07 -6.00874e-22 -9.69202e-07 -2.08066e-22 0)
(2.31922e-06 2.46004e-07 1.22106e-21 -9.77046e-07 4.19501e-22 0)
(2.32783e-06 2.14248e-07 6.18833e-22 -9.83893e-07 2.1122e-22 0)
(2.33491e-06 1.83413e-07 1.25191e-21 -9.89662e-07 4.24918e-22 0)
(2.3405e-06 1.53474e-07 -6.3206e-22 -9.94083e-07 -2.13408e-22 0)
(2.34375e-06 1.24378e-07 0 -9.96502e-07 0 0)
(2.34472e-06 9.58531e-08 6.56e-36 -9.96096e-07 2.18545e-36 0)
(2.34051e-06 6.85408e-08 1.35047e-35 -9.9105e-07 1.14531e-35 0)
(2.33247e-06 3.84708e-08 2.8463e-20 -9.80474e-07 -2.42441e-36 -1.67906e-49)
(1.8703e-06 5.40727e-07 -4.01513e-22 -6.82547e-07 -6.25404e-22 0)
(1.92182e-06 5.27933e-07 1.42129e-36 -7.20461e-07 2.23795e-36 0)
(1.97497e-06 5.1015e-07 2.0904e-36 -7.52535e-07 3.36791e-36 0)
(2.02062e-06 4.88568e-07 -1.08575e-36 -7.82274e-07 2.31677e-36 0)
(2.06433e-06 4.62874e-07 4.43167e-22 -8.09174e-07 6.99796e-22 0)
(2.10289e-06 4.35052e-07 -4.51444e-22 -8.33425e-07 -7.09559e-22 0)
(2.13816e-06 4.05294e-07 -4.59016e-22 -8.55041e-07 -7.16389e-22 0)
(2.16933e-06 3.74647e-07 0 -8.74244e-07 0 0)
(2.19721e-06 3.43473e-07 4.71693e-22 -8.91248e-07 7.22752e-22 0)
(2.22177e-06 3.12304e-07 4.76966e-22 -9.0632e-07 7.2288e-22 0)
(2.24347e-06 2.81395e-07 -4.96292e-36 -9.1971e-07 -7.43308e-36 0)
(2.26249e-06 2.50991e-07 -4.85707e-22 -9.31638e-07 -7.18391e-22 0)
(2.27908e-06 2.21215e-07 -4.89268e-22 -9.42258e-07 -7.14265e-22 0)
(2.2934e-06 1.92178e-07 0 -9.51618e-07 0 0)
(2.30542e-06 1.63937e-07 4.94923e-22 -9.59608e-07 7.03372e-22 0)
(2.31517e-06 1.36607e-07 0 -9.65924e-07 0 0)
(2.32193e-06 1.1028e-07 -8.83472e-36 -9.69902e-07 -2.86077e-36 0)
(2.32573e-06 8.5101e-08 4.99283e-22 -9.70655e-07 6.83548e-22 0)
(2.32387e-06 6.17532e-08 7.83448e-36 -9.66264e-07 6.05639e-36 0)
(2.31768e-06 3.7923e-08 2.79966e-20 -9.55765e-07 4.85854e-35 -8.25773e-50)
(1.72735e-06 4.57469e-07 4.21558e-22 -6.31609e-07 1.35593e-22 0)
(1.78862e-06 4.46701e-07 0 -6.68024e-07 0 0)
(1.85091e-06 4.32085e-07 2.32951e-36 -7.00389e-07 1.65772e-36 0)
(1.90705e-06 4.143e-07 0 -7.31073e-07 0 0)
(1.96086e-06 3.93026e-07 -7.22958e-37 -7.59558e-07 -1.19218e-36 0)
(2.00981e-06 3.69941e-07 2.67464e-36 -7.85906e-07 -3.09556e-36 0)
(2.05512e-06 3.45131e-07 0 -8.09997e-07 0 0)
(2.09604e-06 3.19476e-07 0 -8.31926e-07 0 0)
(2.13312e-06 2.93244e-07 0 -8.51775e-07 0 0)
(2.16625e-06 2.66881e-07 -3.68134e-36 -8.69692e-07 -3.11463e-36 0)
(2.19576e-06 2.4059e-07 4.9962e-37 -8.85822e-07 -1.81223e-36 0)
(2.22177e-06 2.1458e-07 2.14814e-36 -9.00301e-07 6.65824e-37 0)
(2.24447e-06 1.88962e-07 0 -9.13227e-07 0 0)
(2.26401e-06 1.63858e-07 0 -9.24621e-07 0 0)
(2.28041e-06 1.39363e-07 0 -9.34383e-07 0 0)
(2.29375e-06 1.15695e-07 2.22569e-36 -9.42249e-07 6.96847e-37 0)
(2.30353e-06 9.30746e-08 0 -9.47654e-07 0 0)
(2.3098e-06 7.20116e-08 1.07653e-35 -9.49764e-07 1.24464e-35 0)
(2.31043e-06 5.32615e-08 -2.25874e-36 -9.46815e-07 -7.00224e-37 0)
(2.30655e-06 3.63407e-08 2.76578e-20 -9.37788e-07 9.70812e-35 -8.431e-64)
(1.58613e-06 3.54119e-07 -7.03943e-22 -5.88041e-07 -1.19406e-21 0)
(1.65929e-06 3.45967e-07 -1.30572e-22 -6.2429e-07 5.01306e-22 0)
(1.73241e-06 3.34992e-07 -1.18512e-36 -6.57908e-07 6.28384e-37 0)
(1.80029e-06 3.21714e-07 -1.1311e-36 -6.90201e-07 7.29697e-37 0)
(1.86518e-06 3.05727e-07 4.00412e-22 -7.20644e-07 6.88025e-22 0)
(1.92516e-06 2.88376e-07 -9.88205e-22 -7.49201e-07 -8.59568e-22 0)
(1.9809e-06 2.6964e-07 -1.01599e-21 -7.75668e-07 -8.73029e-22 0)
(2.03177e-06 2.50201e-07 0 -8.00053e-07 0 0)
(2.07806e-06 2.30231e-07 4.46114e-22 -8.22341e-07 7.14644e-22 0)
(2.11964e-06 2.10063e-07 -1.70339e-22 -8.42596e-07 5.34684e-22 0)
(2.15671e-06 1.89833e-07 -5.1852e-37 -8.60885e-07 1.83967e-36 0)
(2.18933e-06 1.69694e-07 -1.10965e-21 -8.77287e-07 -9.00842e-22 0)
(2.21767e-06 1.4972e-07 -4.76085e-22 -8.91861e-07 -7.09045e-22 0)
(2.24186e-06 1.3001e-07 -6.48826e-22 -9.04628e-07 -1.94204e-22 0)
(2.26197e-06 1.1066e-07 4.85595e-22 -9.15535e-07 6.99588e-22 0)
(2.27814e-06 9.19089e-08 -6.54717e-22 -9.24401e-07 -1.98449e-22 0)
(2.29015e-06 7.40525e-08 2.87589e-36 -9.30849e-07 -9.20857e-37 0)
(2.29817e-06 5.78154e-08 4.93366e-22 -9.34223e-07 6.83728e-22 0)
(2.30091e-06 4.40716e-08 -9.17993e-36 -9.33197e-07 -2.78361e-36 0)
(2.29938e-06 3.40705e-08 2.74397e-20 -9.26818e-07 -1.39372e-36 0)
(1.44819e-06 2.31924e-07 -1.92214e-22 -5.42972e-07 4.86122e-22 0)
(1.53559e-06 2.27235e-07 -5.30332e-22 -5.81805e-07 -1.24901e-22 0)
(1.62152e-06 2.20772e-07 2.06591e-22 -6.18999e-07 -5.166e-22 0)
(1.70263e-06 2.12943e-07 0 -6.54805e-07 0 0)
(1.77973e-06 2.03298e-07 9.76282e-22 -6.88709e-07 8.2935e-22 0)
(1.85153e-06 1.92783e-07 3.97483e-22 -7.2063e-07 6.92619e-22 0)
(1.91824e-06 1.81292e-07 -1.0348e-21 -7.50323e-07 -8.61917e-22 0)
(1.97933e-06 1.69289e-07 -4.24919e-22 -7.77738e-07 -7.06504e-22 0)
(2.03493e-06 1.56846e-07 4.36854e-22 -8.0281e-07 7.09875e-22 0)
(2.08488e-06 1.44177e-07 -3.03238e-36 -8.25542e-07 -4.81875e-36 0)
(2.12929e-06 1.31346e-07 6.54485e-22 -8.4595e-07 1.81607e-22 0)
(2.1682e-06 1.18439e-07 1.60351e-36 -8.64071e-07 2.44262e-36 0)
(2.20172e-06 1.05487e-07 -2.91054e-36 -8.79938e-07 1.13442e-36 0)
(2.22995e-06 9.25462e-08 -6.62279e-22 -8.93577e-07 -1.91831e-22 0)
(2.25297e-06 7.96823e-08 -2.88963e-36 -9.04984e-07 1.06783e-36 0)
(2.27099e-06 6.70943e-08 1.07951e-36 -9.14106e-07 4.09693e-36 0)
(2.28402e-06 5.50805e-08 -4.90329e-22 -9.20814e-07 -6.87602e-22 0)
(2.29248e-06 4.43634e-08 6.6426e-22 -9.24848e-07 1.98545e-22 0)
(2.29613e-06 3.58756e-08 6.64719e-22 -9.25686e-07 1.98725e-22 0)
(2.29624e-06 3.18183e-08 2.80315e-20 -9.2275e-07 1.98094e-22 0)
(1.31541e-06 7.66395e-08 -7.44135e-22 -5.20918e-07 1.70304e-20 1.52884e-35)
(1.41963e-06 7.72587e-08 -3.04764e-22 -5.62732e-07 1.70964e-20 -2.61265e-50)
(1.52049e-06 7.71692e-08 -3.26415e-22 -6.03217e-07 1.70781e-20 -2.61318e-50)
(1.61622e-06 7.6645e-08 1.52202e-35 -6.41877e-07 1.77245e-20 0)
(1.70671e-06 7.53909e-08 3.66393e-22 -6.78443e-07 1.84053e-20 0)
(1.79106e-06 7.37387e-08 3.84501e-22 -7.12687e-07 1.84249e-20 2.61616e-50)
(1.86924e-06 7.16214e-08 -4.01284e-22 -7.44474e-07 1.70542e-20 -5.23498e-50)
(1.94079e-06 6.91935e-08 -4.16645e-22 -7.73679e-07 1.70576e-20 1.80411e-64)
(2.00575e-06 6.64666e-08 4.3059e-22 -8.00264e-07 1.84725e-20 -7.86116e-50)
(2.06396e-06 6.35102e-08 3.13389e-35 -8.2419e-07 1.77783e-20 -5.24379e-50)
(2.1155e-06 6.03363e-08 0 -8.45469e-07 1.77885e-20 0)
(2.16036e-06 5.69713e-08 -2.66316e-35 -8.64109e-07 1.77985e-20 -5.24975e-50)
(2.19862e-06 5.34182e-08 6.29585e-36 -8.80133e-07 1.78081e-20 -1.05052e-49)
(2.23034e-06 4.96923e-08 4.6572e-36 -8.93571e-07 1.78171e-20 -1.05105e-49)
(2.25558e-06 4.58137e-08 6.30868e-36 -9.04445e-07 1.78253e-20 -1.05153e-49)
(2.27453e-06 4.18596e-08 7.98627e-36 -9.12803e-07 1.78325e-20 -1.05195e-49)
(2.28731e-06 3.79549e-08 -4.91035e-22 -9.1868e-07 1.7152e-20 -5.26153e-50)
(2.2946e-06 3.44129e-08 3.06434e-35 -9.22225e-07 1.78426e-20 0)
(2.29687e-06 3.17235e-08 0 -9.23532e-07 1.78452e-20 0)
(2.29635e-06 3.09606e-08 2.73163e-20 -9.22905e-07 1.78451e-20 0)
(2.78624e-06 4.42849e-07 1.09126e-21 -1.66665e-09 3.73418e-22 0)
(2.85518e-06 5.77319e-07 -1.11322e-22 -6.49668e-08 -1.44578e-22 0)
(3.01724e-06 7.35124e-07 -9.75742e-22 -2.35702e-07 -7.62692e-22 0)
(3.24731e-06 8.11128e-07 1.21958e-22 -4.86366e-07 1.07502e-22 0)
(3.52384e-06 7.84881e-07 -4.14707e-22 -7.80561e-07 -2.28547e-22 0)
(3.79131e-06 6.66891e-07 2.52654e-22 -1.08354e-06 5.95581e-22 0)
(3.98188e-06 4.92695e-07 1.55721e-21 -1.36078e-06 9.33017e-22 0)
(4.06393e-06 2.83764e-07 -6.80777e-22 -1.58126e-06 -4.59652e-22 0)
(4.03107e-06 6.65504e-08 -9.55025e-22 -1.73189e-06 -7.19467e-22 0)
(3.88676e-06 -1.45569e-07 0 -1.79779e-06 0 0)
(2.61838e-06 4.43565e-07 3.75298e-23 -5.34833e-09 2.56746e-24 0)
(2.69202e-06 5.66702e-07 1.29916e-21 -7.2446e-08 6.07747e-22 0)
(2.85009e-06 7.08607e-07 1.40122e-21 -2.23929e-07 8.71018e-22 0)
(3.05382e-06 8.01644e-07 1.34214e-21 -4.35778e-07 8.44975e-22 0)
(3.29743e-06 8.31585e-07 -3.49959e-22 -6.9689e-07 -1.98891e-22 0)
(3.56671e-06 7.64512e-07 -1.66633e-21 -9.71053e-07 -1.53367e-21 0)
(3.79735e-06 6.26611e-07 -1.70103e-21 -1.23311e-06 -9.84484e-22 0)
(3.9416e-06 4.5202e-07 2.38018e-21 -1.45837e-06 1.75682e-21 0)
(3.98517e-06 2.5868e-07 -7.37028e-22 -1.62993e-06 -3.84291e-22 0)
(3.89172e-06 3.3201e-08 1.03412e-21 -1.73859e-06 8.37958e-22 0)
(2.46981e-06 4.3806e-07 -6.68907e-23 -1.30494e-08 -9.34927e-24 0)
(2.54556e-06 5.49702e-07 -1.1169e-21 -8.3341e-08 -5.65906e-22 0)
(2.69245e-06 6.82674e-07 -1.14543e-21 -2.22231e-07 -7.60284e-22 0)
(2.87848e-06 7.71183e-07 1.61266e-21 -4.08511e-07 1.27697e-21 0)
(3.09101e-06 8.24813e-07 1.47784e-21 -6.35748e-07 1.19461e-21 0)
(3.32068e-06 8.10986e-07 1.58074e-21 -8.8981e-07 1.46722e-21 0)
(3.5518e-06 7.14688e-07 -1.89406e-23 -1.13801e-06 1.20151e-23 0)
(3.73207e-06 5.63784e-07 -1.23558e-21 -1.3619e-06 -1.35479e-21 0)
(3.83842e-06 3.97588e-07 -6.77976e-24 -1.54587e-06 5.99508e-24 0)
(3.82413e-06 1.92004e-07 4.91588e-22 -1.67494e-06 3.24764e-23 0)
(2.33543e-06 4.27184e-07 0 -1.9934e-08 0 0)
(2.41237e-06 5.29028e-07 3.47907e-22 -9.39608e-08 2.1475e-22 0)
(2.55103e-06 6.53504e-07 -4.46833e-22 -2.19919e-07 -2.05466e-22 0)
(2.7205e-06 7.44365e-07 -1.13667e-21 -3.85253e-07 -7.54596e-22 0)
(2.91454e-06 8.03522e-07 8.33363e-22 -5.80387e-07 6.47473e-22 0)
(3.11993e-06 8.21982e-07 -1.23302e-21 -8.01086e-07 -1.09147e-21 0)
(3.32609e-06 7.81569e-07 -3.52931e-22 -1.03366e-06 -7.28182e-22 0)
(3.51749e-06 6.71984e-07 1.50083e-21 -1.24978e-06 1.30915e-21 0)
(3.66379e-06 5.25598e-07 -1.44093e-23 -1.43906e-06 6.98957e-24 0)
(3.70551e-06 3.36463e-07 2.01078e-21 -1.58664e-06 1.82736e-21 0)
(2.20968e-06 4.11528e-07 4.0004e-22 -2.66441e-08 1.66112e-22 0)
(2.28796e-06 5.04467e-07 5.84884e-22 -1.04722e-07 2.99659e-22 0)
(2.41908e-06 6.21772e-07 0 -2.22609e-07 0 0)
(2.57403e-06 7.1161e-07 -6.78681e-22 -3.70365e-07 -4.97644e-22 0)
(2.7504e-06 7.77327e-07 -5.26007e-22 -5.4369e-07 -4.56652e-22 0)
(2.93619e-06 8.06627e-07 3.11709e-22 -7.34201e-07 2.05254e-22 0)
(3.12656e-06 7.98138e-07 -7.45543e-22 -9.4137e-07 -5.0069e-22 0)
(3.30226e-06 7.38059e-07 -6.11195e-22 -1.14792e-06 -2.30989e-22 0)
(3.46327e-06 6.30861e-07 -5.10158e-22 -1.33612e-06 -3.15129e-22 0)
(3.55326e-06 4.64468e-07 -2.48956e-21 -1.48979e-06 -1.69043e-21 0)
(2.09099e-06 3.92151e-07 -7.6106e-22 -3.2444e-08 -3.18257e-22 0)
(2.17096e-06 4.78189e-07 4.81235e-22 -1.14866e-07 2.59862e-22 0)
(2.29658e-06 5.89692e-07 1.40445e-21 -2.2606e-07 9.61202e-22 0)
(2.4396e-06 6.79385e-07 -4.61861e-22 -3.5996e-07 -3.68947e-22 0)
(2.60086e-06 7.49815e-07 -7.32448e-22 -5.12469e-07 -5.86305e-22 0)
(2.76963e-06 7.90216e-07 5.72483e-22 -6.79716e-07 3.81088e-22 0)
(2.94184e-06 7.9811e-07 6.02219e-22 -8.5784e-07 5.61957e-22 0)
(3.1084e-06 7.65564e-07 2.58397e-22 -1.04325e-06 3.50602e-22 0)
(3.25961e-06 7.01138e-07 1.33692e-21 -1.22475e-06 8.71602e-22 0)
(3.36611e-06 5.69395e-07 -8.20151e-22 -1.38261e-06 -7.69875e-22 0)
(1.97678e-06 3.69124e-07 0 -3.77979e-08 0 0)
(2.05882e-06 4.49594e-07 -2.29929e-22 -1.24773e-07 -1.13857e-22 0)
(2.18037e-06 5.56426e-07 5.32093e-22 -2.31753e-07 3.54933e-22 0)
(2.31364e-06 6.45461e-07 4.37152e-22 -3.54621e-07 3.51807e-22 0)
(2.46208e-06 7.19642e-07 -1.43733e-21 -4.91125e-07 -1.26195e-21 0)
(2.61625e-06 7.68618e-07 -5.06171e-22 -6.37886e-07 -4.77935e-22 0)
(2.7725e-06 7.91317e-07 1.38392e-21 -7.93446e-07 1.41294e-21 0)
(2.92513e-06 7.79033e-07 -8.92726e-22 -9.53647e-07 -9.53892e-22 0)
(3.06378e-06 7.40433e-07 5.59879e-22 -1.11529e-06 1.57904e-22 0)
(3.19041e-06 6.50163e-07 2.65878e-21 -1.2687e-06 2.38173e-21 0)
(1.86586e-06 3.42918e-07 3.17703e-22 -4.26283e-08 1.29123e-22 0)
(1.95031e-06 4.19241e-07 -7.59934e-23 -1.34251e-07 -4.12552e-23 0)
(2.06918e-06 5.22528e-07 2.67538e-24 -2.38226e-07 1.44787e-24 0)
(2.19471e-06 6.1112e-07 1.61518e-22 -3.52388e-07 1.03137e-22 0)
(2.3326e-06 6.88003e-07 -8.69806e-22 -4.75262e-07 -6.79439e-22 0)
(2.47503e-06 7.43689e-07 -6.57219e-24 -6.05558e-07 1.27255e-22 0)
(2.6184e-06 7.77603e-07 -7.04057e-24 -7.41706e-07 -3.18946e-24 0)
(2.76217e-06 7.82409e-07 -1.76091e-21 -8.82861e-07 -1.73684e-21 0)
(2.88879e-06 7.64702e-07 -1.8224e-21 -1.02308e-06 -1.21137e-21 0)
(3.02039e-06 7.07263e-07 9.66079e-22 -1.16169e-06 1.06702e-21 0)
(1.75675e-06 3.1359e-07 4.98884e-23 -4.71792e-08 2.76721e-23 0)
(1.84388e-06 3.86864e-07 -1.25628e-22 -1.43516e-07 -6.18788e-23 0)
(1.96106e-06 4.87537e-07 -3.68268e-22 -2.45655e-07 -2.56998e-22 0)
(2.08033e-06 5.75697e-07 1.20306e-21 -3.52792e-07 9.75375e-22 0)
(2.20931e-06 6.54395e-07 3.88618e-22 -4.64454e-07 2.61366e-22 0)
(2.34156e-06 7.14928e-07 -1.64274e-21 -5.80577e-07 -1.51094e-21 0)
(2.47361e-06 7.56584e-07 1.34935e-21 -7.00482e-07 1.07614e-21 0)
(2.60876e-06 7.73958e-07 7.31786e-22 -8.24816e-07 1.0612e-21 0)
(2.72634e-06 7.70019e-07 -1.74039e-21 -9.48148e-07 -1.1422e-21 0)
(2.85523e-06 7.39655e-07 -3.06944e-21 -1.06852e-06 -2.71333e-21 0)
(1.64834e-06 2.81326e-07 7.40432e-23 -5.1483e-08 4.48771e-23 0)
(1.73837e-06 3.52554e-07 8.68219e-22 -1.5251e-07 4.90785e-22 0)
(1.8546e-06 4.51478e-07 9.37359e-22 -2.53431e-07 6.59452e-22 0)
(1.96877e-06 5.39369e-07 -7.67783e-22 -3.5469e-07 -6.26734e-22 0)
(2.09028e-06 6.19235e-07 1.00345e-21 -4.56656e-07 6.71563e-22 0)
(2.21375e-06 6.83271e-07 4.50223e-22 -5.60478e-07 3.03387e-22 0)
(2.33614e-06 7.30433e-07 1.00172e-21 -6.66088e-07 1.0081e-21 0)
(2.4628e-06 7.57236e-07 2.91305e-21 -7.75176e-07 2.92715e-21 0)
(2.57268e-06 7.63353e-07 9.80666e-22 -8.83427e-07 6.34009e-22 0)
(2.69527e-06 7.51601e-07 -9.1007e-22 -9.87268e-07 -1.14244e-21 0)
(1.53948e-06 2.46153e-07 -1.23252e-22 -5.56248e-08 -8.01586e-23 0)
(1.63249e-06 3.16207e-07 7.08274e-22 -1.61241e-07 3.55165e-22 0)
(1.74824e-06 4.14118e-07 5.45015e-22 -2.61314e-07 3.84481e-22 0)
(1.85803e-06 5.01813e-07 -9.26465e-22 -3.57378e-07 -7.91159e-22 0)
(1.97308e-06 5.82227e-07 -1.16945e-21 -4.50807e-07 -9.8264e-22 0)
(2.0888e-06 6.48457e-07 1.55171e-21 -5.43685e-07 1.31043e-21 0)
(2.20293e-06 6.99189e-07 9.12919e-22 -6.36805e-07 9.58407e-22 0)
(2.3216e-06 7.32667e-07 8.77233e-22 -7.32189e-07 5.61161e-22 0)
(2.42507e-06 7.46442e-07 9.50054e-22 -8.27018e-07 5.94617e-22 0)
(2.54055e-06 7.48028e-07 -3.51161e-27 -9.16017e-07 -2.14561e-27 0)
(1.42907e-06 2.08178e-07 -5.86588e-22 -5.96647e-08 -2.22569e-22 0)
(1.52507e-06 2.77868e-07 -7.92291e-22 -1.69663e-07 -4.50391e-22 0)
(1.64049e-06 3.75413e-07 -3.15867e-22 -2.68889e-07 -2.2124e-22 0)
(1.7463e-06 4.62933e-07 -3.38808e-22 -3.5999e-07 -2.84844e-22 0)
(1.85563e-06 5.43297e-07 -1.3377e-21 -4.45513e-07 -1.09045e-21 0)
(1.96444e-06 6.10529e-07 -7.97105e-22 -5.28409e-07 -8.19792e-22 0)
(2.07152e-06 6.63228e-07 6.15596e-22 -6.10327e-07 7.79661e-22 0)
(2.18288e-06 7.01009e-07 6.45993e-22 -6.93428e-07 8.62669e-22 0)
(2.281e-06 7.20298e-07 1.23549e-21 -7.76208e-07 1.53982e-21 0)
(2.38975e-06 7.31194e-07 2.06163e-22 -8.52528e-07 3.57142e-22 0)
(1.316e-06 1.67395e-07 3.24302e-22 -6.35606e-08 1.33887e-22 0)
(1.4148e-06 2.37548e-07 3.41763e-22 -1.77513e-07 1.89115e-22 0)
(1.5297e-06 3.35268e-07 -1.77346e-22 -2.7553e-07 -1.28716e-22 0)
(1.6316e-06 4.22477e-07 3.9742e-24 -3.61477e-07 2.65624e-24 0)
(1.73565e-06 5.02052e-07 -9.08316e-22 -4.39385e-07 -8.1249e-22 0)
(1.83831e-06 5.69034e-07 -4.54581e-22 -5.13013e-07 -2.75249e-22 0)
(1.93948e-06 6.22182e-07 4.15276e-22 -5.84851e-07 8.93151e-22 0)
(2.04455e-06 6.62213e-07 3.33514e-28 -6.57038e-07 1.91884e-28 0)
(2.13842e-06 6.85128e-07 6.5802e-28 -7.29086e-07 3.67206e-28 0)
(2.24139e-06 7.02257e-07 4.70716e-22 -7.94601e-07 -9.67808e-23 0)
(1.19908e-06 1.24016e-07 0 -6.75315e-08 0 0)
(1.30031e-06 1.95479e-07 7.54925e-23 -1.84838e-07 5.29272e-23 0)
(1.41409e-06 2.93712e-07 1.22445e-22 -2.80866e-07 8.13082e-23 0)
(1.5118e-06 3.80188e-07 3.00224e-22 -3.6103e-07 2.64913e-22 0)
(1.61083e-06 4.57938e-07 2.03535e-22 -4.31279e-07 1.20676e-22 0)
(1.70808e-06 5.23241e-07 6.17362e-24 -4.96169e-07 4.08962e-24 0)
(1.80452e-06 5.75255e-07 2.69465e-22 -5.58913e-07 1.46326e-22 0)
(1.90458e-06 6.15612e-07 -4.1248e-22 -6.21541e-07 -4.98013e-22 0)
(1.99552e-06 6.40348e-07 -6.46056e-22 -6.84232e-07 -3.30041e-22 0)
(2.09404e-06 6.61208e-07 8.15394e-22 -7.40747e-07 7.80111e-22 0)
(1.07726e-06 7.79058e-08 0 -7.13036e-08 0 0)
(1.18004e-06 1.51826e-07 0 -1.90646e-07 0 0)
(1.29143e-06 2.50681e-07 -3.82823e-22 -2.83169e-07 -2.44861e-22 0)
(1.38436e-06 3.35615e-07 0 -3.5644e-07 0 0)
(1.47854e-06 4.10101e-07 -1.04242e-21 -4.188e-07 -8.82665e-22 0)
(1.57133e-06 4.7205e-07 5.27348e-22 -4.75507e-07 2.7512e-22 0)
(1.66443e-06 5.21241e-07 1.3538e-21 -5.30266e-07 1.45623e-21 0)
(1.76112e-06 5.601e-07 8.46719e-22 -5.84844e-07 1.32418e-21 0)
(1.85076e-06 5.84954e-07 -4.41566e-22 -6.39767e-07 -5.5462e-22 0)
(1.94654e-06 6.07406e-07 -1.69202e-21 -6.89126e-07 -1.89122e-21 0)
(9.49116e-07 2.99191e-08 -2.77201e-23 -7.59704e-08 -2.12207e-23 0)
(1.05207e-06 1.07561e-07 6.11395e-22 -1.9565e-07 2.90673e-22 0)
(1.15903e-06 2.06414e-07 2.62479e-22 -2.82524e-07 1.58187e-22 0)
(1.24642e-06 2.88103e-07 9.35416e-24 -3.47448e-07 5.81729e-24 0)
(1.33608e-06 3.57147e-07 -5.60541e-22 -4.01672e-07 -6.31648e-22 0)
(1.42571e-06 4.1362e-07 -1.42591e-21 -4.50899e-07 -1.36042e-21 0)
(1.51725e-06 4.58086e-07 1.59274e-21 -4.98945e-07 1.55697e-21 0)
(1.61261e-06 4.93621e-07 3.31139e-22 -5.47123e-07 1.36901e-22 0)
(1.70298e-06 5.16973e-07 1.08493e-21 -5.96006e-07 4.39586e-22 0)
(1.79811e-06 5.39161e-07 4.11635e-22 -6.40079e-07 5.67913e-22 0)
(8.14286e-07 -2.05318e-08 -1.57074e-22 -8.04094e-08 -1.16759e-23 0)
(9.13966e-07 6.30458e-08 -5.32609e-22 -1.95992e-07 -2.47934e-22 0)
(1.01288e-06 1.60386e-07 4.35056e-22 -2.73066e-07 2.37092e-22 0)
(1.09404e-06 2.36252e-07 -1.67675e-22 -3.27811e-07 1.84213e-22 0)
(1.18011e-06 2.97094e-07 7.61368e-22 -3.74064e-07 3.24224e-22 0)
(1.26871e-06 3.45764e-07 -1.13342e-21 -4.17225e-07 -9.6809e-22 0)
(1.36116e-06 3.83622e-07 1.02035e-23 -4.60545e-07 6.63968e-24 0)
(1.45785e-06 4.14187e-07 9.98574e-22 -5.04598e-07 1.06972e-21 0)
(1.55148e-06 4.34632e-07 -3.87689e-22 -5.49777e-07 -1.33922e-22 0)
(1.64857e-06 4.54974e-07 -4.00267e-22 -5.90946e-07 -1.32592e-22 0)
(6.71132e-07 -6.83403e-08 3.86976e-31 -8.96246e-08 -4.9505e-31 0)
(7.61859e-07 2.20094e-08 1.77126e-22 -1.95369e-07 1.0983e-22 0)
(8.48109e-07 1.13084e-07 -2.75615e-22 -2.58454e-07 9.09108e-23 0)
(9.23334e-07 1.77864e-07 -2.27103e-22 -3.02129e-07 -9.11608e-23 0)
(1.00792e-06 2.26439e-07 -6.14045e-22 -3.41482e-07 -8.83936e-22 0)
(1.09864e-06 2.64453e-07 0 -3.80588e-07 0 0)
(1.19522e-06 2.93743e-07 -7.43367e-22 -4.21405e-07 -2.33008e-22 0)
(1.29647e-06 3.17751e-07 2.83115e-22 -4.63597e-07 4.62625e-22 0)
(1.39632e-06 3.34049e-07 6.1623e-22 -5.07192e-07 1.0107e-21 0)
(1.49831e-06 3.51171e-07 -3.30822e-22 -5.47574e-07 -5.86001e-22 0)
(5.25106e-07 -1.11873e-07 -2.60356e-22 -9.82244e-08 1.3658e-22 0)
(5.88058e-07 -1.55549e-08 1.39392e-22 -1.75711e-07 6.8813e-23 0)
(6.55359e-07 6.15933e-08 3.85723e-22 -2.15731e-07 4.36914e-22 0)
(7.27782e-07 1.09476e-07 3.0629e-22 -2.48698e-07 -4.44232e-22 0)
(8.15859e-07 1.42444e-07 -4.79722e-22 -2.84736e-07 -3.72457e-22 0)
(9.13772e-07 1.67856e-07 -3.70019e-22 -3.24095e-07 -9.43616e-23 0)
(1.01884e-06 1.87475e-07 0 -3.66498e-07 0 0)
(1.12862e-06 2.04076e-07 -4.47173e-22 -4.1068e-07 -1.08863e-22 0)
(1.23812e-06 2.15617e-07 4.70149e-22 -4.56354e-07 1.12354e-22 0)
(1.34847e-06 2.28596e-07 -2.66569e-27 -4.99626e-07 -6.20546e-28 0)
(3.80824e-07 -9.19449e-08 2.38371e-22 -1.23635e-07 1.79871e-20 -5.98933e-35)
(3.76151e-07 -3.55169e-08 2.30904e-23 -1.50206e-07 1.79177e-20 5.9499e-35)
(4.26207e-07 -1.27504e-09 7.6915e-22 -1.72622e-07 1.78876e-20 -5.84845e-35)
(5.04349e-07 1.73006e-08 7.25158e-22 -2.02391e-07 1.81121e-20 -1.89069e-35)
(6.03043e-07 3.0097e-08 1.57801e-22 -2.40336e-07 1.80125e-20 1.87736e-35)
(7.13816e-07 4.08054e-08 -1.24412e-22 -2.83378e-07 1.73546e-20 1.78656e-35)
(8.32025e-07 4.9906e-08 4.64107e-22 -3.29704e-07 1.77593e-20 -2.62021e-38)
(9.54715e-07 5.83336e-08 -4.76449e-23 -3.7785e-07 1.76406e-20 1.68538e-35)
(1.07771e-06 6.51262e-08 6.51373e-22 -4.26779e-07 1.82097e-20 6.52183e-38)
(1.20047e-06 7.27235e-08 -5.49218e-22 -4.74656e-07 1.79962e-20 3.09403e-35)
)
;

boundaryField
{
    left
    {
        type            calculated;
        value           nonuniform List<symmTensor> 
30
(
(2.77236e-06 3.3151e-07 1.09126e-21 -1.66665e-09 3.73418e-22 0)
(2.60145e-06 3.44918e-07 3.75298e-23 -5.34833e-09 2.56746e-24 0)
(2.45177e-06 3.49411e-07 -6.68907e-23 -1.30494e-08 -9.34927e-24 0)
(2.31582e-06 3.46846e-07 0 -1.9934e-08 0 0)
(2.18875e-06 3.37507e-07 4.0004e-22 -2.66441e-08 1.66112e-22 0)
(2.06866e-06 3.23066e-07 -7.6106e-22 -3.2444e-08 -3.18257e-22 0)
(1.95311e-06 3.03704e-07 0 -3.77979e-08 0 0)
(1.84084e-06 2.80191e-07 3.17703e-22 -4.26283e-08 1.29123e-22 0)
(1.73036e-06 2.52685e-07 4.98884e-23 -4.71792e-08 2.76721e-23 0)
(1.62058e-06 2.215e-07 7.40432e-23 -5.1483e-08 4.48771e-23 0)
(1.5103e-06 1.86707e-07 -1.23252e-22 -5.56248e-08 -8.01586e-23 0)
(1.39844e-06 1.48454e-07 -5.86588e-22 -5.96647e-08 -2.22569e-22 0)
(1.2839e-06 1.06693e-07 3.24302e-22 -6.35606e-08 1.33887e-22 0)
(1.16545e-06 6.16314e-08 0 -6.75315e-08 0 0)
(1.0421e-06 1.28762e-08 0 -7.13036e-08 0 0)
(9.12314e-07 -3.87832e-08 -2.77201e-23 -7.59704e-08 -2.12207e-23 0)
(7.76393e-07 -9.51019e-08 -1.57074e-22 -8.04094e-08 -1.16759e-23 0)
(6.33453e-07 -1.5121e-07 3.86976e-31 -8.96246e-08 -4.9505e-31 0)
(4.99263e-07 -2.1068e-07 -2.60356e-22 -9.82244e-08 1.3658e-22 0)
(4.03629e-07 -2.15293e-07 1.84146e-22 -1.23635e-07 1.79871e-20 -5.98933e-35)
(1.15728e-05 1.34739e-06 5.32048e-21 -2.26952e-06 1.00384e-21 2.80174e-36)
(8.4554e-06 5.08606e-07 -3.83532e-22 -9.51419e-07 -4.87649e-22 0)
(6.96833e-06 1.24548e-07 2.22836e-21 -3.85935e-07 5.1165e-22 0)
(5.92019e-06 2.53393e-09 1.40589e-22 -1.36689e-07 5.77216e-23 0)
(5.12985e-06 1.98289e-08 6.0842e-27 -2.23342e-08 -2.6758e-28 0)
(4.50211e-06 8.29624e-08 1.95265e-21 2.40293e-08 4.10087e-22 0)
(4.00219e-06 1.56899e-07 7.38058e-23 3.79659e-08 -4.07695e-23 0)
(3.59609e-06 2.22812e-07 1.44031e-21 3.2132e-08 3.88534e-22 0)
(3.26568e-06 2.67789e-07 -5.36067e-23 1.55992e-08 3.07159e-23 0)
(2.97265e-06 3.03637e-07 -3.69066e-23 1.39084e-09 5.56794e-24 0)
)
;
    }
    right
    {
        type            calculated;
        value           nonuniform List<symmTensor> 
30
(
(2.29584e-06 3.16523e-08 5.12376e-20 -9.22565e-07 1.49025e-20 -6.2318e-35)
(2.29734e-06 3.13738e-08 5.38849e-20 -9.25193e-07 1.46068e-21 6.03004e-35)
(2.30549e-06 2.98553e-08 5.50095e-20 -9.39484e-07 3.92841e-22 4.53735e-38)
(2.32116e-06 2.69351e-08 5.28874e-20 -9.66958e-07 -2.48281e-21 -8.93936e-35)
(2.34245e-06 2.29698e-08 5.87922e-20 -1.00427e-06 3.0276e-21 9.04299e-35)
(2.36756e-06 1.82921e-08 6.05398e-20 -1.04828e-06 1.16296e-21 -6.70366e-37)
(2.3944e-06 1.32937e-08 6.17253e-20 -1.09532e-06 1.02072e-21 -2.81261e-37)
(2.42108e-06 8.32386e-09 6.4859e-20 -1.14209e-06 1.51669e-21 -7.63733e-37)
(2.44592e-06 3.69863e-09 6.27698e-20 -1.18561e-06 -9.72788e-22 -5.88324e-35)
(2.46747e-06 -3.16994e-10 6.47452e-20 -1.22339e-06 5.65061e-23 -2.53273e-37)
(2.48436e-06 -3.46251e-09 6.71616e-20 -1.25299e-06 1.74024e-22 2.98814e-37)
(2.49604e-06 -5.63785e-09 6.79834e-20 -1.27346e-06 -5.7e-36 -2.00304e-49)
(2.50301e-06 -6.93603e-09 6.77753e-20 -1.28567e-06 -2.76006e-22 -1.51297e-49)
(2.50539e-06 -7.38016e-09 6.79589e-20 -1.28986e-06 -2.76904e-22 0)
(2.50264e-06 -6.86769e-09 6.98301e-20 -1.28503e-06 5.51736e-22 0)
(2.49536e-06 -5.51167e-09 6.80029e-20 -1.27227e-06 5.50855e-35 -1.00181e-49)
(2.48414e-06 -3.42151e-09 6.72653e-20 -1.2526e-06 -6.43171e-36 -1.98189e-49)
(2.46907e-06 -6.15717e-10 6.69279e-20 -1.2262e-06 2.63238e-22 1.6234e-64)
(2.45108e-06 2.73487e-09 6.44293e-20 -1.19467e-06 -2.56468e-22 -1.43815e-49)
(2.43084e-06 6.50486e-09 6.37411e-20 -1.1592e-06 5.1558e-35 -9.39027e-50)
(2.40929e-06 1.05208e-08 6.23136e-20 -1.12141e-06 -1.6587e-36 0)
(2.38735e-06 1.46075e-08 6.08607e-20 -1.08296e-06 -1.60182e-36 0)
(2.366e-06 1.85838e-08 5.94457e-20 -1.04554e-06 -7.73236e-37 0)
(2.34621e-06 2.22702e-08 5.8133e-20 -1.01085e-06 -5.13949e-35 -8.56412e-50)
(2.32888e-06 2.54989e-08 5.69869e-20 -9.80474e-07 -2.42441e-36 -1.67906e-49)
(2.31478e-06 2.81243e-08 5.60531e-20 -9.55765e-07 4.85854e-35 -8.25773e-50)
(2.30452e-06 3.00346e-08 5.53748e-20 -9.37788e-07 9.70812e-35 -8.431e-64)
(2.29826e-06 3.12011e-08 5.49382e-20 -9.26818e-07 -1.39372e-36 0)
(2.29594e-06 3.16332e-08 5.54564e-20 -9.2275e-07 1.98094e-22 0)
(2.29603e-06 3.1617e-08 5.46912e-20 -9.22905e-07 1.78451e-20 0)
)
;
    }
    down
    {
        type            calculated;
        value           nonuniform List<symmTensor> 
30
(
(-5.82848e-08 -4.8412e-08 2.71128e-20 2.9646e-08 3.82268e-20 1.47978e-34)
(-7.62976e-08 -4.90234e-08 -1.6071e-22 3.69361e-08 3.69918e-20 1.48371e-36)
(-3.13433e-08 -4.74967e-08 -1.38258e-21 1.87414e-08 3.27129e-20 1.85478e-35)
(8.85375e-08 -4.34247e-08 -2.07291e-24 -2.97773e-08 3.436e-20 0)
(2.46691e-07 -3.80514e-08 -3.92061e-23 -9.37867e-08 3.21844e-20 -1.50312e-36)
(4.28638e-07 -3.18706e-08 -1.9774e-21 -1.67426e-07 3.44787e-20 3.15947e-35)
(6.14761e-07 -2.55482e-08 2.50517e-22 -2.42755e-07 3.69106e-20 1.51761e-36)
(7.99161e-07 -1.9284e-08 -1.40262e-21 -3.17387e-07 3.57212e-20 2.89927e-35)
(9.71326e-07 -1.34353e-08 9.43985e-22 -3.87067e-07 3.61857e-20 -1.26352e-35)
(1.133e-06 -7.94305e-09 2.15187e-21 -4.525e-07 3.56524e-20 -3.82532e-35)
(1.27905e-06 -2.98187e-09 1.88665e-21 -5.11614e-07 3.71875e-20 -1.14241e-35)
(1.40681e-06 1.35844e-09 1.92501e-21 -5.63321e-07 3.57047e-20 -2.51737e-35)
(1.52514e-06 5.37875e-09 -6.59498e-26 -6.11212e-07 3.31573e-20 -1.47219e-35)
(1.63133e-06 8.9861e-09 1.97557e-22 -6.54188e-07 3.47145e-20 -6.47515e-37)
(1.72737e-06 1.22482e-08 -1.11922e-21 -6.93059e-07 3.50881e-20 3.85332e-35)
(1.81323e-06 1.51663e-08 5.88922e-22 -7.2781e-07 3.56119e-20 0)
(1.89009e-06 1.77763e-08 5.56065e-22 -7.58918e-07 3.56428e-20 0)
(1.95843e-06 2.00989e-08 1.06868e-21 -7.86577e-07 3.64796e-20 5.02868e-37)
(2.0191e-06 2.2159e-08 1.06364e-21 -8.1113e-07 3.58657e-20 -1.31594e-35)
(2.07262e-06 2.39767e-08 1.60978e-21 -8.32792e-07 3.73451e-20 8.54583e-37)
(2.11957e-06 2.55716e-08 2.15722e-21 -8.51795e-07 3.62632e-20 -3.99286e-35)
(2.16039e-06 2.69586e-08 -1.97812e-22 -8.68316e-07 3.55407e-20 1.33833e-35)
(2.19544e-06 2.81492e-08 2.10763e-21 -8.825e-07 3.62867e-20 -4.03693e-35)
(2.22501e-06 2.91533e-08 -1.5467e-21 -8.94468e-07 3.31887e-20 -8.10946e-37)
(2.24926e-06 2.99773e-08 3.08318e-22 -9.04283e-07 3.64036e-20 1.3831e-35)
(2.26843e-06 3.06284e-08 2.3962e-22 -9.12041e-07 3.57329e-20 -3.27488e-45)
(2.28246e-06 3.11056e-08 -4.33496e-22 -9.17722e-07 3.48585e-20 -1.47775e-37)
(2.2918e-06 3.1422e-08 8.03144e-22 -9.21499e-07 3.6604e-20 1.06042e-37)
(2.29607e-06 3.15679e-08 6.7917e-22 -9.2323e-07 3.45073e-20 -4.17912e-35)
(2.29626e-06 3.15738e-08 2.40714e-20 -9.23305e-07 3.27003e-20 -6.2318e-35)
)
;
    }
    up
    {
        type            calculated;
        value           nonuniform List<symmTensor> 
30
(
(3.80824e-07 -3.34952e-08 2.38371e-22 -1.48074e-07 3.60474e-20 -5.98933e-35)
(3.76151e-07 -3.36538e-08 2.30904e-23 -1.46183e-07 3.58918e-20 5.9499e-35)
(4.26207e-07 -3.19529e-08 7.6915e-22 -1.66442e-07 3.5793e-20 -5.84845e-35)
(5.04349e-07 -2.9298e-08 7.25158e-22 -1.98068e-07 3.59667e-20 -1.89069e-35)
(6.03043e-07 -2.59457e-08 1.57801e-22 -2.38012e-07 3.58287e-20 1.87736e-35)
(7.13816e-07 -2.21833e-08 -1.24412e-22 -2.82846e-07 3.51425e-20 1.78656e-35)
(8.32025e-07 -1.81679e-08 4.64107e-22 -3.30688e-07 3.55283e-20 -2.62021e-38)
(9.54715e-07 -1.39996e-08 -4.76449e-23 -3.80345e-07 3.53988e-20 1.68538e-35)
(1.07771e-06 -9.82127e-09 6.51373e-22 -4.30124e-07 3.59638e-20 6.52183e-38)
(1.20047e-06 -5.65073e-09 -5.49218e-22 -4.7981e-07 3.57508e-20 3.09403e-35)
(1.31541e-06 -1.74638e-09 -7.44135e-22 -5.26328e-07 3.47849e-20 1.52884e-35)
(1.41963e-06 1.79419e-09 -3.04764e-22 -5.68509e-07 3.48518e-20 -2.61265e-50)
(1.52049e-06 5.22089e-09 -3.26415e-22 -6.09329e-07 3.48371e-20 -2.61318e-50)
(1.61622e-06 8.47211e-09 1.52202e-35 -6.48073e-07 3.54888e-20 0)
(1.70671e-06 1.15468e-08 3.66393e-22 -6.84697e-07 3.61765e-20 0)
(1.79106e-06 1.44114e-08 3.84501e-22 -7.18838e-07 3.62043e-20 2.61616e-50)
(1.86924e-06 1.70684e-08 -4.01284e-22 -7.50477e-07 3.48425e-20 -5.23498e-50)
(1.94079e-06 1.94982e-08 -4.16645e-22 -7.79437e-07 3.48556e-20 1.80411e-64)
(2.00575e-06 2.17042e-08 4.3059e-22 -8.05727e-07 3.62805e-20 -7.86116e-50)
(2.06396e-06 2.36827e-08 3.13389e-35 -8.29288e-07 3.55966e-20 -5.24379e-50)
(2.1155e-06 2.54327e-08 0 -8.50147e-07 3.5617e-20 0)
(2.16036e-06 2.69572e-08 -2.66316e-35 -8.68305e-07 3.5637e-20 -5.24975e-50)
(2.19862e-06 2.82575e-08 6.29585e-36 -8.83789e-07 3.56563e-20 -1.05052e-49)
(2.23034e-06 2.93342e-08 4.6572e-36 -8.96626e-07 3.56743e-20 -1.05105e-49)
(2.25558e-06 3.01918e-08 6.30868e-36 -9.06841e-07 3.56907e-20 -1.05153e-49)
(2.27453e-06 3.08356e-08 7.98627e-36 -9.1451e-07 3.57051e-20 -1.05195e-49)
(2.28731e-06 3.12699e-08 -4.91035e-22 -9.19682e-07 3.50305e-20 -5.26153e-50)
(2.2946e-06 3.15176e-08 3.06434e-35 -9.22634e-07 3.57254e-20 0)
(2.29687e-06 3.15947e-08 0 -9.23552e-07 3.57305e-20 0)
(2.29635e-06 3.15774e-08 2.73163e-20 -9.23342e-07 3.57304e-20 0)
)
;
    }
    hole
    {
        type            calculated;
        value           nonuniform List<symmTensor> 
20
(
(2.32074e-07 -2.99547e-06 5.2391e-19 1.59377e-06 5.73221e-19 7.80115e-34)
(1.10615e-06 -3.69397e-06 5.7964e-19 1.21696e-06 7.40796e-19 4.99233e-35)
(3.04068e-06 -3.93757e-06 5.39439e-19 4.50432e-07 8.07326e-19 0)
(5.15231e-06 -3.80439e-06 4.33068e-19 -4.32814e-07 7.77967e-19 -2.35424e-35)
(7.02427e-06 -3.45392e-06 3.20766e-19 -1.26774e-06 6.98912e-19 -4.07188e-34)
(8.61084e-06 -2.94444e-06 2.09163e-19 -1.9941e-06 5.81165e-19 -3.77367e-34)
(9.83735e-06 -2.30976e-06 1.31138e-19 -2.56793e-06 4.43225e-19 -7.02111e-34)
(1.07528e-05 -1.59669e-06 6.92371e-20 -2.98304e-06 2.915e-19 -2.33025e-35)
(1.11225e-05 -8.19262e-07 2.28042e-20 -3.17659e-06 1.38448e-19 1.6162e-34)
(1.12934e-05 -3.04639e-08 5.37131e-21 -3.22804e-06 1.65245e-21 2.80174e-36)
(-4.25541e-08 -4.81859e-08 5.75477e-20 2.04762e-08 2.36141e-20 1.47978e-34)
(-2.72204e-08 -4.73515e-08 6.07037e-20 -5.45579e-09 8.83529e-21 3.94624e-35)
(-5.08627e-08 -4.90837e-08 6.35999e-20 3.45549e-08 1.25927e-20 -1.76037e-36)
(-1.42908e-07 -8.18561e-08 7.46865e-20 1.90353e-07 1.95274e-20 -3.27626e-35)
(-2.928e-07 -1.80416e-07 8.13994e-20 4.52879e-07 3.34472e-20 8.31765e-35)
(-4.73066e-07 -3.7905e-07 1.17675e-19 7.96525e-07 5.16881e-20 -1.25322e-34)
(-6.32302e-07 -7.00179e-07 1.84289e-19 1.16729e-06 1.00403e-19 -1.38321e-34)
(-7.06587e-07 -1.15001e-06 2.74521e-19 1.49943e-06 1.76751e-19 -2.93734e-34)
(-6.26547e-07 -1.71306e-06 3.64222e-19 1.72199e-06 2.88821e-19 4.2231e-34)
(-3.28403e-07 -2.34846e-06 4.51943e-19 1.76873e-06 4.18388e-19 6.49568e-35)
)
;
    }
    frontAndBack
    {
        type            empty;
    }
}


// ************************************************************************* //
