/*--------------------------------*- C++ -*----------------------------------*\
  =========                 |
  \\      /  F ield         | OpenFOAM: The Open Source CFD Toolbox
   \\    /   O peration     | Website:  https://openfoam.org
    \\  /    A nd           | Version:  9
     \\/     M anipulation  |
\*---------------------------------------------------------------------------*/
FoamFile
{
    format      ascii;
    class       volSymmTensorField;
    location    "1";
    object      epsilon;
}
// * * * * * * * * * * * * * * * * * * * * * * * * * * * * * * * * * * * * * //

dimensions      [0 0 0 0 0 0 0];

internalField   nonuniform List<symmTensor> 
1000
(
(4.10032e-07 -5.52535e-07 7.02068e-20 1.08041e-07 7.68524e-20 2.09761e-34)
(5.73336e-07 -4.31302e-07 -8.52735e-22 -8.73582e-08 4.6592e-22 0)
(6.52379e-07 -3.35973e-07 9.92202e-22 -1.79568e-07 -1.82322e-22 0)
(6.96557e-07 -2.63923e-07 2.52095e-22 -2.42875e-07 -1.69489e-22 0)
(7.17657e-07 -2.06003e-07 -1.07117e-21 -2.77639e-07 6.04204e-23 0)
(7.2473e-07 -1.60585e-07 -1.12905e-22 -2.99357e-07 1.14375e-22 0)
(7.23812e-07 -1.23697e-07 -9.80827e-22 -3.1084e-07 -4.9828e-22 0)
(7.17163e-07 -9.43183e-08 6.70711e-22 -3.16344e-07 3.01666e-22 0)
(7.08488e-07 -6.99585e-08 -3.53753e-22 -3.17963e-07 -3.58331e-22 0)
(6.96018e-07 -4.96729e-08 0 -3.17727e-07 0 0)
(5.57384e-07 -6.14035e-07 7.00286e-20 4.70353e-08 8.99231e-20 1.21509e-35)
(6.83871e-07 -4.44068e-07 0 -1.26076e-07 0 0)
(7.37812e-07 -3.22654e-07 7.97706e-22 -2.02233e-07 3.59092e-22 0)
(7.62935e-07 -2.35609e-07 -1.36853e-21 -2.54951e-07 -6.88753e-22 0)
(7.69217e-07 -1.69481e-07 -5.818e-22 -2.81329e-07 -3.29905e-22 0)
(7.64575e-07 -1.19973e-07 4.08683e-22 -2.97189e-07 3.82858e-22 0)
(7.54142e-07 -8.14228e-08 4.53219e-22 -3.04069e-07 2.83976e-22 0)
(7.40071e-07 -5.20928e-08 1.06077e-21 -3.06794e-07 5.85774e-22 0)
(7.24178e-07 -2.84272e-08 0 -3.05223e-07 0 0)
(7.07501e-07 -9.44354e-09 0 -3.05347e-07 0 0)
(7.22961e-07 -6.53569e-07 6.74964e-20 -3.43317e-08 1.01015e-19 0)
(7.9827e-07 -4.43472e-07 0 -1.69566e-07 0 0)
(8.1937e-07 -3.00726e-07 7.59828e-22 -2.21461e-07 3.70334e-22 0)
(8.20817e-07 -2.01776e-07 -2.24601e-22 -2.58886e-07 7.51808e-23 0)
(8.09604e-07 -1.29775e-07 -1.08958e-23 -2.7421e-07 4.53397e-24 0)
(7.91687e-07 -7.79689e-08 -3.81211e-22 -2.82706e-07 -3.62214e-22 0)
(7.70964e-07 -3.92425e-08 5.10118e-22 -2.84152e-07 2.25533e-22 0)
(7.48922e-07 -1.09861e-08 -3.82298e-22 -2.83491e-07 -2.62016e-22 0)
(7.26491e-07 1.08332e-08 -2.65152e-23 -2.7905e-07 4.53364e-23 0)
(7.04943e-07 2.86118e-08 -7.86787e-23 -2.78403e-07 -3.40699e-23 0)
(9.00305e-07 -6.65482e-07 5.94484e-20 -1.31181e-07 1.06964e-19 -6.83039e-36)
(9.13665e-07 -4.27948e-07 4.33911e-22 -2.16218e-07 -4.46467e-23 0)
(8.95733e-07 -2.70825e-07 -3.47008e-22 -2.36984e-07 -1.83922e-22 0)
(8.69639e-07 -1.64387e-07 -2.16426e-22 -2.55114e-07 4.04656e-23 0)
(8.38752e-07 -8.96193e-08 3.96708e-22 -2.57259e-07 3.55116e-22 0)
(8.06533e-07 -3.76891e-08 -4.72866e-22 -2.57454e-07 -2.91631e-22 0)
(7.75193e-07 -3.99321e-10 -4.08701e-22 -2.53306e-07 -2.70027e-22 0)
(7.45425e-07 2.57764e-08 -9.10323e-22 -2.49412e-07 -6.1658e-22 0)
(7.17007e-07 4.49037e-08 -1.34924e-22 -2.42842e-07 -1.44934e-22 0)
(6.91369e-07 6.05234e-08 2.25131e-22 -2.41285e-07 1.80144e-22 0)
(1.0803e-06 -6.44792e-07 4.91971e-20 -2.36866e-07 1.0719e-19 -1.25155e-34)
(1.02626e-06 -3.95413e-07 2.26308e-26 -2.63899e-07 1.01204e-27 0)
(9.65069e-07 -2.32843e-07 -1.12074e-21 -2.48345e-07 -5.11071e-22 0)
(9.08704e-07 -1.24696e-07 1.00206e-22 -2.44079e-07 -4.31933e-24 0)
(8.56706e-07 -5.12238e-08 -1.38882e-22 -2.31484e-07 1.52521e-23 0)
(8.09722e-07 -1.9786e-09 3.44271e-22 -2.22836e-07 2.91495e-22 0)
(7.67986e-07 3.18973e-08 -3.57292e-23 -2.13234e-07 1.06418e-23 0)
(7.31008e-07 5.46716e-08 3.57041e-22 -2.06481e-07 2.20241e-22 0)
(6.97581e-07 7.01847e-08 -8.81634e-23 -1.98652e-07 -1.51477e-22 0)
(6.68539e-07 8.28764e-08 -1.42549e-22 -1.9655e-07 -1.04536e-22 0)
(1.25627e-06 -5.90227e-07 3.64597e-20 -3.4389e-07 1.00894e-19 -1.31529e-34)
(1.13306e-06 -3.44657e-07 2.0545e-26 -3.09336e-07 4.21707e-27 0)
(1.02619e-06 -1.86626e-07 -1.10587e-26 -2.54199e-07 -1.57172e-27 0)
(9.37924e-07 -8.39076e-08 8.8179e-23 -2.25926e-07 9.23359e-24 0)
(8.64251e-07 -1.6659e-08 -4.83796e-22 -1.98153e-07 -2.69517e-22 0)
(8.0281e-07 2.66285e-08 5.26544e-24 -1.81031e-07 -1.90546e-25 0)
(7.51447e-07 5.50271e-08 3.60169e-22 -1.66746e-07 2.21993e-22 0)
(7.08206e-07 7.31618e-08 7.68626e-22 -1.57916e-07 5.09158e-22 0)
(6.70837e-07 8.44264e-08 1.3906e-22 -1.49764e-07 9.21467e-23 0)
(6.39221e-07 9.36693e-08 -2.44688e-22 -1.47577e-07 -1.72581e-22 0)
(1.41591e-06 -4.98556e-07 2.62553e-20 -4.4319e-07 8.91063e-20 -2.83055e-34)
(1.22765e-06 -2.72195e-07 3.20004e-22 -3.47581e-07 1.25637e-22 0)
(1.07419e-06 -1.31145e-07 3.42079e-22 -2.51311e-07 1.38729e-22 0)
(9.5451e-07 -4.28179e-08 -7.2044e-23 -1.99601e-07 -1.92169e-23 0)
(8.60673e-07 1.21892e-08 3.53269e-22 -1.58247e-07 2.11886e-22 0)
(7.86714e-07 4.57761e-08 -3.25305e-22 -1.34472e-07 -2.00707e-22 0)
(7.27669e-07 6.66281e-08 8.48255e-23 -1.1722e-07 -6.48418e-25 0)
(6.79802e-07 7.90794e-08 -2.88514e-22 -1.07607e-07 -1.67848e-22 0)
(6.3991e-07 8.58356e-08 -1.68379e-23 -1.00216e-07 4.28009e-24 0)
(6.06649e-07 9.14867e-08 -1.45045e-22 -9.84857e-08 -8.35721e-23 0)
(1.56222e-06 -3.70093e-07 1.60022e-20 -5.2671e-07 7.19178e-20 -1.15598e-35)
(1.30622e-06 -1.75077e-07 -8.63197e-22 -3.69015e-07 -2.64582e-22 0)
(1.10583e-06 -6.59648e-08 6.51854e-24 -2.32852e-07 3.39415e-24 0)
(9.58043e-07 -3.80881e-09 1.04601e-22 -1.62791e-07 4.80939e-23 0)
(8.47743e-07 3.23685e-08 8.0289e-22 -1.12819e-07 3.42878e-22 0)
(7.64861e-07 5.29521e-08 -4.46349e-23 -8.63463e-08 -1.02096e-23 0)
(7.00999e-07 6.50569e-08 1.08557e-27 -6.90518e-08 9.73161e-29 0)
(6.50643e-07 7.16893e-08 -2.81615e-22 -6.0479e-08 -1.26249e-22 0)
(6.09753e-07 7.45032e-08 5.77394e-24 -5.49652e-08 -8.39078e-25 0)
(5.758e-07 7.70846e-08 2.025e-23 -5.41757e-08 8.06464e-24 0)
(1.67133e-06 -1.90832e-07 6.8221e-21 -5.73059e-07 5.06352e-20 1.18722e-34)
(1.34395e-06 -5.34144e-08 -9.46673e-22 -3.49482e-07 -3.37973e-22 0)
(1.10187e-06 2.35205e-10 9.55614e-23 -1.84311e-07 7.81522e-23 0)
(9.37291e-07 2.26851e-08 8.96347e-23 -1.09966e-07 6.51159e-23 0)
(8.21729e-07 3.5628e-08 -3.72208e-23 -6.3106e-08 -1.94136e-23 0)
(7.37626e-07 4.19652e-08 3.16187e-22 -4.10803e-08 9.05398e-23 0)
(6.74076e-07 4.60966e-08 1.56647e-23 -2.80289e-08 2.38116e-24 0)
(6.2423e-07 4.82219e-08 5.09511e-22 -2.25768e-08 1.53737e-22 0)
(5.84e-07 4.87559e-08 1.12722e-22 -1.97461e-08 3.44751e-23 0)
(5.50147e-07 4.95799e-08 6.51768e-23 -2.00321e-08 2.22337e-23 0)
(1.76235e-06 1.00927e-07 1.67017e-21 -5.25257e-07 2.86799e-20 1.24307e-34)
(1.31229e-06 1.11151e-07 -6.89615e-23 -2.28578e-07 -1.18301e-22 0)
(1.0617e-06 6.34399e-08 3.31017e-22 -9.27599e-08 1.11273e-22 0)
(9.04347e-07 3.31326e-08 1.62799e-23 -4.31264e-08 2.10893e-23 0)
(7.97962e-07 2.34399e-08 5.54252e-28 -1.83515e-08 4.4448e-28 0)
(7.19436e-07 1.94185e-08 3.21967e-22 -8.5591e-09 3.3337e-23 0)
(6.59636e-07 1.95492e-08 4.52451e-24 -3.64988e-09 4.30478e-25 0)
(6.11617e-07 2.03813e-08 2.47385e-22 -2.21351e-09 2.84418e-23 0)
(5.72344e-07 2.10825e-08 -2.30029e-24 -1.78215e-09 5.11294e-25 0)
(5.3839e-07 2.18669e-08 -3.95999e-24 -2.37245e-09 -3.22908e-25 0)
(2.92552e-09 -2.2121e-08 3.15704e-20 1.40337e-08 2.10399e-20 1.57861e-34)
(5.71738e-09 -2.75926e-08 -1.84153e-23 1.42983e-08 1.95592e-20 1.66232e-36)
(2.34117e-08 -3.73078e-08 -2.36278e-22 5.49808e-09 1.8869e-20 2.07087e-35)
(5.24644e-08 -4.53111e-08 -2.30198e-24 -7.98354e-09 1.90861e-20 0)
(8.6352e-08 -5.03502e-08 -3.42287e-23 -2.3065e-08 1.87197e-20 -1.6593e-36)
(1.22081e-07 -5.32484e-08 -3.2038e-22 -3.86242e-08 1.90148e-20 3.46694e-35)
(1.57107e-07 -5.44192e-08 7.07339e-23 -5.36505e-08 1.9334e-20 1.656e-36)
(1.90608e-07 -5.45464e-08 -2.11397e-22 -6.78429e-08 1.91119e-20 3.14745e-35)
(2.21365e-07 -5.37277e-08 1.68808e-22 -8.08967e-08 1.91523e-20 -1.36553e-35)
(2.49882e-07 -5.30696e-08 5.18882e-22 -9.26303e-08 1.90621e-20 -4.11748e-35)
(8.19895e-09 -2.75453e-08 3.26734e-20 1.21915e-08 4.14715e-21 4.08573e-35)
(2.55806e-08 -4.79585e-08 2.58637e-22 1.47637e-08 2.6437e-22 0)
(5.89341e-08 -7.18396e-08 -2.41904e-22 7.18552e-10 -2.25268e-22 0)
(9.67356e-08 -9.05328e-08 1.58525e-24 -1.87766e-08 -1.88373e-22 0)
(1.34797e-07 -1.02266e-07 0 -3.83086e-08 0 0)
(1.70992e-07 -1.08958e-07 -3.64939e-22 -5.66532e-08 -4.62093e-23 0)
(2.04314e-07 -1.11521e-07 6.36021e-23 -7.30787e-08 2.87394e-22 0)
(2.34951e-07 -1.11566e-07 4.7232e-24 -8.76855e-08 1.53279e-23 0)
(2.61899e-07 -1.09233e-07 -2.0158e-22 -1.00452e-07 -5.14303e-22 0)
(2.86923e-07 -1.07331e-07 1.4324e-22 -1.11225e-07 2.00343e-23 0)
(9.90448e-09 -4.53058e-08 3.36111e-20 2.02325e-08 6.68613e-21 -1.82947e-36)
(4.41355e-08 -8.64099e-08 2.64051e-22 1.74455e-08 2.61531e-22 0)
(9.1963e-08 -1.16283e-07 2.75511e-22 -4.65258e-09 5.06277e-23 0)
(1.3955e-07 -1.36706e-07 1.32595e-23 -3.28135e-08 -1.81581e-22 0)
(1.83393e-07 -1.48207e-07 0 -5.89353e-08 0 0)
(2.21956e-07 -1.53796e-07 -4.08644e-22 -8.17714e-08 -9.59467e-23 0)
(2.55349e-07 -1.5478e-07 -5.56947e-22 -1.00852e-07 -1.41098e-22 0)
(2.84672e-07 -1.52935e-07 3.69495e-22 -1.16798e-07 2.04164e-22 0)
(3.08955e-07 -1.48514e-07 2.31978e-24 -1.29693e-07 6.46117e-24 0)
(3.31591e-07 -1.44754e-07 -3.32183e-22 -1.40065e-07 -1.88734e-22 0)
(1.21552e-08 -7.34465e-08 3.55913e-20 4.07983e-08 9.75563e-21 -3.25634e-35)
(6.97588e-08 -1.3309e-07 6.42337e-23 2.01747e-08 -2.24239e-22 0)
(1.3108e-07 -1.64777e-07 3.02682e-22 -1.22169e-08 5.21888e-23 0)
(1.87458e-07 -1.82886e-07 0 -4.88285e-08 0 0)
(2.36275e-07 -1.90691e-07 -5.1315e-22 -8.08324e-08 1.81199e-22 0)
(2.77046e-07 -1.92482e-07 1.06566e-23 -1.07796e-07 4.36646e-22 0)
(3.10652e-07 -1.89952e-07 -2.84649e-23 -1.29467e-07 -2.32176e-22 0)
(3.38994e-07 -1.84869e-07 -7.87952e-23 -1.46909e-07 -3.55043e-22 0)
(3.60983e-07 -1.77618e-07 1.68001e-22 -1.60267e-07 5.04043e-23 0)
(3.81667e-07 -1.71445e-07 3.13653e-22 -1.7064e-07 1.08444e-22 0)
(1.88572e-08 -1.13605e-07 3.58535e-20 7.01329e-08 1.38268e-20 7.07698e-35)
(1.06227e-07 -1.84125e-07 -5.30396e-22 1.96244e-08 3.46646e-22 0)
(1.81076e-07 -2.12969e-07 -3.22416e-22 -2.67191e-08 -8.63073e-23 0)
(2.44874e-07 -2.25298e-07 -8.46758e-23 -7.24132e-08 3.26742e-22 0)
(2.96929e-07 -2.26641e-07 -3.21807e-24 -1.09657e-07 1.99109e-23 0)
(3.3849e-07 -2.22532e-07 4.93256e-22 -1.39837e-07 -1.20891e-22 0)
(3.71261e-07 -2.14971e-07 2.15967e-22 -1.63214e-07 5.29336e-23 0)
(3.97855e-07 -2.05557e-07 0 -1.81396e-07 0 0)
(4.17105e-07 -1.94893e-07 -2.34543e-22 -1.94632e-07 -2.73165e-22 0)
(4.35504e-07 -1.85775e-07 9.17176e-23 -2.04565e-07 2.15168e-23 0)
(3.46618e-08 -1.66986e-07 3.9569e-20 1.03725e-07 1.79201e-20 -8.28225e-35)
(1.54859e-07 -2.35879e-07 2.15932e-22 1.55182e-08 -4.06244e-22 0)
(2.42445e-07 -2.56296e-07 -2.67234e-22 -4.66787e-08 -2.69167e-22 0)
(3.11727e-07 -2.59879e-07 5.72309e-23 -1.01116e-07 -1.51858e-22 0)
(3.64934e-07 -2.5306e-07 5.62907e-22 -1.42412e-07 1.74654e-22 0)
(4.05483e-07 -2.42036e-07 -5.39681e-22 -1.74534e-07 5.17456e-23 0)
(4.36015e-07 -2.28835e-07 -3.97275e-25 -1.98513e-07 1.29922e-23 0)
(4.59749e-07 -2.14727e-07 -4.24828e-22 -2.16516e-07 -2.66861e-22 0)
(4.75565e-07 -2.00557e-07 9.92098e-25 -2.29042e-07 5.00665e-24 0)
(4.91023e-07 -1.88339e-07 -4.61636e-22 -2.38014e-07 -1.96641e-22 0)
(6.48686e-08 -2.33268e-07 4.64423e-20 1.34537e-07 2.55693e-20 -6.99575e-35)
(2.16014e-07 -2.86079e-07 1.19663e-23 6.58667e-09 -1.75136e-23 0)
(3.13976e-07 -2.92022e-07 -8.71075e-27 -7.13805e-08 1.42327e-26 0)
(3.86214e-07 -2.8397e-07 -5.77069e-22 -1.33619e-07 -3.75563e-22 0)
(4.38299e-07 -2.67689e-07 -9.436e-23 -1.77655e-07 2.40143e-22 0)
(4.75896e-07 -2.49232e-07 -5.27033e-22 -2.10439e-07 -2.00592e-22 0)
(5.02678e-07 -2.30259e-07 9.47519e-22 -2.33881e-07 3.94836e-22 0)
(5.22298e-07 -2.11546e-07 1.02652e-25 -2.5077e-07 1.00427e-23 0)
(5.33928e-07 -1.94115e-07 1.84495e-22 -2.61916e-07 4.54186e-24 0)
(5.4561e-07 -1.78901e-07 -2.52525e-22 -2.69391e-07 -1.12837e-22 0)
(1.1445e-07 -3.1016e-07 5.50184e-20 1.55818e-07 3.55695e-20 -1.18663e-34)
(2.89364e-07 -3.32652e-07 3.08387e-22 -7.63887e-09 -3.56588e-22 0)
(3.93308e-07 -3.18334e-07 -1.1827e-22 -9.86175e-08 1.50676e-22 0)
(4.65171e-07 -2.9612e-07 7.1684e-23 -1.66572e-07 -1.05834e-22 0)
(5.13659e-07 -2.6953e-07 6.31767e-27 -2.11657e-07 -1.16974e-26 0)
(5.46382e-07 -2.43593e-07 6.08427e-22 -2.43757e-07 5.54166e-23 0)
(5.68023e-07 -2.19169e-07 4.1895e-23 -2.65661e-07 -1.77503e-22 0)
(5.82384e-07 -1.96384e-07 -1.16947e-23 -2.80588e-07 1.44431e-22 0)
(5.89294e-07 -1.76279e-07 4.05425e-24 -2.90032e-07 7.1457e-23 0)
(5.9634e-07 -1.58474e-07 1.95184e-22 -2.95446e-07 1.6328e-22 0)
(1.87389e-07 -3.93237e-07 6.16269e-20 1.6121e-07 4.8597e-20 1.42961e-34)
(3.74229e-07 -3.73674e-07 -9.78759e-23 -2.79061e-08 6.50365e-22 0)
(4.77887e-07 -3.34421e-07 -1.14375e-26 -1.26772e-07 1.14589e-26 0)
(5.45304e-07 -2.96151e-07 7.90486e-22 -1.97353e-07 1.76081e-22 0)
(5.87517e-07 -2.58831e-07 6.05153e-22 -2.4143e-07 2.83464e-22 0)
(6.13455e-07 -2.25732e-07 5.45665e-22 -2.71482e-07 2.56041e-22 0)
(6.28641e-07 -1.96432e-07 -5.55461e-23 -2.90805e-07 1.516e-22 0)
(6.36688e-07 -1.70442e-07 -6.57075e-22 -3.03196e-07 -3.44006e-22 0)
(6.38495e-07 -1.48354e-07 3.99738e-22 -3.10477e-07 9.88645e-23 0)
(6.40358e-07 -1.285e-07 1.80899e-22 -3.14353e-07 1.00559e-22 0)
(2.85909e-07 -4.76457e-07 6.68205e-20 1.4613e-07 6.18572e-20 1.92588e-35)
(4.69402e-07 -4.07234e-07 -2.00079e-22 -5.44558e-08 1.43581e-22 0)
(5.64995e-07 -3.40198e-07 -3.89166e-22 -1.54125e-07 -1.7088e-22 0)
(6.23241e-07 -2.84918e-07 1.68044e-21 -2.23323e-07 3.76057e-22 0)
(6.5627e-07 -2.36965e-07 1.00571e-23 -2.64006e-07 -1.06538e-23 0)
(6.73514e-07 -1.97267e-07 -5.36882e-22 -2.90513e-07 -2.85996e-22 0)
(6.81007e-07 -1.63869e-07 -5.69503e-22 -3.06376e-07 -9.60049e-23 0)
(6.81837e-07 -1.35661e-07 -2.16596e-22 -3.15357e-07 -1.21399e-22 0)
(6.78761e-07 -1.12827e-07 1.79253e-23 -3.20974e-07 -1.53776e-22 0)
(6.73715e-07 -9.29799e-08 1.13988e-22 -3.20911e-07 1.98556e-22 0)
(2.75556e-07 -5.09257e-08 8.46057e-22 -1.03513e-07 1.92766e-20 -1.22538e-35)
(2.9793e-07 -4.79607e-08 9.62135e-22 -1.12553e-07 1.90503e-20 -2.69252e-35)
(3.18508e-07 -4.53543e-08 5.60704e-22 -1.20947e-07 1.8645e-20 -1.57063e-35)
(3.36997e-07 -4.29883e-08 6.01222e-22 -1.28536e-07 1.88382e-20 -6.89302e-37)
(3.53683e-07 -4.07908e-08 3.74155e-22 -1.35364e-07 1.88499e-20 4.09421e-35)
(3.68624e-07 -3.88209e-08 6.24718e-22 -1.41516e-07 1.89199e-20 0)
(3.82011e-07 -3.70144e-08 5.89037e-22 -1.47018e-07 1.89034e-20 0)
(3.93934e-07 -3.5385e-08 6.62736e-22 -1.51936e-07 1.90061e-20 5.32048e-37)
(4.04534e-07 -3.3892e-08 6.11632e-22 -1.56308e-07 1.89066e-20 -1.39089e-35)
(4.13892e-07 -3.25259e-08 7.10498e-22 -1.60178e-07 1.91004e-20 9.02485e-37)
(4.22103e-07 -3.12582e-08 7.30599e-22 -1.63578e-07 1.89505e-20 -4.2137e-35)
(4.29228e-07 -3.00719e-08 3.09135e-22 -1.66535e-07 1.88046e-20 1.41155e-35)
(4.35318e-07 -2.89432e-08 6.59651e-22 -1.69069e-07 1.89326e-20 -4.25585e-35)
(4.4041e-07 -2.78575e-08 -3.79738e-23 -1.71195e-07 1.84463e-20 -8.54634e-37)
(4.44521e-07 -2.68e-08 3.16154e-22 -1.72921e-07 1.89047e-20 1.45726e-35)
(4.47679e-07 -2.57693e-08 2.52431e-22 -1.74255e-07 1.88071e-20 -3.44997e-45)
(4.49874e-07 -2.47776e-08 8.79368e-23 -1.75195e-07 1.86728e-20 -1.55666e-37)
(4.51195e-07 -2.38791e-08 2.99079e-22 -1.75756e-07 1.89287e-20 1.11704e-37)
(4.51626e-07 -2.31809e-08 1.87307e-22 -1.75918e-07 1.86371e-20 -4.40251e-35)
(4.5148e-07 -2.30051e-08 2.85709e-20 -1.75634e-07 1.84173e-20 -6.72479e-35)
(3.07472e-07 -1.01625e-07 3.55559e-22 -1.20829e-07 3.85994e-22 0)
(3.23919e-07 -9.38707e-08 2.26887e-22 -1.27589e-07 5.64669e-23 0)
(3.3968e-07 -8.69757e-08 1.50179e-23 -1.33785e-07 -8.7085e-23 0)
(3.53798e-07 -8.05377e-08 5.20925e-22 -1.39457e-07 4.15215e-22 0)
(3.6682e-07 -7.44893e-08 -9.85824e-23 -1.44512e-07 -2.1645e-23 0)
(3.78572e-07 -6.90141e-08 -4.2602e-22 -1.49149e-07 -3.79973e-22 0)
(3.89281e-07 -6.39414e-08 2.13646e-22 -1.53308e-07 7.24876e-23 0)
(3.98922e-07 -5.93302e-08 0 -1.57085e-07 0 0)
(4.07624e-07 -5.50765e-08 1.0164e-22 -1.6048e-07 3.32734e-23 0)
(4.15408e-07 -5.11639e-08 2.09073e-22 -1.63537e-07 7.43183e-23 0)
(4.22352e-07 -4.75206e-08 6.29337e-22 -1.66269e-07 2.96125e-22 0)
(4.28488e-07 -4.41071e-08 2.89428e-24 -1.68696e-07 2.91114e-24 0)
(4.33862e-07 -4.0869e-08 7.83693e-23 -1.7083e-07 -5.49804e-23 0)
(4.38504e-07 -3.77692e-08 1.22388e-22 -1.72676e-07 1.23572e-22 0)
(4.42432e-07 -3.47776e-08 1.25546e-22 -1.74227e-07 1.27287e-22 0)
(4.45673e-07 -3.18918e-08 -1.24364e-22 -1.75468e-07 -1.26907e-22 0)
(4.48205e-07 -2.9141e-08 -1.25062e-22 -1.76352e-07 -1.28506e-22 0)
(4.50063e-07 -2.66397e-08 -2.51148e-22 -1.768e-07 -2.59865e-22 0)
(4.51087e-07 -2.45412e-08 -1.89582e-24 -1.76627e-07 -1.8489e-24 0)
(4.5133e-07 -2.33799e-08 2.90036e-20 -1.75527e-07 4.17053e-22 6.44266e-35)
(3.47328e-07 -1.36267e-07 9.7882e-23 -1.47899e-07 1.17401e-22 0)
(3.57562e-07 -1.25779e-07 1.3107e-22 -1.51767e-07 4.28132e-23 0)
(3.68205e-07 -1.16281e-07 -3.09898e-22 -1.54916e-07 -3.4082e-22 0)
(3.77495e-07 -1.07455e-07 -2.54924e-23 -1.5788e-07 6.08539e-23 0)
(3.86436e-07 -9.90241e-08 5.60147e-22 -1.60382e-07 4.1286e-22 0)
(3.94536e-07 -9.13519e-08 -4.4618e-22 -1.62776e-07 -3.74977e-22 0)
(4.02144e-07 -8.41649e-08 -1.19389e-22 -1.6493e-07 -1.20699e-22 0)
(4.09089e-07 -7.75874e-08 2.28082e-22 -1.66969e-07 2.26767e-22 0)
(4.15516e-07 -7.14781e-08 -3.61474e-24 -1.68861e-07 -1.44701e-22 0)
(4.21377e-07 -6.58353e-08 -2.41269e-22 -1.70645e-07 -2.378e-22 0)
(4.26738e-07 -6.05712e-08 2.31152e-22 -1.72317e-07 2.27391e-22 0)
(4.31595e-07 -5.56438e-08 3.57152e-22 -1.73886e-07 3.52116e-22 0)
(4.35981e-07 -5.09883e-08 2.73083e-24 -1.75346e-07 2.65394e-24 0)
(4.39905e-07 -4.65594e-08 -1.2227e-22 -1.76685e-07 -1.2165e-22 0)
(4.4337e-07 -4.23172e-08 1.21035e-22 -1.77871e-07 1.2134e-22 0)
(4.46377e-07 -3.82445e-08 1.78264e-29 -1.78848e-07 1.7594e-29 0)
(4.4886e-07 -3.43464e-08 -1.24682e-22 -1.79507e-07 -1.26958e-22 0)
(4.50794e-07 -3.06747e-08 1.93479e-23 -1.79674e-07 9.08584e-23 0)
(4.51844e-07 -2.73123e-08 -3.97551e-22 -1.78976e-07 -5.13104e-23 0)
(4.52014e-07 -2.4392e-08 2.91017e-20 -1.77013e-07 4.14683e-22 4.80443e-38)
(3.92733e-07 -1.60616e-07 0 -1.76887e-07 0 0)
(3.96601e-07 -1.4867e-07 1.40332e-22 -1.78151e-07 4.73565e-23 0)
(4.02117e-07 -1.3754e-07 1.11641e-22 -1.78468e-07 1.11532e-22 0)
(4.06419e-07 -1.27384e-07 1.22559e-22 -1.78953e-07 1.23725e-22 0)
(4.1111e-07 -1.1747e-07 0 -1.79008e-07 0 0)
(4.15307e-07 -1.08445e-07 1.43345e-23 -1.79215e-07 -6.05931e-23 0)
(4.19561e-07 -9.98821e-08 -3.61665e-22 -1.79359e-07 -1.99928e-22 0)
(4.2353e-07 -9.20039e-08 -2.33584e-22 -1.79612e-07 -2.21911e-22 0)
(4.27407e-07 -8.46319e-08 -1.29089e-22 -1.79925e-07 -5.47023e-23 0)
(4.31066e-07 -7.77933e-08 3.71139e-24 -1.80335e-07 1.38969e-22 0)
(4.34569e-07 -7.13941e-08 -1.10957e-22 -1.80829e-07 2.81594e-23 0)
(4.37872e-07 -6.53973e-08 2.36954e-22 -1.81404e-07 9.40626e-23 0)
(4.40989e-07 -5.97347e-08 2.22381e-22 -1.82039e-07 1.43372e-23 0)
(4.43904e-07 -5.43568e-08 7.87866e-24 -1.82708e-07 7.51432e-23 0)
(4.46591e-07 -4.92134e-08 1.22041e-23 -1.83356e-07 7.9942e-23 0)
(4.49026e-07 -4.42642e-08 -1.23291e-22 -1.839e-07 -1.22821e-22 0)
(4.51097e-07 -3.94795e-08 -2.63226e-29 -1.84195e-07 -2.62904e-29 0)
(4.52754e-07 -3.4816e-08 2.65256e-22 -1.84034e-07 3.41418e-22 0)
(4.53578e-07 -3.02899e-08 -1.57668e-23 -1.83007e-07 -8.92293e-23 0)
(4.53627e-07 -2.55617e-08 2.86353e-20 -1.80724e-07 8.63544e-23 -9.32144e-35)
(4.41731e-07 -1.73114e-07 1.44972e-23 -2.08794e-07 1.53279e-22 0)
(4.39043e-07 -1.61186e-07 -1.52821e-22 -2.07434e-07 -6.18396e-23 0)
(4.39442e-07 -1.49408e-07 -3.87527e-22 -2.04727e-07 -2.80665e-22 0)
(4.38661e-07 -1.39048e-07 2.54209e-22 -2.02673e-07 1.55241e-22 0)
(4.39062e-07 -1.28607e-07 6.60833e-22 -2.00172e-07 3.90111e-22 0)
(4.39237e-07 -1.1914e-07 -1.22538e-22 -1.98065e-07 -1.11932e-22 0)
(4.40014e-07 -1.10018e-07 0 -1.9606e-07 0 0)
(4.40844e-07 -1.01578e-07 1.19246e-22 -1.94366e-07 1.086e-22 0)
(4.41994e-07 -9.36117e-08 -3.77353e-22 -1.92935e-07 -1.49714e-22 0)
(4.43258e-07 -8.61779e-08 -2.46745e-22 -1.91801e-07 -1.62797e-22 0)
(4.44698e-07 -7.91885e-08 9.66096e-24 -1.90949e-07 -1.20587e-22 0)
(4.46233e-07 -7.26173e-08 -1.27528e-22 -1.90367e-07 -1.84716e-22 0)
(4.47859e-07 -6.64009e-08 -6.22017e-24 -1.90029e-07 1.91093e-22 0)
(4.49532e-07 -6.04858e-08 2.47227e-22 -1.89892e-07 3.03239e-22 0)
(4.51207e-07 -5.48107e-08 1.17078e-22 -1.89891e-07 4.64706e-23 0)
(4.52835e-07 -4.9305e-08 -6.74e-24 -1.89931e-07 -7.48244e-23 0)
(4.54281e-07 -4.39042e-08 2.2669e-22 -1.89852e-07 8.70327e-23 0)
(4.55483e-07 -3.84636e-08 1.1143e-22 -1.89453e-07 4.17948e-23 0)
(4.56026e-07 -3.2964e-08 4.62102e-22 -1.88356e-07 3.30369e-22 0)
(4.55997e-07 -2.66741e-08 2.96602e-20 -1.86218e-07 1.01139e-21 9.24491e-35)
(4.9226e-07 -1.74486e-07 9.21935e-23 -2.40047e-07 1.0991e-22 0)
(4.82973e-07 -1.6413e-07 2.2635e-24 -2.36497e-07 4.161e-24 0)
(4.78437e-07 -1.52646e-07 -2.79601e-22 -2.30972e-07 -1.74545e-22 0)
(4.72608e-07 -1.43096e-07 -6.72165e-22 -2.26621e-07 -4.4992e-22 0)
(4.68821e-07 -1.32976e-07 2.62035e-22 -2.21792e-07 1.60634e-22 0)
(4.65e-07 -1.23836e-07 2.48559e-22 -2.17524e-07 2.16193e-22 0)
(4.62308e-07 -1.14862e-07 -1.2174e-22 -2.13507e-07 -1.06066e-22 0)
(4.5997e-07 -1.06488e-07 -1.75687e-23 -2.09945e-07 4.50943e-23 0)
(4.58327e-07 -9.8505e-08 5.27929e-22 -2.06813e-07 2.85943e-22 0)
(4.57101e-07 -9.09939e-08 -3.56791e-22 -2.04134e-07 -3.19601e-22 0)
(4.56356e-07 -8.38864e-08 -1.26903e-22 -2.01904e-07 -1.15219e-22 0)
(4.55977e-07 -7.71649e-08 3.4901e-22 -2.00109e-07 4.45659e-22 0)
(4.55949e-07 -7.07775e-08 -4.93534e-22 -1.98726e-07 -1.41888e-22 0)
(4.56207e-07 -6.46689e-08 -3.59075e-22 -1.9771e-07 -3.38658e-22 0)
(4.56694e-07 -5.87742e-08 -1.22919e-24 -1.97e-07 -6.67773e-23 0)
(4.57347e-07 -5.29966e-08 -4.79485e-22 -1.96506e-07 -3.31096e-22 0)
(4.58035e-07 -4.72449e-08 -3.50535e-24 -1.96089e-07 -2.94874e-24 0)
(4.58688e-07 -4.1289e-08 4.73256e-22 -1.95579e-07 4.05368e-22 0)
(4.58972e-07 -3.50998e-08 9.7012e-24 -1.9468e-07 8.22311e-23 0)
(4.58951e-07 -2.76422e-08 2.98366e-20 -1.9312e-07 8.16292e-22 -6.70478e-37)
(5.4189e-07 -1.6471e-07 -9.65564e-23 -2.6905e-07 -1.07704e-22 0)
(5.26308e-07 -1.5761e-07 1.32138e-22 -2.63974e-07 1.07052e-22 0)
(5.17332e-07 -1.47409e-07 1.61391e-22 -2.56145e-07 7.83142e-23 0)
(5.06714e-07 -1.39641e-07 -1.28977e-22 -2.4982e-07 -1.06614e-22 0)
(4.99005e-07 -1.30745e-07 -3.01793e-22 -2.43026e-07 -1.40331e-22 0)
(4.91368e-07 -1.22662e-07 1.47267e-22 -2.3677e-07 6.81331e-23 0)
(4.85305e-07 -1.14524e-07 4.1833e-22 -2.30887e-07 2.44144e-22 0)
(4.79873e-07 -1.06784e-07 -6.73277e-22 -2.25531e-07 -4.08495e-22 0)
(4.75453e-07 -9.93006e-08 -4.14967e-22 -2.20743e-07 -2.47449e-22 0)
(4.71734e-07 -9.21627e-08 6.51348e-22 -2.16541e-07 3.98606e-22 0)
(4.68765e-07 -8.53456e-08 -2.64092e-22 -2.1294e-07 -1.17513e-22 0)
(4.66417e-07 -7.8845e-08 3.54966e-22 -2.09929e-07 3.20224e-22 0)
(4.64658e-07 -7.26267e-08 3.78238e-22 -2.07489e-07 2.23883e-22 0)
(4.63413e-07 -6.66401e-08 -2.25047e-22 -2.05585e-07 -2.72156e-22 0)
(4.62618e-07 -6.08204e-08 -1.39479e-22 -2.04167e-07 6.09209e-23 0)
(4.62203e-07 -5.50537e-08 6.86695e-24 -2.03164e-07 5.66134e-24 0)
(4.62066e-07 -4.9233e-08 -5.85498e-22 -2.02474e-07 -4.38782e-22 0)
(4.62128e-07 -4.30677e-08 1.17081e-22 -2.01977e-07 1.16923e-22 0)
(4.62191e-07 -3.65326e-08 2.29971e-22 -2.01487e-07 1.63226e-22 0)
(4.62239e-07 -2.83933e-08 2.99729e-20 -2.00814e-07 8.19805e-22 -2.75145e-37)
(5.88023e-07 -1.44474e-07 1.22897e-24 -2.9324e-07 3.34343e-24 0)
(5.66907e-07 -1.42279e-07 -1.36529e-22 -2.87492e-07 -1.07133e-22 0)
(5.54259e-07 -1.34436e-07 2.7606e-23 -2.78385e-07 -2.51095e-23 0)
(5.39393e-07 -1.2911e-07 0 -2.7048e-07 0 0)
(5.28175e-07 -1.22247e-07 0 -2.62372e-07 0 0)
(5.17177e-07 -1.15792e-07 -4.07439e-22 -2.54616e-07 -2.85573e-22 0)
(5.08019e-07 -1.09118e-07 3.63948e-22 -2.47306e-07 2.9912e-22 0)
(4.99746e-07 -1.02559e-07 7.65656e-22 -2.4049e-07 5.92032e-22 0)
(4.92686e-07 -9.60921e-08 -5.8034e-22 -2.34277e-07 -4.90781e-22 0)
(4.86566e-07 -8.97853e-08 -5.06592e-22 -2.28699e-07 -3.83829e-22 0)
(4.81404e-07 -8.36642e-08 2.3443e-22 -2.238e-07 2.05365e-22 0)
(4.77087e-07 -7.7741e-08 -2.10658e-23 -2.19596e-07 3.82341e-23 0)
(4.73569e-07 -7.20079e-08 3.95453e-22 -2.16092e-07 1.81999e-22 0)
(4.70773e-07 -6.64288e-08 6.19013e-22 -2.13278e-07 3.88502e-22 0)
(4.68645e-07 -6.09483e-08 8.49507e-24 -2.11131e-07 6.92795e-24 0)
(4.67111e-07 -5.54506e-08 2.74406e-22 -2.09614e-07 -5.879e-23 0)
(4.66116e-07 -4.98261e-08 0 -2.0868e-07 0 0)
(4.65571e-07 -4.37541e-08 -2.35236e-22 -2.08268e-07 -9.75237e-23 0)
(4.65448e-07 -3.72215e-08 1.13079e-22 -2.08322e-07 4.50731e-23 0)
(4.65616e-07 -2.88925e-08 3.04408e-20 -2.08744e-07 9.06472e-22 -7.31713e-37)
(6.28682e-07 -1.15733e-07 -9.83569e-25 -3.10827e-07 -2.90519e-24 0)
(6.02815e-07 -1.19317e-07 1.67907e-22 -3.0502e-07 9.36297e-23 0)
(5.87655e-07 -1.15503e-07 -1.67089e-22 -2.96761e-07 -9.45532e-23 0)
(5.69536e-07 -1.1309e-07 -1.64432e-22 -2.87971e-07 -9.19886e-23 0)
(5.55175e-07 -1.09099e-07 4.52592e-22 -2.79101e-07 2.81892e-22 0)
(5.4133e-07 -1.04661e-07 3.21537e-22 -2.7016e-07 1.777e-22 0)
(5.29356e-07 -9.97797e-08 -4.27958e-22 -2.61631e-07 -2.61357e-22 0)
(5.18552e-07 -9.46513e-08 5.39521e-23 -2.53576e-07 -4.73462e-23 0)
(5.09096e-07 -8.94201e-08 9.7839e-23 -2.46148e-07 8.02283e-23 0)
(5.00785e-07 -8.41687e-08 -4.97046e-23 -2.39406e-07 5.73172e-23 0)
(4.93596e-07 -7.89705e-08 -4.32585e-22 -2.33408e-07 -2.20087e-22 0)
(4.87431e-07 -7.38585e-08 3.91441e-24 -2.28189e-07 3.34179e-24 0)
(4.82237e-07 -6.8847e-08 -2.021e-22 -2.23771e-07 -2.38195e-22 0)
(4.77942e-07 -6.39145e-08 -6.74431e-24 -2.20169e-07 -5.49878e-24 0)
(4.74507e-07 -5.90174e-08 2.51998e-22 -2.17392e-07 1.14729e-22 0)
(4.71863e-07 -5.40469e-08 -5.07533e-24 -2.15442e-07 -3.97921e-24 0)
(4.70014e-07 -4.88981e-08 3.13777e-22 -2.14337e-07 3.68915e-22 0)
(4.68861e-07 -4.32493e-08 -1.15791e-22 -2.14082e-07 -4.87669e-23 0)
(4.6857e-07 -3.71003e-08 -5.49749e-22 -2.14757e-07 -4.87775e-22 0)
(4.68867e-07 -2.91041e-08 3.00182e-20 -2.16369e-07 4.65009e-22 -5.53368e-35)
(6.60835e-07 -7.88086e-08 -2.12692e-23 -3.21649e-07 -1.03842e-23 0)
(6.34132e-07 -8.62553e-08 -1.79594e-22 -3.14486e-07 -9.98778e-23 0)
(6.16862e-07 -8.81801e-08 1.46969e-22 -3.08964e-07 1.04622e-22 0)
(5.97558e-07 -8.90902e-08 -3.86474e-22 -3.01102e-07 -3.12841e-22 0)
(5.80664e-07 -8.8963e-08 -3.96496e-22 -2.92866e-07 -2.95587e-22 0)
(5.64647e-07 -8.76503e-08 2.36184e-22 -2.83985e-07 2.13344e-22 0)
(5.50152e-07 -8.55056e-08 2.06285e-22 -2.74995e-07 2.12133e-22 0)
(5.36975e-07 -8.26624e-08 3.56011e-22 -2.66175e-07 2.84741e-22 0)
(5.25196e-07 -7.93299e-08 -4.15583e-22 -2.57762e-07 -2.80693e-22 0)
(5.14722e-07 -7.56631e-08 1.25021e-24 -2.49938e-07 7.16691e-24 0)
(5.0552e-07 -7.17904e-08 -5.65318e-24 -2.42827e-07 -2.15646e-23 0)
(4.97509e-07 -6.78035e-08 -3.26822e-22 -2.36524e-07 -2.82697e-22 0)
(4.90638e-07 -6.376e-08 0 -2.31097e-07 0 0)
(4.8484e-07 -5.96776e-08 -2.90807e-22 -2.26602e-07 -9.29545e-23 0)
(4.80086e-07 -5.55424e-08 -1.4988e-24 -2.23092e-07 -5.07143e-24 0)
(4.76314e-07 -5.12749e-08 -3.7691e-22 -2.20616e-07 -1.72075e-22 0)
(4.73586e-07 -4.6789e-08 1.04696e-22 -2.19261e-07 9.81691e-23 0)
(4.71799e-07 -4.1794e-08 2.37395e-22 -2.19107e-07 1.02419e-22 0)
(4.71323e-07 -3.63051e-08 2.91035e-24 -2.2038e-07 -1.20272e-25 0)
(4.71756e-07 -2.90522e-08 3.0341e-20 -2.23194e-07 4.23576e-22 -2.34619e-37)
(6.76153e-07 -4.85968e-08 1.86692e-22 -3.21412e-07 1.4798e-22 0)
(6.51916e-07 -5.26625e-08 -1.7077e-22 -3.15396e-07 -1.0121e-22 0)
(6.33341e-07 -5.99157e-08 -9.9893e-23 -3.1179e-07 -7.48846e-23 0)
(6.14277e-07 -6.34613e-08 1.64187e-22 -3.05552e-07 9.45752e-23 0)
(5.96605e-07 -6.59935e-08 -3.22671e-22 -2.98152e-07 -1.44818e-22 0)
(5.79789e-07 -6.72124e-08 -2.17925e-22 -2.89953e-07 -1.00502e-22 0)
(5.64259e-07 -6.73965e-08 -2.74336e-22 -2.81312e-07 -1.81826e-22 0)
(5.49914e-07 -6.67234e-08 3.14703e-23 -2.72605e-07 -1.68833e-23 0)
(5.36885e-07 -6.53549e-08 5.52988e-22 -2.64101e-07 3.26061e-22 0)
(5.2512e-07 -6.34591e-08 -1.92764e-23 -2.5603e-07 -1.81672e-23 0)
(5.14632e-07 -6.11681e-08 2.94963e-22 -2.48566e-07 1.56022e-22 0)
(5.0537e-07 -5.85945e-08 -1.47869e-23 -2.41845e-07 -1.46769e-23 0)
(4.9731e-07 -5.58165e-08 1.09111e-36 -2.35981e-07 9.80834e-37 0)
(4.90405e-07 -5.2878e-08 -1.29429e-22 -2.31069e-07 -6.06748e-23 0)
(4.84655e-07 -4.97917e-08 1.26476e-22 -2.27208e-07 5.79851e-23 0)
(4.80014e-07 -4.65135e-08 -5.81714e-24 -2.24494e-07 -7.30512e-24 0)
(4.76602e-07 -4.29885e-08 1.85132e-23 -2.23082e-07 -4.55901e-23 0)
(4.7431e-07 -3.89983e-08 1.22671e-24 -2.23113e-07 3.35124e-24 0)
(4.73665e-07 -3.45762e-08 -1.11562e-24 -2.24936e-07 1.2813e-24 0)
(4.74155e-07 -2.86347e-08 3.07288e-20 -2.28761e-07 1.61658e-22 2.7368e-37)
(6.6226e-07 -1.90913e-08 1.72329e-22 -3.07865e-07 1.2474e-22 0)
(6.46264e-07 -2.37571e-08 0 -3.10088e-07 0 0)
(6.29544e-07 -3.25258e-08 -1.35149e-22 -3.07487e-07 -1.06977e-22 0)
(6.12721e-07 -3.83062e-08 1.76105e-36 -3.02917e-07 1.29521e-36 0)
(5.9666e-07 -4.28811e-08 4.0228e-37 -2.96705e-07 2.68905e-37 0)
(5.81101e-07 -4.61507e-08 1.91006e-36 -2.89514e-07 1.3016e-36 0)
(5.66481e-07 -4.82965e-08 2.93776e-36 -2.81696e-07 2.14852e-36 0)
(5.52733e-07 -4.95012e-08 -1.1866e-22 -2.73635e-07 -9.88921e-23 0)
(5.40043e-07 -4.99083e-08 0 -2.65617e-07 0 0)
(5.28403e-07 -4.96783e-08 1.13437e-22 -2.5789e-07 9.75571e-23 0)
(5.17874e-07 -4.89383e-08 -1.65748e-37 -2.50653e-07 -2.36094e-37 0)
(5.08447e-07 -4.78021e-08 -1.09152e-22 -2.44069e-07 -9.71031e-23 0)
(5.00138e-07 -4.63538e-08 1.07369e-22 -2.38279e-07 9.71532e-23 0)
(4.92934e-07 -4.46527e-08 1.5297e-36 -2.33409e-07 1.01508e-36 0)
(4.86872e-07 -4.27259e-08 -1.04521e-22 -2.29588e-07 -9.77407e-23 0)
(4.81936e-07 -4.05667e-08 -9.23306e-37 -2.26952e-07 -7.64625e-37 0)
(4.78289e-07 -3.81428e-08 1.02678e-22 -2.25696e-07 9.89724e-23 0)
(4.75842e-07 -3.53251e-08 1.02153e-22 -2.26005e-07 9.98779e-23 0)
(4.75233e-07 -3.21772e-08 -1.09622e-36 -2.28316e-07 -8.62345e-37 0)
(4.75875e-07 -2.79266e-08 3.08705e-20 -2.3286e-07 -8.76113e-37 -1.82108e-49)
(6.50195e-07 1.04446e-08 3.38426e-23 -2.94096e-07 4.70886e-23 0)
(6.36643e-07 3.34964e-09 -1.08422e-22 -2.98843e-07 -6.4155e-23 0)
(6.23475e-07 -6.90948e-09 -2.44275e-22 -2.9877e-07 -1.71601e-22 0)
(6.08719e-07 -1.45033e-08 0 -2.96229e-07 0 0)
(5.94541e-07 -2.08049e-08 1.45542e-23 -2.91805e-07 4.15038e-23 0)
(5.80283e-07 -2.58299e-08 -1.03062e-22 -2.86068e-07 -2.00974e-23 0)
(5.66678e-07 -2.96807e-08 -2.35913e-22 -2.79452e-07 -1.61508e-22 0)
(5.53633e-07 -3.25542e-08 -3.47833e-22 -2.72351e-07 -2.17449e-22 0)
(5.41422e-07 -3.45637e-08 1.16231e-22 -2.65086e-07 9.9716e-23 0)
(5.30063e-07 -3.58622e-08 -2.29014e-22 -2.57932e-07 -1.10745e-22 0)
(5.19665e-07 -3.65647e-08 -1.14379e-22 -2.51119e-07 -5.39098e-23 0)
(5.10249e-07 -3.67845e-08 -2.28407e-22 -2.4484e-07 -1.05124e-22 0)
(5.01867e-07 -3.66093e-08 -2.28007e-22 -2.39267e-07 -1.02731e-22 0)
(4.94534e-07 -3.61098e-08 -1.13797e-22 -2.34555e-07 -5.03539e-23 0)
(4.88315e-07 -3.53311e-08 -2.2719e-22 -2.3087e-07 -9.91255e-23 0)
(4.83224e-07 -3.43027e-08 -2.26811e-22 -2.28376e-07 -9.80548e-23 0)
(4.79454e-07 -3.30158e-08 -1.02928e-22 -2.27315e-07 -9.90508e-23 0)
(4.76929e-07 -3.14529e-08 -1.1306e-22 -2.27869e-07 -4.89185e-23 0)
(4.76355e-07 -2.96554e-08 -1.12886e-22 -2.30535e-07 -4.94907e-23 0)
(4.77056e-07 -2.71495e-08 3.08539e-20 -2.35593e-07 -5.05766e-23 -1.37006e-49)
(6.3321e-07 3.32603e-08 6.27466e-22 -2.79605e-07 4.81873e-22 0)
(6.22852e-07 2.60117e-08 9.80312e-23 -2.86832e-07 6.15766e-23 0)
(6.12813e-07 1.53139e-08 -3.64078e-22 -2.88735e-07 -2.77061e-22 0)
(6.00367e-07 6.89582e-09 3.72964e-36 -2.87933e-07 2.83564e-36 0)
(5.88257e-07 -5.17963e-10 1.47246e-22 -2.85073e-07 1.49009e-22 0)
(5.75611e-07 -6.77903e-09 -1.96322e-37 -2.80669e-07 -1.10704e-37 0)
(5.63348e-07 -1.19573e-08 1.08028e-22 -2.75215e-07 5.90826e-23 0)
(5.51351e-07 -1.61878e-08 -2.36726e-22 -2.69098e-07 -2.03953e-22 0)
(5.39965e-07 -1.95571e-08 4.67383e-36 -2.62662e-07 3.54048e-36 0)
(5.29229e-07 -2.21896e-08 2.27228e-22 -2.56194e-07 2.01111e-22 0)
(5.1929e-07 -2.41854e-08 -1.10426e-22 -2.4994e-07 -5.36567e-23 0)
(5.10197e-07 -2.56481e-08 -1.31155e-36 -2.44114e-07 -9.49335e-37 0)
(5.02032e-07 -2.66639e-08 -5.61295e-36 -2.38904e-07 -4.63732e-36 0)
(4.94836e-07 -2.73141e-08 1.10898e-22 -2.34489e-07 5.03396e-23 0)
(4.88693e-07 -2.76543e-08 -3.33417e-36 -2.31048e-07 -2.56569e-36 0)
(4.83652e-07 -2.77634e-08 -2.07659e-22 -2.2878e-07 -1.98073e-22 0)
(4.79898e-07 -2.76162e-08 1.47194e-36 -2.2791e-07 1.01878e-36 0)
(4.77426e-07 -2.73734e-08 9.40461e-23 -2.28685e-07 1.4928e-22 0)
(4.76944e-07 -2.68993e-08 -1.10841e-22 -2.31679e-07 -4.97365e-23 0)
(4.77673e-07 -2.62183e-08 3.09118e-20 -2.37011e-07 -5.08811e-23 0)
(6.12991e-07 5.2104e-08 1.69704e-22 -2.64006e-07 1.13353e-22 0)
(6.0549e-07 4.47929e-08 2.18923e-22 -2.72858e-07 1.66746e-22 0)
(5.98413e-07 3.41976e-08 1.85086e-22 -2.76405e-07 1.18676e-22 0)
(5.88396e-07 2.54381e-08 3.09677e-37 -2.77277e-07 3.34011e-37 0)
(5.78509e-07 1.74001e-08 3.20666e-22 -2.7599e-07 2.24205e-22 0)
(5.67699e-07 1.03389e-08 -2.14675e-23 -2.73014e-07 -4.62338e-23 0)
(5.57019e-07 4.21538e-09 -1.73899e-23 -2.6884e-07 -4.62858e-23 0)
(5.46331e-07 -1.04396e-09 2.07312e-22 -2.63843e-07 1.13283e-22 0)
(5.36037e-07 -5.49454e-09 1.15075e-22 -2.58379e-07 1.02486e-22 0)
(5.26191e-07 -9.22913e-09 2.18765e-22 -2.52741e-07 1.56098e-22 0)
(5.16976e-07 -1.23276e-08 2.13132e-22 -2.4719e-07 1.06133e-22 0)
(5.08464e-07 -1.48781e-08 -1.98914e-24 -2.41952e-07 -4.88372e-23 0)
(5.00757e-07 -1.69634e-08 1.07767e-22 -2.37231e-07 1.50541e-24 0)
(4.93923e-07 -1.86629e-08 1.07992e-22 -2.33222e-07 5.00676e-23 0)
(4.88041e-07 -2.00556e-08 3.21295e-22 -2.30108e-07 1.98449e-22 0)
(4.83234e-07 -2.12123e-08 1.08459e-22 -2.2812e-07 4.89723e-23 0)
(4.79535e-07 -2.22025e-08 0 -2.27449e-07 0 0)
(4.77385e-07 -2.31799e-08 3.19882e-22 -2.28508e-07 1.96858e-22 0)
(4.76242e-07 -2.39231e-08 3.22491e-22 -2.31207e-07 1.73226e-22 0)
(4.7781e-07 -2.53543e-08 3.12488e-20 -2.3688e-07 1.01706e-22 0)
(5.90943e-07 6.65188e-08 -9.16469e-23 -2.48612e-07 -6.27332e-23 0)
(5.86012e-07 5.96412e-08 -8.12056e-23 -2.58622e-07 -5.55204e-23 0)
(5.8154e-07 4.96852e-08 -1.24844e-22 -2.63465e-07 -1.0659e-22 0)
(5.73845e-07 4.10776e-08 0 -2.657e-07 0 0)
(5.66112e-07 3.28548e-08 1.21532e-22 -2.65754e-07 1.06019e-22 0)
(5.57196e-07 2.53829e-08 2.14197e-22 -2.64054e-07 1.62164e-22 0)
(5.48204e-07 1.86481e-08 -2.14543e-22 -2.61072e-07 -1.60909e-22 0)
(5.38982e-07 1.26509e-08 -1.15708e-22 -2.57165e-07 -1.04222e-22 0)
(5.29963e-07 7.36686e-09 1.13772e-22 -2.52685e-07 1.03582e-22 0)
(5.21214e-07 2.74325e-09 1.0178e-22 -2.47924e-07 5.32237e-23 0)
(5.12937e-07 -1.27663e-09 -2.37244e-38 -2.43144e-07 -1.71766e-37 0)
(5.0522e-07 -4.76292e-09 1.03831e-22 -2.38577e-07 5.12173e-23 0)
(4.98188e-07 -7.78984e-09 3.68438e-37 -2.34433e-07 3.48752e-37 0)
(4.91913e-07 -1.04327e-08 -1.05179e-22 -2.30908e-07 -4.95709e-23 0)
(4.86519e-07 -1.27864e-08 3.59809e-37 -2.28201e-07 3.45056e-37 0)
(4.82059e-07 -1.49229e-08 1.06015e-22 -2.26516e-07 4.86279e-23 0)
(4.78779e-07 -1.7016e-08 -1.02783e-22 -2.261e-07 -9.89978e-23 0)
(4.76635e-07 -1.91038e-08 -1.54005e-38 -2.27251e-07 1.6955e-37 0)
(4.76297e-07 -2.15109e-08 -3.67681e-37 -2.3023e-07 -1.70268e-37 0)
(4.77009e-07 -2.44099e-08 3.09951e-20 -2.35325e-07 5.27263e-35 -9.14215e-50)
(5.67877e-07 7.72206e-08 1.34612e-22 -2.33677e-07 1.1154e-22 0)
(5.6516e-07 7.10171e-08 7.47619e-23 -2.44304e-07 5.24468e-23 0)
(5.62925e-07 6.19698e-08 -1.20848e-22 -2.5006e-07 -1.05706e-22 0)
(5.57393e-07 5.37974e-08 1.67955e-36 -2.53374e-07 1.2914e-36 0)
(5.51702e-07 4.57047e-08 -1.79284e-37 -2.5456e-07 -1.6316e-37 0)
(5.4467e-07 3.8124e-08 8.94801e-23 -2.54008e-07 5.453e-23 0)
(5.37403e-07 3.10665e-08 9.21403e-23 -2.5214e-07 5.41289e-23 0)
(5.29737e-07 2.45955e-08 -1.13723e-22 -2.49292e-07 -1.05008e-22 0)
(5.22113e-07 1.87168e-08 0 -2.45798e-07 0 0)
(5.14603e-07 1.34159e-08 2.08603e-22 -2.41941e-07 1.55828e-22 0)
(5.07422e-07 8.65905e-09 -1.4343e-36 -2.37979e-07 -1.0615e-36 0)
(5.00669e-07 4.39687e-09 -6.72135e-24 -2.34139e-07 -5.23846e-23 0)
(4.94475e-07 5.67469e-10 1.06153e-22 -2.3063e-07 1.01997e-22 0)
(4.88927e-07 -2.90518e-09 1.02564e-22 -2.27646e-07 4.88706e-23 0)
(4.84149e-07 -6.11092e-09 -1.03936e-22 -2.25383e-07 -1.00594e-22 0)
(4.80201e-07 -9.16564e-09 1.03738e-22 -2.24024e-07 4.80931e-23 0)
(4.77305e-07 -1.21949e-08 1.02467e-22 -2.23818e-07 9.89133e-23 0)
(4.75399e-07 -1.54329e-08 1.02058e-22 -2.24935e-07 9.786e-23 0)
(4.7512e-07 -1.89684e-08 -7.21904e-37 -2.27771e-07 -3.369e-37 0)
(4.75808e-07 -2.34354e-08 3.09209e-20 -2.32563e-07 -9.96752e-37 -1.82405e-49)
(5.44446e-07 8.45766e-08 6.48042e-23 -2.19598e-07 4.71428e-23 0)
(5.43593e-07 7.92152e-08 6.95502e-23 -2.30446e-07 4.94718e-23 0)
(5.43244e-07 7.12541e-08 7.40491e-23 -2.36788e-07 5.08331e-23 0)
(5.39665e-07 6.37221e-08 0 -2.40882e-07 0 0)
(5.35849e-07 5.59933e-08 8.18416e-23 -2.42956e-07 5.21574e-23 0)
(5.30628e-07 4.85348e-08 0 -2.43365e-07 0 0)
(5.25062e-07 4.13835e-08 8.8107e-23 -2.42474e-07 5.20539e-23 0)
(5.18982e-07 3.4656e-08 0 -2.40597e-07 0 0)
(5.1282e-07 2.83853e-08 0 -2.3804e-07 0 0)
(5.06644e-07 2.25935e-08 0 -2.35068e-07 0 0)
(5.00673e-07 1.72699e-08 9.66184e-23 -2.31927e-07 4.97896e-23 0)
(4.95009e-07 1.2385e-08 0 -2.28835e-07 0 0)
(4.89788e-07 7.89026e-09 0 -2.25991e-07 0 0)
(4.85094e-07 3.71658e-09 1.00231e-22 -2.23578e-07 4.79973e-23 0)
(4.81055e-07 -2.28007e-10 0 -2.21776e-07 0 0)
(4.77719e-07 -4.06761e-09 0 -2.20755e-07 0 0)
(4.75292e-07 -7.94769e-09 0 -2.20712e-07 0 0)
(4.73711e-07 -1.21312e-08 1.02651e-22 -2.21836e-07 4.76233e-23 0)
(4.73517e-07 -1.66996e-08 1.03027e-22 -2.24406e-07 4.81751e-23 0)
(4.74128e-07 -2.25427e-08 3.09126e-20 -2.28595e-07 4.90743e-23 1.51105e-64)
(5.21023e-07 8.90793e-08 -1.82064e-22 -2.06475e-07 -1.49529e-22 0)
(5.21707e-07 8.46213e-08 0 -2.17187e-07 0 0)
(5.22932e-07 7.77902e-08 -7.00663e-23 -2.23814e-07 -4.80479e-23 0)
(5.21095e-07 7.09958e-08 0 -2.2842e-07 0 0)
(5.18989e-07 6.37705e-08 -7.81473e-23 -2.31163e-07 -4.96257e-23 0)
(5.15486e-07 5.65925e-08 -8.16541e-23 -2.32357e-07 -4.98819e-23 0)
(5.11571e-07 4.95205e-08 0 -2.32314e-07 0 0)
(5.07074e-07 4.27112e-08 0 -2.31313e-07 0 0)
(5.02401e-07 3.62226e-08 0 -2.29631e-07 0 0)
(4.97618e-07 3.01061e-08 -9.22749e-23 -2.2751e-07 -4.88414e-23 0)
(4.92935e-07 2.43727e-08 -9.4153e-23 -2.25178e-07 -4.83408e-23 0)
(4.8845e-07 1.90115e-08 -9.57606e-23 -2.22836e-07 -4.7838e-23 0)
(4.84298e-07 1.39894e-08 0 -2.20668e-07 0 0)
(4.8056e-07 9.24306e-09 0 -2.1884e-07 0 0)
(4.77352e-07 4.68939e-09 0 -2.1751e-07 0 0)
(4.74719e-07 1.91422e-10 -9.99484e-23 -2.16821e-07 -4.65466e-23 0)
(4.72828e-07 -4.38859e-09 0 -2.16934e-07 0 0)
(4.71616e-07 -9.35892e-09 -1.01085e-22 -2.17979e-07 -4.67953e-23 0)
(4.71518e-07 -1.47943e-08 -1.01534e-22 -2.20185e-07 -4.7269e-23 0)
(4.72033e-07 -2.17584e-08 3.05651e-20 -2.23655e-07 -4.80139e-23 -1.35681e-49)
(4.97807e-07 9.10975e-08 -3.3722e-22 -1.94339e-07 -3.01148e-22 0)
(4.99762e-07 8.75283e-08 -6.25027e-23 -2.04653e-07 -4.39344e-23 0)
(5.02308e-07 8.17963e-08 8.24545e-38 -2.11326e-07 2.03957e-37 0)
(5.02022e-07 7.5771e-08 5.41451e-38 -2.16217e-07 2.06183e-37 0)
(5.01475e-07 6.91244e-08 1.07656e-22 -2.19432e-07 1.05038e-22 0)
(4.99587e-07 6.23281e-08 -1.86239e-22 -2.21244e-07 -1.53246e-22 0)
(4.97262e-07 5.54597e-08 -1.89039e-22 -2.21915e-07 -1.5374e-22 0)
(4.94324e-07 4.87049e-08 0 -2.21687e-07 0 0)
(4.91146e-07 4.21407e-08 1.05438e-22 -2.20804e-07 1.05976e-22 0)
(4.87786e-07 3.58426e-08 1.45141e-23 -2.19483e-07 5.84738e-23 0)
(4.84437e-07 2.98398e-08 2.78204e-37 -2.17928e-07 -3.8445e-38 0)
(4.81191e-07 2.414e-08 -1.97268e-22 -2.16319e-07 -1.5077e-22 0)
(4.78175e-07 1.8722e-08 -1.02654e-22 -2.1482e-07 -1.03487e-22 0)
(4.75465e-07 1.35337e-08 -9.66935e-23 -2.13577e-07 -4.58504e-23 0)
(4.7316e-07 8.49951e-09 1.01577e-22 -2.1272e-07 1.01373e-22 0)
(4.71297e-07 3.48404e-09 -9.85711e-23 -2.1236e-07 -4.55891e-23 0)
(4.69997e-07 -1.64867e-09 6.81896e-37 -2.12608e-07 3.13548e-37 0)
(4.69201e-07 -7.22367e-09 1.00727e-22 -2.13552e-07 9.67441e-23 0)
(4.69209e-07 -1.33043e-08 0 -2.15318e-07 0 0)
(4.69606e-07 -2.10916e-08 3.05005e-20 -2.17939e-07 5.19057e-35 -8.99627e-50)
(4.74855e-07 9.09438e-08 1.01941e-22 -1.83092e-07 9.48375e-23 0)
(4.77882e-07 8.81891e-08 2.53213e-37 -1.92815e-07 1.27993e-37 0)
(4.8156e-07 8.3462e-08 -1.0338e-22 -1.99353e-07 -1.00983e-22 0)
(4.82677e-07 7.81805e-08 0 -2.04351e-07 0 0)
(4.83567e-07 7.21318e-08 1.03811e-22 -2.07882e-07 1.04448e-22 0)
(4.8321e-07 6.57714e-08 1.03735e-22 -2.10175e-07 1.05419e-22 0)
(4.82417e-07 5.91923e-08 -1.03564e-22 -2.11444e-07 -1.05978e-22 0)
(4.8101e-07 5.25959e-08 -1.03262e-22 -2.11897e-07 -1.06199e-22 0)
(4.7932e-07 4.60739e-08 1.029e-22 -2.11742e-07 1.0613e-22 0)
(4.77392e-07 3.97197e-08 -2.26698e-36 -2.11166e-07 -1.70431e-36 0)
(4.75403e-07 3.35761e-08 -1.29083e-36 -2.10349e-07 -8.29438e-37 0)
(4.73433e-07 2.76662e-08 5.16882e-38 -2.09446e-07 3.99723e-37 0)
(4.71596e-07 2.19811e-08 1.68234e-36 -2.086e-07 1.3676e-36 0)
(4.6996e-07 1.64802e-08 2.02965e-36 -2.07932e-07 1.52141e-36 0)
(4.68605e-07 1.10986e-08 6.64273e-37 -2.07541e-07 3.06077e-37 0)
(4.67558e-07 5.70947e-09 -3.35252e-37 -2.07505e-07 -1.53012e-37 0)
(4.66891e-07 1.8532e-10 -1.00231e-22 -2.07881e-07 -9.84254e-23 0)
(4.66543e-07 -5.79935e-09 -6.8193e-37 -2.087e-07 -3.08691e-37 0)
(4.66671e-07 -1.22959e-08 -1.37391e-36 -2.09985e-07 -9.57991e-37 0)
(4.66952e-07 -2.05762e-08 3.03168e-20 -2.11699e-07 -3.13128e-37 0)
(4.52126e-07 8.88167e-08 -3.03987e-22 -1.72618e-07 -2.859e-22 0)
(4.56106e-07 8.67609e-08 -5.41495e-37 -1.81634e-07 -4.66847e-37 0)
(4.60798e-07 8.29102e-08 -1.01246e-37 -1.87915e-07 6.57026e-38 0)
(4.63222e-07 7.83124e-08 1.82709e-37 -1.92895e-07 1.87564e-37 0)
(4.65466e-07 7.28466e-08 9.99253e-23 -1.96626e-07 1.03787e-22 0)
(4.66583e-07 6.6947e-08 -1.00165e-22 -1.99293e-07 -1.04985e-22 0)
(4.6728e-07 6.07137e-08 -1.00315e-22 -2.01067e-07 -1.05729e-22 0)
(4.67378e-07 5.43575e-08 0 -2.02121e-07 0 0)
(4.67166e-07 4.79779e-08 1.0029e-22 -2.02625e-07 1.06133e-22 0)
(4.66672e-07 4.16798e-08 1.00184e-22 -2.02739e-07 1.05891e-22 0)
(4.6605e-07 3.55159e-08 -6.10821e-37 -2.02615e-07 -2.94696e-37 0)
(4.65372e-07 2.95206e-08 -9.99051e-23 -2.02384e-07 -1.04707e-22 0)
(4.64735e-07 2.36951e-08 -9.97683e-23 -2.02164e-07 -1.03812e-22 0)
(4.64196e-07 1.80108e-08 3.57318e-37 -2.02052e-07 5.56305e-37 0)
(4.63816e-07 1.24163e-08 9.95711e-23 -2.02116e-07 1.01465e-22 0)
(4.63612e-07 6.79973e-09 3.42868e-37 -2.024e-07 3.44476e-37 0)
(4.63607e-07 1.04784e-09 0 -2.02905e-07 0 0)
(4.63735e-07 -5.14351e-09 9.95537e-23 -2.03604e-07 9.62924e-23 0)
(4.64005e-07 -1.18107e-08 -1.36685e-36 -2.04406e-07 -9.48051e-37 0)
(4.64184e-07 -2.0234e-08 3.01236e-20 -2.05204e-07 -3.0352e-37 0)
(4.29518e-07 8.48301e-08 -5.58479e-24 -1.62696e-07 -2.64722e-24 0)
(4.34411e-07 8.33331e-08 -5.95369e-23 -1.70959e-07 -3.67012e-23 0)
(4.40073e-07 8.02092e-08 -9.4474e-23 -1.76928e-07 -9.85659e-23 0)
(4.43765e-07 7.6214e-08 0 -1.81828e-07 0 0)
(4.47332e-07 7.12949e-08 9.60324e-23 -1.85695e-07 1.03075e-22 0)
(4.49897e-07 6.58616e-08 1.72771e-22 -1.88672e-07 1.4497e-22 0)
(4.52066e-07 6.00157e-08 -1.76651e-22 -1.90891e-07 -1.46351e-22 0)
(4.53659e-07 5.39691e-08 -2.62776e-22 -1.92488e-07 -1.8851e-22 0)
(4.54917e-07 4.78234e-08 9.76608e-23 -1.93601e-07 1.05997e-22 0)
(4.55855e-07 4.16881e-08 8.79217e-23 -1.9436e-07 4.17247e-23 0)
(4.56601e-07 3.56218e-08 -1.70211e-38 -1.94885e-07 -2.14073e-37 0)
(4.57215e-07 2.96645e-08 9.19505e-23 -1.9529e-07 4.19244e-23 0)
(4.57777e-07 2.38267e-08 -1.87111e-22 -1.95666e-07 -8.40104e-23 0)
(4.58336e-07 1.80914e-08 -9.49159e-23 -1.96085e-07 -4.20951e-23 0)
(4.58934e-07 1.24199e-08 -1.92108e-22 -1.96589e-07 -8.44069e-23 0)
(4.59578e-07 6.7225e-09 9.69989e-23 -1.97189e-07 4.23322e-23 0)
(4.60248e-07 9.08448e-10 -9.88052e-23 -1.97836e-07 -9.81668e-23 0)
(4.6087e-07 -5.28701e-09 -3.39097e-37 -1.98442e-07 -1.46759e-37 0)
(4.61316e-07 -1.188e-08 -1.02138e-36 -1.98803e-07 -7.92066e-37 0)
(4.61424e-07 -2.00861e-08 2.99303e-20 -1.98738e-07 -1.46978e-37 0)
(4.06883e-07 7.89661e-08 9.21522e-23 -1.53217e-07 9.1447e-23 0)
(4.12739e-07 7.78801e-08 6.04921e-23 -1.6074e-07 3.45073e-23 0)
(4.19401e-07 7.53309e-08 -9.00362e-23 -1.66395e-07 -9.74212e-23 0)
(4.2439e-07 7.1855e-08 -1.61043e-38 -1.71203e-07 2.53807e-37 0)
(4.293e-07 6.74429e-08 -5.91006e-37 -1.75184e-07 -2.08116e-37 0)
(4.33329e-07 6.24792e-08 7.70439e-23 -1.7844e-07 3.83072e-23 0)
(4.36981e-07 5.70603e-08 2.68031e-22 -1.81068e-07 2.48692e-22 0)
(4.40075e-07 5.13921e-08 -9.44745e-23 -1.8317e-07 -1.05514e-22 0)
(4.42807e-07 4.55733e-08 -1.90122e-22 -1.8485e-07 -2.11463e-22 0)
(4.45176e-07 3.97117e-08 1.84134e-22 -1.86209e-07 1.4559e-22 0)
(4.47284e-07 3.38658e-08 -9.35077e-37 -1.87344e-07 -4.13528e-37 0)
(4.49176e-07 2.80787e-08 1.88912e-22 -1.88342e-07 1.44972e-22 0)
(4.50921e-07 2.23653e-08 9.68029e-23 -1.89274e-07 1.03641e-22 0)
(4.52557e-07 1.67177e-08 9.53554e-23 -1.90192e-07 4.083e-23 0)
(4.54113e-07 1.11119e-08 -9.74881e-23 -1.91116e-07 -1.01228e-22 0)
(4.55588e-07 5.48323e-09 -9.82371e-23 -1.92025e-07 -1.58229e-22 0)
(4.56928e-07 -2.30837e-10 9.80923e-23 -1.92833e-07 9.80282e-23 0)
(4.5805e-07 -6.23439e-09 9.83334e-23 -1.93395e-07 9.6085e-23 0)
(4.5871e-07 -1.25166e-08 6.80347e-37 -1.93401e-07 4.65668e-37 0)
(4.58791e-07 -2.01482e-08 2.97461e-20 -1.92593e-07 -5.12574e-35 -8.77375e-50)
(3.84074e-07 7.11474e-08 -4.8187e-37 -1.43824e-07 -4.09368e-37 0)
(3.91027e-07 7.03284e-08 6.24489e-23 -1.50707e-07 3.23535e-23 0)
(3.98798e-07 6.82108e-08 6.85079e-37 -1.56133e-07 3.42558e-37 0)
(4.05179e-07 6.51791e-08 0 -1.6091e-07 0 0)
(4.11506e-07 6.12419e-08 -7.6882e-37 -1.65048e-07 -3.62118e-37 0)
(4.17057e-07 5.67587e-08 -7.8833e-23 -1.6861e-07 -3.61968e-23 0)
(4.22234e-07 5.18136e-08 8.2109e-23 -1.71659e-07 3.68514e-23 0)
(4.26861e-07 4.66016e-08 1.70088e-22 -1.74265e-07 7.48217e-23 0)
(4.31083e-07 4.12114e-08 0 -1.76501e-07 0 0)
(4.34886e-07 3.57438e-08 -8.99385e-23 -1.78441e-07 -3.83073e-23 0)
(4.38349e-07 3.02522e-08 -1.29293e-36 -1.80157e-07 -1.44147e-36 0)
(4.41502e-07 2.47787e-08 -9.3634e-23 -1.81714e-07 -3.901e-23 0)
(4.44398e-07 1.93379e-08 1.90172e-22 -1.83165e-07 7.86431e-23 0)
(4.47071e-07 1.39291e-08 9.63077e-23 -1.84546e-07 3.9618e-23 0)
(4.4954e-07 8.53965e-09 1.94653e-22 -1.8586e-07 7.98e-23 0)
(4.51797e-07 3.13259e-09 -9.81716e-23 -1.87069e-07 -4.01596e-23 0)
(4.53775e-07 -2.32335e-09 0 -1.88058e-07 0 0)
(4.55386e-07 -7.9521e-09 1.01644e-36 -1.88642e-07 4.13885e-37 0)
(4.56298e-07 -1.37085e-08 2.36741e-36 -1.88422e-07 1.70585e-36 0)
(4.56411e-07 -2.04266e-08 2.95778e-20 -1.87063e-07 -2.19228e-37 -1.74482e-49)
(3.60937e-07 6.10896e-08 -7.74852e-23 -1.34655e-07 -8.68791e-23 0)
(3.69221e-07 6.04192e-08 2.7306e-37 -1.41033e-07 3.14949e-37 0)
(3.78287e-07 5.86202e-08 4.02276e-37 -1.4634e-07 4.77557e-37 0)
(3.86222e-07 5.59855e-08 -9.11642e-38 -1.51174e-07 2.73675e-37 0)
(3.94095e-07 5.2518e-08 8.46036e-23 -1.55531e-07 1.00665e-22 0)
(4.0127e-07 4.85529e-08 -8.61439e-23 -1.59439e-07 -1.02451e-22 0)
(4.0805e-07 4.41537e-08 -8.75993e-23 -1.62927e-07 -1.03696e-22 0)
(4.14262e-07 3.94985e-08 0 -1.66037e-07 0 0)
(4.20007e-07 3.46615e-08 9.01664e-23 -1.68815e-07 1.04835e-22 0)
(4.25258e-07 2.97319e-08 9.12936e-23 -1.71309e-07 1.0483e-22 0)
(4.3007e-07 2.47542e-08 -9.51383e-37 -1.73568e-07 -1.07686e-36 0)
(4.34459e-07 1.97632e-08 -9.32689e-23 -1.75638e-07 -1.03893e-22 0)
(4.38467e-07 1.47702e-08 -9.41293e-23 -1.77558e-07 -1.03033e-22 0)
(4.4212e-07 9.77731e-09 0 -1.79351e-07 0 0)
(4.45431e-07 4.77748e-09 9.56242e-23 -1.8101e-07 1.00686e-22 0)
(4.48397e-07 -2.40439e-10 0 -1.82493e-07 0 0)
(4.50948e-07 -5.27485e-09 -1.37333e-36 -1.83674e-07 -5.41754e-37 0)
(4.53e-07 -1.03615e-08 9.72491e-23 -1.84348e-07 9.60069e-23 0)
(4.54188e-07 -1.54087e-08 1.35333e-36 -1.84062e-07 9.15315e-37 0)
(4.54394e-07 -2.09161e-08 2.94355e-20 -1.8241e-07 5.07714e-35 -8.68214e-50)
(3.37377e-07 4.85887e-08 6.47638e-23 -1.24962e-07 2.68265e-23 0)
(3.47316e-07 4.79796e-08 0 -1.31115e-07 0 0)
(3.57942e-07 4.64238e-08 3.87622e-37 -1.36549e-07 2.62669e-37 0)
(3.67662e-07 4.41729e-08 0 -1.41652e-07 0 0)
(3.77263e-07 4.12048e-08 -1.39094e-37 -1.46397e-07 -1.71308e-37 0)
(3.86208e-07 3.78227e-08 3.12778e-37 -1.50785e-07 -3.63523e-37 0)
(3.94698e-07 3.4067e-08 0 -1.54815e-07 0 0)
(4.02573e-07 3.00912e-08 0 -1.58504e-07 0 0)
(4.09891e-07 2.59516e-08 0 -1.61871e-07 0 0)
(4.16615e-07 2.17224e-08 -6.34265e-37 -1.64945e-07 -4.8012e-37 0)
(4.22777e-07 1.74348e-08 2.06889e-38 -1.67753e-07 -2.33113e-37 0)
(4.28382e-07 1.31133e-08 3.36869e-37 -1.70324e-07 1.25964e-37 0)
(4.33456e-07 8.76285e-09 0 -1.72683e-07 0 0)
(4.38019e-07 4.38191e-09 0 -1.74846e-07 0 0)
(4.42082e-07 -3.31103e-11 0 -1.76804e-07 0 0)
(4.45647e-07 -4.47817e-09 3.47484e-37 -1.78518e-07 1.32024e-37 0)
(4.48661e-07 -8.92215e-09 0 -1.79878e-07 0 0)
(4.51053e-07 -1.33155e-08 2.01327e-36 -1.8069e-07 1.78163e-36 0)
(4.525e-07 -1.7506e-08 -3.51389e-37 -1.80513e-07 -1.33499e-37 0)
(4.52849e-07 -2.15862e-08 2.93241e-20 -1.78893e-07 1.01121e-34 -8.93891e-64)
(3.13336e-07 3.28672e-08 -1.37079e-22 -1.15837e-07 -1.65713e-22 0)
(3.25358e-07 3.23057e-08 -5.30588e-24 -1.21992e-07 6.28347e-23 0)
(3.37885e-07 3.09934e-08 -1.58636e-37 -1.27728e-07 6.25258e-38 0)
(3.49678e-07 2.91842e-08 -1.49387e-37 -1.33232e-07 7.8462e-38 0)
(3.61235e-07 2.68157e-08 7.75492e-23 -1.38457e-07 9.87043e-23 0)
(3.72127e-07 2.41461e-08 -1.70163e-22 -1.43379e-07 -1.31424e-22 0)
(3.82462e-07 2.11902e-08 -1.75047e-22 -1.47976e-07 -1.33806e-22 0)
(3.92095e-07 1.80717e-08 0 -1.52244e-07 0 0)
(4.01051e-07 1.48268e-08 8.60968e-23 -1.56182e-07 1.03452e-22 0)
(4.09284e-07 1.15102e-08 -1.07616e-23 -1.59799e-07 6.92626e-23 0)
(4.16805e-07 8.14033e-09 -2.51787e-38 -1.63106e-07 2.38381e-37 0)
(4.2361e-07 4.73014e-09 -1.91744e-22 -1.6612e-07 -1.38497e-22 0)
(4.29711e-07 1.2757e-09 -9.22496e-23 -1.68851e-07 -1.02063e-22 0)
(4.35116e-07 -2.23146e-09 -1.02028e-22 -1.71309e-07 -3.67763e-23 0)
(4.39833e-07 -5.79752e-09 9.44224e-23 -1.7349e-07 9.9898e-23 0)
(4.43867e-07 -9.41653e-09 -1.02638e-22 -1.75367e-07 -3.76474e-23 0)
(4.47189e-07 -1.30441e-08 3.86677e-37 -1.76861e-07 -6.29383e-38 0)
(4.49759e-07 -1.65787e-08 9.65533e-23 -1.77822e-07 9.58706e-23 0)
(4.51356e-07 -1.98011e-08 -1.43333e-36 -1.77888e-07 -5.30618e-37 0)
(4.5183e-07 -2.2367e-08 2.9245e-20 -1.76617e-07 -2.6559e-37 0)
(2.88882e-07 1.41882e-08 -1.49353e-23 -1.04996e-07 6.05034e-23 0)
(3.03526e-07 1.37049e-08 -8.18751e-23 -1.1174e-07 -2.3988e-23 0)
(3.18382e-07 1.27033e-08 1.79256e-23 -1.18277e-07 -6.63381e-23 0)
(3.3259e-07 1.14316e-08 0 -1.24615e-07 0 0)
(3.46378e-07 9.79026e-09 1.67725e-22 -1.30679e-07 1.25623e-22 0)
(3.59423e-07 7.97619e-09 7.71601e-23 -1.36435e-07 9.95715e-23 0)
(3.7176e-07 5.98073e-09 -1.78277e-22 -1.41844e-07 -1.31487e-22 0)
(3.83264e-07 3.89052e-09 -8.22784e-23 -1.46889e-07 -1.02027e-22 0)
(3.93934e-07 1.72323e-09 8.4569e-23 -1.51557e-07 1.02591e-22 0)
(4.03724e-07 -4.87474e-10 -5.87201e-37 -1.55842e-07 -6.96332e-37 0)
(4.12631e-07 -2.73581e-09 1.03804e-22 -1.59745e-07 3.42937e-23 0)
(4.20642e-07 -5.01888e-09 3.11089e-37 -1.63266e-07 3.52016e-37 0)
(4.27752e-07 -7.34731e-09 -4.02444e-37 -1.66407e-07 1.04174e-37 0)
(4.33957e-07 -9.73613e-09 -1.04732e-22 -1.69167e-07 -3.63164e-23 0)
(4.39244e-07 -1.21976e-08 -3.94306e-37 -1.71538e-07 8.96126e-38 0)
(4.43609e-07 -1.47333e-08 2.97046e-37 -1.73504e-07 5.48795e-37 0)
(4.47026e-07 -1.73017e-08 -9.59667e-23 -1.75025e-07 -9.69473e-23 0)
(4.49505e-07 -1.97903e-08 1.04234e-22 -1.76031e-07 3.77901e-23 0)
(4.50955e-07 -2.19415e-08 1.04164e-22 -1.76351e-07 3.78587e-23 0)
(4.51399e-07 -2.30997e-08 2.93069e-20 -1.75706e-07 3.77201e-23 0)
(2.64165e-07 -1.06818e-08 -4.12565e-23 -9.69866e-08 1.88412e-20 1.63471e-35)
(2.82032e-07 -1.08667e-08 -6.05461e-23 -1.04465e-07 1.88382e-20 -2.79092e-50)
(2.99685e-07 -1.12468e-08 -6.43359e-23 -1.11829e-07 1.88184e-20 -2.78859e-50)
(3.16652e-07 -1.16841e-08 1.62243e-35 -1.18944e-07 1.88937e-20 0)
(3.32955e-07 -1.22473e-08 7.1478e-23 -1.25767e-07 1.89761e-20 0)
(3.48357e-07 -1.28599e-08 7.47846e-23 -1.3223e-07 1.89654e-20 2.78248e-50)
(3.62853e-07 -1.35319e-08 -7.78966e-23 -1.3831e-07 1.87558e-20 -5.56155e-50)
(3.76335e-07 -1.42317e-08 -8.07908e-23 -1.43972e-07 1.87442e-20 1.91455e-64)
(3.88795e-07 -1.49557e-08 8.34657e-23 -1.49207e-07 1.89372e-20 -8.33352e-50)
(4.0019e-07 -1.56932e-08 3.24114e-35 -1.53999e-07 1.88273e-20 -5.55321e-50)
(4.10516e-07 -1.64436e-08 0 -1.58345e-07 1.882e-20 0)
(4.1975e-07 -1.72082e-08 -3.16271e-35 -1.62237e-07 1.88138e-20 -5.54921e-50)
(4.27877e-07 -1.7993e-08 1.06195e-36 -1.6567e-07 1.88085e-20 -1.10953e-49)
(4.34872e-07 -1.88058e-08 7.42223e-37 -1.68634e-07 1.88042e-20 -1.10928e-49)
(4.40693e-07 -1.96556e-08 1.06376e-36 -1.71115e-07 1.8801e-20 -1.10909e-49)
(4.45305e-07 -2.05455e-08 1.39143e-36 -1.73097e-07 1.87986e-20 -1.10894e-49)
(4.48645e-07 -2.14623e-08 -9.63141e-23 -1.74556e-07 1.87005e-20 -5.54433e-50)
(4.50745e-07 -2.2364e-08 3.22821e-35 -1.75493e-07 1.87968e-20 0)
(4.51575e-07 -2.31181e-08 0 -1.75885e-07 1.87972e-20 0)
(4.51533e-07 -2.33813e-08 2.91732e-20 -1.75746e-07 1.87981e-20 0)
(5.10003e-07 2.06475e-08 1.96841e-22 -3.24238e-09 2.4542e-23 0)
(5.21684e-07 4.70088e-08 -2.72054e-23 -2.03776e-08 -7.63353e-24 0)
(5.45888e-07 7.46981e-08 -1.80438e-22 -5.17407e-08 -8.55392e-23 0)
(5.75338e-07 9.13988e-08 2.20746e-23 -9.25748e-08 1.32949e-23 0)
(6.07269e-07 9.74024e-08 -6.16689e-23 -1.38435e-07 -3.90553e-23 0)
(6.37007e-07 9.1354e-08 7.11148e-23 -1.85053e-07 6.54219e-23 0)
(6.61485e-07 7.40967e-08 2.22983e-22 -2.28699e-07 1.48923e-22 0)
(6.77954e-07 4.70102e-08 -1.02459e-22 -2.66127e-07 -7.07193e-23 0)
(6.85247e-07 1.30218e-08 -1.52291e-22 -2.95528e-07 -1.08684e-22 0)
(6.81362e-07 -2.60487e-08 0 -3.11693e-07 0 0)
(4.84049e-07 1.82345e-08 5.90388e-24 -3.92566e-09 1.14782e-24 0)
(4.95431e-07 4.24348e-08 2.29846e-22 -2.01699e-08 6.92507e-23 0)
(5.17948e-07 6.93662e-08 2.45947e-22 -4.79177e-08 1.1425e-22 0)
(5.45615e-07 8.77924e-08 2.25178e-22 -8.38728e-08 1.31857e-22 0)
(5.76727e-07 9.77965e-08 -5.46084e-23 -1.24684e-07 -3.52126e-23 0)
(6.07388e-07 9.76969e-08 -2.85253e-22 -1.67025e-07 -2.10017e-22 0)
(6.34966e-07 8.78575e-08 -2.42024e-22 -2.07895e-07 -1.63028e-22 0)
(6.5647e-07 6.87604e-08 3.65547e-22 -2.44307e-07 2.65307e-22 0)
(6.69944e-07 4.27987e-08 -1.04097e-22 -2.75065e-07 -6.45536e-23 0)
(6.72202e-07 5.08921e-09 1.70943e-22 -2.97132e-07 1.25004e-22 0)
(4.60762e-07 1.54658e-08 -1.07137e-23 -4.7818e-09 -2.75425e-24 0)
(4.71994e-07 3.79748e-08 -2.01559e-22 -2.09242e-08 -5.8687e-23 0)
(4.92882e-07 6.39808e-08 -2.05408e-22 -4.644e-08 -9.23568e-23 0)
(5.18177e-07 8.3144e-08 2.87667e-22 -7.89379e-08 1.63673e-22 0)
(5.46944e-07 9.54381e-08 2.54187e-22 -1.15884e-07 1.69103e-22 0)
(5.75971e-07 9.89833e-08 2.74795e-22 -1.54728e-07 1.99748e-22 0)
(6.0332e-07 9.39374e-08 -1.03755e-24 -1.93157e-07 4.72209e-26 0)
(6.26863e-07 8.03465e-08 -2.22283e-22 -2.2867e-07 -1.83281e-22 0)
(6.44815e-07 6.1365e-08 -2.54456e-25 -2.59926e-07 4.24532e-25 0)
(6.56235e-07 3.1119e-08 5.34381e-23 -2.84426e-07 1.87913e-23 0)
(4.39452e-07 1.21045e-08 0 -5.68584e-09 0 0)
(4.50812e-07 3.3158e-08 6.71567e-23 -2.19607e-08 1.44639e-23 0)
(4.70614e-07 5.83044e-08 -7.18112e-23 -4.55661e-08 -4.02622e-23 0)
(4.94118e-07 7.80595e-08 -1.92028e-22 -7.48368e-08 -1.15433e-22 0)
(5.21036e-07 9.24371e-08 1.41907e-22 -1.07885e-07 9.48137e-23 0)
(5.48665e-07 9.94667e-08 -2.12715e-22 -1.42791e-07 -1.53204e-22 0)
(5.75356e-07 9.90745e-08 -8.94816e-23 -1.77801e-07 -7.43403e-23 0)
(5.9951e-07 9.05868e-08 2.45933e-22 -2.11059e-07 1.90725e-22 0)
(6.18698e-07 7.6701e-08 -8.7456e-25 -2.41415e-07 1.69865e-25 0)
(6.35036e-07 5.18922e-08 3.38473e-22 -2.67873e-07 2.64881e-22 0)
(4.19478e-07 8.15262e-09 7.59094e-23 -6.54664e-09 5.75467e-24 0)
(4.31051e-07 2.79164e-08 1.05486e-22 -2.32529e-08 3.17975e-23 0)
(4.49965e-07 5.20902e-08 0 -4.56318e-08 0 0)
(4.71789e-07 7.19071e-08 -1.19e-22 -7.25218e-08 -6.81114e-23 0)
(4.96761e-07 8.74427e-08 -9.40155e-23 -1.02523e-07 -6.00842e-23 0)
(5.22685e-07 9.67613e-08 4.8486e-23 -1.34227e-07 3.6605e-23 0)
(5.48228e-07 9.97861e-08 -1.14066e-22 -1.66262e-07 -8.69576e-23 0)
(5.72542e-07 9.56741e-08 -7.84126e-23 -1.97225e-07 -5.5116e-23 0)
(5.92373e-07 8.66882e-08 -7.32566e-23 -2.25704e-07 -5.33654e-23 0)
(6.11723e-07 6.82327e-08 -3.69176e-22 -2.51315e-07 -2.7057e-22 0)
(4.00657e-07 3.69586e-09 -1.45765e-22 -7.36978e-09 -8.05219e-24 0)
(4.12559e-07 2.24463e-08 8.87718e-23 -2.46072e-08 2.37103e-23 0)
(4.30877e-07 4.58305e-08 2.59175e-22 -4.60236e-08 1.03531e-22 0)
(4.51353e-07 6.56769e-08 -8.47091e-23 -7.08396e-08 -4.39261e-23 0)
(4.74623e-07 8.21268e-08 -1.26972e-22 -9.80255e-08 -8.40162e-23 0)
(4.98866e-07 9.3284e-08 8.92147e-23 -1.26607e-07 6.90462e-23 0)
(5.22909e-07 9.89863e-08 1.04515e-22 -1.55562e-07 7.96405e-23 0)
(5.46606e-07 9.83086e-08 5.22644e-23 -1.84024e-07 4.2481e-23 0)
(5.6616e-07 9.2909e-08 1.96962e-22 -2.10602e-07 1.48851e-22 0)
(5.86988e-07 7.98627e-08 -1.38615e-22 -2.35021e-07 -1.11647e-22 0)
(3.82579e-07 -1.30843e-09 0 -8.1508e-09 0 0)
(3.94858e-07 1.66052e-08 -3.69554e-23 -2.60399e-08 -2.21998e-23 0)
(4.12743e-07 3.92698e-08 9.67554e-23 -4.68485e-08 4.1055e-23 0)
(4.32074e-07 5.90042e-08 8.11103e-23 -7.00781e-08 4.03263e-23 0)
(4.53821e-07 7.6013e-08 -2.61616e-22 -9.49808e-08 -1.60781e-22 0)
(4.7649e-07 8.85096e-08 -9.13834e-23 -1.20914e-07 -6.35095e-23 0)
(4.99039e-07 9.62921e-08 2.50841e-22 -1.47089e-07 1.88921e-22 0)
(5.21869e-07 9.85364e-08 -1.61832e-22 -1.72996e-07 -1.29228e-22 0)
(5.4081e-07 9.62067e-08 6.87601e-23 -1.97329e-07 4.78656e-23 0)
(5.61925e-07 8.78296e-08 4.39783e-22 -2.19743e-07 3.55179e-22 0)
(3.65082e-07 -6.79149e-09 6.3022e-23 -8.87956e-09 -2.42094e-24 0)
(3.77775e-07 1.04937e-08 -1.21594e-23 -2.74531e-08 -7.98514e-24 0)
(3.95382e-07 3.26073e-08 3.83081e-25 -4.78264e-08 3.79907e-25 0)
(4.13767e-07 5.22495e-08 2.58242e-23 -6.97154e-08 1.92984e-23 0)
(4.34173e-07 6.96611e-08 -1.49517e-22 -9.26013e-08 -1.01636e-22 0)
(4.55364e-07 8.31675e-08 1.07907e-23 -1.16126e-07 -9.28885e-25 0)
(4.76419e-07 9.25006e-08 -9.73595e-25 -1.39737e-07 -8.24839e-25 0)
(4.98145e-07 9.70185e-08 -3.09347e-22 -1.63212e-07 -2.47529e-22 0)
(5.16301e-07 9.71103e-08 -2.77104e-22 -1.85426e-07 -2.16852e-22 0)
(5.37043e-07 9.25688e-08 1.74179e-22 -2.05745e-07 1.48327e-22 0)
(3.47921e-07 -1.27663e-08 7.99021e-24 -9.57179e-09 5.27844e-24 0)
(3.61048e-07 4.05496e-09 -3.22696e-23 -2.88731e-08 1.52512e-23 0)
(3.78479e-07 2.57487e-08 -7.08265e-23 -4.89938e-08 -2.1815e-23 0)
(3.96065e-07 4.53048e-08 2.27086e-22 -6.98048e-08 1.04954e-22 0)
(4.15301e-07 6.29885e-08 6.18396e-23 -9.09827e-08 4.87412e-23 0)
(4.35148e-07 7.72539e-08 -2.94945e-22 -1.12391e-07 -2.05899e-22 0)
(4.54822e-07 8.77765e-08 2.23356e-22 -1.33677e-07 1.75079e-22 0)
(4.75364e-07 9.41153e-08 1.51533e-22 -1.54806e-07 1.22859e-22 0)
(4.92668e-07 9.6186e-08 -2.67046e-22 -1.74903e-07 -2.08786e-22 0)
(5.12626e-07 9.47108e-08 -5.0994e-22 -1.93076e-07 -4.18238e-22 0)
(3.30949e-07 -1.91923e-08 1.17992e-23 -1.02233e-08 8.41747e-24 0)
(3.44516e-07 -2.67319e-09 1.63333e-22 -3.02624e-08 3.82872e-23 0)
(3.61843e-07 1.8757e-08 1.86164e-22 -5.0232e-08 4.36977e-23 0)
(3.78734e-07 3.82782e-08 -1.46263e-22 -7.01142e-08 -6.49952e-23 0)
(3.96927e-07 5.61582e-08 1.59075e-22 -8.97735e-08 1.26744e-22 0)
(4.15536e-07 7.09759e-08 7.1223e-23 -1.0927e-07 5.68097e-23 0)
(4.33939e-07 8.23663e-08 1.81665e-22 -1.28448e-07 1.37389e-22 0)
(4.53287e-07 9.00883e-08 5.17546e-22 -1.47405e-07 4.1736e-22 0)
(4.69755e-07 9.37344e-08 1.51886e-22 -1.65514e-07 1.17349e-22 0)
(4.88757e-07 9.46662e-08 -1.70768e-22 -1.81662e-07 -1.54088e-22 0)
(3.14004e-07 -2.60695e-08 -1.95033e-23 -1.08499e-08 -1.48233e-23 0)
(3.28009e-07 -9.70057e-09 1.51022e-22 -3.16391e-08 -1.47382e-23 0)
(3.45268e-07 1.16132e-08 1.11785e-22 -5.15372e-08 1.81864e-23 0)
(3.61522e-07 3.11557e-08 -1.84232e-22 -7.06011e-08 -6.83614e-23 0)
(3.78766e-07 4.91771e-08 -2.09732e-22 -8.88921e-08 -1.31799e-22 0)
(3.96234e-07 6.4383e-08 2.69531e-22 -1.06642e-07 1.93963e-22 0)
(4.13489e-07 7.63909e-08 1.68426e-22 -1.23888e-07 1.27199e-22 0)
(4.31689e-07 8.51352e-08 1.37336e-22 -1.40817e-07 1.05579e-22 0)
(4.47374e-07 9.00111e-08 1.47935e-22 -1.5704e-07 1.11417e-22 0)
(4.65381e-07 9.27795e-08 -5.42758e-28 -1.71314e-07 -3.99526e-28 0)
(2.96967e-07 -3.33729e-08 -1.19292e-22 -1.14632e-08 1.3802e-23 0)
(3.11397e-07 -1.69889e-08 -1.51277e-22 -3.30127e-08 -2.91311e-23 0)
(3.28581e-07 4.36761e-09 -6.28949e-23 -5.28745e-08 -1.42194e-23 0)
(3.44202e-07 2.39938e-08 -6.63044e-23 -7.11562e-08 -2.64387e-23 0)
(3.6054e-07 4.21018e-08 -2.36027e-22 -8.81526e-08 -1.51745e-22 0)
(3.76935e-07 5.75321e-08 -1.50808e-22 -1.04267e-07 -1.00649e-22 0)
(3.93154e-07 6.99165e-08 1.22138e-22 -1.19726e-07 9.27472e-23 0)
(4.1029e-07 7.9349e-08 1.26872e-22 -1.34786e-07 1.08156e-22 0)
(4.25281e-07 8.51318e-08 2.32083e-22 -1.49249e-07 2.07684e-22 0)
(4.42352e-07 8.92512e-08 4.28626e-23 -1.61833e-07 4.49307e-23 0)
(2.79754e-07 -4.11038e-08 6.44874e-23 -1.20964e-08 -3.14296e-24 0)
(2.94573e-07 -2.4509e-08 6.7089e-23 -3.44046e-08 7.54368e-24 0)
(3.11606e-07 -2.93969e-09 -4.15894e-23 -5.42065e-08 3.46231e-24 0)
(3.26528e-07 1.68317e-08 6.30688e-25 -7.16586e-08 4.71913e-25 0)
(3.41947e-07 3.49591e-08 -1.68463e-22 -8.73597e-08 -9.84945e-23 0)
(3.57317e-07 5.04438e-08 -7.0752e-23 -1.01895e-07 -5.26895e-23 0)
(3.72604e-07 6.29695e-08 1.04506e-22 -1.15674e-07 8.53904e-23 0)
(3.8879e-07 7.27767e-08 5.20843e-29 -1.29001e-07 3.66762e-29 0)
(4.03209e-07 7.91537e-08 1.02607e-28 -1.41836e-07 7.02656e-29 0)
(4.19473e-07 8.41945e-08 5.83441e-23 -1.52919e-07 1.36744e-23 0)
(2.62319e-07 -4.92397e-08 0 -1.28202e-08 0 0)
(2.7746e-07 -3.21448e-08 1.13313e-23 -3.59028e-08 9.80586e-24 0)
(2.94167e-07 -1.01738e-08 1.84676e-23 -5.55642e-08 1.53201e-23 0)
(3.08237e-07 9.77342e-09 6.05321e-23 -7.20637e-08 2.19674e-23 0)
(3.22661e-07 2.77947e-08 3.10802e-23 -8.64014e-08 2.31465e-23 0)
(3.3703e-07 4.31104e-08 9.92993e-25 -9.93716e-08 6.96709e-25 0)
(3.51486e-07 5.55018e-08 4.15993e-23 -1.1155e-07 2.82982e-23 0)
(3.66863e-07 6.53581e-08 -7.76828e-23 -1.23279e-07 -6.63235e-23 0)
(3.80868e-07 7.20098e-08 -1.00301e-22 -1.34625e-07 -6.3837e-23 0)
(3.96506e-07 7.75791e-08 1.41454e-22 -1.444e-07 1.1773e-22 0)
(2.44758e-07 -5.78071e-08 0 -1.37883e-08 0 0)
(2.60046e-07 -3.97731e-08 0 -3.75653e-08 0 0)
(2.76042e-07 -1.71959e-08 -5.56619e-23 -5.67932e-08 -4.67684e-23 0)
(2.88971e-07 2.91548e-09 0 -7.20253e-08 0 0)
(3.02257e-07 2.06383e-08 -1.869e-22 -8.48162e-08 -1.11262e-22 0)
(3.15642e-07 3.55008e-08 7.97836e-23 -9.61831e-08 5.30139e-23 0)
(3.29391e-07 4.74429e-08 2.50135e-22 -1.06832e-07 1.91945e-22 0)
(3.44148e-07 5.70049e-08 1.72961e-22 -1.1711e-07 1.65122e-22 0)
(3.5795e-07 6.35995e-08 -8.25007e-23 -1.27143e-07 -7.61285e-23 0)
(3.73208e-07 6.93221e-08 -3.04107e-22 -1.35831e-07 -2.7299e-22 0)
(2.2726e-07 -6.67316e-08 -3.74018e-24 -1.52794e-08 -4.10476e-24 0)
(2.4234e-07 -4.69154e-08 1.40206e-22 -3.96732e-08 -3.20444e-23 0)
(2.56947e-07 -2.35526e-08 3.5948e-23 -5.80354e-08 3.10747e-23 0)
(2.68307e-07 -3.47478e-09 1.44469e-24 -7.16264e-08 9.25875e-25 0)
(2.80259e-07 1.35474e-08 -1.14797e-22 -8.26545e-08 -6.20499e-23 0)
(2.9269e-07 2.7511e-08 -2.5794e-22 -9.23852e-08 -1.74134e-22 0)
(3.05894e-07 3.85771e-08 2.84403e-22 -1.01587e-07 2.1138e-22 0)
(3.20277e-07 4.74394e-08 5.01169e-23 -1.10578e-07 2.69915e-23 0)
(3.3415e-07 5.36106e-08 1.65913e-22 -1.19486e-07 8.61531e-23 0)
(3.49332e-07 5.91147e-08 7.76814e-23 -1.27315e-07 7.87376e-23 0)
(2.10643e-07 -7.59653e-08 -4.05898e-23 -1.81081e-08 2.70535e-23 0)
(2.24502e-07 -5.31704e-08 -1.30259e-22 -4.23504e-08 4.14148e-23 0)
(2.36328e-07 -2.89367e-08 5.48376e-23 -5.85477e-08 4.81848e-23 0)
(2.4546e-07 -9.30629e-09 1.61222e-23 -6.96448e-08 -2.66683e-23 0)
(2.55888e-07 6.47014e-09 1.05883e-22 -7.85561e-08 6.44002e-23 0)
(2.67503e-07 1.89837e-08 -1.9594e-22 -8.66303e-08 -1.27785e-22 0)
(2.80453e-07 2.86973e-08 1.64155e-24 -9.45561e-08 1.01884e-24 0)
(2.94827e-07 3.64351e-08 1.79349e-22 -1.02528e-07 1.46531e-22 0)
(3.09156e-07 4.1814e-08 -5.86696e-23 -1.10628e-07 -2.63671e-23 0)
(3.24674e-07 4.67346e-08 -6.10708e-23 -1.17945e-07 -2.62671e-23 0)
(1.96063e-07 -8.42466e-08 2.31052e-31 -2.31988e-08 -3.29684e-31 0)
(2.06379e-07 -5.63808e-08 1.55854e-23 -4.61225e-08 2.48643e-23 0)
(2.1338e-07 -3.18979e-08 4.02034e-23 -5.8748e-08 -8.16109e-23 0)
(2.1955e-07 -1.40555e-08 -2.80927e-23 -6.6815e-08 -1.87703e-23 0)
(2.28397e-07 -7.06442e-10 -1.36641e-22 -7.34832e-08 -8.05989e-23 0)
(2.39478e-07 9.44847e-09 0 -8.00504e-08 0 0)
(2.52606e-07 1.71403e-08 -1.07041e-22 -8.69558e-08 -4.5818e-23 0)
(2.67458e-07 2.32254e-08 5.67805e-23 -9.42086e-08 5.89848e-23 0)
(2.82734e-07 2.74017e-08 1.2141e-22 -1.01791e-07 1.34081e-22 0)
(2.99076e-07 3.13567e-08 -6.57718e-23 -1.08896e-07 -7.93911e-23 0)
(1.88818e-07 -8.88938e-08 -1.16392e-22 -3.50908e-08 1.29664e-22 0)
(1.86858e-07 -5.56908e-08 6.89778e-23 -5.00493e-08 -5.16514e-23 0)
(1.85627e-07 -3.22904e-08 1.08628e-22 -5.4882e-08 -6.8063e-24 0)
(1.88325e-07 -1.80497e-08 -2.83016e-23 -5.84674e-08 1.02439e-23 0)
(1.96186e-07 -8.2521e-09 -7.85686e-23 -6.29623e-08 -4.29829e-23 0)
(2.07563e-07 -1.28777e-09 -4.98985e-23 -6.85138e-08 -1.86797e-23 0)
(2.21684e-07 3.83162e-09 0 -7.50435e-08 0 0)
(2.3778e-07 7.8411e-09 -6.50891e-23 -8.22394e-08 -2.09471e-23 0)
(2.54677e-07 1.05061e-08 6.99475e-23 -8.99633e-08 2.16082e-23 0)
(2.72474e-07 1.31779e-08 -4.02714e-28 -9.7505e-08 -1.20107e-28 0)
(1.96092e-07 -6.16361e-08 8.95212e-23 -5.54547e-08 1.90009e-20 -6.34336e-35)
(1.61137e-07 -3.85295e-08 2.51543e-22 -5.18511e-08 1.90151e-20 6.33376e-35)
(1.50983e-07 -2.73933e-08 2.7876e-22 -4.91634e-08 1.91365e-20 -6.24632e-35)
(1.50409e-07 -2.20016e-08 4.18594e-22 -4.93232e-08 1.91129e-20 -2.02343e-35)
(1.5855e-07 -1.85175e-08 4.1666e-22 -5.27661e-08 1.90844e-20 2.01137e-35)
(1.71245e-07 -1.61311e-08 3.85225e-22 -5.80868e-08 1.90055e-20 1.91507e-35)
(1.87327e-07 -1.43801e-08 4.96701e-22 -6.48193e-08 1.90369e-20 -2.80879e-38)
(2.05569e-07 -1.29854e-08 4.18415e-22 -7.24259e-08 1.89944e-20 1.80612e-35)
(2.24884e-07 -1.20591e-08 5.06162e-22 -8.05782e-08 1.90504e-20 6.98495e-38)
(2.44902e-07 -1.10679e-08 2.02408e-22 -8.88588e-08 1.89878e-20 3.3112e-35)
)
;

boundaryField
{
    left
    {
        type            calculated;
        value           nonuniform List<symmTensor> 
30
(
(5.08437e-07 9.10039e-10 1.96841e-22 -3.24238e-09 2.4542e-23 0)
(4.82203e-07 4.27211e-10 5.90388e-24 -3.92566e-09 1.14782e-24 0)
(4.5865e-07 -7.28876e-10 -1.07137e-23 -4.7818e-09 -2.75425e-24 0)
(4.37043e-07 -2.83854e-09 0 -5.68584e-09 0 0)
(4.16784e-07 -5.78824e-09 7.59094e-23 -6.54664e-09 5.75467e-24 0)
(3.9768e-07 -9.4705e-09 -1.45765e-22 -7.36978e-09 -8.05219e-24 0)
(3.79332e-07 -1.38843e-08 0 -8.1508e-09 0 0)
(3.61578e-07 -1.89317e-08 6.3022e-23 -8.87956e-09 -2.42094e-24 0)
(3.4417e-07 -2.46054e-08 7.99021e-24 -9.57179e-09 5.27844e-24 0)
(3.26962e-07 -3.08432e-08 1.17992e-23 -1.02233e-08 8.41747e-24 0)
(3.0979e-07 -3.76343e-08 -1.95033e-23 -1.08499e-08 -1.48233e-23 0)
(2.92529e-07 -4.4942e-08 -1.19292e-22 -1.14632e-08 1.3802e-23 0)
(2.75084e-07 -5.27665e-08 6.44874e-23 -1.20964e-08 -3.14296e-24 0)
(2.57394e-07 -6.10997e-08 0 -1.28202e-08 0 0)
(2.39531e-07 -7.00095e-08 0 -1.37883e-08 0 0)
(2.21669e-07 -7.95756e-08 -3.74018e-24 -1.52794e-08 -4.10476e-24 0)
(2.0476e-07 -8.99825e-08 -4.05898e-23 -1.81081e-08 2.70535e-23 0)
(1.90758e-07 -1.00941e-07 2.31052e-31 -2.31988e-08 -3.29684e-31 0)
(1.9007e-07 -1.10799e-07 -1.16392e-22 -3.50908e-08 1.29664e-22 0)
(2.24426e-07 -9.74523e-08 3.20906e-23 -5.54547e-08 1.90009e-20 -6.34336e-35)
(1.82434e-06 2.87351e-07 5.46063e-22 -5.25257e-07 2.86799e-20 1.24307e-34)
(1.27387e-06 1.31358e-07 -6.89615e-23 -2.28578e-07 -1.18301e-22 0)
(1.03403e-06 4.10929e-08 3.31017e-22 -9.27599e-08 1.11273e-22 0)
(8.89179e-07 -6.49835e-10 1.62799e-23 -4.31264e-08 2.10893e-23 0)
(7.90797e-07 -1.03675e-08 5.54252e-28 -1.83515e-08 4.4448e-28 0)
(7.1587e-07 -1.20721e-08 3.21967e-22 -8.5591e-09 3.3337e-23 0)
(6.57965e-07 -8.96734e-09 4.52451e-24 -3.64988e-09 4.30478e-25 0)
(6.10607e-07 -5.48541e-09 2.47385e-22 -2.21351e-09 2.84418e-23 0)
(5.71528e-07 -2.56592e-09 -2.30029e-24 -1.78215e-09 5.11294e-25 0)
(5.37284e-07 7.05065e-11 -3.95999e-24 -2.37245e-09 -3.22908e-25 0)
)
;
    }
    right
    {
        type            calculated;
        value           nonuniform List<symmTensor> 
30
(
(4.51378e-07 -2.32197e-08 5.76672e-20 -1.75634e-07 1.84173e-20 -6.72479e-35)
(4.51333e-07 -2.32153e-08 5.81137e-20 -1.75527e-07 4.17053e-22 6.44266e-35)
(4.51975e-07 -2.32788e-08 5.82421e-20 -1.77013e-07 4.14683e-22 4.80443e-38)
(4.53579e-07 -2.34402e-08 5.78818e-20 -1.80724e-07 8.63544e-23 -9.32144e-35)
(4.55955e-07 -2.36784e-08 5.90736e-20 -1.86218e-07 1.01139e-21 9.24491e-35)
(4.58939e-07 -2.39766e-08 5.94654e-20 -1.9312e-07 8.16292e-22 -6.70478e-37)
(4.62266e-07 -2.43104e-08 5.9847e-20 -2.00814e-07 8.19805e-22 -2.75145e-37)
(4.65695e-07 -2.46535e-08 6.05723e-20 -2.08744e-07 9.06472e-22 -7.31713e-37)
(4.68991e-07 -2.4984e-08 6.04012e-20 -2.16369e-07 4.65009e-22 -5.53368e-35)
(4.71941e-07 -2.52792e-08 6.09525e-20 -2.23194e-07 4.23576e-22 -2.34619e-37)
(4.74349e-07 -2.55202e-08 6.15246e-20 -2.28761e-07 1.61658e-22 2.7368e-37)
(4.76122e-07 -2.56973e-08 6.1803e-20 -2.3286e-07 -8.76113e-37 -1.82108e-49)
(4.77302e-07 -2.58163e-08 6.18826e-20 -2.35593e-07 -5.05766e-23 -1.37006e-49)
(4.77916e-07 -2.58775e-08 6.19966e-20 -2.37011e-07 -5.08811e-23 0)
(4.77859e-07 -2.58723e-08 6.23422e-20 -2.3688e-07 1.01706e-22 0)
(4.77188e-07 -2.58053e-08 6.20524e-20 -2.35325e-07 5.27263e-35 -9.14215e-50)
(4.75992e-07 -2.56856e-08 6.19038e-20 -2.32563e-07 -9.96752e-37 -1.82405e-49)
(4.74278e-07 -2.55137e-08 6.17834e-20 -2.28595e-07 4.90743e-23 1.51105e-64)
(4.72142e-07 -2.53003e-08 6.12936e-20 -2.23655e-07 -4.80139e-23 -1.35681e-49)
(4.69671e-07 -2.5052e-08 6.10621e-20 -2.17939e-07 5.19057e-35 -8.99627e-50)
(4.66973e-07 -2.47814e-08 6.06942e-20 -2.11699e-07 -3.13128e-37 0)
(4.64163e-07 -2.45005e-08 6.03074e-20 -2.05204e-07 -3.0352e-37 0)
(4.61369e-07 -2.42201e-08 5.99203e-20 -1.98738e-07 -1.46978e-37 0)
(4.5871e-07 -2.39544e-08 5.95515e-20 -1.92593e-07 -5.12574e-35 -8.77375e-50)
(4.5632e-07 -2.37146e-08 5.92147e-20 -1.87063e-07 -2.19228e-37 -1.74482e-49)
(4.54309e-07 -2.35136e-08 5.89297e-20 -1.8241e-07 5.07714e-35 -8.68214e-50)
(4.52789e-07 -2.33613e-08 5.87066e-20 -1.78893e-07 1.01121e-34 -8.93891e-64)
(4.51804e-07 -2.32622e-08 5.85482e-20 -1.76617e-07 -2.6559e-37 0)
(4.51409e-07 -2.32228e-08 5.85678e-20 -1.75706e-07 3.77201e-23 0)
(4.51427e-07 -2.32241e-08 5.84048e-20 -1.75746e-07 1.87981e-20 0)
)
;
    }
    down
    {
        type            calculated;
        value           nonuniform List<symmTensor> 
30
(
(2.92552e-09 -2.39252e-08 3.15704e-20 1.53206e-08 3.88513e-20 1.57861e-34)
(5.71738e-09 -2.39207e-08 -1.84153e-23 1.41309e-08 3.86374e-20 1.66232e-36)
(2.34117e-08 -2.38931e-08 -2.36278e-22 6.59028e-09 3.79451e-20 2.07087e-35)
(5.24644e-08 -2.38482e-08 -2.30198e-24 -5.79217e-09 3.81521e-20 0)
(8.6352e-08 -2.37958e-08 -3.42287e-23 -2.02326e-08 3.77707e-20 -1.6593e-36)
(1.22081e-07 -2.37401e-08 -3.2038e-22 -3.54597e-08 3.80478e-20 3.46694e-35)
(1.57107e-07 -2.36858e-08 7.07339e-23 -5.0385e-08 3.8348e-20 1.656e-36)
(1.90608e-07 -2.36332e-08 -2.11397e-22 -6.46625e-08 3.81064e-20 3.14745e-35)
(2.21365e-07 -2.35853e-08 1.68808e-22 -7.77703e-08 3.81282e-20 -1.36553e-35)
(2.49882e-07 -2.35415e-08 5.18882e-22 -8.9922e-08 3.80066e-20 -4.11748e-35)
(2.75556e-07 -2.35019e-08 8.46057e-22 -1.00864e-07 3.81763e-20 -1.22538e-35)
(2.9793e-07 -2.34673e-08 9.62135e-22 -1.10398e-07 3.79246e-20 -2.69252e-35)
(3.18508e-07 -2.34349e-08 5.60704e-22 -1.19168e-07 3.75126e-20 -1.57063e-35)
(3.36997e-07 -2.34054e-08 6.01222e-22 -1.27047e-07 3.77e-20 -6.89302e-37)
(3.53683e-07 -2.33802e-08 3.74155e-22 -1.34157e-07 3.77066e-20 4.09421e-35)
(3.68624e-07 -2.3357e-08 6.24718e-22 -1.40525e-07 3.77722e-20 0)
(3.82011e-07 -2.33361e-08 5.89037e-22 -1.4623e-07 3.77518e-20 0)
(3.93934e-07 -2.33173e-08 6.62736e-22 -1.51311e-07 3.78513e-20 5.32048e-37)
(4.04534e-07 -2.33008e-08 6.11632e-22 -1.55829e-07 3.7749e-20 -1.39089e-35)
(4.13892e-07 -2.32862e-08 7.10498e-22 -1.59816e-07 3.79402e-20 9.02485e-37)
(4.22103e-07 -2.32732e-08 7.30599e-22 -1.63315e-07 3.77883e-20 -4.2137e-35)
(4.29228e-07 -2.32627e-08 3.09135e-22 -1.66352e-07 3.76407e-20 1.41155e-35)
(4.35318e-07 -2.32526e-08 6.59651e-22 -1.68947e-07 3.77673e-20 -4.25585e-35)
(4.4041e-07 -2.32454e-08 -3.79738e-23 -1.71118e-07 3.72798e-20 -8.54634e-37)
(4.44521e-07 -2.32386e-08 3.16154e-22 -1.72869e-07 3.77372e-20 1.45726e-35)
(4.47679e-07 -2.32337e-08 2.52431e-22 -1.74215e-07 3.76389e-20 -3.44997e-45)
(4.49874e-07 -2.32301e-08 8.79368e-23 -1.75151e-07 3.75042e-20 -1.55666e-37)
(4.51195e-07 -2.32283e-08 2.99079e-22 -1.75713e-07 3.77599e-20 1.11704e-37)
(4.51626e-07 -2.32273e-08 1.87307e-22 -1.75897e-07 3.74684e-20 -4.40251e-35)
(4.5148e-07 -2.32284e-08 2.85709e-20 -1.75834e-07 3.71615e-20 -6.72479e-35)
)
;
    }
    up
    {
        type            calculated;
        value           nonuniform List<symmTensor> 
30
(
(1.96092e-07 -2.36257e-08 8.95212e-23 -6.6999e-08 3.81253e-20 -6.34336e-35)
(1.61137e-07 -2.36791e-08 2.51543e-22 -5.21028e-08 3.81453e-20 6.33376e-35)
(1.50983e-07 -2.36945e-08 2.7876e-22 -4.77756e-08 3.82563e-20 -6.24632e-35)
(1.50409e-07 -2.36962e-08 4.18594e-22 -4.75314e-08 3.82171e-20 -2.02343e-35)
(1.5855e-07 -2.36829e-08 4.1666e-22 -5.10005e-08 3.81683e-20 2.01137e-35)
(1.71245e-07 -2.36635e-08 3.85225e-22 -5.64112e-08 3.80688e-20 1.91507e-35)
(1.87327e-07 -2.36387e-08 4.96701e-22 -6.32645e-08 3.80807e-20 -2.80879e-38)
(2.05569e-07 -2.36104e-08 4.18415e-22 -7.10383e-08 3.80206e-20 1.80612e-35)
(2.24884e-07 -2.35803e-08 5.06162e-22 -7.92692e-08 3.8061e-20 6.98495e-38)
(2.44902e-07 -2.35483e-08 2.02408e-22 -8.77994e-08 3.79843e-20 3.3112e-35)
(2.64165e-07 -2.35195e-08 -4.12565e-23 -9.60086e-08 3.7821e-20 1.63471e-35)
(2.82032e-07 -2.34916e-08 -6.05461e-23 -1.03623e-07 3.78007e-20 -2.79092e-50)
(2.99685e-07 -2.34638e-08 -6.43359e-23 -1.11145e-07 3.7765e-20 -2.78859e-50)
(3.16652e-07 -2.34373e-08 1.62243e-35 -1.18377e-07 3.78255e-20 0)
(3.32955e-07 -2.34118e-08 7.1478e-23 -1.25325e-07 3.7894e-20 0)
(3.48357e-07 -2.33873e-08 7.47846e-23 -1.31888e-07 3.78706e-20 2.78248e-50)
(3.62853e-07 -2.33659e-08 -7.78966e-23 -1.38065e-07 3.76494e-20 -5.56155e-50)
(3.76335e-07 -2.33447e-08 -8.07908e-23 -1.43811e-07 3.76273e-20 1.91455e-64)
(3.88795e-07 -2.33258e-08 8.34657e-23 -1.49121e-07 3.78109e-20 -8.33352e-50)
(4.0019e-07 -2.33081e-08 3.24114e-35 -1.53978e-07 3.76926e-20 -5.55321e-50)
(4.10516e-07 -2.32916e-08 0 -1.58377e-07 3.7678e-20 0)
(4.1975e-07 -2.32776e-08 -3.16271e-35 -1.62313e-07 3.76655e-20 -5.54921e-50)
(4.27877e-07 -2.32651e-08 1.06195e-36 -1.65777e-07 3.76549e-20 -1.10953e-49)
(4.34872e-07 -2.32535e-08 7.42223e-37 -1.68757e-07 3.76463e-20 -1.10928e-49)
(4.40693e-07 -2.32451e-08 1.06376e-36 -1.71238e-07 3.76398e-20 -1.10909e-49)
(4.45305e-07 -2.3238e-08 1.39143e-36 -1.73203e-07 3.7635e-20 -1.10894e-49)
(4.48645e-07 -2.32321e-08 -9.63141e-23 -1.74626e-07 3.75356e-20 -5.54433e-50)
(4.50745e-07 -2.32291e-08 3.22821e-35 -1.75522e-07 3.76315e-20 0)
(4.51575e-07 -2.32276e-08 0 -1.75875e-07 3.76321e-20 0)
(4.51533e-07 -2.32284e-08 2.91732e-20 -1.75858e-07 3.7634e-20 0)
)
;
    }
    hole
    {
        type            calculated;
        value           nonuniform List<symmTensor> 
20
(
(2.64401e-07 -5.82148e-07 1.4133e-19 2.14399e-07 1.53793e-19 2.09761e-34)
(4.17277e-07 -6.66333e-07 1.41538e-19 1.39796e-07 1.80633e-19 1.21509e-35)
(5.95402e-07 -7.24992e-07 1.35339e-19 3.75907e-08 2.02549e-19 0)
(7.90551e-07 -7.50632e-07 1.1975e-19 -8.53302e-08 2.14639e-19 -6.48958e-36)
(9.91444e-07 -7.37219e-07 9.89305e-20 -2.19736e-07 2.1507e-19 -1.25155e-34)
(1.18874e-06 -6.83932e-07 7.39557e-20 -3.55746e-07 2.02532e-19 -1.3123e-34)
(1.36766e-06 -5.8952e-07 5.14009e-20 -4.8177e-07 1.78265e-19 -2.83055e-34)
(1.5284e-06 -4.61592e-07 3.02945e-20 -5.91891e-07 1.43769e-19 -1.15598e-35)
(1.64671e-06 -3.00702e-07 1.28433e-20 -6.71808e-07 1.01507e-19 1.18722e-34)
(1.74537e-06 -1.19132e-07 2.80003e-21 -7.27279e-07 5.74354e-20 1.24307e-34)
(5.34703e-09 -2.39165e-08 6.3191e-20 1.38889e-08 2.22824e-20 1.57861e-34)
(5.66885e-09 -2.37754e-08 6.6166e-20 1.31193e-08 8.11132e-21 4.08573e-35)
(-3.6127e-10 -2.70061e-08 6.77233e-20 2.79188e-08 1.34715e-20 -1.82947e-36)
(-1.25436e-08 -4.03028e-08 7.05769e-20 6.14579e-08 1.96226e-20 -3.25634e-35)
(-2.60272e-08 -6.94121e-08 7.28556e-20 1.08849e-07 2.74776e-20 7.06609e-35)
(-3.40774e-08 -1.18453e-07 8.03534e-20 1.63081e-07 3.6722e-20 -8.28225e-35)
(-2.84422e-08 -1.88197e-07 9.28996e-20 2.14284e-07 5.15866e-20 -7.01045e-35)
(-1.1293e-09 -2.76305e-07 1.08519e-19 2.52663e-07 7.13175e-20 -1.18663e-34)
(5.45167e-08 -3.77068e-07 1.22505e-19 2.69281e-07 9.65897e-20 1.42961e-34)
(1.42692e-07 -4.82326e-07 1.34038e-19 2.57659e-07 1.23993e-19 1.92588e-35)
)
;
    }
    frontAndBack
    {
        type            empty;
    }
}


// ************************************************************************* //
