/*--------------------------------*- C++ -*----------------------------------*\
  =========                 |
  \\      /  F ield         | OpenFOAM: The Open Source CFD Toolbox
   \\    /   O peration     | Website:  https://openfoam.org
    \\  /    A nd           | Version:  9
     \\/     M anipulation  |
\*---------------------------------------------------------------------------*/
FoamFile
{
    format      ascii;
    class       volSymmTensorField;
    location    "15";
    object      epsilon;
}
// * * * * * * * * * * * * * * * * * * * * * * * * * * * * * * * * * * * * * //

dimensions      [0 0 0 0 0 0 0];

internalField   nonuniform List<symmTensor> 
1000
(
(6.30992e-06 -8.20497e-06 6.94542e-19 1.26667e-06 7.65015e-19 2.08372e-33)
(8.70161e-06 -6.33017e-06 -1.30427e-20 -1.57168e-06 7.28934e-21 0)
(9.87615e-06 -4.85471e-06 1.52295e-20 -2.91261e-06 -2.92322e-21 0)
(1.05431e-05 -3.74269e-06 3.92181e-21 -3.87109e-06 -2.79048e-21 0)
(1.0865e-05 -2.84292e-06 -1.65587e-20 -4.39866e-06 1.21365e-21 0)
(1.09752e-05 -2.14073e-06 -1.8008e-21 -4.73819e-06 1.96107e-21 0)
(1.09654e-05 -1.56839e-06 -1.50192e-20 -4.92179e-06 -8.0588e-21 0)
(1.08674e-05 -1.11345e-06 1.03147e-20 -5.01554e-06 4.81787e-21 0)
(1.07393e-05 -7.34866e-07 -5.3012e-21 -5.04984e-06 -6.04677e-21 0)
(1.05516e-05 -4.19787e-07 0 -5.05468e-06 0 0)
(8.49686e-06 -9.13791e-06 6.43165e-19 3.88786e-07 8.32131e-19 1.12753e-34)
(1.03987e-05 -6.54542e-06 0 -2.19505e-06 0 0)
(1.11958e-05 -4.67373e-06 1.21756e-20 -3.28946e-06 5.80441e-21 0)
(1.1573e-05 -3.33557e-06 -2.09032e-20 -4.08882e-06 -1.11468e-20 0)
(1.16695e-05 -2.3058e-06 -8.88495e-21 -4.489e-06 -5.35839e-21 0)
(1.16004e-05 -1.53849e-06 6.17254e-21 -4.73831e-06 6.30487e-21 0)
(1.14454e-05 -9.36994e-07 6.92629e-21 -4.85094e-06 4.6425e-21 0)
(1.12337e-05 -4.80189e-07 1.62968e-20 -4.9012e-06 9.50936e-21 0)
(1.09953e-05 -1.09455e-07 0 -4.88484e-06 0 0)
(1.07426e-05 1.87067e-07 0 -4.89255e-06 0 0)
(1.09513e-05 -9.73228e-06 5.90845e-19 -7.73665e-07 8.84259e-19 0)
(1.21664e-05 -6.53338e-06 0 -2.8901e-06 0 0)
(1.24665e-05 -4.34675e-06 1.16098e-20 -3.6297e-06 6.01245e-21 0)
(1.2483e-05 -2.83407e-06 -3.50417e-21 -4.1933e-06 1.22891e-21 0)
(1.23129e-05 -1.7141e-06 -1.71728e-22 -4.42622e-06 7.58777e-23 0)
(1.20393e-05 -9.10441e-07 -5.75466e-21 -4.55852e-06 -5.96698e-21 0)
(1.17259e-05 -3.039e-07 7.88837e-21 -4.5853e-06 3.6476e-21 0)
(1.1391e-05 1.38676e-07 -5.84718e-21 -4.58031e-06 -4.32008e-21 0)
(1.10512e-05 4.83226e-07 -4.80446e-22 -4.51674e-06 8.12155e-22 0)
(1.0723e-05 7.63087e-07 -1.23874e-21 -4.51034e-06 -5.32801e-22 0)
(1.36013e-05 -9.87334e-06 5.17024e-19 -2.203e-06 9.35308e-19 -5.98101e-35)
(1.39329e-05 -6.2906e-06 6.65986e-21 -3.59913e-06 -6.86324e-22 0)
(1.36568e-05 -3.89239e-06 -5.30496e-21 -3.9137e-06 -3.00442e-21 0)
(1.32586e-05 -2.26884e-06 -3.38623e-21 -4.18073e-06 6.53152e-22 0)
(1.27911e-05 -1.10728e-06 6.00954e-21 -4.2183e-06 5.82499e-21 0)
(1.22971e-05 -3.0066e-07 -7.25224e-21 -4.21688e-06 -4.79854e-21 0)
(1.18188e-05 2.85005e-07 -6.26454e-21 -4.15356e-06 -4.46154e-21 0)
(1.13625e-05 6.96961e-07 -1.39618e-20 -4.0927e-06 -1.02216e-20 0)
(1.0928e-05 1.00108e-06 -1.99341e-21 -3.99091e-06 -2.44342e-21 0)
(1.05346e-05 1.24843e-06 3.41518e-21 -3.96633e-06 3.02558e-21 0)
(1.63378e-05 -9.54553e-06 4.7831e-19 -3.91293e-06 1.04428e-18 -1.22055e-33)
(1.56497e-05 -5.78086e-06 3.49213e-25 -4.32743e-06 1.55928e-26 0)
(1.47502e-05 -3.31183e-06 -1.71929e-20 -4.15832e-06 -8.44878e-21 0)
(1.38945e-05 -1.65395e-06 1.57476e-21 -4.066e-06 -6.01984e-23 0)
(1.31039e-05 -5.14497e-07 -2.20676e-21 -3.88001e-06 2.25234e-22 0)
(1.23798e-05 2.52216e-07 5.20937e-21 -3.73087e-06 4.82667e-21 0)
(1.1737e-05 7.84334e-07 -5.90724e-22 -3.57612e-06 1.70901e-22 0)
(1.11652e-05 1.14354e-06 5.51333e-21 -3.46199e-06 3.68795e-21 0)
(1.06487e-05 1.39087e-06 -1.17569e-21 -3.33318e-06 -2.54841e-21 0)
(1.01992e-05 1.59225e-06 -2.17789e-21 -3.29431e-06 -1.76179e-21 0)
(1.89507e-05 -8.78527e-06 3.28983e-19 -5.50509e-06 9.22131e-19 -1.20474e-33)
(1.7327e-05 -4.97595e-06 3.19819e-25 -5.05936e-06 6.56213e-26 0)
(1.57249e-05 -2.57876e-06 -1.73597e-25 -4.30572e-06 -2.71091e-26 0)
(1.43875e-05 -9.94817e-07 1.39361e-21 -3.83873e-06 1.6757e-22 0)
(1.32567e-05 4.38345e-08 -7.4432e-21 -3.41325e-06 -4.53678e-21 0)
(1.23043e-05 7.15428e-07 8.55431e-23 -3.12057e-06 -6.98363e-25 0)
(1.15059e-05 1.15757e-06 5.5374e-21 -2.88354e-06 3.75738e-21 0)
(1.08313e-05 1.44065e-06 1.17681e-20 -2.72703e-06 8.6244e-21 0)
(1.0248e-05 1.61758e-06 2.13172e-21 -2.58496e-06 1.56717e-21 0)
(9.75429e-06 1.76202e-06 -3.71955e-21 -2.53847e-06 -2.93621e-21 0)
(2.13203e-05 -7.2327e-06 1.90326e-19 -6.95381e-06 6.13256e-19 -1.93639e-33)
(1.88256e-05 -3.82842e-06 5.05546e-21 -5.69168e-06 1.97397e-21 0)
(1.64949e-05 -1.65223e-06 5.26477e-21 -4.29982e-06 2.40798e-21 0)
(1.46727e-05 -3.02126e-07 -1.14705e-21 -3.46099e-06 -3.35549e-22 0)
(1.32198e-05 5.39996e-07 5.36749e-21 -2.81464e-06 3.60855e-21 0)
(1.20668e-05 1.05097e-06 -4.94232e-21 -2.40609e-06 -3.42138e-21 0)
(1.11424e-05 1.36584e-06 1.41884e-21 -2.11408e-06 8.91186e-23 0)
(1.03907e-05 1.55172e-06 -4.41664e-21 -1.93707e-06 -2.90226e-21 0)
(9.7635e-06 1.65021e-06 -3.08692e-22 -1.80078e-06 3.84757e-23 0)
(9.24092e-06 1.73233e-06 -2.23858e-21 -1.75684e-06 -1.46353e-21 0)
(2.36248e-05 -5.29108e-06 9.19381e-20 -8.16974e-06 3.33668e-19 -5.26503e-35)
(2.0052e-05 -2.33803e-06 -1.3297e-20 -5.98634e-06 -4.80673e-21 0)
(1.69969e-05 -5.45637e-07 1.04086e-22 -4.00358e-06 5.6585e-23 0)
(1.47228e-05 3.78725e-07 1.68398e-21 -2.86129e-06 8.25054e-22 0)
(1.30082e-05 9.17511e-07 1.22881e-20 -2.07694e-06 6.14716e-21 0)
(1.17109e-05 1.20855e-06 -7.32002e-22 -1.61905e-06 -2.2228e-22 0)
(1.07083e-05 1.37235e-06 1.82003e-26 -1.3235e-06 3.56193e-27 0)
(9.91566e-06 1.45486e-06 -4.32119e-21 -1.16028e-06 -2.28462e-21 0)
(9.27148e-06 1.481e-06 1.05678e-22 -1.05255e-06 3.86363e-24 0)
(8.73725e-06 1.50683e-06 3.23933e-22 -1.02276e-06 1.58823e-22 0)
(2.58719e-05 -2.36442e-06 -2.7845e-21 -9.28542e-06 -1.30166e-19 -3.08075e-34)
(2.06797e-05 -4.07507e-07 -1.47487e-20 -5.58803e-06 -6.03595e-21 0)
(1.69316e-05 5.52584e-07 1.54136e-21 -3.19923e-06 1.31792e-21 0)
(1.43401e-05 8.51271e-07 1.46721e-21 -1.9317e-06 1.09247e-21 0)
(1.25388e-05 1.01129e-06 -6.0621e-22 -1.20492e-06 -3.64159e-22 0)
(1.1222e-05 1.06676e-06 4.78146e-21 -8.19277e-07 1.75191e-21 0)
(1.02286e-05 1.09245e-06 2.63507e-22 -5.98734e-07 7.74447e-23 0)
(9.44883e-06 1.09393e-06 7.71634e-21 -4.91618e-07 2.95897e-21 0)
(8.81955e-06 1.07505e-06 1.7035e-21 -4.32852e-07 6.60051e-22 0)
(8.29064e-06 1.06607e-06 9.53327e-22 -4.25093e-07 3.86724e-22 0)
(2.79391e-05 2.16126e-06 -9.71769e-21 -8.97015e-06 -4.64291e-19 -2.02298e-33)
(2.01842e-05 2.42923e-06 -1.22295e-21 -3.66424e-06 -1.86428e-21 0)
(1.62476e-05 1.56401e-06 5.09498e-21 -1.66139e-06 2.1644e-21 0)
(1.37506e-05 1.046e-06 2.66839e-22 -7.56143e-07 3.52003e-22 0)
(1.20871e-05 8.13656e-07 9.08485e-27 -3.71726e-07 8.46697e-27 0)
(1.08655e-05 7.04479e-07 4.85402e-21 -1.92678e-07 8.70484e-22 0)
(9.93717e-06 6.60073e-07 7.63161e-23 -1.10994e-07 2.13144e-23 0)
(9.19371e-06 6.38825e-07 3.71906e-21 -7.98312e-08 7.02184e-22 0)
(8.58555e-06 6.19411e-07 -4.16345e-23 -6.87193e-08 -2.13557e-24 0)
(8.06003e-06 6.07321e-07 -6.26427e-23 -7.38049e-08 -1.26443e-23 0)
(-2.57321e-08 1.92227e-08 2.79791e-20 -8.41409e-09 2.89419e-20 1.68834e-34)
(3.30835e-08 -6.89466e-08 -2.77404e-22 -1.23962e-08 2.41606e-20 1.45884e-36)
(3.20803e-07 -2.1655e-07 -3.55316e-21 -1.51349e-07 1.29705e-20 1.81145e-35)
(7.73649e-07 -3.34767e-07 -1.992e-24 -3.58129e-07 1.6516e-20 0)
(1.29489e-06 -4.0778e-07 -4.76179e-22 -5.87766e-07 1.04869e-20 -1.41412e-36)
(1.8395e-06 -4.49501e-07 -4.87278e-21 -8.23838e-07 1.52257e-20 2.90167e-35)
(2.3714e-06 -4.66026e-07 1.09681e-21 -1.05169e-06 2.06371e-20 1.35949e-36)
(2.87849e-06 -4.67494e-07 -3.23473e-21 -1.26708e-06 1.68921e-20 2.53335e-35)
(3.34383e-06 -4.5524e-07 2.6174e-21 -1.4655e-06 1.68424e-20 -1.01887e-35)
(3.77516e-06 -4.45422e-07 5.00492e-21 -1.64469e-06 7.80804e-21 -1.42614e-35)
(5.59122e-08 -7.44034e-08 2.87723e-20 -2.79754e-08 7.68856e-21 4.74747e-35)
(3.41094e-07 -4.00829e-07 3.93296e-21 -6.83131e-09 4.31431e-21 0)
(8.60361e-07 -7.60976e-07 -3.68079e-21 -2.22724e-07 -3.69695e-21 0)
(1.4372e-06 -1.03627e-06 3.52951e-23 -5.13702e-07 -3.06064e-21 0)
(2.01558e-06 -1.20564e-06 0 -8.03453e-07 0 0)
(2.5639e-06 -1.30067e-06 -5.58568e-21 -1.07638e-06 -8.28887e-22 0)
(3.06918e-06 -1.33502e-06 9.40029e-22 -1.32211e-06 4.8081e-21 0)
(3.53372e-06 -1.33274e-06 7.01833e-23 -1.54234e-06 2.58698e-22 0)
(3.94321e-06 -1.29591e-06 -3.00535e-21 -1.73612e-06 -8.74474e-21 0)
(4.32346e-06 -1.26648e-06 2.20695e-21 -1.90097e-06 3.423e-22 0)
(8.76443e-08 -3.64245e-07 3.43514e-20 1.02452e-07 6.71854e-21 -2.12259e-36)
(6.33244e-07 -9.99608e-07 4.02223e-21 3.06454e-08 4.26166e-21 0)
(1.3657e-06 -1.44543e-06 4.20679e-21 -3.04777e-07 8.81542e-22 0)
(2.08407e-06 -1.74437e-06 2.16025e-22 -7.20687e-07 -2.95182e-21 0)
(2.74506e-06 -1.90924e-06 0 -1.10384e-06 0 0)
(3.32673e-06 -1.98684e-06 -6.25034e-21 -1.44045e-06 -1.63134e-21 0)
(3.83232e-06 -1.99634e-06 -8.52585e-21 -1.72372e-06 -2.38718e-21 0)
(4.27695e-06 -1.96456e-06 5.63962e-21 -1.96251e-06 3.44866e-21 0)
(4.64657e-06 -1.89509e-06 3.41697e-23 -2.1574e-06 1.10153e-22 0)
(4.99142e-06 -1.83663e-06 -5.07229e-21 -2.31592e-06 -3.20746e-21 0)
(1.35465e-07 -8.18036e-07 6.34782e-20 4.1214e-07 1.37132e-20 -4.81785e-35)
(1.033e-06 -1.7167e-06 9.90365e-22 6.96762e-08 -3.57818e-21 0)
(1.9629e-06 -2.18533e-06 4.62237e-21 -4.15125e-07 9.04193e-22 0)
(2.80989e-06 -2.44859e-06 0 -9.53915e-07 0 0)
(3.54389e-06 -2.55768e-06 -7.8796e-21 -1.42342e-06 2.93478e-21 0)
(4.15813e-06 -2.57806e-06 9.23391e-23 -1.82149e-06 7.26545e-21 0)
(4.66634e-06 -2.5343e-06 -3.90102e-22 -2.14306e-06 -3.9034e-21 0)
(5.09559e-06 -2.45315e-06 -1.12506e-21 -2.40382e-06 -6.02564e-21 0)
(5.43034e-06 -2.34025e-06 2.57384e-21 -2.60533e-06 8.35165e-22 0)
(5.74571e-06 -2.2448e-06 4.80449e-21 -2.76387e-06 1.80206e-21 0)
(2.5873e-07 -1.45869e-06 7.32641e-20 8.42228e-07 3.61228e-20 1.69097e-34)
(1.59516e-06 -2.49692e-06 -8.11122e-21 6.01844e-08 5.43441e-21 0)
(2.72281e-06 -2.91823e-06 -4.92097e-21 -6.26884e-07 -1.44831e-21 0)
(3.67972e-06 -3.09383e-06 -1.32827e-21 -1.2999e-06 5.32483e-21 0)
(4.46239e-06 -3.10561e-06 -5.21678e-23 -1.84811e-06 3.28498e-22 0)
(5.08852e-06 -3.03734e-06 7.59013e-21 -2.29513e-06 -2.03709e-21 0)
(5.58395e-06 -2.91766e-06 3.30605e-21 -2.64278e-06 8.67822e-22 0)
(5.98675e-06 -2.77095e-06 0 -2.91534e-06 0 0)
(6.27999e-06 -2.606e-06 -3.52747e-21 -3.11558e-06 -4.6461e-21 0)
(6.56075e-06 -2.46571e-06 1.40841e-21 -3.26806e-06 3.41676e-22 0)
(5.26378e-07 -2.30049e-06 1.41615e-19 1.32601e-06 5.9771e-20 -3.20469e-34)
(2.33829e-06 -3.2875e-06 3.30786e-21 7.40155e-10 -6.44969e-21 0)
(3.65299e-06 -3.57722e-06 -4.06366e-21 -9.17082e-07 -4.38422e-21 0)
(4.69248e-06 -3.62018e-06 8.93504e-22 -1.72209e-06 -2.47939e-21 0)
(5.49322e-06 -3.50881e-06 8.59644e-21 -2.33252e-06 2.87728e-21 0)
(6.10458e-06 -3.33635e-06 -8.2957e-21 -2.8109e-06 9.2434e-22 0)
(6.56666e-06 -3.13122e-06 -9.5917e-24 -3.16959e-06 2.20242e-22 0)
(6.92638e-06 -2.91329e-06 -6.46008e-21 -3.44125e-06 -4.45145e-21 0)
(7.16765e-06 -2.69477e-06 1.34871e-23 -3.6321e-06 8.64541e-23 0)
(7.40382e-06 -2.50737e-06 -7.05669e-21 -3.77125e-06 -3.22565e-21 0)
(1.01547e-06 -3.33397e-06 2.62265e-19 1.76001e-06 1.40098e-19 -3.91856e-34)
(3.26876e-06 -4.05702e-06 1.83102e-22 -1.29577e-07 -2.774e-22 0)
(4.73624e-06 -4.1227e-06 -1.34244e-25 -1.27882e-06 2.29186e-25 0)
(5.82104e-06 -3.98895e-06 -8.7792e-21 -2.20311e-06 -6.15527e-21 0)
(6.60596e-06 -3.73417e-06 -1.49285e-21 -2.85729e-06 3.9881e-21 0)
(7.1738e-06 -3.44909e-06 -8.04746e-21 -3.34904e-06 -3.2756e-21 0)
(7.5799e-06 -3.15619e-06 1.44679e-20 -3.70234e-06 6.45042e-21 0)
(7.87777e-06 -2.86816e-06 -2.02936e-24 -3.95961e-06 1.72984e-22 0)
(8.05575e-06 -2.59967e-06 2.85055e-21 -4.13131e-06 -1.29584e-23 0)
(8.23472e-06 -2.36666e-06 -3.8602e-21 -4.24936e-06 -1.83782e-21 0)
(1.79741e-06 -4.52137e-06 4.12062e-19 2.04884e-06 2.57595e-19 -8.57853e-34)
(4.38278e-06 -4.77559e-06 4.71594e-21 -3.39167e-07 -5.63481e-21 0)
(5.93735e-06 -4.52964e-06 -1.82188e-21 -1.67941e-06 2.42728e-21 0)
(7.0177e-06 -4.17981e-06 1.11466e-21 -2.69325e-06 -1.73583e-21 0)
(7.74986e-06 -3.76764e-06 9.95244e-26 -3.36722e-06 -1.95012e-25 0)
(8.24539e-06 -3.36848e-06 9.34364e-21 -3.85305e-06 7.89065e-22 0)
(8.57464e-06 -2.99223e-06 7.06664e-22 -4.18657e-06 -3.04287e-21 0)
(8.79351e-06 -2.64185e-06 -2.39489e-22 -4.417e-06 2.5042e-21 0)
(8.90024e-06 -2.332e-06 2.96311e-23 -4.56511e-06 1.25066e-21 0)
(9.00917e-06 -2.05932e-06 2.94725e-21 -4.65369e-06 2.75702e-21 0)
(2.92747e-06 -5.79116e-06 5.34673e-19 2.10036e-06 4.22202e-19 1.22384e-33)
(5.67193e-06 -5.41244e-06 -1.52012e-21 -6.45068e-07 1.03318e-20 0)
(7.21912e-06 -4.78683e-06 -1.76166e-25 -2.09855e-06 1.84626e-25 0)
(8.23361e-06 -4.19151e-06 1.2081e-20 -3.15657e-06 2.83606e-21 0)
(8.87264e-06 -3.6142e-06 9.22685e-21 -3.81946e-06 4.60689e-21 0)
(9.26703e-06 -3.10497e-06 8.32674e-21 -4.27903e-06 4.15798e-21 0)
(9.49963e-06 -2.65345e-06 -9.17629e-22 -4.57689e-06 2.61507e-21 0)
(9.62378e-06 -2.25354e-06 -1.003e-20 -4.77209e-06 -5.60402e-21 0)
(9.6535e-06 -1.91265e-06 6.16648e-21 -4.88923e-06 1.45794e-21 0)
(9.68402e-06 -1.60771e-06 2.76282e-21 -4.95619e-06 1.64167e-21 0)
(4.43349e-06 -7.05739e-06 6.39061e-19 1.85494e-06 5.9209e-19 1.84275e-34)
(7.11762e-06 -5.94102e-06 -3.0584e-21 -1.05033e-06 2.25685e-21 0)
(8.54142e-06 -4.89406e-06 -5.928e-21 -2.51173e-06 -2.76394e-21 0)
(9.41954e-06 -4.03827e-06 2.57064e-20 -3.55511e-06 6.01797e-21 0)
(9.92129e-06 -3.29567e-06 1.57962e-22 -4.17071e-06 -1.78934e-22 0)
(1.01854e-05 -2.68377e-06 -8.18931e-21 -4.58082e-06 -4.64892e-21 0)
(1.03025e-05 -2.16803e-06 -8.7893e-21 -4.82944e-06 -1.38178e-21 0)
(1.03179e-05 -1.73282e-06 -3.30765e-21 -4.97499e-06 -1.97787e-21 0)
(1.02739e-05 -1.37956e-06 3.80239e-22 -5.06908e-06 -2.73817e-21 0)
(1.02002e-05 -1.07295e-06 1.64394e-21 -5.07752e-06 3.46242e-21 0)
(4.1636e-06 -4.13151e-07 3.87735e-21 -1.8114e-06 4.39585e-21 1.87751e-37)
(4.50207e-06 -3.68623e-07 2.80832e-21 -1.95034e-06 -5.41166e-21 8.9304e-36)
(4.813e-06 -3.29912e-07 -2.97457e-21 -2.07928e-06 -1.75523e-20 9.78337e-36)
(5.0926e-06 -2.94763e-07 -2.03534e-21 -2.19594e-06 -1.88312e-20 6.10326e-37)
(5.34482e-06 -2.62177e-07 -5.18019e-21 -2.30089e-06 -2.27574e-20 -4.59701e-35)
(5.57085e-06 -2.32998e-07 -8.34619e-22 -2.39549e-06 -2.52768e-20 0)
(5.77346e-06 -2.06242e-07 -8.99759e-22 -2.48014e-06 -2.88751e-20 0)
(5.95405e-06 -1.82108e-07 7.18908e-22 -2.55588e-06 -3.00433e-20 -9.03728e-37)
(6.11475e-06 -1.59985e-07 5.1847e-22 -2.62328e-06 -3.43906e-20 2.57475e-35)
(6.25676e-06 -1.3972e-07 2.53087e-21 -2.68301e-06 -3.33363e-20 -1.79258e-36)
(6.38153e-06 -1.20874e-07 3.53572e-21 -2.73556e-06 -3.79877e-20 8.87096e-35)
(6.4899e-06 -1.03177e-07 -2.39551e-21 -2.78134e-06 -4.21839e-20 -3.11792e-35)
(6.58266e-06 -8.6284e-08 3.6874e-21 -2.82066e-06 -4.15345e-20 9.77893e-35)
(6.66028e-06 -6.99458e-08 -6.34485e-21 -2.85372e-06 -5.10744e-20 2.02748e-36)
(6.72297e-06 -5.3956e-08 -3.73475e-22 -2.88062e-06 -4.4188e-20 -3.54527e-35)
(6.77108e-06 -3.82946e-08 -6.25887e-22 -2.90148e-06 -4.6631e-20 8.55399e-45)
(6.80446e-06 -2.31875e-08 -2.42975e-21 -2.91623e-06 -4.94428e-20 3.91048e-37)
(6.82438e-06 -9.49043e-09 1.46061e-21 -2.9251e-06 -4.53629e-20 -2.82809e-37)
(6.83073e-06 9.95111e-10 6.0261e-22 -2.92779e-06 -5.04665e-20 1.11773e-34)
(6.82849e-06 3.45266e-09 -1.07682e-19 -2.92382e-06 -5.58456e-20 2.53246e-34)
(4.63622e-06 -1.17929e-06 5.39414e-21 -2.04958e-06 6.63629e-21 0)
(4.88706e-06 -1.06145e-06 3.50035e-21 -2.15565e-06 9.58065e-22 0)
(5.12692e-06 -9.57661e-07 2.64781e-22 -2.25336e-06 -1.51716e-21 0)
(5.34207e-06 -8.60815e-07 7.94486e-21 -2.34302e-06 7.16612e-21 0)
(5.54018e-06 -7.70069e-07 -1.52828e-21 -2.42303e-06 -3.60268e-22 0)
(5.71901e-06 -6.88061e-07 -6.47684e-21 -2.49648e-06 -6.57019e-21 0)
(5.88187e-06 -6.1215e-07 3.30649e-21 -2.56239e-06 1.2218e-21 0)
(6.02848e-06 -5.43206e-07 0 -2.6223e-06 0 0)
(6.1608e-06 -4.79593e-07 1.57573e-21 -2.67618e-06 5.57144e-22 0)
(6.27918e-06 -4.21065e-07 3.23958e-21 -2.72474e-06 1.24663e-21 0)
(6.38481e-06 -3.66503e-07 9.71355e-21 -2.76819e-06 5.0146e-21 0)
(6.47818e-06 -3.1528e-07 4.37749e-23 -2.8069e-06 5.01321e-23 0)
(6.55998e-06 -2.66551e-07 1.26451e-21 -2.84101e-06 -9.81651e-22 0)
(6.63065e-06 -2.19738e-07 1.8513e-21 -2.87064e-06 2.12152e-21 0)
(6.69048e-06 -1.7438e-07 1.89923e-21 -2.8957e-06 2.18207e-21 0)
(6.73981e-06 -1.30465e-07 -1.88139e-21 -2.91593e-06 -2.17256e-21 0)
(6.77835e-06 -8.85188e-08 -1.89201e-21 -2.93065e-06 -2.19713e-21 0)
(6.80655e-06 -5.037e-08 -3.79958e-21 -2.93865e-06 -4.4381e-21 0)
(6.8222e-06 -1.87751e-08 -2.87546e-23 -2.93716e-06 -3.152e-23 0)
(6.82603e-06 -2.01698e-09 -9.96341e-20 -2.92168e-06 1.8863e-21 -2.18748e-34)
(5.23217e-06 -1.70605e-06 1.47561e-21 -2.43827e-06 2.02059e-21 0)
(5.38989e-06 -1.54554e-06 2.0147e-21 -2.50125e-06 7.18506e-22 0)
(5.55327e-06 -1.40156e-06 -4.67709e-21 -2.55411e-06 -5.89769e-21 0)
(5.69645e-06 -1.26789e-06 -4.2121e-22 -2.60427e-06 1.07734e-21 0)
(5.83368e-06 -1.14054e-06 8.53602e-21 -2.64705e-06 7.11146e-21 0)
(5.95804e-06 -1.02494e-06 -6.77934e-21 -2.68802e-06 -6.4789e-21 0)
(6.07457e-06 -9.1678e-07 -1.80412e-21 -2.72492e-06 -2.09267e-21 0)
(6.18086e-06 -8.17958e-07 3.44809e-21 -2.75975e-06 3.92803e-21 0)
(6.27909e-06 -7.26209e-07 2.01984e-23 -2.79201e-06 -2.55134e-21 0)
(6.36857e-06 -6.41502e-07 -3.64842e-21 -2.82233e-06 -4.10924e-21 0)
(6.45034e-06 -5.62445e-07 3.49599e-21 -2.85066e-06 3.92346e-21 0)
(6.52437e-06 -4.88358e-07 5.40203e-21 -2.8772e-06 6.06605e-21 0)
(6.59118e-06 -4.18225e-07 4.1335e-23 -2.90188e-06 4.56318e-23 0)
(6.65092e-06 -3.51343e-07 -1.84961e-21 -2.92456e-06 -2.08899e-21 0)
(6.70366e-06 -2.87089e-07 1.83095e-21 -2.94482e-06 2.08044e-21 0)
(6.74944e-06 -2.25232e-07 2.69918e-28 -2.96181e-06 3.0109e-28 0)
(6.78728e-06 -1.6592e-07 -1.88635e-21 -2.9739e-06 -2.17038e-21 0)
(6.81672e-06 -1.10095e-07 2.52758e-22 -2.97844e-06 1.56844e-21 0)
(6.83292e-06 -5.94768e-08 -6.2162e-21 -2.96985e-06 -7.95263e-22 0)
(6.83556e-06 -1.63513e-08 -9.85465e-20 -2.94194e-06 -1.39994e-21 -1.62699e-37)
(5.91568e-06 -2.07771e-06 0 -2.8624e-06 0 0)
(5.97689e-06 -1.89391e-06 2.15381e-21 -2.88574e-06 7.84336e-22 0)
(6.06278e-06 -1.72441e-06 1.68457e-21 -2.89615e-06 1.92787e-21 0)
(6.13079e-06 -1.56979e-06 1.84867e-21 -2.90934e-06 2.14359e-21 0)
(6.20402e-06 -1.41929e-06 0 -2.9157e-06 0 0)
(6.26971e-06 -1.28267e-06 2.52029e-22 -2.92431e-06 -1.08264e-21 0)
(6.33585e-06 -1.15326e-06 -5.53701e-21 -2.93157e-06 -3.40085e-21 0)
(6.39741e-06 -1.03445e-06 -3.53077e-21 -2.94018e-06 -3.84301e-21 0)
(6.45731e-06 -9.23392e-07 -1.9872e-21 -2.94932e-06 -9.16746e-22 0)
(6.51366e-06 -8.2047e-07 -1.61914e-23 -2.9596e-06 2.45898e-21 0)
(6.56745e-06 -7.24169e-07 -1.75078e-21 -2.97081e-06 5.41388e-22 0)
(6.61805e-06 -6.33878e-07 3.65715e-21 -2.98296e-06 1.56722e-21 0)
(6.66571e-06 -5.4852e-07 3.47467e-21 -2.99581e-06 1.70062e-22 0)
(6.71019e-06 -4.67309e-07 8.1798e-23 -3.00896e-06 1.31477e-21 0)
(6.75118e-06 -3.89455e-07 1.46962e-22 -3.02166e-06 1.39378e-21 0)
(6.78832e-06 -3.14367e-07 -1.86514e-21 -3.03269e-06 -2.1023e-21 0)
(6.81995e-06 -2.41662e-07 -3.98348e-28 -3.03986e-06 -4.49236e-28 0)
(6.84521e-06 -1.70869e-07 3.97442e-21 -3.04002e-06 5.84512e-21 0)
(6.85795e-06 -1.02603e-07 -1.99373e-22 -3.02692e-06 -1.53781e-21 0)
(6.85842e-06 -3.19274e-08 -1.07194e-19 -2.99422e-06 -9.72554e-21 3.13452e-34)
(6.65697e-06 -2.27018e-06 1.618e-22 -3.33623e-06 2.69253e-21 0)
(6.61812e-06 -2.08565e-06 -2.34015e-21 -3.31901e-06 -1.02245e-21 0)
(6.62612e-06 -1.90568e-06 -5.88238e-21 -3.28344e-06 -4.79778e-21 0)
(6.61697e-06 -1.74719e-06 3.8735e-21 -3.25811e-06 2.6381e-21 0)
(6.62513e-06 -1.58797e-06 1.00807e-20 -3.2258e-06 6.62455e-21 0)
(6.62992e-06 -1.44405e-06 -1.8506e-21 -3.19954e-06 -1.9375e-21 0)
(6.64348e-06 -1.30564e-06 0 -3.17454e-06 0 0)
(6.65763e-06 -1.17788e-06 1.80218e-21 -3.15402e-06 1.87863e-21 0)
(6.67636e-06 -1.05747e-06 -5.80712e-21 -3.13716e-06 -2.47955e-21 0)
(6.69655e-06 -9.45279e-07 -3.76488e-21 -3.12448e-06 -2.77664e-21 0)
(6.7192e-06 -8.39872e-07 2.15636e-22 -3.11577e-06 -2.1453e-21 0)
(6.74309e-06 -7.40784e-07 -1.8934e-21 -3.11087e-06 -3.21226e-21 0)
(6.76821e-06 -6.4699e-07 -2.00777e-22 -3.10943e-06 3.37537e-21 0)
(6.79393e-06 -5.57631e-07 3.70328e-21 -3.11086e-06 5.23405e-21 0)
(6.81961e-06 -4.7175e-07 1.80715e-21 -3.11421e-06 7.69563e-22 0)
(6.84454e-06 -3.88285e-07 -6.52346e-23 -3.11807e-06 -1.30574e-21 0)
(6.86671e-06 -3.06277e-07 3.50319e-21 -3.12005e-06 1.439e-21 0)
(6.88506e-06 -2.23694e-07 1.72305e-21 -3.11701e-06 6.90571e-22 0)
(6.89332e-06 -1.40474e-07 7.06575e-21 -3.10306e-06 5.583e-21 0)
(6.89215e-06 -4.56358e-08 -9.39001e-20 -3.07238e-06 3.76834e-21 -3.07605e-34)
(7.42383e-06 -2.29341e-06 1.37792e-21 -3.80643e-06 1.89664e-21 0)
(7.28404e-06 -2.13192e-06 3.31302e-23 -3.75469e-06 7.28449e-23 0)
(7.21659e-06 -1.95592e-06 -4.25343e-21 -3.67584e-06 -2.94972e-21 0)
(7.13041e-06 -1.80916e-06 -1.02137e-20 -3.61505e-06 -7.64988e-21 0)
(7.07472e-06 -1.65417e-06 3.99075e-21 -3.547e-06 2.72041e-21 0)
(7.01869e-06 -1.51463e-06 3.75393e-21 -3.48762e-06 3.7327e-21 0)
(6.97953e-06 -1.37793e-06 -1.83922e-21 -3.43197e-06 -1.83165e-21 0)
(6.94562e-06 -1.25072e-06 -2.97702e-22 -3.38306e-06 8.21818e-22 0)
(6.92201e-06 -1.12971e-06 8.07628e-21 -3.34044e-06 4.81126e-21 0)
(6.9045e-06 -1.01605e-06 -5.3932e-21 -3.30445e-06 -5.51193e-21 0)
(6.89405e-06 -9.08642e-07 -1.91836e-21 -3.27501e-06 -1.98517e-21 0)
(6.889e-06 -8.07131e-07 5.2094e-21 -3.25192e-06 7.74044e-21 0)
(6.88909e-06 -7.10656e-07 -7.6322e-21 -3.23483e-06 -2.26819e-21 0)
(6.8934e-06 -6.18333e-07 -5.42955e-21 -3.22316e-06 -5.8108e-21 0)
(6.9011e-06 -5.29114e-07 1.62168e-23 -3.216e-06 -1.17444e-21 0)
(6.91124e-06 -4.41531e-07 -7.32177e-21 -3.21201e-06 -5.60505e-21 0)
(6.92186e-06 -3.54181e-07 -5.32771e-23 -3.20906e-06 -5.0145e-23 0)
(6.93182e-06 -2.63688e-07 7.19316e-21 -3.20447e-06 6.88331e-21 0)
(6.93591e-06 -1.69609e-07 1.10179e-22 -3.19352e-06 1.42165e-21 0)
(6.93439e-06 -5.63227e-08 -9.39016e-20 -3.17127e-06 -1.1471e-21 2.20147e-36)
(8.17904e-06 -2.14737e-06 -1.44376e-21 -4.24876e-06 -1.85572e-21 0)
(7.94279e-06 -2.03465e-06 1.99651e-21 -4.172e-06 1.82479e-21 0)
(7.80721e-06 -1.87763e-06 2.46664e-21 -4.05725e-06 1.28843e-21 0)
(7.6477e-06 -1.75743e-06 -1.9478e-21 -3.96528e-06 -1.82896e-21 0)
(7.53194e-06 -1.62052e-06 -4.61898e-21 -3.86649e-06 -2.3065e-21 0)
(7.41759e-06 -1.49648e-06 2.255e-21 -3.77608e-06 1.121e-21 0)
(7.32695e-06 -1.372e-06 6.38014e-21 -3.69144e-06 4.10622e-21 0)
(7.24589e-06 -1.25393e-06 -1.02644e-20 -3.61478e-06 -6.89404e-21 0)
(7.18001e-06 -1.14009e-06 -6.33163e-21 -3.54668e-06 -4.17177e-21 0)
(7.12463e-06 -1.03175e-06 9.93744e-21 -3.48735e-06 6.73141e-21 0)
(7.08043e-06 -9.28464e-07 -4.055e-21 -3.43699e-06 -1.93784e-21 0)
(7.04552e-06 -8.30084e-07 5.36531e-21 -3.39538e-06 5.50446e-21 0)
(7.01938e-06 -7.36036e-07 5.78282e-21 -3.36228e-06 3.76793e-21 0)
(7.00089e-06 -6.45481e-07 -3.36881e-21 -3.33718e-06 -4.70252e-21 0)
(6.98914e-06 -5.57362e-07 -2.20944e-21 -3.31933e-06 1.14531e-21 0)
(6.98307e-06 -4.69919e-07 1.04301e-22 -3.30766e-06 9.63179e-23 0)
(6.9811e-06 -3.81449e-07 -8.92033e-21 -3.30058e-06 -7.42794e-21 0)
(6.98196e-06 -2.87589e-07 1.77004e-21 -3.29612e-06 1.9917e-21 0)
(6.98239e-06 -1.87726e-07 3.51195e-21 -3.2912e-06 2.74866e-21 0)
(6.98153e-06 -6.31996e-08 -9.49235e-20 -3.28205e-06 -1.8518e-21 8.90173e-37)
(8.88321e-06 -1.84285e-06 1.71925e-23 -4.62449e-06 5.91309e-23 0)
(8.56175e-06 -1.80397e-06 -2.06409e-21 -4.53506e-06 -1.81778e-21 0)
(8.36959e-06 -1.6822e-06 4.4529e-22 -4.39956e-06 -4.82138e-22 0)
(8.14477e-06 -1.59849e-06 0 -4.28193e-06 0 0)
(7.97502e-06 -1.49202e-06 0 -4.16196e-06 0 0)
(7.8091e-06 -1.39218e-06 -6.18314e-21 -4.04757e-06 -4.84499e-21 0)
(7.67099e-06 -1.2895e-06 5.49903e-21 -3.94029e-06 5.13474e-21 0)
(7.54645e-06 -1.18896e-06 1.15956e-20 -3.84061e-06 1.01236e-20 0)
(7.44023e-06 -1.09017e-06 -8.76917e-21 -3.75016e-06 -8.43398e-21 0)
(7.34822e-06 -9.94101e-07 -7.68408e-21 -3.66933e-06 -6.54963e-21 0)
(7.27063e-06 -9.01088e-07 3.54229e-21 -3.59877e-06 3.52806e-21 0)
(7.20573e-06 -8.11229e-07 -3.49346e-22 -3.53867e-06 6.99877e-22 0)
(7.15283e-06 -7.24353e-07 6.0703e-21 -3.48911e-06 2.99765e-21 0)
(7.1108e-06 -6.3983e-07 9.4505e-21 -3.44992e-06 6.53819e-21 0)
(7.07876e-06 -5.56748e-07 1.2892e-22 -3.42076e-06 1.17923e-22 0)
(7.05566e-06 -4.73285e-07 4.31132e-21 -3.40107e-06 -1.18053e-21 0)
(7.04054e-06 -3.87639e-07 0 -3.39004e-06 0 0)
(7.03205e-06 -2.94905e-07 -3.62266e-21 -3.38662e-06 -1.59769e-21 0)
(7.0294e-06 -1.94453e-07 1.74299e-21 -3.38962e-06 7.36408e-22 0)
(7.0301e-06 -6.60835e-08 -9.086e-20 -3.39676e-06 -4.01438e-22 2.33162e-36)
(9.50639e-06 -1.40928e-06 -1.34159e-23 -4.90642e-06 -5.17124e-23 0)
(9.11187e-06 -1.45777e-06 2.56438e-21 -4.81311e-06 1.5324e-21 0)
(8.88018e-06 -1.39634e-06 -2.55055e-21 -4.68813e-06 -1.55332e-21 0)
(8.60494e-06 -1.35627e-06 -2.51041e-21 -4.55474e-06 -1.51287e-21 0)
(8.38646e-06 -1.29297e-06 6.89069e-21 -4.42124e-06 4.70198e-21 0)
(8.17657e-06 -1.22329e-06 4.91038e-21 -4.28721e-06 2.93123e-21 0)
(7.99509e-06 -1.1474e-06 -6.5206e-21 -4.16001e-06 -4.36536e-21 0)
(7.83166e-06 -1.06815e-06 8.71375e-22 -4.04042e-06 -9.19117e-22 0)
(7.68868e-06 -9.87755e-07 1.47924e-21 -3.93057e-06 1.3737e-21 0)
(7.56316e-06 -9.07403e-07 -8.08845e-22 -3.83133e-06 1.08372e-21 0)
(7.45458e-06 -8.2813e-07 -6.62335e-21 -3.74344e-06 -3.63016e-21 0)
(7.36147e-06 -7.50377e-07 5.92021e-23 -3.66738e-06 5.71891e-23 0)
(7.283e-06 -6.74279e-07 -3.02275e-21 -3.60347e-06 -4.12484e-21 0)
(7.2181e-06 -5.99437e-07 -1.0225e-22 -3.55189e-06 -9.36364e-23 0)
(7.16612e-06 -5.25097e-07 3.86961e-21 -3.51278e-06 1.88242e-21 0)
(7.12606e-06 -4.49517e-07 -7.71057e-23 -3.48613e-06 -6.74449e-23 0)
(7.09782e-06 -3.70927e-07 4.70745e-21 -3.47209e-06 6.32832e-21 0)
(7.07993e-06 -2.8431e-07 -1.78175e-21 -3.47063e-06 -7.96129e-22 0)
(7.07449e-06 -1.89017e-07 -8.33654e-21 -3.48266e-06 -8.26039e-21 0)
(7.077e-06 -6.47358e-08 -1.00295e-19 -3.50755e-06 -6.87728e-21 1.73783e-34)
(1.00031e-05 -8.52803e-07 -3.27215e-22 -5.09038e-06 -1.64835e-22 0)
(9.59402e-06 -9.59489e-07 -2.75016e-21 -4.97603e-06 -1.62056e-21 0)
(9.32916e-06 -9.84292e-07 2.23098e-21 -4.88961e-06 1.75291e-21 0)
(9.03449e-06 -9.94085e-07 -5.83629e-21 -4.76804e-06 -5.32196e-21 0)
(8.77648e-06 -9.88876e-07 -6.00679e-21 -4.64161e-06 -4.99868e-21 0)
(8.53258e-06 -9.662e-07 3.55131e-21 -4.50628e-06 3.67468e-21 0)
(8.31204e-06 -9.3137e-07 3.08523e-21 -4.37003e-06 3.68832e-21 0)
(8.11189e-06 -8.86385e-07 5.38349e-21 -4.23703e-06 4.85854e-21 0)
(7.93316e-06 -8.34379e-07 -6.32018e-21 -4.11073e-06 -4.72132e-21 0)
(7.77439e-06 -7.77679e-07 1.51308e-23 -3.99377e-06 1.29681e-22 0)
(7.63496e-06 -7.18164e-07 -7.55256e-23 -3.8879e-06 -3.86627e-22 0)
(7.51362e-06 -6.57172e-07 -4.93921e-21 -3.79448e-06 -4.83546e-21 0)
(7.40954e-06 -5.95506e-07 0 -3.71447e-06 0 0)
(7.32166e-06 -5.33355e-07 -4.4849e-21 -3.64866e-06 -1.45407e-21 0)
(7.24952e-06 -4.70412e-07 -2.07087e-23 -3.59778e-06 -8.93143e-23 0)
(7.19217e-06 -4.05324e-07 -5.78725e-21 -3.56254e-06 -2.81463e-21 0)
(7.15041e-06 -3.36588e-07 1.58252e-21 -3.54413e-06 1.67226e-21 0)
(7.12272e-06 -2.5956e-07 3.65022e-21 -3.54366e-06 1.668e-21 0)
(7.11426e-06 -1.73662e-07 4.54519e-23 -3.56429e-06 -3.74554e-24 0)
(7.11881e-06 -5.9796e-08 -9.80146e-20 -3.60723e-06 -3.04836e-21 7.27302e-37)
(1.02469e-05 -3.9349e-07 2.82572e-21 -5.10686e-06 2.48861e-21 0)
(9.87408e-06 -4.50157e-07 -2.6174e-21 -5.01064e-06 -1.6449e-21 0)
(9.58742e-06 -5.55618e-07 -1.51492e-21 -4.94983e-06 -1.25851e-21 0)
(9.29483e-06 -6.05391e-07 2.5151e-21 -4.85107e-06 1.53693e-21 0)
(9.02378e-06 -6.40444e-07 -4.97471e-21 -4.73541e-06 -2.25792e-21 0)
(8.76656e-06 -6.56118e-07 -3.35453e-21 -4.60862e-06 -1.58275e-21 0)
(8.52931e-06 -6.56528e-07 -4.17751e-21 -4.47595e-06 -3.03251e-21 0)
(8.31053e-06 -6.4434e-07 5.06269e-22 -4.34303e-06 -3.50685e-22 0)
(8.11204e-06 -6.21964e-07 8.44756e-21 -4.21383e-06 5.3841e-21 0)
(7.93304e-06 -5.91934e-07 -2.90069e-22 -4.09174e-06 -3.12516e-22 0)
(7.77357e-06 -5.56211e-07 4.51631e-21 -3.97925e-06 2.55661e-21 0)
(7.63282e-06 -5.16449e-07 -2.22378e-22 -3.87838e-06 -2.52477e-22 0)
(7.51034e-06 -4.7378e-07 1.64778e-35 -3.79071e-06 1.67614e-35 0)
(7.40538e-06 -4.28792e-07 -1.98597e-21 -3.71763e-06 -9.88537e-22 0)
(7.31788e-06 -3.81573e-07 1.94146e-21 -3.66056e-06 9.44349e-22 0)
(7.24713e-06 -3.31303e-07 -8.69013e-23 -3.6209e-06 -1.25908e-22 0)
(7.19477e-06 -2.76918e-07 3.11897e-22 -3.60087e-06 -8.19554e-22 0)
(7.15925e-06 -2.14807e-07 1.74306e-23 -3.60252e-06 5.84556e-23 0)
(7.14814e-06 -1.4457e-07 -1.80503e-23 -3.63093e-06 2.33131e-23 0)
(7.15371e-06 -4.99709e-08 -9.43143e-20 -3.68907e-06 -5.115e-22 -8.39414e-37)
(1.00448e-05 5.80738e-08 2.62583e-21 -4.92161e-06 2.07732e-21 0)
(9.79596e-06 -7.40363e-09 0 -4.94833e-06 0 0)
(9.53636e-06 -1.36358e-07 -2.04725e-21 -4.90138e-06 -1.80573e-21 0)
(9.27689e-06 -2.20853e-07 2.67724e-35 -4.82633e-06 2.16879e-35 0)
(9.02939e-06 -2.87404e-07 6.13851e-36 -4.72728e-06 4.45339e-36 0)
(8.79041e-06 -3.3457e-07 2.91093e-35 -4.6143e-06 2.16525e-35 0)
(8.5661e-06 -3.65054e-07 4.46375e-35 -4.49267e-06 3.60917e-35 0)
(8.35564e-06 -3.81581e-07 -1.79377e-21 -4.36813e-06 -1.68342e-21 0)
(8.16161e-06 -3.86315e-07 0 -4.24494e-06 0 0)
(7.9839e-06 -3.81656e-07 1.71397e-21 -4.12678e-06 1.66342e-21 0)
(7.82329e-06 -3.69503e-07 -2.44684e-36 -4.01654e-06 -4.1297e-36 0)
(7.67959e-06 -3.51544e-07 -1.64864e-21 -3.91663e-06 -1.65686e-21 0)
(7.55298e-06 -3.29004e-07 1.62146e-21 -3.82905e-06 1.65781e-21 0)
(7.44319e-06 -3.02704e-07 2.33148e-35 -3.75563e-06 1.69849e-35 0)
(7.3507e-06 -2.72961e-07 -1.57803e-21 -3.69828e-06 -1.66726e-21 0)
(7.27524e-06 -2.39513e-07 -1.39972e-35 -3.65893e-06 -1.29552e-35 0)
(7.21917e-06 -2.01616e-07 1.5498e-21 -3.64047e-06 1.68705e-21 0)
(7.18117e-06 -1.57009e-07 1.54164e-21 -3.64562e-06 1.7018e-21 0)
(7.17065e-06 -1.05755e-07 -1.66562e-35 -3.68097e-06 -1.45369e-35 0)
(7.17884e-06 -3.6515e-08 -9.39352e-20 -3.74997e-06 -1.47612e-35 5.54132e-49)
(9.86958e-06 5.11032e-07 4.82038e-22 -4.72966e-06 8.40805e-22 0)
(9.65729e-06 4.07537e-07 -1.67578e-21 -4.79371e-06 -1.02911e-21 0)
(9.45088e-06 2.55314e-07 -3.73376e-21 -4.78509e-06 -2.84173e-21 0)
(9.2222e-06 1.42793e-07 0 -4.73998e-06 0 0)
(9.00233e-06 4.96579e-08 1.8999e-22 -4.66697e-06 7.62037e-22 0)
(8.78233e-06 -2.4467e-08 -1.62018e-21 -4.57489e-06 -2.21984e-22 0)
(8.57267e-06 -8.10904e-08 -3.599e-21 -4.47025e-06 -2.68348e-21 0)
(8.37216e-06 -1.23157e-07 -5.32018e-21 -4.35899e-06 -3.58011e-21 0)
(8.18474e-06 -1.52371e-07 1.75708e-21 -4.24596e-06 1.69644e-21 0)
(8.0107e-06 -1.71008e-07 -3.52137e-21 -4.13525e-06 -1.7755e-21 0)
(7.85155e-06 -1.80807e-07 -1.75842e-21 -4.03026e-06 -8.65208e-22 0)
(7.70759e-06 -1.83434e-07 -3.51108e-21 -3.93383e-06 -1.68902e-21 0)
(7.57948e-06 -1.80179e-07 -3.50475e-21 -3.84848e-06 -1.65237e-21 0)
(7.4674e-06 -1.7205e-07 -1.74919e-21 -3.77647e-06 -8.10726e-22 0)
(7.37224e-06 -1.59637e-07 -3.4923e-21 -3.72022e-06 -1.5973e-21 0)
(7.29418e-06 -1.43208e-07 -3.4867e-21 -3.68214e-06 -1.58095e-21 0)
(7.23607e-06 -1.22403e-07 -1.55342e-21 -3.66583e-06 -1.6882e-21 0)
(7.19674e-06 -9.66403e-08 -1.73838e-21 -3.67407e-06 -7.88742e-22 0)
(7.18681e-06 -6.56663e-08 -1.73591e-21 -3.71432e-06 -7.97383e-22 0)
(7.19632e-06 -2.27723e-08 -9.54528e-20 -3.79123e-06 -8.13895e-22 4.14646e-49)
(9.6182e-06 8.62233e-07 9.57006e-21 -4.5237e-06 8.0763e-21 0)
(9.45446e-06 7.56318e-07 1.5177e-21 -4.62617e-06 9.93138e-22 0)
(9.29515e-06 5.96893e-07 -5.55192e-21 -4.6475e-06 -4.63225e-21 0)
(9.10103e-06 4.71078e-07 5.68405e-35 -4.6283e-06 4.74282e-35 0)
(8.91195e-06 3.60514e-07 2.20143e-21 -4.57827e-06 2.57666e-21 0)
(8.71578e-06 2.6709e-07 -3.02637e-36 -4.5055e-06 -1.77711e-36 0)
(8.52581e-06 1.899e-07 1.66416e-21 -4.41747e-06 9.48334e-22 0)
(8.34059e-06 1.26873e-07 -3.58108e-21 -4.32008e-06 -3.46313e-21 0)
(8.16508e-06 7.67385e-08 7.10793e-35 -4.21853e-06 5.94394e-35 0)
(7.99993e-06 3.76308e-08 3.43482e-21 -4.11713e-06 3.41946e-21 0)
(7.84725e-06 8.05048e-09 -1.69842e-21 -4.01956e-06 -8.62911e-22 0)
(7.70775e-06 -1.35392e-08 -1.99652e-35 -3.92896e-06 -1.59119e-35 0)
(7.58254e-06 -2.8405e-08 -8.50949e-35 -3.84812e-06 -7.84519e-35 0)
(7.47219e-06 -3.77188e-08 1.70503e-21 -3.77967e-06 8.11411e-22 0)
(7.37791e-06 -4.22222e-08 -5.06615e-35 -3.72621e-06 -4.3229e-35 0)
(7.30036e-06 -4.2953e-08 -3.13446e-21 -3.6907e-06 -3.3749e-21 0)
(7.24232e-06 -3.93425e-08 2.24297e-35 -3.67659e-06 1.70577e-35 0)
(7.20374e-06 -3.34377e-08 1.38722e-21 -3.6876e-06 2.59114e-21 0)
(7.19541e-06 -2.25405e-08 -1.70433e-21 -3.73255e-06 -8.01298e-22 0)
(7.20577e-06 -7.51514e-09 -9.53148e-20 -3.81368e-06 -8.18712e-22 0)
(9.31568e-06 1.15409e-06 2.63543e-21 -4.29663e-06 1.84479e-21 0)
(9.19566e-06 1.04663e-06 3.35303e-21 -4.42502e-06 2.77826e-21 0)
(9.08162e-06 8.88093e-07 2.86543e-21 -4.47225e-06 1.92019e-21 0)
(8.92418e-06 7.56438e-07 4.59992e-36 -4.47868e-06 5.81106e-36 0)
(8.76849e-06 6.35847e-07 4.91698e-21 -4.45241e-06 3.70196e-21 0)
(8.59975e-06 5.29731e-07 -2.96827e-22 -4.40088e-06 -8.32021e-22 0)
(8.4333e-06 4.37727e-07 -2.34764e-22 -4.33162e-06 -8.33717e-22 0)
(8.26742e-06 3.58664e-07 3.19453e-21 -4.25045e-06 1.82496e-21 0)
(8.10796e-06 2.91755e-07 1.7406e-21 -4.16278e-06 1.74001e-21 0)
(7.95585e-06 2.35622e-07 3.33676e-21 -4.07307e-06 2.60437e-21 0)
(7.8137e-06 1.89072e-07 3.28002e-21 -3.98524e-06 1.71109e-21 0)
(7.6826e-06 1.50799e-07 -4.47236e-25 -3.90265e-06 -8.75771e-22 0)
(7.56396e-06 1.19594e-07 1.68762e-21 -3.82833e-06 -6.33505e-23 0)
(7.4588e-06 9.43126e-08 1.661e-21 -3.76514e-06 8.08293e-22 0)
(7.36822e-06 7.38467e-08 4.9118e-21 -3.71583e-06 3.29212e-21 0)
(7.29401e-06 5.72313e-08 1.66795e-21 -3.68382e-06 7.90836e-22 0)
(7.23672e-06 4.36416e-08 0 -3.67207e-06 0 0)
(7.20298e-06 3.0979e-08 4.88947e-21 -3.68687e-06 3.26785e-21 0)
(7.18478e-06 2.30939e-08 4.9444e-21 -3.72681e-06 2.83976e-21 0)
(7.20836e-06 5.96434e-09 -9.02828e-20 -3.81368e-06 1.63743e-21 0)
(8.98337e-06 1.37841e-06 -1.42734e-21 -4.06968e-06 -1.0234e-21 0)
(8.90312e-06 1.27743e-06 -1.26049e-21 -4.21749e-06 -9.05403e-22 0)
(8.8292e-06 1.12812e-06 -1.89544e-21 -4.28554e-06 -1.80575e-21 0)
(8.70707e-06 9.98228e-07 0 -4.3132e-06 0 0)
(8.58404e-06 8.74281e-07 1.8428e-21 -4.30747e-06 1.79646e-21 0)
(8.4438e-06 7.61357e-07 3.27358e-21 -4.27519e-06 2.70557e-21 0)
(8.30263e-06 6.59542e-07 -3.27721e-21 -4.22366e-06 -2.68472e-21 0)
(8.15863e-06 5.68784e-07 -1.75148e-21 -4.15851e-06 -1.76781e-21 0)
(8.01813e-06 4.88794e-07 1.72132e-21 -4.08515e-06 1.75768e-21 0)
(7.88225e-06 4.1879e-07 1.56804e-21 -4.00802e-06 8.60435e-22 0)
(7.75396e-06 3.57938e-07 -2.58154e-37 -3.93114e-06 -3.06406e-36 0)
(7.63458e-06 3.0522e-07 1.59852e-21 -3.85796e-06 8.2822e-22 0)
(7.52589e-06 2.5955e-07 5.56582e-36 -3.79163e-06 5.92916e-36 0)
(7.42895e-06 2.19841e-07 -1.61859e-21 -3.73506e-06 -8.01836e-22 0)
(7.34555e-06 1.84719e-07 5.43245e-36 -3.69121e-06 5.87354e-36 0)
(7.27647e-06 1.53211e-07 1.63106e-21 -3.66317e-06 7.86403e-22 0)
(7.22543e-06 1.22863e-07 -1.55114e-21 -3.6547e-06 -1.68813e-21 0)
(7.19187e-06 9.31666e-08 -3.40278e-37 -3.67047e-06 3.04978e-36 0)
(7.18617e-06 6.00133e-08 -5.65547e-36 -3.71484e-06 -2.74733e-36 0)
(7.1972e-06 1.98002e-08 -9.37655e-20 -3.7928e-06 -1.6952e-34 2.76566e-49)
(8.63347e-06 1.54621e-06 2.05319e-21 -3.84645e-06 1.88795e-21 0)
(8.58784e-06 1.45541e-06 1.16132e-21 -4.00567e-06 8.59929e-22 0)
(8.54872e-06 1.31956e-06 -1.83522e-21 -4.08899e-06 -1.79348e-21 0)
(8.45979e-06 1.19588e-06 2.57602e-35 -4.13397e-06 2.15402e-35 0)
(8.36794e-06 1.07343e-06 -2.71624e-36 -4.14599e-06 -2.77089e-36 0)
(8.25628e-06 9.58316e-07 1.38333e-21 -4.13134e-06 8.86908e-22 0)
(8.14117e-06 8.51068e-07 1.42326e-21 -4.0967e-06 8.79471e-22 0)
(8.02056e-06 7.52596e-07 -1.72184e-21 -4.04739e-06 -1.78099e-21 0)
(7.90097e-06 6.631e-07 0 -3.9886e-06 0 0)
(7.78362e-06 5.82381e-07 3.18396e-21 -3.92471e-06 2.60559e-21 0)
(7.67169e-06 5.09978e-07 -2.18862e-35 -3.85967e-06 -1.77542e-35 0)
(7.56665e-06 4.45178e-07 -7.19996e-23 -3.79692e-06 -9.28419e-22 0)
(7.47047e-06 3.87087e-07 1.60375e-21 -3.73963e-06 1.73345e-21 0)
(7.38435e-06 3.34608e-07 1.57939e-21 -3.69067e-06 7.92306e-22 0)
(7.31015e-06 2.86435e-07 -1.56933e-21 -3.65298e-06 -1.71214e-21 0)
(7.24873e-06 2.40903e-07 1.59692e-21 -3.62938e-06 7.79149e-22 0)
(7.20355e-06 1.96209e-07 1.54644e-21 -3.62367e-06 1.6873e-21 0)
(7.17368e-06 1.48917e-07 1.54003e-21 -3.63869e-06 1.67196e-21 0)
(7.16911e-06 9.80832e-08 -1.11085e-35 -3.68065e-06 -5.4441e-36 0)
(7.18031e-06 3.3262e-08 -9.40002e-20 -3.75427e-06 -1.6757e-35 5.54516e-49)
(8.27615e-06 1.66259e-06 1.00814e-21 -3.63387e-06 7.80113e-22 0)
(8.25992e-06 1.58479e-06 1.08063e-21 -3.7985e-06 8.15455e-22 0)
(8.25043e-06 1.46533e-06 1.14906e-21 -3.89219e-06 8.35568e-22 0)
(8.19163e-06 1.35116e-06 0 -3.95007e-06 0 0)
(8.12866e-06 1.23382e-06 1.26727e-21 -3.97634e-06 8.53632e-22 0)
(8.04466e-06 1.12008e-06 0 -3.9767e-06 0 0)
(7.95544e-06 1.01088e-06 1.36199e-21 -3.9571e-06 8.49503e-22 0)
(7.85886e-06 9.07981e-07 0 -3.92251e-06 0 0)
(7.76135e-06 8.12026e-07 0 -3.87777e-06 0 0)
(7.66411e-06 7.23378e-07 0 -3.82703e-06 0 0)
(7.5704e-06 6.41946e-07 1.49028e-21 -3.7741e-06 8.10217e-22 0)
(7.48173e-06 5.6734e-07 0 -3.7223e-06 0 0)
(7.40016e-06 4.9886e-07 0 -3.67466e-06 0 0)
(7.32691e-06 4.35509e-07 1.5446e-21 -3.63393e-06 7.80126e-22 0)
(7.26386e-06 3.75948e-07 0 -3.60284e-06 0 0)
(7.21172e-06 3.18336e-07 0 -3.58399e-06 0 0)
(7.17372e-06 2.60538e-07 0 -3.5805e-06 0 0)
(7.14894e-06 1.9857e-07 1.58069e-21 -3.59544e-06 7.71861e-22 0)
(7.146e-06 1.31483e-07 1.58617e-21 -3.63341e-06 7.80013e-22 0)
(7.15648e-06 4.48244e-08 -9.27401e-20 -3.69801e-06 7.93882e-22 -4.62655e-64)
(7.91719e-06 1.73502e-06 -2.79284e-21 -3.43378e-06 -2.52816e-21 0)
(7.92541e-06 1.67132e-06 0 -3.59819e-06 0 0)
(7.94086e-06 1.56908e-06 -1.08725e-21 -3.69764e-06 -7.93803e-22 0)
(7.90912e-06 1.46602e-06 0 -3.76444e-06 0 0)
(7.87269e-06 1.35602e-06 -1.21053e-21 -3.80174e-06 -8.16149e-22 0)
(7.81508e-06 1.24612e-06 -1.26389e-21 -3.81463e-06 -8.18918e-22 0)
(7.75118e-06 1.13764e-06 0 -3.80829e-06 0 0)
(7.67876e-06 1.03298e-06 0 -3.78721e-06 0 0)
(7.60393e-06 9.33193e-07 0 -3.7558e-06 0 0)
(7.52784e-06 8.39122e-07 -1.42501e-21 -3.71792e-06 -7.98155e-22 0)
(7.45363e-06 7.51017e-07 -1.45343e-21 -3.6771e-06 -7.89392e-22 0)
(7.38284e-06 6.68789e-07 -1.47773e-21 -3.63646e-06 -7.80667e-22 0)
(7.31747e-06 5.91962e-07 0 -3.59882e-06 0 0)
(7.25872e-06 5.19643e-07 0 -3.56672e-06 0 0)
(7.20833e-06 4.50593e-07 0 -3.54257e-06 0 0)
(7.16694e-06 3.82774e-07 -1.54081e-21 -3.52858e-06 -7.57508e-22 0)
(7.13723e-06 3.14089e-07 0 -3.5273e-06 0 0)
(7.11825e-06 2.39801e-07 -1.55764e-21 -3.54097e-06 -7.60169e-22 0)
(7.11712e-06 1.58842e-07 -1.56417e-21 -3.57344e-06 -7.67138e-22 0)
(7.12652e-06 5.41018e-08 -9.63141e-20 -3.62725e-06 -7.78691e-22 4.19174e-49)
(7.55985e-06 1.769e-06 -5.12945e-21 -3.24727e-06 -5.14288e-21 0)
(7.58837e-06 1.71931e-06 -9.70135e-22 -3.40718e-06 -7.31446e-22 0)
(7.62485e-06 1.63398e-06 1.09845e-36 -3.50861e-06 3.61461e-36 0)
(7.61737e-06 1.54262e-06 6.60611e-37 -3.5808e-06 3.65674e-36 0)
(7.60525e-06 1.44119e-06 1.63268e-21 -3.62616e-06 1.78625e-21 0)
(7.57267e-06 1.33673e-06 -2.84871e-21 -3.64914e-06 -2.58034e-21 0)
(7.5333e-06 1.2309e-06 -2.89064e-21 -3.65415e-06 -2.58637e-21 0)
(7.48485e-06 1.12657e-06 0 -3.64517e-06 0 0)
(7.43295e-06 1.02512e-06 1.59569e-21 -3.62612e-06 1.79889e-21 0)
(7.37861e-06 9.27801e-07 1.89962e-22 -3.60049e-06 1.01948e-21 0)
(7.32479e-06 8.3515e-07 4.41562e-36 -3.57148e-06 -8.43035e-37 0)
(7.27293e-06 7.47356e-07 -3.0126e-21 -3.54193e-06 -2.53252e-21 0)
(7.2249e-06 6.64157e-07 -1.55103e-21 -3.51439e-06 -1.75889e-21 0)
(7.18186e-06 5.84812e-07 -1.49257e-21 -3.49108e-06 -7.49459e-22 0)
(7.14532e-06 5.08186e-07 1.53394e-21 -3.47404e-06 1.72631e-21 0)
(7.11579e-06 4.32239e-07 -1.52083e-21 -3.46502e-06 -7.43863e-22 0)
(7.09529e-06 3.54839e-07 1.05183e-35 -3.4658e-06 5.11127e-36 0)
(7.08289e-06 2.70928e-07 1.52054e-21 -3.47798e-06 1.65605e-21 0)
(7.08369e-06 1.79415e-07 0 -3.50383e-06 0 0)
(7.09164e-06 6.10825e-08 -9.52167e-20 -3.54479e-06 -1.7158e-34 2.80846e-49)
(7.20511e-06 1.76938e-06 1.54678e-21 -3.07309e-06 1.62466e-21 0)
(7.25074e-06 1.73261e-06 3.97962e-36 -3.2252e-06 2.0827e-36 0)
(7.3053e-06 1.66283e-06 -1.56829e-21 -3.3256e-06 -1.72366e-21 0)
(7.31985e-06 1.58285e-06 0 -3.40038e-06 0 0)
(7.33027e-06 1.49034e-06 1.57365e-21 -3.45139e-06 1.77807e-21 0)
(7.32156e-06 1.39221e-06 1.57178e-21 -3.48242e-06 1.79291e-21 0)
(7.30601e-06 1.29034e-06 -1.56844e-21 -3.49714e-06 -1.80115e-21 0)
(7.28125e-06 1.18795e-06 -1.56313e-21 -3.49899e-06 -1.80404e-21 0)
(7.25234e-06 1.08667e-06 1.55692e-21 -3.49138e-06 1.80241e-21 0)
(7.2201e-06 9.88008e-07 -3.47027e-35 -3.47735e-06 -2.86222e-35 0)
(7.1872e-06 8.92768e-07 -1.98373e-35 -3.45974e-06 -1.38372e-35 0)
(7.15495e-06 8.01366e-07 5.61857e-37 -3.44106e-06 6.96549e-36 0)
(7.12506e-06 7.13737e-07 2.56409e-35 -3.42353e-06 2.30703e-35 0)
(7.09855e-06 6.29306e-07 3.09979e-35 -3.40904e-06 2.56023e-35 0)
(7.07668e-06 5.47096e-07 1.02603e-35 -3.39917e-06 5.01301e-36 0)
(7.05981e-06 4.65156e-07 -5.17702e-36 -3.39519e-06 -2.50357e-36 0)
(7.04923e-06 3.81459e-07 -1.51332e-21 -3.39807e-06 -1.68206e-21 0)
(7.04396e-06 2.9086e-07 -1.05248e-35 -3.40848e-06 -5.04153e-36 0)
(7.04689e-06 1.92256e-07 -2.09719e-35 -3.42711e-06 -1.61844e-35 0)
(7.05334e-06 6.53695e-08 -9.57337e-20 -3.45427e-06 -5.10926e-36 0)
(6.85238e-06 1.73922e-06 -4.61307e-21 -2.90988e-06 -4.90172e-21 0)
(6.91311e-06 1.71358e-06 -8.27345e-36 -3.05195e-06 -7.95072e-36 0)
(6.98387e-06 1.65739e-06 -1.67877e-36 -3.14919e-06 1.21532e-36 0)
(7.01898e-06 1.58789e-06 2.7685e-36 -3.22451e-06 3.20042e-36 0)
(7.05078e-06 1.50409e-06 1.51365e-21 -3.27933e-06 1.76863e-21 0)
(7.06515e-06 1.41268e-06 -1.51673e-21 -3.31677e-06 -1.78713e-21 0)
(7.07293e-06 1.3157e-06 -1.5184e-21 -3.33983e-06 -1.79834e-21 0)
(7.07166e-06 1.21653e-06 0 -3.35139e-06 0 0)
(7.06575e-06 1.11696e-06 1.51686e-21 -3.3543e-06 1.80354e-21 0)
(7.05579e-06 1.01871e-06 1.51472e-21 -3.35118e-06 1.79921e-21 0)
(7.04412e-06 9.22735e-07 -9.45121e-36 -3.34446e-06 -4.86438e-36 0)
(7.03188e-06 8.29634e-07 -1.50959e-21 -3.33628e-06 -1.77992e-21 0)
(7.02056e-06 7.39508e-07 -1.50716e-21 -3.32852e-06 -1.76577e-21 0)
(7.01105e-06 6.51957e-07 5.27918e-36 -3.32271e-06 9.55701e-36 0)
(7.00434e-06 5.66186e-07 1.50368e-21 -3.32001e-06 1.72928e-21 0)
(7.00063e-06 4.80455e-07 5.17736e-36 -3.32113e-06 5.87935e-36 0)
(7.00047e-06 3.92933e-07 0 -3.32624e-06 0 0)
(7.00278e-06 2.98714e-07 1.50334e-21 -3.33506e-06 1.64981e-21 0)
(7.00819e-06 1.96794e-07 -2.08755e-35 -3.34647e-06 -1.60393e-35 0)
(7.01324e-06 6.67715e-08 -9.6271e-20 -3.35956e-06 -4.96918e-36 0)
(6.49999e-06 1.68041e-06 -8.6994e-23 -2.75411e-06 -4.41607e-23 0)
(6.57506e-06 1.66361e-06 -9.19986e-22 -2.88505e-06 -6.19357e-22 0)
(6.66127e-06 1.61864e-06 -1.43003e-21 -2.97805e-06 -1.68662e-21 0)
(6.7164e-06 1.55833e-06 0 -3.05278e-06 0 0)
(6.76917e-06 1.48267e-06 1.45319e-21 -3.11038e-06 1.75826e-21 0)
(6.80638e-06 1.39809e-06 2.64082e-21 -3.15326e-06 2.45685e-21 0)
(6.83736e-06 1.30665e-06 -2.70054e-21 -3.18379e-06 -2.47721e-21 0)
(6.85959e-06 1.2118e-06 -4.03389e-21 -3.2043e-06 -3.17672e-21 0)
(6.87676e-06 1.11538e-06 1.47629e-21 -3.21709e-06 1.80245e-21 0)
(6.88922e-06 1.01921e-06 1.36153e-21 -3.22432e-06 6.92191e-22 0)
(6.89893e-06 9.24333e-07 -1.37004e-37 -3.22801e-06 -3.70531e-36 0)
(6.90685e-06 8.31463e-07 1.42357e-21 -3.22994e-06 6.93397e-22 0)
(6.91423e-06 7.4082e-07 -2.89635e-21 -3.23164e-06 -1.38752e-21 0)
(6.92186e-06 6.52171e-07 -1.46895e-21 -3.2343e-06 -6.94333e-22 0)
(6.93042e-06 5.64916e-07 -2.97249e-21 -3.23866e-06 -1.39054e-21 0)
(6.94002e-06 4.77627e-07 1.50051e-21 -3.24495e-06 6.96619e-22 0)
(6.95053e-06 3.88781e-07 -1.49213e-21 -3.25256e-06 -1.67907e-21 0)
(6.96073e-06 2.94046e-07 -5.2427e-36 -3.26027e-06 -2.41116e-36 0)
(6.96908e-06 1.92607e-07 -1.55488e-35 -3.26513e-06 -1.3494e-35 0)
(6.97311e-06 6.51037e-08 -9.68041e-20 -3.26487e-06 -2.41456e-36 0)
(6.14549e-06 1.59262e-06 1.39398e-21 -2.60434e-06 1.57235e-21 0)
(6.23554e-06 1.58217e-06 9.33139e-22 -2.72395e-06 5.84773e-22 0)
(6.33766e-06 1.54594e-06 -1.36056e-21 -2.81245e-06 -1.6689e-21 0)
(6.41333e-06 1.49345e-06 -4.09766e-37 -2.88623e-06 4.40108e-36 0)
(6.48748e-06 1.42527e-06 -9.20198e-36 -2.94617e-06 -3.45467e-36 0)
(6.54792e-06 1.34756e-06 1.19279e-21 -2.994e-06 6.42746e-22 0)
(6.60245e-06 1.2623e-06 4.08022e-21 -3.0315e-06 4.22557e-21 0)
(6.64847e-06 1.17288e-06 -1.42728e-21 -3.06043e-06 -1.79637e-21 0)
(6.68895e-06 1.0811e-06 -2.87194e-21 -3.08258e-06 -3.59847e-21 0)
(6.72398e-06 9.88773e-07 2.81583e-21 -3.09965e-06 2.4623e-21 0)
(6.75516e-06 8.96956e-07 -1.44897e-35 -3.11324e-06 -6.87105e-36 0)
(6.7832e-06 8.06394e-07 2.88911e-21 -3.12477e-06 2.44996e-21 0)
(6.80917e-06 7.17375e-07 1.46178e-21 -3.13547e-06 1.76483e-21 0)
(6.8337e-06 6.29801e-07 1.47697e-21 -3.14621e-06 6.75422e-22 0)
(6.85731e-06 5.43266e-07 -1.47211e-21 -3.15739e-06 -1.727e-21 0)
(6.87998e-06 4.56716e-07 -1.44639e-21 -3.16885e-06 -2.72705e-21 0)
(6.90109e-06 3.69041e-07 1.48151e-21 -3.17932e-06 1.67732e-21 0)
(6.9193e-06 2.76818e-07 1.48542e-21 -3.18672e-06 1.64711e-21 0)
(6.93114e-06 1.79575e-07 1.0403e-35 -3.18635e-06 7.89786e-36 0)
(6.93473e-06 6.02882e-08 -9.73093e-20 -3.17449e-06 1.64077e-34 2.87018e-49)
(5.78624e-06 1.47471e-06 -7.31962e-36 -2.45429e-06 -7.03392e-36 0)
(5.89337e-06 1.46808e-06 9.61856e-22 -2.56387e-06 5.50406e-22 0)
(6.01316e-06 1.43817e-06 1.05706e-35 -2.64901e-06 5.81198e-36 0)
(6.11096e-06 1.39219e-06 0 -2.72276e-06 0 0)
(6.20781e-06 1.33095e-06 -1.18928e-35 -2.78571e-06 -6.1119e-36 0)
(6.29259e-06 1.26028e-06 -1.22049e-21 -2.83896e-06 -6.09463e-22 0)
(6.37153e-06 1.18194e-06 1.27199e-21 -2.88372e-06 6.19071e-22 0)
(6.442e-06 1.09921e-06 2.63604e-21 -2.9212e-06 1.25423e-21 0)
(6.50624e-06 1.0137e-06 0 -2.95268e-06 0 0)
(6.5641e-06 9.27159e-07 -1.39447e-21 -2.97943e-06 -6.39618e-22 0)
(6.61677e-06 8.40547e-07 -1.95165e-35 -3.00265e-06 -2.45422e-35 0)
(6.66478e-06 7.54575e-07 -1.45181e-21 -3.02344e-06 -6.49065e-22 0)
(6.70897e-06 6.69532e-07 2.94836e-21 -3.0427e-06 1.3064e-21 0)
(6.74988e-06 5.85402e-07 1.49291e-21 -3.06109e-06 6.57149e-22 0)
(6.78788e-06 5.01944e-07 3.01685e-21 -3.07876e-06 1.32189e-21 0)
(6.82295e-06 4.18501e-07 -1.52119e-21 -3.09528e-06 -6.64488e-22 0)
(6.85417e-06 3.34453e-07 0 -3.10895e-06 0 0)
(6.88013e-06 2.47589e-07 1.57418e-35 -3.11706e-06 6.83889e-36 0)
(6.89599e-06 1.57974e-07 3.61562e-35 -3.11343e-06 2.90254e-35 0)
(6.89995e-06 5.23679e-08 -9.7761e-20 -3.09286e-06 -4.04711e-36 5.76701e-49)
(5.41937e-06 1.3218e-06 -1.16342e-21 -2.30649e-06 -1.49807e-21 0)
(5.54739e-06 1.31678e-06 4.10261e-36 -2.40791e-06 5.41854e-36 0)
(5.68793e-06 1.29121e-06 6.04554e-36 -2.4913e-06 8.19853e-36 0)
(5.81066e-06 1.25091e-06 -1.57724e-36 -2.56631e-06 4.72462e-36 0)
(5.93245e-06 1.1965e-06 1.27357e-21 -2.63321e-06 1.72212e-21 0)
(6.0434e-06 1.13348e-06 -1.29739e-21 -2.69251e-06 -1.75033e-21 0)
(6.14816e-06 1.06328e-06 -1.31987e-21 -2.74485e-06 -1.76973e-21 0)
(6.24412e-06 9.88888e-07 0 -2.79097e-06 0 0)
(6.33281e-06 9.11719e-07 1.35952e-21 -2.83166e-06 1.78674e-21 0)
(6.41386e-06 8.33308e-07 1.37692e-21 -2.86778e-06 1.78614e-21 0)
(6.48809e-06 7.54476e-07 -1.43527e-35 -2.90017e-06 -1.83475e-35 0)
(6.55583e-06 6.75819e-07 -1.40739e-21 -2.92961e-06 -1.77054e-21 0)
(6.61771e-06 5.97558e-07 -1.42068e-21 -2.95676e-06 -1.75675e-21 0)
(6.67419e-06 5.19686e-07 0 -2.98208e-06 0 0)
(6.72556e-06 4.42062e-07 1.44383e-21 -3.00561e-06 1.71966e-21 0)
(6.77186e-06 3.6438e-07 0 -3.0268e-06 0 0)
(6.81216e-06 2.86514e-07 -2.1291e-35 -3.04385e-06 -8.97798e-36 0)
(6.8451e-06 2.07641e-07 1.46949e-21 -3.05369e-06 1.64615e-21 0)
(6.86526e-06 1.28624e-07 2.07159e-35 -3.04923e-06 1.55534e-35 0)
(6.87042e-06 4.15783e-08 -9.81404e-20 -3.0239e-06 -1.65128e-34 2.8947e-49)
(5.04292e-06 1.13058e-06 9.92748e-22 -2.14741e-06 4.61002e-22 0)
(5.19733e-06 1.12542e-06 0 -2.24518e-06 0 0)
(5.36316e-06 1.1028e-06 5.91938e-36 -2.33082e-06 4.50219e-36 0)
(5.51477e-06 1.06788e-06 0 -2.41056e-06 0 0)
(5.66467e-06 1.02076e-06 -2.08853e-36 -2.48426e-06 -2.93342e-36 0)
(5.80432e-06 9.66458e-07 5.10964e-36 -2.55191e-06 -6.27516e-36 0)
(5.93683e-06 9.0599e-07 0 -2.61363e-06 0 0)
(6.05969e-06 8.41977e-07 0 -2.66972e-06 0 0)
(6.17378e-06 7.75518e-07 0 -2.72057e-06 0 0)
(6.27854e-06 7.07889e-07 -9.70728e-36 -2.76665e-06 -8.15273e-36 0)
(6.37447e-06 6.39698e-07 4.61244e-37 -2.80846e-06 -4.01294e-36 0)
(6.46168e-06 5.71375e-07 5.23054e-36 -2.84652e-06 2.10516e-36 0)
(6.54064e-06 5.03011e-07 0 -2.88126e-06 0 0)
(6.61166e-06 4.34539e-07 0 -2.913e-06 0 0)
(6.67503e-06 3.65834e-07 0 -2.94173e-06 0 0)
(6.73084e-06 2.96824e-07 5.39214e-36 -2.96696e-06 2.19424e-36 0)
(6.77842e-06 2.27821e-07 0 -2.98715e-06 0 0)
(6.81669e-06 1.59356e-07 3.05654e-35 -2.99938e-06 3.04772e-35 0)
(6.84076e-06 9.33457e-08 -5.44892e-36 -2.99674e-06 -2.21626e-36 0)
(6.8478e-06 2.85286e-08 -9.84206e-20 -2.97167e-06 -3.31467e-34 3.00017e-63)
(4.65544e-06 8.87367e-07 -2.03993e-21 -1.99554e-06 -2.8641e-21 0)
(4.84365e-06 8.81594e-07 -1.16637e-22 -2.09327e-06 1.0856e-21 0)
(5.04065e-06 8.61849e-07 -2.51193e-36 -2.18398e-06 1.08572e-36 0)
(5.22616e-06 8.33281e-07 -2.38139e-36 -2.27061e-06 1.35947e-36 0)
(5.40813e-06 7.95159e-07 1.16101e-21 -2.35259e-06 1.69177e-21 0)
(5.57961e-06 7.51826e-07 -2.59758e-21 -2.42949e-06 -2.24412e-21 0)
(5.74222e-06 7.03802e-07 -2.67499e-21 -2.50102e-06 -2.28136e-21 0)
(5.89367e-06 6.53196e-07 0 -2.56712e-06 0 0)
(6.03428e-06 6.00762e-07 1.29543e-21 -2.62784e-06 1.76593e-21 0)
(6.16342e-06 5.47449e-07 -2.09072e-22 -2.68336e-06 1.19122e-21 0)
(6.28125e-06 4.93639e-07 -5.34746e-37 -2.73388e-06 4.10247e-36 0)
(6.38777e-06 4.39565e-07 -2.93749e-21 -2.77969e-06 -2.35165e-21 0)
(6.48319e-06 3.85176e-07 -1.3918e-21 -2.82102e-06 -1.74248e-21 0)
(6.56774e-06 3.30296e-07 -1.58485e-21 -2.85808e-06 -6.13567e-22 0)
(6.64157e-06 2.74729e-07 1.4258e-21 -2.89087e-06 1.70807e-21 0)
(6.70486e-06 2.18431e-07 -1.59365e-21 -2.91909e-06 -6.26664e-22 0)
(6.75726e-06 1.61918e-07 6.1344e-36 -2.94167e-06 -1.20866e-36 0)
(6.79824e-06 1.06558e-07 1.45943e-21 -2.95636e-06 1.64409e-21 0)
(6.8244e-06 5.54413e-08 -2.22401e-35 -2.95756e-06 -8.82204e-36 0)
(6.83293e-06 1.4428e-08 -9.86041e-20 -2.93773e-06 -4.41766e-36 0)
(4.25788e-06 5.96176e-07 -2.67223e-22 -1.81158e-06 1.04836e-21 0)
(4.48944e-06 5.90128e-07 -1.2616e-21 -1.91931e-06 -4.12033e-22 0)
(4.72512e-06 5.7435e-07 3.18728e-22 -2.02359e-06 -1.14529e-21 0)
(4.95058e-06 5.5374e-07 0 -2.1245e-06 0 0)
(5.16939e-06 5.26829e-07 2.55748e-21 -2.2209e-06 2.1507e-21 0)
(5.37625e-06 4.96929e-07 1.15416e-21 -2.31214e-06 1.70577e-21 0)
(5.57163e-06 4.64109e-07 -2.72562e-21 -2.39764e-06 -2.2435e-21 0)
(5.75353e-06 4.29834e-07 -1.23516e-21 -2.47711e-06 -1.74411e-21 0)
(5.92194e-06 3.94505e-07 1.27131e-21 -2.55038e-06 1.75259e-21 0)
(6.07618e-06 3.58714e-07 -8.83757e-36 -2.61742e-06 -1.18908e-35 0)
(6.21628e-06 3.22624e-07 1.61379e-21 -2.67825e-06 5.74962e-22 0)
(6.34211e-06 2.86293e-07 4.69035e-36 -2.73294e-06 6.01122e-36 0)
(6.45369e-06 2.49553e-07 -6.40004e-36 -2.78156e-06 1.86985e-36 0)
(6.55102e-06 2.12133e-07 -1.62769e-21 -2.82413e-06 -6.06279e-22 0)
(6.63401e-06 1.73749e-07 -6.26829e-36 -2.8606e-06 1.64196e-36 0)
(6.70266e-06 1.34248e-07 4.33538e-36 -2.89078e-06 9.45559e-36 0)
(6.75657e-06 9.41181e-08 -1.45049e-21 -2.9141e-06 -1.66146e-21 0)
(6.79596e-06 5.49098e-08 1.61844e-21 -2.92958e-06 6.28917e-22 0)
(6.81933e-06 2.04699e-08 1.617e-21 -2.93457e-06 6.29988e-22 0)
(6.82681e-06 1.86765e-09 -9.70451e-20 -2.92432e-06 6.27787e-22 0)
(3.8525e-06 2.02498e-07 -2.10636e-21 -1.67012e-06 3.36089e-21 4.38431e-36)
(4.13814e-06 1.99821e-07 -8.88367e-22 -1.79043e-06 -1.5276e-21 5.52918e-53)
(4.42078e-06 1.935e-07 -9.49045e-22 -1.90895e-06 -6.64669e-21 7.50874e-51)
(4.69226e-06 1.8612e-07 -8.53391e-36 -2.02337e-06 -9.93803e-21 0)
(4.95287e-06 1.76619e-07 1.06327e-21 -2.13296e-06 -1.29317e-20 0)
(5.19865e-06 1.66269e-07 1.11604e-21 -2.23656e-06 -1.72739e-20 -2.79595e-50)
(5.42944e-06 1.54992e-07 -1.16558e-21 -2.33376e-06 -2.47712e-20 6.8023e-50)
(5.64355e-06 1.43312e-07 -1.21155e-21 -2.42404e-06 -2.85901e-20 -2.72926e-64)
(5.8409e-06 1.31328e-07 1.25391e-21 -2.50725e-06 -2.86275e-20 1.34337e-49)
(6.02095e-06 1.19236e-07 -5.62737e-35 -2.58322e-06 -3.35509e-20 9.89598e-50)
(6.1837e-06 1.07061e-07 0 -2.65192e-06 -3.64299e-20 0)
(6.329e-06 9.47983e-08 7.74647e-35 -2.71331e-06 -3.89957e-20 1.1502e-49)
(6.45674e-06 8.23488e-08 1.6368e-35 -2.76734e-06 -4.12483e-20 2.43327e-49)
(6.56665e-06 6.95698e-08 1.15399e-35 -2.81393e-06 -4.31824e-20 2.54737e-49)
(6.65819e-06 5.63021e-08 1.63937e-35 -2.85287e-06 -4.47935e-20 2.64241e-49)
(6.7309e-06 4.24266e-08 2.13439e-35 -2.88399e-06 -4.60622e-20 2.71725e-49)
(6.78371e-06 2.80719e-08 -1.45631e-21 -2.90688e-06 -4.8651e-20 1.3861e-49)
(6.81712e-06 1.38109e-08 -8.16649e-35 -2.9216e-06 -4.75508e-20 0)
(6.83023e-06 1.63146e-09 0 -2.92768e-06 -4.78087e-20 0)
(6.82935e-06 -2.65219e-09 -9.86804e-20 -2.9253e-06 -4.77451e-20 0)
(7.62049e-06 5.65518e-07 2.94768e-21 -8.347e-08 5.76955e-22 0)
(7.8444e-06 1.00547e-06 -3.9334e-22 -4.18089e-07 -1.30494e-22 0)
(8.26402e-06 1.45586e-06 -2.71813e-21 -9.66524e-07 -1.51887e-21 0)
(8.7465e-06 1.72538e-06 3.33865e-22 -1.64665e-06 2.30533e-22 0)
(9.25391e-06 1.82135e-06 -9.666e-22 -2.38345e-06 -6.7197e-22 0)
(9.71114e-06 1.72898e-06 1.02154e-21 -3.1111e-06 1.12145e-21 0)
(1.00776e-05 1.4647e-06 3.46537e-21 -3.77488e-06 2.47188e-21 0)
(1.03145e-05 1.0526e-06 -1.57826e-21 -4.33062e-06 -1.16972e-21 0)
(1.04098e-05 5.36098e-07 -2.33008e-21 -4.75479e-06 -1.80015e-21 0)
(1.03343e-05 -5.4853e-08 0 -4.97722e-06 0 0)
(7.21809e-06 5.08553e-07 9.10582e-23 -8.98197e-08 2.63039e-23 0)
(7.43215e-06 9.15903e-07 3.47512e-21 -4.01804e-07 1.33942e-21 0)
(7.82159e-06 1.35968e-06 3.74557e-21 -8.87599e-07 2.06846e-21 0)
(8.27702e-06 1.66293e-06 3.48071e-21 -1.49093e-06 2.32656e-21 0)
(8.77591e-06 1.8274e-06 -8.57622e-22 -2.15427e-06 -6.08325e-22 0)
(9.25368e-06 1.83095e-06 -4.3416e-21 -2.82468e-06 -3.57783e-21 0)
(9.67443e-06 1.68185e-06 -3.78097e-21 -3.45647e-06 -2.71469e-21 0)
(9.99356e-06 1.39094e-06 5.62332e-21 -4.00684e-06 4.42199e-21 0)
(1.01872e-05 9.94804e-07 -1.61684e-21 -4.46032e-06 -1.04776e-21 0)
(1.02049e-05 4.21357e-07 2.60729e-21 -4.77429e-06 2.08289e-21 0)
(6.85678e-06 4.47679e-07 -1.65195e-22 -1.00299e-07 -5.80924e-23 0)
(7.06449e-06 8.2924e-07 -3.03417e-21 -4.04646e-07 -1.13222e-21 0)
(7.42511e-06 1.26209e-06 -3.10994e-21 -8.51037e-07 -1.67207e-21 0)
(7.84346e-06 1.58181e-06 4.36452e-21 -1.39928e-06 2.87894e-21 0)
(8.30855e-06 1.78716e-06 3.89199e-21 -2.00507e-06 2.92564e-21 0)
(8.76581e-06 1.8514e-06 4.17994e-21 -2.62671e-06 3.42036e-21 0)
(9.18864e-06 1.77886e-06 -2.14832e-23 -3.2279e-06 3.38365e-24 0)
(9.54383e-06 1.5735e-06 -3.35393e-21 -3.7716e-06 -3.12066e-21 0)
(9.81017e-06 1.28447e-06 -5.44829e-24 -4.23992e-06 8.70666e-24 0)
(9.96985e-06 8.23146e-07 8.609e-22 -4.59659e-06 2.52426e-22 0)
(6.52678e-06 3.79674e-07 0 -1.11979e-07 0 0)
(6.73325e-06 7.39069e-07 9.96211e-22 -4.13142e-07 2.84962e-22 0)
(7.07399e-06 1.16125e-06 -1.11585e-21 -8.25386e-07 -7.29433e-22 0)
(7.46372e-06 1.4941e-06 -2.95211e-21 -1.3213e-06 -2.03852e-21 0)
(7.90138e-06 1.73626e-06 2.17716e-21 -1.86744e-06 1.64551e-21 0)
(8.34014e-06 1.85832e-06 -3.24796e-21 -2.43177e-06 -2.6313e-21 0)
(8.75709e-06 1.86033e-06 -1.27761e-21 -2.98594e-06 -1.30665e-21 0)
(9.12591e-06 1.73471e-06 3.76638e-21 -3.50141e-06 3.22264e-21 0)
(9.4152e-06 1.5244e-06 -1.62409e-23 -3.96262e-06 5.5492e-24 0)
(9.65323e-06 1.14437e-06 5.15502e-21 -4.35558e-06 4.46209e-21 0)
(6.21751e-06 3.03505e-07 1.12524e-21 -1.23664e-07 1.533e-22 0)
(6.42481e-06 6.43088e-07 1.58689e-21 -4.27732e-07 6.09203e-22 0)
(6.74924e-06 1.05204e-06 0 -8.17617e-07 0 0)
(7.1119e-06 1.38881e-06 -1.81136e-21 -1.27455e-06 -1.20504e-21 0)
(7.51987e-06 1.65272e-06 -1.42638e-21 -1.77344e-06 -1.0483e-21 0)
(7.93433e-06 1.8139e-06 7.57781e-22 -2.2903e-06 6.25121e-22 0)
(8.33686e-06 1.87182e-06 -1.78336e-21 -2.80252e-06 -1.46724e-21 0)
(8.7119e-06 1.81558e-06 -1.26235e-21 -3.2878e-06 -8.93492e-22 0)
(9.01483e-06 1.68198e-06 -1.14366e-21 -3.72582e-06 -8.80617e-22 0)
(9.30253e-06 1.39884e-06 -5.71281e-21 -4.1115e-06 -4.47282e-21 0)
(5.92652e-06 2.20653e-07 -2.15635e-21 -1.35035e-07 -2.43581e-22 0)
(6.13701e-06 5.44732e-07 1.32844e-21 -4.44312e-07 4.59221e-22 0)
(6.45013e-06 9.42927e-07 3.89259e-21 -8.16428e-07 1.89481e-21 0)
(6.79077e-06 1.2825e-06 -1.27666e-21 -1.23909e-06 -7.82452e-22 0)
(7.17227e-06 1.5637e-06 -1.93815e-21 -1.69366e-06 -1.46546e-21 0)
(7.56189e-06 1.75661e-06 1.39144e-21 -2.16312e-06 1.1809e-21 0)
(7.94351e-06 1.85893e-06 1.59439e-21 -2.63035e-06 1.36694e-21 0)
(8.312e-06 1.85776e-06 7.7832e-22 -3.08103e-06 7.37688e-22 0)
(8.61374e-06 1.78081e-06 3.07245e-21 -3.49459e-06 2.47196e-21 0)
(8.92769e-06 1.58081e-06 -2.11573e-21 -3.86755e-06 -1.88883e-21 0)
(5.6473e-06 1.29934e-07 0 -1.46123e-07 0 0)
(5.86215e-06 4.4123e-07 -5.68554e-22 -4.63359e-07 -3.96864e-22 0)
(6.16695e-06 8.2946e-07 1.45647e-21 -8.24021e-07 7.47893e-22 0)
(6.48875e-06 1.16916e-06 1.2195e-21 -1.22036e-06 7.21799e-22 0)
(6.84618e-06 1.46163e-06 -3.9554e-21 -1.63868e-06 -2.82533e-21 0)
(7.212e-06 1.67813e-06 -1.38522e-21 -2.06743e-06 -1.10439e-21 0)
(7.572e-06 1.81549e-06 3.80173e-21 -2.49329e-06 3.26492e-21 0)
(7.92944e-06 1.86173e-06 -2.45305e-21 -2.90735e-06 -2.22236e-21 0)
(8.22423e-06 1.83391e-06 1.10888e-21 -3.28982e-06 7.66607e-22 0)
(8.54575e-06 1.70661e-06 6.73946e-21 -3.63613e-06 6.00082e-21 0)
(5.37752e-06 3.24132e-08 9.25874e-22 -1.56554e-07 7.4094e-24 0)
(5.59776e-06 3.34211e-07 -1.8679e-22 -4.82898e-07 -1.41054e-22 0)
(5.89697e-06 7.15003e-07 6.02912e-24 -8.35305e-07 6.54607e-24 0)
(6.20305e-06 1.0549e-06 3.9824e-22 -1.20934e-06 3.35661e-22 0)
(6.53903e-06 1.35586e-06 -2.28104e-21 -1.59534e-06 -1.77311e-21 0)
(6.88199e-06 1.59049e-06 1.35063e-22 -1.98656e-06 2.5698e-24 0)
(7.21961e-06 1.75441e-06 -1.54629e-23 -2.37353e-06 -1.38251e-23 0)
(7.56165e-06 1.83797e-06 -4.71404e-21 -2.75198e-06 -4.24936e-21 0)
(7.84614e-06 1.8492e-06 -4.31447e-21 -3.10451e-06 -3.63422e-21 0)
(8.16461e-06 1.78228e-06 2.64341e-21 -3.42196e-06 2.53733e-21 0)
(5.11343e-06 -7.23604e-08 1.22343e-22 -1.66697e-07 9.25122e-23 0)
(5.3397e-06 2.22504e-07 -4.59191e-22 -5.03434e-07 2.26588e-22 0)
(5.63522e-06 5.97873e-07 -1.05509e-21 -8.51031e-07 -4.11722e-22 0)
(5.92795e-06 9.37944e-07 3.40294e-21 -1.20721e-06 1.89551e-21 0)
(6.2449e-06 1.24511e-06 9.53016e-22 -1.56572e-06 8.40739e-22 0)
(6.56672e-06 1.4937e-06 -4.47233e-21 -1.92363e-06 -3.58986e-21 0)
(6.88316e-06 1.67837e-06 3.43175e-21 -2.27478e-06 3.00366e-21 0)
(7.20799e-06 1.79222e-06 2.25997e-21 -2.61808e-06 2.14907e-21 0)
(7.48052e-06 1.8357e-06 -4.15178e-21 -2.93973e-06 -3.51142e-21 0)
(7.78901e-06 1.81763e-06 -7.82917e-21 -3.22643e-06 -7.09122e-21 0)
(4.85298e-06 -1.8385e-07 1.80171e-22 -1.76548e-07 1.46231e-22 0)
(5.08569e-06 1.06725e-07 2.42922e-21 -5.24262e-07 7.50888e-22 0)
(5.37888e-06 4.79218e-07 2.76124e-21 -8.69095e-07 8.59701e-22 0)
(5.65989e-06 8.20312e-07 -2.18832e-21 -1.20999e-06 -1.17959e-21 0)
(5.95962e-06 1.13238e-06 2.4429e-21 -1.54397e-06 2.18425e-21 0)
(6.26156e-06 1.3915e-06 1.09669e-21 -1.87148e-06 9.74799e-22 0)
(6.55801e-06 1.59162e-06 2.75347e-21 -2.18974e-06 2.38638e-21 0)
(6.86489e-06 1.72879e-06 7.87302e-21 -2.49994e-06 7.19661e-21 0)
(7.12519e-06 1.79817e-06 2.35556e-21 -2.79203e-06 1.98097e-21 0)
(7.42046e-06 1.81888e-06 -2.5817e-21 -3.04906e-06 -2.65211e-21 0)
(4.5939e-06 -3.02282e-07 -2.96742e-22 -1.86343e-07 -2.56014e-22 0)
(4.83328e-06 -1.34221e-08 2.21015e-21 -5.45845e-07 -1.26284e-22 0)
(5.12489e-06 3.58745e-07 1.65306e-21 -8.89673e-07 3.85075e-22 0)
(5.39502e-06 7.0189e-07 -2.74381e-21 -1.21724e-06 -1.2683e-21 0)
(5.67876e-06 1.01797e-06 -3.16456e-21 -1.52902e-06 -2.32044e-21 0)
(5.96198e-06 1.28493e-06 4.09084e-21 -1.82849e-06 3.3742e-21 0)
(6.23989e-06 1.49641e-06 2.54612e-21 -2.11616e-06 2.21639e-21 0)
(6.52901e-06 1.65112e-06 2.11901e-21 -2.39489e-06 1.79738e-21 0)
(6.77739e-06 1.74089e-06 2.2878e-21 -2.65832e-06 1.88733e-21 0)
(7.05831e-06 1.79152e-06 -8.41059e-27 -2.88731e-06 -6.73526e-27 0)
(4.33472e-06 -4.27417e-07 -1.7456e-21 -1.96274e-07 1.3712e-22 0)
(4.5809e-06 -1.37286e-07 -2.23944e-21 -5.68452e-07 -5.91041e-22 0)
(4.87088e-06 2.37469e-07 -9.32744e-22 -9.12278e-07 -2.81855e-22 0)
(5.12994e-06 5.83954e-07 -9.88647e-22 -1.22723e-06 -4.86593e-22 0)
(5.398e-06 9.03236e-07 -3.55661e-21 -1.51791e-06 -2.66746e-21 0)
(5.66315e-06 1.17534e-06 -2.26802e-21 -1.79086e-06 -1.77386e-21 0)
(5.9238e-06 1.39416e-06 1.83401e-21 -2.04984e-06 1.62898e-21 0)
(6.19595e-06 1.56095e-06 1.90863e-21 -2.29905e-06 1.88531e-21 0)
(6.43339e-06 1.6659e-06 3.50826e-21 -2.53529e-06 3.59299e-21 0)
(6.70038e-06 1.73877e-06 6.41735e-22 -2.73849e-06 7.78506e-22 0)
(4.07473e-06 -5.59461e-07 9.44787e-22 -2.07319e-07 -3.41383e-24 0)
(4.32749e-06 -2.64309e-07 9.88999e-22 -5.9311e-07 1.745e-22 0)
(4.61449e-06 1.16285e-07 -6.12885e-22 -9.36794e-07 2.43648e-23 0)
(4.86094e-06 4.67501e-07 9.46874e-24 -1.23831e-06 8.20952e-24 0)
(5.11259e-06 7.89035e-07 -2.52435e-21 -1.50762e-06 -1.75101e-21 0)
(5.35988e-06 1.06353e-06 -1.07324e-21 -1.75456e-06 -9.08627e-22 0)
(5.6044e-06 1.28576e-06 1.55068e-21 -1.98608e-06 1.52179e-21 0)
(5.86089e-06 1.45945e-06 7.97148e-28 -2.20744e-06 6.28179e-28 0)
(6.08889e-06 1.57446e-06 1.5761e-27 -2.41798e-06 1.19859e-27 0)
(6.34355e-06 1.66264e-06 9.24038e-22 -2.59785e-06 2.11693e-22 0)
(3.81425e-06 -6.98504e-07 0 -2.20734e-07 0 0)
(4.0727e-06 -3.92256e-07 1.67477e-22 -6.21468e-07 1.7046e-22 0)
(4.35344e-06 -1.90666e-09 2.73272e-22 -9.64011e-07 2.66713e-22 0)
(4.58408e-06 3.55059e-07 9.00226e-22 -1.25e-06 4.10248e-22 0)
(4.81731e-06 6.7687e-07 4.65145e-22 -1.49652e-06 4.01677e-22 0)
(5.0464e-06 9.49978e-07 1.49411e-23 -1.71724e-06 1.21137e-23 0)
(5.27583e-06 1.17091e-06 6.3051e-22 -1.92213e-06 4.88075e-22 0)
(5.51838e-06 1.34599e-06 -1.16994e-21 -2.11727e-06 -1.15459e-21 0)
(5.73903e-06 1.46569e-06 -1.53513e-21 -2.30382e-06 -1.09297e-21 0)
(5.98386e-06 1.56273e-06 2.15067e-21 -2.46297e-06 2.02489e-21 0)
(3.55643e-06 -8.4509e-07 0 -2.40755e-07 0 0)
(3.8178e-06 -5.18688e-07 0 -6.56142e-07 0 0)
(4.08481e-06 -1.14102e-07 -8.08571e-22 -9.92481e-07 -8.19981e-22 0)
(4.29367e-06 2.49005e-07 0 -1.25704e-06 0 0)
(4.50497e-06 5.68028e-07 -2.77869e-21 -1.47692e-06 -1.98135e-21 0)
(4.71528e-06 8.34929e-07 1.19238e-21 -1.67007e-06 9.21827e-22 0)
(4.93096e-06 1.0491e-06 3.7502e-21 -1.84884e-06 3.36358e-21 0)
(5.16213e-06 1.21964e-06 2.58977e-21 -2.01958e-06 2.88409e-21 0)
(5.37848e-06 1.33836e-06 -1.2422e-21 -2.18445e-06 -1.32041e-21 0)
(5.61712e-06 1.43797e-06 -4.59966e-21 -2.32604e-06 -4.71037e-21 0)
(3.3069e-06 -9.9914e-07 -5.25775e-23 -2.71945e-07 -7.34102e-23 0)
(3.56475e-06 -6.33999e-07 2.06165e-21 -7.01951e-07 -4.23455e-22 0)
(3.80472e-06 -2.10581e-07 5.06731e-22 -1.02467e-06 5.50211e-22 0)
(3.98283e-06 1.55647e-07 2.09262e-23 -1.26099e-06 1.6511e-23 0)
(4.1674e-06 4.64841e-07 -1.7054e-21 -1.44987e-06 -1.1249e-21 0)
(4.3583e-06 7.17528e-07 -3.83376e-21 -1.61417e-06 -3.08236e-21 0)
(4.5622e-06 9.17289e-07 4.24782e-21 -1.7675e-06 3.70847e-21 0)
(4.78545e-06 1.07608e-06 7.56841e-22 -1.91592e-06 4.67833e-22 0)
(5.00167e-06 1.18738e-06 2.52217e-21 -2.06169e-06 1.48703e-21 0)
(5.23879e-06 1.28317e-06 1.16743e-21 -2.18901e-06 1.36176e-21 0)
(3.08405e-06 -1.1587e-06 -5.94215e-22 -3.34963e-07 4.18192e-22 0)
(3.3192e-06 -7.299e-07 -1.92478e-21 -7.66504e-07 5.88143e-22 0)
(3.50416e-06 -2.84457e-07 7.36629e-22 -1.0509e-06 8.67671e-22 0)
(3.63747e-06 7.78567e-08 3.0563e-22 -1.24181e-06 -4.32229e-22 0)
(3.79024e-06 3.67589e-07 1.52167e-21 -1.39178e-06 1.14247e-21 0)
(3.96297e-06 5.96044e-07 -2.88896e-21 -1.52562e-06 -2.26835e-21 0)
(4.15933e-06 7.72695e-07 2.44011e-23 -1.6556e-06 1.7895e-23 0)
(4.38039e-06 9.11995e-07 2.67642e-21 -1.78561e-06 2.56102e-21 0)
(4.60269e-06 1.00923e-06 -8.89677e-22 -1.91704e-06 -4.56988e-22 0)
(4.84492e-06 1.09484e-06 -9.31856e-22 -2.03548e-06 -4.53339e-22 0)
(2.91475e-06 -1.30249e-06 3.76658e-30 -4.43112e-07 -5.6089e-30 0)
(3.08112e-06 -7.62306e-07 1.50398e-22 -8.562e-07 4.63592e-22 0)
(3.16968e-06 -3.04683e-07 8.19028e-22 -1.07571e-06 -1.38817e-21 0)
(3.24161e-06 2.87273e-08 -3.77316e-22 -1.21082e-06 -3.40928e-22 0)
(3.35948e-06 2.76531e-07 -2.00767e-21 -1.31823e-06 -1.47522e-21 0)
(3.51756e-06 4.63447e-07 0 -1.42301e-06 0 0)
(3.71325e-06 6.0429e-07 -1.58443e-21 -1.53315e-06 -8.07923e-22 0)
(3.94006e-06 7.14298e-07 8.37561e-22 -1.64928e-06 1.03345e-21 0)
(4.17671e-06 7.89954e-07 1.79713e-21 -1.77098e-06 2.33618e-21 0)
(4.43223e-06 8.58576e-07 -9.75081e-22 -1.88522e-06 -1.37691e-21 0)
(2.91058e-06 -1.36975e-06 -1.88801e-21 -7.0628e-07 2.18834e-21 0)
(2.83208e-06 -7.13152e-07 1.11635e-21 -9.69449e-07 -8.40658e-22 0)
(2.7541e-06 -2.66705e-07 1.61034e-21 -1.04016e-06 -8.16336e-24 0)
(2.75123e-06 2.8309e-09 -5.68265e-22 -1.08824e-06 1.43444e-22 0)
(2.84343e-06 1.872e-07 -1.11075e-21 -1.15205e-06 -7.89403e-22 0)
(3.00107e-06 3.1637e-07 -7.17848e-22 -1.23487e-06 -3.36568e-22 0)
(3.21032e-06 4.10552e-07 0 -1.33547e-06 0 0)
(3.45642e-06 4.83022e-07 -9.75143e-22 -1.44849e-06 -3.68858e-22 0)
(3.7193e-06 5.31225e-07 1.0595e-21 -1.57129e-06 3.77392e-22 0)
(3.99901e-06 5.77222e-07 -6.14786e-27 -1.69215e-06 -2.08443e-27 0)
(3.22693e-06 -7.92026e-07 1.23724e-22 -1.14449e-06 1.54755e-20 -5.56848e-35)
(2.47802e-06 -3.22418e-07 1.84431e-21 -1.04546e-06 1.5827e-20 5.73149e-35)
(2.21801e-06 -1.06832e-07 2.6237e-24 -9.68018e-07 1.80276e-20 -5.63816e-35)
(2.13844e-06 -3.847e-09 1.08848e-21 -9.44617e-07 1.75959e-20 -1.81195e-35)
(2.22753e-06 6.22398e-08 2.27415e-22 -9.84121e-07 1.70272e-20 1.77592e-35)
(2.40279e-06 1.06426e-07 -8.66457e-22 -1.05881e-06 1.5601e-20 1.66232e-35)
(2.64323e-06 1.38297e-07 4.24803e-22 -1.16032e-06 1.62103e-20 -2.39155e-38)
(2.92477e-06 1.62967e-07 -6.91218e-22 -1.27848e-06 1.55288e-20 1.50645e-35)
(3.22819e-06 1.7907e-07 1.02923e-21 -1.4073e-06 1.6462e-20 5.65215e-38)
(3.54558e-06 1.95627e-07 -1.64036e-21 -1.53978e-06 1.10569e-20 1.84992e-35)
)
;

boundaryField
{
    left
    {
        type            calculated;
        value           nonuniform List<symmTensor> 
30
(
(7.58367e-06 2.41825e-07 2.94768e-21 -8.347e-08 5.76955e-22 0)
(7.17853e-06 2.15604e-07 9.10582e-23 -8.98197e-08 2.63039e-23 0)
(6.81425e-06 1.80474e-07 -1.65195e-22 -1.00299e-07 -5.80924e-23 0)
(6.48054e-06 1.32491e-07 0 -1.11979e-07 0 0)
(6.1675e-06 7.23577e-08 1.12524e-21 -1.23664e-07 1.533e-22 0)
(5.87265e-06 1.93302e-09 -2.15635e-21 -1.35035e-07 -2.43581e-22 0)
(5.58962e-06 -7.92615e-08 0 -1.46123e-07 0 0)
(5.31612e-06 -1.69682e-07 9.25874e-22 -1.56554e-07 7.4094e-24 0)
(5.04835e-06 -2.6938e-07 1.22343e-22 -1.66697e-07 9.25122e-23 0)
(4.7843e-06 -3.77547e-07 1.80171e-22 -1.76548e-07 1.46231e-22 0)
(4.52166e-06 -4.94257e-07 -2.96742e-22 -1.86343e-07 -2.56014e-22 0)
(4.25883e-06 -6.19085e-07 -1.7456e-21 -1.96274e-07 1.3712e-22 0)
(3.99484e-06 -7.52199e-07 9.44787e-22 -2.07319e-07 -3.41383e-24 0)
(3.72962e-06 -8.94149e-07 0 -2.20734e-07 0 0)
(3.46568e-06 -1.04616e-06 0 -2.40755e-07 0 0)
(3.20846e-06 -1.2121e-06 -5.25775e-23 -2.71945e-07 -7.34102e-23 0)
(2.97846e-06 -1.39374e-06 -5.94215e-22 -3.34963e-07 4.18192e-22 0)
(2.8197e-06 -1.59291e-06 3.76658e-30 -4.43112e-07 -5.6089e-30 0)
(2.94679e-06 -1.76449e-06 -1.88801e-21 -7.0628e-07 2.18834e-21 0)
(3.81865e-06 -1.48132e-06 7.33088e-23 -1.14449e-06 1.54755e-20 -5.56848e-35)
(2.93045e-05 5.16047e-06 8.57619e-21 -8.97015e-06 -4.64291e-19 -2.02298e-33)
(1.95643e-05 2.91335e-06 -1.22295e-21 -3.66424e-06 -1.86428e-21 0)
(1.57667e-05 1.20725e-06 5.09498e-21 -1.66139e-06 2.1644e-21 0)
(1.34841e-05 5.13781e-07 2.66839e-22 -7.56143e-07 3.52003e-22 0)
(1.19452e-05 2.64151e-07 9.08485e-27 -3.71726e-07 8.46697e-27 0)
(1.07871e-05 1.94231e-07 4.85402e-21 -1.92678e-07 8.70484e-22 0)
(9.89079e-06 1.95796e-07 7.63161e-23 -1.10994e-07 2.13144e-23 0)
(9.16078e-06 2.17621e-07 3.71906e-21 -7.98312e-08 7.02184e-22 0)
(8.5575e-06 2.33451e-07 -4.16345e-23 -6.87193e-08 -2.13557e-24 0)
(8.02888e-06 2.5098e-07 -6.26427e-23 -7.38049e-08 -1.26443e-23 0)
)
;
    }
    right
    {
        type            calculated;
        value           nonuniform List<symmTensor> 
30
(
(6.82696e-06 -1.10982e-11 -2.064e-19 -2.92382e-06 -5.58456e-20 2.53246e-34)
(6.82604e-06 -1.14215e-11 -1.98474e-19 -2.92168e-06 1.8863e-21 -2.18748e-34)
(6.83474e-06 -1.42188e-11 -1.97231e-19 -2.94194e-06 -1.39994e-21 -1.62699e-37)
(6.8572e-06 -2.27817e-11 -2.05543e-19 -2.99422e-06 -9.72554e-21 3.13452e-34)
(6.89079e-06 -3.29457e-11 -1.9177e-19 -3.07238e-06 3.76834e-21 -3.07605e-34)
(6.93327e-06 -4.78236e-11 -1.91188e-19 -3.17127e-06 -1.1471e-21 2.20147e-36)
(6.98087e-06 -6.46872e-11 -1.91577e-19 -3.28205e-06 -1.8518e-21 8.90173e-37)
(7.03015e-06 -8.15111e-11 -1.86877e-19 -3.39676e-06 -4.01438e-22 2.33162e-36)
(7.07775e-06 -9.77165e-11 -1.95715e-19 -3.50755e-06 -6.87728e-21 1.73783e-34)
(7.12058e-06 -1.12519e-10 -1.92911e-19 -3.60723e-06 -3.04836e-21 7.27302e-37)
(7.15574e-06 -1.23538e-10 -1.88771e-19 -3.68907e-06 -5.115e-22 -8.39414e-37)
(7.1819e-06 -1.32895e-10 -1.88061e-19 -3.74997e-06 -1.47612e-35 5.54132e-49)
(7.19963e-06 -1.396e-10 -1.89363e-19 -3.79123e-06 -8.13895e-22 4.14646e-49)
(7.20927e-06 -1.42563e-10 -1.89117e-19 -3.81368e-06 -8.18712e-22 0)
(7.20928e-06 -1.43465e-10 -1.84103e-19 -3.81368e-06 1.63743e-21 0)
(7.20031e-06 -1.39637e-10 -1.87722e-19 -3.7928e-06 -1.6952e-34 2.76566e-49)
(7.18375e-06 -1.3315e-10 -1.88192e-19 -3.75427e-06 -1.6757e-35 5.54516e-49)
(7.15958e-06 -1.2557e-10 -1.87264e-19 -3.69801e-06 7.93882e-22 -4.62655e-64)
(7.12918e-06 -1.15508e-10 -1.9125e-19 -3.62725e-06 -7.78691e-22 4.19174e-49)
(7.09375e-06 -1.02989e-10 -1.90627e-19 -3.54479e-06 -1.7158e-34 2.80846e-49)
(7.05486e-06 -8.98389e-11 -1.91662e-19 -3.45427e-06 -5.10926e-36 0)
(7.01417e-06 -7.63234e-11 -1.92738e-19 -3.35956e-06 -4.96918e-36 0)
(6.97349e-06 -6.17543e-11 -1.93805e-19 -3.26487e-06 -2.41456e-36 0)
(6.93466e-06 -4.78333e-11 -1.94816e-19 -3.17449e-06 1.64077e-34 2.87018e-49)
(6.89958e-06 -3.70604e-11 -1.9572e-19 -3.09286e-06 -4.04711e-36 5.76701e-49)
(6.86996e-06 -2.62938e-11 -1.9648e-19 -3.0239e-06 -1.65128e-34 2.8947e-49)
(6.84751e-06 -1.83139e-11 -1.97041e-19 -2.97167e-06 -3.31467e-34 3.00017e-63)
(6.83293e-06 -1.38786e-11 -1.97409e-19 -2.93773e-06 -4.41766e-36 0)
(6.82717e-06 -1.17186e-11 -1.95908e-19 -2.92432e-06 6.27787e-22 0)
(6.8276e-06 -1.23551e-11 -1.97561e-19 -2.9253e-06 -4.77451e-20 0)
)
;
    }
    down
    {
        type            calculated;
        value           nonuniform List<symmTensor> 
30
(
(-2.57321e-08 2.59596e-10 2.79791e-20 9.31077e-09 4.41821e-20 1.68834e-34)
(3.30835e-08 2.10401e-10 -2.77404e-22 -1.58262e-08 4.09077e-20 1.45884e-36)
(3.20803e-07 -3.00967e-11 -3.55316e-21 -1.38792e-07 2.96608e-20 1.81145e-35)
(7.73649e-07 -4.0837e-10 -1.992e-24 -3.3233e-07 3.30181e-20 0)
(1.29489e-06 -8.44912e-10 -4.76179e-22 -5.55098e-07 2.67261e-20 -1.41412e-36)
(1.8395e-06 -1.29958e-09 -4.87278e-21 -7.87856e-07 3.11585e-20 2.90167e-35)
(2.3714e-06 -1.74454e-09 1.09681e-21 -1.01518e-06 3.62495e-20 1.35949e-36)
(2.87849e-06 -2.16742e-09 -3.23473e-21 -1.2319e-06 3.21832e-20 2.53335e-35)
(3.34383e-06 -2.47886e-09 2.6174e-21 -1.43088e-06 3.10035e-20 -1.01887e-35)
(3.77516e-06 -2.17329e-09 5.00492e-21 -1.61603e-06 1.43721e-20 -1.42614e-35)
(4.1636e-06 -1.8985e-09 3.87735e-21 -1.78277e-06 4.10866e-21 1.87751e-37)
(4.50207e-06 -1.65848e-09 2.80832e-21 -1.92806e-06 -1.16694e-20 8.9304e-36)
(4.813e-06 -1.4395e-09 -2.97457e-21 -2.06153e-06 -2.93024e-20 9.78337e-36)
(5.0926e-06 -1.24105e-09 -2.03534e-21 -2.18156e-06 -3.55296e-20 6.10326e-37)
(5.34482e-06 -1.06229e-09 -5.18019e-21 -2.28983e-06 -4.39275e-20 -4.59701e-35)
(5.57085e-06 -9.00985e-10 -8.34619e-22 -2.38685e-06 -5.04609e-20 0)
(5.77346e-06 -7.5847e-10 -8.99759e-22 -2.47382e-06 -5.76638e-20 0)
(5.95405e-06 -6.30541e-10 7.18908e-22 -2.55134e-06 -6.20509e-20 -9.03728e-37)
(6.11475e-06 -5.16792e-10 5.1847e-22 -2.62033e-06 -6.92682e-20 2.57475e-35)
(6.25676e-06 -4.16621e-10 2.53087e-21 -2.68129e-06 -7.0755e-20 -1.79258e-36)
(6.38153e-06 -3.28533e-10 3.53572e-21 -2.73484e-06 -7.76439e-20 8.87096e-35)
(6.4899e-06 -2.50743e-10 -2.39551e-21 -2.78137e-06 -8.37878e-20 -3.11792e-35)
(6.58266e-06 -1.85694e-10 3.6874e-21 -2.82118e-06 -8.48094e-20 9.77893e-35)
(6.66028e-06 -1.31493e-10 -6.34485e-21 -2.8545e-06 -9.57511e-20 2.02748e-36)
(6.72297e-06 -8.75376e-11 -3.73475e-22 -2.88141e-06 -9.00016e-20 -3.54527e-35)
(6.77108e-06 -5.22348e-11 -6.25887e-22 -2.90207e-06 -9.33206e-20 8.55399e-45)
(6.80446e-06 -2.8911e-11 -2.42975e-21 -2.91639e-06 -9.67463e-20 3.91048e-37)
(6.82438e-06 -1.48266e-11 1.46061e-21 -2.92494e-06 -9.30361e-20 -2.82809e-37)
(6.83073e-06 -1.03616e-11 6.0261e-22 -2.92767e-06 -9.82735e-20 1.11773e-34)
(6.82849e-06 -1.1777e-11 -1.07682e-19 -2.92671e-06 -1.03298e-19 2.53246e-34)
)
;
    }
    up
    {
        type            calculated;
        value           nonuniform List<symmTensor> 
30
(
(3.22693e-06 -2.45915e-09 1.23724e-22 -1.38082e-06 3.22631e-20 -5.56848e-35)
(2.47802e-06 -1.833e-09 1.84431e-21 -1.06075e-06 3.31376e-20 5.73149e-35)
(2.21801e-06 -1.61627e-09 2.6237e-24 -9.49623e-07 3.52858e-20 -5.63816e-35)
(2.13844e-06 -1.54944e-09 1.08848e-21 -9.1562e-07 3.47038e-20 -1.81195e-35)
(2.22753e-06 -1.62403e-09 2.27415e-22 -9.53695e-07 3.38778e-20 1.77592e-35)
(2.40279e-06 -1.77013e-09 -8.66457e-22 -1.0286e-06 3.21493e-20 1.66232e-35)
(2.64323e-06 -1.97172e-09 4.24803e-22 -1.13136e-06 3.24265e-20 -2.39155e-38)
(2.92477e-06 -2.20705e-09 -6.91218e-22 -1.25168e-06 3.13997e-20 1.50645e-35)
(3.22819e-06 -2.46016e-09 1.02923e-21 -1.38136e-06 3.18472e-20 5.65215e-38)
(3.54558e-06 -2.3365e-09 -1.64036e-21 -1.51748e-06 2.16724e-20 1.84992e-35)
(3.8525e-06 -2.11906e-09 -2.10636e-21 -1.64923e-06 8.45392e-21 4.38431e-36)
(4.13814e-06 -1.91589e-09 -8.88367e-22 -1.77184e-06 -1.56238e-21 5.52918e-53)
(4.42078e-06 -1.71548e-09 -9.49045e-22 -1.89317e-06 -1.17455e-20 7.50874e-51)
(4.69226e-06 -1.52442e-09 -8.53391e-36 -2.0097e-06 -1.98931e-20 0)
(4.95287e-06 -1.33975e-09 1.06327e-21 -2.12157e-06 -2.75412e-20 0)
(5.19865e-06 -1.16586e-09 1.11604e-21 -2.22708e-06 -3.62675e-20 -2.79595e-50)
(5.42944e-06 -1.00199e-09 -1.16558e-21 -2.32615e-06 -4.78767e-20 6.8023e-50)
(5.64355e-06 -8.50296e-10 -1.21155e-21 -2.41806e-06 -5.55053e-20 -2.72926e-64)
(5.8409e-06 -7.1094e-10 1.25391e-21 -2.50278e-06 -5.90487e-20 1.34337e-49)
(6.02095e-06 -5.83181e-10 -5.62737e-35 -2.58006e-06 -6.71661e-20 9.89598e-50)
(6.1837e-06 -4.68568e-10 0 -2.64993e-06 -7.29299e-20 0)
(6.329e-06 -3.65731e-10 7.74647e-35 -2.7123e-06 -7.80667e-20 1.1502e-49)
(6.45674e-06 -2.74551e-10 1.6368e-35 -2.76713e-06 -8.25764e-20 2.43327e-49)
(6.56665e-06 -1.97517e-10 1.15399e-35 -2.81431e-06 -8.64486e-20 2.54737e-49)
(6.65819e-06 -1.3313e-10 1.63937e-35 -2.8536e-06 -8.96741e-20 2.64241e-49)
(6.7309e-06 -8.04296e-11 2.13439e-35 -2.88482e-06 -9.22141e-20 2.71725e-49)
(6.78371e-06 -4.39415e-11 -1.45631e-21 -2.90749e-06 -9.57362e-20 1.3861e-49)
(6.81712e-06 -1.97931e-11 -8.16649e-35 -2.92183e-06 -9.51943e-20 0)
(6.83023e-06 -1.06288e-11 0 -2.92746e-06 -9.57106e-20 0)
(6.82935e-06 -1.04703e-11 -9.86804e-20 -2.92708e-06 -9.55833e-20 0)
)
;
    }
    hole
    {
        type            calculated;
        value           nonuniform List<symmTensor> 
20
(
(4.18246e-06 -8.65407e-06 1.40104e-18 2.78472e-06 1.5293e-18 2.08372e-33)
(6.38176e-06 -9.9172e-06 1.3067e-18 1.8151e-06 1.67382e-18 1.12753e-34)
(8.92559e-06 -1.08325e-05 1.1847e-18 4.7033e-07 1.77302e-18 0)
(1.18221e-05 -1.12147e-05 1.04503e-18 -1.32045e-06 1.87812e-18 -5.68259e-35)
(1.49201e-05 -1.10291e-05 9.6331e-19 -3.67819e-06 2.09632e-18 -1.22055e-33)
(1.7815e-05 -1.03649e-05 6.72417e-19 -5.7242e-06 1.85305e-18 -1.202e-33)
(2.05701e-05 -8.63692e-06 3.62344e-19 -7.48005e-06 1.22318e-18 -1.93639e-33)
(2.31081e-05 -6.68159e-06 1.57033e-19 -9.09223e-06 6.60918e-19 -5.26503e-35)
(2.55577e-05 -3.81382e-06 -1.84085e-20 -1.13487e-05 -2.6217e-19 -3.08075e-34)
(2.76831e-05 -1.17712e-06 -2.81047e-20 -1.30893e-05 -9.32248e-19 -2.02298e-33)
(6.27259e-09 6.04899e-10 6.51691e-20 -9.92656e-09 3.04032e-20 1.68834e-34)
(5.96392e-09 1.2857e-09 6.76845e-20 -9.35856e-09 1.22942e-20 4.74747e-35)
(-8.80761e-08 -6.62881e-08 7.3924e-20 2.27941e-07 1.45901e-20 -2.12259e-36)
(-2.62122e-07 -3.06076e-07 1.15235e-19 7.32541e-07 2.83103e-20 -4.81785e-35)
(-4.38485e-07 -7.98358e-07 1.61672e-19 1.42434e-06 6.87369e-20 1.68836e-34)
(-5.15818e-07 -1.59536e-06 2.99418e-19 2.19765e-06 1.32519e-19 -3.20469e-34)
(-3.75457e-07 -2.69644e-06 5.22481e-19 2.91032e-06 2.85824e-19 -3.92679e-34)
(9.35497e-08 -4.05865e-06 7.98824e-19 3.42791e-06 5.16022e-19 -8.57853e-34)
(9.81025e-07 -5.58974e-06 1.05581e-18 3.6276e-06 8.33037e-19 1.22384e-33)
(2.34321e-06 -7.17353e-06 1.2822e-18 3.42637e-06 1.1866e-18 1.84275e-34)
)
;
    }
    frontAndBack
    {
        type            empty;
    }
}


// ************************************************************************* //
