/*--------------------------------*- C++ -*----------------------------------*\
  =========                 |
  \\      /  F ield         | OpenFOAM: The Open Source CFD Toolbox
   \\    /   O peration     | Website:  https://openfoam.org
    \\  /    A nd           | Version:  9
     \\/     M anipulation  |
\*---------------------------------------------------------------------------*/
FoamFile
{
    format      ascii;
    class       pointVectorField;
    location    "15";
    object      pointD;
}
// * * * * * * * * * * * * * * * * * * * * * * * * * * * * * * * * * * * * * //

dimensions      [0 1 0 0 0 0 0];

internalField   nonuniform List<vector> 
2142
(
(1.11365e-05 3.27258e-06 -9.69341e-20)
(1.03244e-05 3.78533e-06 0)
(9.7556e-06 4.15184e-06 0)
(9.34096e-06 4.45018e-06 0)
(9.04217e-06 4.69453e-06 0)
(8.82993e-06 4.90505e-06 0)
(8.68318e-06 5.09017e-06 0)
(8.58715e-06 5.25753e-06 0)
(8.53032e-06 5.41164e-06 0)
(8.50433e-06 5.55561e-06 0)
(8.50862e-06 5.71193e-06 0)
(1.0181e-05 3.00216e-06 -1.06845e-19)
(9.3185e-06 3.40782e-06 0)
(8.72077e-06 3.6925e-06 0)
(8.28752e-06 3.92685e-06 0)
(7.9761e-06 4.11812e-06 0)
(7.75458e-06 4.28372e-06 0)
(7.60005e-06 4.42943e-06 0)
(7.49681e-06 4.56171e-06 0)
(7.43235e-06 4.68357e-06 0)
(7.39802e-06 4.79873e-06 0)
(7.24963e-06 4.80428e-06 0)
(9.18913e-06 2.73229e-06 -1.08266e-19)
(8.29681e-06 3.02154e-06 0)
(7.68625e-06 3.21849e-06 0)
(7.24602e-06 3.38599e-06 0)
(6.93078e-06 3.52346e-06 0)
(6.70678e-06 3.64452e-06 0)
(6.54977e-06 3.75191e-06 0)
(6.44335e-06 3.85041e-06 0)
(6.37461e-06 3.94135e-06 0)
(6.33421e-06 4.02829e-06 0)
(6.20118e-06 4.01911e-06 0)
(8.15933e-06 2.46869e-06 -1.08712e-19)
(7.26543e-06 2.63338e-06 0)
(6.65968e-06 2.74042e-06 0)
(6.22514e-06 2.84044e-06 0)
(5.91571e-06 2.92532e-06 0)
(5.69665e-06 3.00382e-06 0)
(5.54305e-06 3.07556e-06 0)
(5.4382e-06 3.14316e-06 0)
(5.36918e-06 3.20632e-06 0)
(5.3265e-06 3.26771e-06 0)
(5.21156e-06 3.24858e-06 0)
(7.09373e-06 2.21975e-06 -1.1324e-19)
(6.23046e-06 2.25188e-06 0)
(5.64676e-06 2.27038e-06 0)
(5.23112e-06 2.3042e-06 0)
(4.93774e-06 2.33947e-06 0)
(4.73151e-06 2.37889e-06 0)
(4.58753e-06 2.41882e-06 0)
(4.48914e-06 2.45942e-06 0)
(4.42385e-06 2.49872e-06 0)
(4.38227e-06 2.53815e-06 0)
(4.28631e-06 2.51351e-06 0)
(6.00598e-06 1.98017e-06 -1.08771e-19)
(5.19515e-06 1.88356e-06 0)
(4.6506e-06 1.81784e-06 0)
(4.26769e-06 1.79041e-06 0)
(4.00129e-06 1.78146e-06 0)
(3.81616e-06 1.78738e-06 0)
(3.68811e-06 1.80097e-06 0)
(3.60092e-06 1.81976e-06 0)
(3.54296e-06 1.84012e-06 0)
(3.50536e-06 1.8621e-06 0)
(3.42834e-06 1.83626e-06 0)
(4.89247e-06 1.7396e-06 -8.22328e-20)
(4.1584e-06 1.53105e-06 0)
(3.67083e-06 1.38927e-06 0)
(3.33618e-06 1.31057e-06 0)
(3.10829e-06 1.26626e-06 0)
(2.95277e-06 1.24691e-06 0)
(2.84664e-06 1.24139e-06 0)
(2.77495e-06 1.24477e-06 0)
(2.72738e-06 1.25194e-06 0)
(2.69604e-06 1.26169e-06 0)
(2.63721e-06 1.23867e-06 0)
(3.76895e-06 1.49244e-06 -4.89247e-20)
(3.12421e-06 1.19072e-06 0)
(2.7093e-06 9.89491e-07 0)
(2.43927e-06 8.75584e-07 0)
(2.26104e-06 8.09498e-07 0)
(2.14266e-06 7.75964e-07 0)
(2.06326e-06 7.60284e-07 0)
(2.01016e-06 7.55525e-07 0)
(1.97498e-06 7.55694e-07 0)
(1.9514e-06 7.5864e-07 0)
(1.90947e-06 7.41687e-07 0)
(2.62578e-06 1.23282e-06 -1.01518e-20)
(2.08449e-06 8.50814e-07 0)
(1.76685e-06 6.19966e-07 0)
(1.57828e-06 4.95829e-07 0)
(1.45944e-06 4.27735e-07 0)
(1.38357e-06 3.93784e-07 0)
(1.33358e-06 3.7772e-07 0)
(1.30045e-06 3.7189e-07 0)
(1.27837e-06 3.70529e-07 0)
(1.26314e-06 3.71314e-07 0)
(1.23644e-06 3.62112e-07 0)
(1.52697e-06 9.25854e-07 3.04082e-20)
(1.04122e-06 4.98102e-07 0)
(8.56947e-07 2.9525e-07 0)
(7.64195e-07 1.98148e-07 0)
(7.09026e-07 1.51715e-07 0)
(6.7494e-07 1.30648e-07 0)
(6.5258e-07 1.21933e-07 0)
(6.37683e-07 1.19511e-07 0)
(6.27529e-07 1.19569e-07 0)
(6.20171e-07 1.20562e-07 0)
(6.07031e-07 1.17962e-07 0)
(5.07852e-07 3.76238e-07 2.37079e-20)
(0 0 0)
(0 0 0)
(0 0 0)
(0 0 0)
(0 0 0)
(0 0 0)
(0 0 0)
(0 0 0)
(0 0 0)
(0 0 0)
(1.11365e-05 3.27258e-06 -9.69341e-20)
(1.03244e-05 3.78533e-06 0)
(9.7556e-06 4.15184e-06 0)
(9.34096e-06 4.45018e-06 0)
(9.04217e-06 4.69453e-06 0)
(8.82993e-06 4.90505e-06 0)
(8.68318e-06 5.09017e-06 0)
(8.58715e-06 5.25753e-06 0)
(8.53032e-06 5.41164e-06 0)
(8.50433e-06 5.55561e-06 0)
(8.50862e-06 5.71193e-06 0)
(1.0181e-05 3.00216e-06 -1.06845e-19)
(9.3185e-06 3.40782e-06 0)
(8.72077e-06 3.6925e-06 0)
(8.28752e-06 3.92685e-06 0)
(7.9761e-06 4.11812e-06 0)
(7.75458e-06 4.28372e-06 0)
(7.60005e-06 4.42943e-06 0)
(7.49681e-06 4.56171e-06 0)
(7.43235e-06 4.68357e-06 0)
(7.39802e-06 4.79873e-06 0)
(7.24963e-06 4.80428e-06 0)
(9.18913e-06 2.73229e-06 -1.08266e-19)
(8.29681e-06 3.02154e-06 0)
(7.68625e-06 3.21849e-06 0)
(7.24602e-06 3.38599e-06 0)
(6.93078e-06 3.52346e-06 0)
(6.70678e-06 3.64452e-06 0)
(6.54977e-06 3.75191e-06 0)
(6.44335e-06 3.85041e-06 0)
(6.37461e-06 3.94135e-06 0)
(6.33421e-06 4.02829e-06 0)
(6.20118e-06 4.01911e-06 0)
(8.15933e-06 2.46869e-06 -1.08712e-19)
(7.26543e-06 2.63338e-06 0)
(6.65968e-06 2.74042e-06 0)
(6.22514e-06 2.84044e-06 0)
(5.91571e-06 2.92532e-06 0)
(5.69665e-06 3.00382e-06 0)
(5.54305e-06 3.07556e-06 0)
(5.4382e-06 3.14316e-06 0)
(5.36918e-06 3.20632e-06 0)
(5.3265e-06 3.26771e-06 0)
(5.21156e-06 3.24858e-06 0)
(7.09373e-06 2.21975e-06 -1.1324e-19)
(6.23046e-06 2.25188e-06 0)
(5.64676e-06 2.27038e-06 0)
(5.23112e-06 2.3042e-06 0)
(4.93774e-06 2.33947e-06 0)
(4.73151e-06 2.37889e-06 0)
(4.58753e-06 2.41882e-06 0)
(4.48914e-06 2.45942e-06 0)
(4.42385e-06 2.49872e-06 0)
(4.38227e-06 2.53815e-06 0)
(4.28631e-06 2.51351e-06 0)
(6.00598e-06 1.98017e-06 -1.08771e-19)
(5.19515e-06 1.88356e-06 0)
(4.6506e-06 1.81784e-06 0)
(4.26769e-06 1.79041e-06 0)
(4.00129e-06 1.78146e-06 0)
(3.81616e-06 1.78738e-06 0)
(3.68811e-06 1.80097e-06 0)
(3.60092e-06 1.81976e-06 0)
(3.54296e-06 1.84012e-06 0)
(3.50536e-06 1.8621e-06 0)
(3.42834e-06 1.83626e-06 0)
(4.89247e-06 1.7396e-06 -8.22328e-20)
(4.1584e-06 1.53105e-06 0)
(3.67083e-06 1.38927e-06 0)
(3.33618e-06 1.31057e-06 0)
(3.10829e-06 1.26626e-06 0)
(2.95277e-06 1.24691e-06 0)
(2.84664e-06 1.24139e-06 0)
(2.77495e-06 1.24477e-06 0)
(2.72738e-06 1.25194e-06 0)
(2.69604e-06 1.26169e-06 0)
(2.63721e-06 1.23867e-06 0)
(3.76895e-06 1.49244e-06 -4.89247e-20)
(3.12421e-06 1.19072e-06 0)
(2.7093e-06 9.89491e-07 0)
(2.43927e-06 8.75584e-07 0)
(2.26104e-06 8.09498e-07 0)
(2.14266e-06 7.75964e-07 0)
(2.06326e-06 7.60284e-07 0)
(2.01016e-06 7.55525e-07 0)
(1.97498e-06 7.55694e-07 0)
(1.9514e-06 7.5864e-07 0)
(1.90947e-06 7.41687e-07 0)
(2.62578e-06 1.23282e-06 -1.01518e-20)
(2.08449e-06 8.50814e-07 0)
(1.76685e-06 6.19966e-07 0)
(1.57828e-06 4.95829e-07 0)
(1.45944e-06 4.27735e-07 0)
(1.38357e-06 3.93784e-07 0)
(1.33358e-06 3.7772e-07 0)
(1.30045e-06 3.7189e-07 0)
(1.27837e-06 3.70529e-07 0)
(1.26314e-06 3.71314e-07 0)
(1.23644e-06 3.62112e-07 0)
(1.52697e-06 9.25854e-07 3.04082e-20)
(1.04122e-06 4.98102e-07 0)
(8.56947e-07 2.9525e-07 0)
(7.64195e-07 1.98148e-07 0)
(7.09026e-07 1.51715e-07 0)
(6.7494e-07 1.30648e-07 0)
(6.5258e-07 1.21933e-07 0)
(6.37683e-07 1.19511e-07 0)
(6.27529e-07 1.19569e-07 0)
(6.20171e-07 1.20562e-07 0)
(6.07031e-07 1.17962e-07 0)
(5.07852e-07 3.76238e-07 2.37079e-20)
(0 0 0)
(0 0 0)
(0 0 0)
(0 0 0)
(0 0 0)
(0 0 0)
(0 0 0)
(0 0 0)
(0 0 0)
(0 0 0)
(1.8065e-05 5.36347e-06 -2.60561e-21)
(1.81939e-05 5.88177e-06 -1.44417e-21)
(1.81781e-05 6.54816e-06 -1.57375e-21)
(1.81676e-05 7.1664e-06 -1.69204e-21)
(1.81785e-05 7.73547e-06 -1.79721e-21)
(1.82169e-05 8.26116e-06 -1.89197e-21)
(1.82849e-05 8.75028e-06 -1.97871e-21)
(1.83823e-05 9.20976e-06 -2.05958e-21)
(1.8508e-05 9.64532e-06 -2.07668e-21)
(1.86591e-05 1.00624e-05 -1.5295e-21)
(1.88342e-05 1.04633e-05 -4.79472e-22)
(1.76633e-05 5.16255e-06 -3.89774e-21)
(1.76082e-05 5.85834e-06 0)
(1.75623e-05 6.52048e-06 0)
(1.75378e-05 7.12959e-06 0)
(1.75409e-05 7.68591e-06 0)
(1.75737e-05 8.19627e-06 0)
(1.76358e-05 8.66821e-06 0)
(1.77258e-05 9.10922e-06 0)
(1.7842e-05 9.52548e-06 0)
(1.79816e-05 9.92284e-06 0)
(1.81533e-05 1.03061e-05 0)
(1.71166e-05 5.07736e-06 -4.02291e-21)
(1.70018e-05 5.78845e-06 0)
(1.69086e-05 6.44445e-06 0)
(1.68489e-05 7.04079e-06 0)
(1.6825e-05 7.58082e-06 0)
(1.68362e-05 8.07305e-06 0)
(1.68798e-05 8.52568e-06 0)
(1.69527e-05 8.94666e-06 0)
(1.70521e-05 9.34238e-06 0)
(1.71744e-05 9.71907e-06 0)
(1.73414e-05 1.00855e-05 0)
(1.65373e-05 4.93962e-06 -4.76093e-21)
(1.63503e-05 5.67394e-06 0)
(1.62007e-05 6.32147e-06 0)
(1.60963e-05 6.90033e-06 0)
(1.60366e-05 7.41886e-06 0)
(1.60182e-05 7.88831e-06 0)
(1.60363e-05 8.31778e-06 0)
(1.60864e-05 8.71562e-06 0)
(1.61645e-05 9.0884e-06 0)
(1.62658e-05 9.44247e-06 0)
(1.6428e-05 9.79263e-06 0)
(1.59149e-05 4.76202e-06 -7.48611e-21)
(1.56436e-05 5.51648e-06 0)
(1.54316e-05 6.15182e-06 0)
(1.52773e-05 6.7089e-06 0)
(1.51773e-05 7.20134e-06 0)
(1.51254e-05 7.64369e-06 0)
(1.51147e-05 8.04612e-06 0)
(1.5139e-05 8.41747e-06 0)
(1.51933e-05 8.76443e-06 0)
(1.52719e-05 9.09337e-06 0)
(1.54297e-05 9.42722e-06 0)
(1.52438e-05 4.55311e-06 -1.35545e-20)
(1.48784e-05 5.3168e-06 0)
(1.46e-05 5.93353e-06 0)
(1.43942e-05 6.46356e-06 0)
(1.42529e-05 6.9252e-06 0)
(1.41668e-05 7.33628e-06 0)
(1.41267e-05 7.70801e-06 0)
(1.41247e-05 8.04967e-06 0)
(1.4155e-05 8.36807e-06 0)
(1.42107e-05 8.66945e-06 0)
(1.43654e-05 8.9872e-06 0)
(1.45217e-05 4.32062e-06 -2.38723e-20)
(1.40566e-05 5.07678e-06 0)
(1.37106e-05 5.66605e-06 0)
(1.34537e-05 6.16309e-06 0)
(1.32724e-05 6.58945e-06 0)
(1.31534e-05 6.96566e-06 0)
(1.3085e-05 7.30364e-06 0)
(1.30581e-05 7.61297e-06 0)
(1.30655e-05 7.9005e-06 0)
(1.30994e-05 8.1722e-06 0)
(1.32527e-05 8.47419e-06 0)
(1.37483e-05 4.07088e-06 -3.86093e-20)
(1.3183e-05 4.79904e-06 0)
(1.2771e-05 5.35006e-06 0)
(1.24657e-05 5.80746e-06 0)
(1.22474e-05 6.19413e-06 0)
(1.20982e-05 6.53229e-06 0)
(1.20043e-05 6.83405e-06 0)
(1.19547e-05 7.10902e-06 0)
(1.19414e-05 7.36392e-06 0)
(1.19558e-05 7.60431e-06 0)
(1.21092e-05 7.8911e-06 0)
(1.29246e-05 3.80965e-06 -5.70876e-20)
(1.22645e-05 4.48759e-06 0)
(1.17912e-05 4.98862e-06 0)
(1.14423e-05 5.39946e-06 0)
(1.11912e-05 5.74226e-06 0)
(1.10158e-05 6.03972e-06 0)
(1.08999e-05 6.30344e-06 0)
(1.08309e-05 6.54272e-06 0)
(1.07996e-05 6.76389e-06 0)
(1.07972e-05 6.9719e-06 0)
(1.09526e-05 7.24384e-06 0)
(1.2053e-05 3.54203e-06 -7.78572e-20)
(1.13089e-05 4.14748e-06 0)
(1.07824e-05 4.58676e-06 0)
(1.03965e-05 4.94435e-06 0)
(1.01181e-05 5.2395e-06 0)
(9.92144e-06 5.49418e-06 0)
(9.78762e-06 5.71876e-06 0)
(9.70291e-06 5.92182e-06 0)
(9.65707e-06 6.10896e-06 0)
(9.64118e-06 6.28387e-06 0)
(9.79918e-06 6.54085e-06 0)
(1.8065e-05 5.36347e-06 -2.60561e-21)
(1.81939e-05 5.88177e-06 -1.44417e-21)
(1.81781e-05 6.54816e-06 -1.57375e-21)
(1.81676e-05 7.1664e-06 -1.69204e-21)
(1.81785e-05 7.73547e-06 -1.79721e-21)
(1.82169e-05 8.26116e-06 -1.89197e-21)
(1.82849e-05 8.75028e-06 -1.97871e-21)
(1.83823e-05 9.20976e-06 -2.05958e-21)
(1.8508e-05 9.64532e-06 -2.07668e-21)
(1.86591e-05 1.00624e-05 -1.5295e-21)
(1.88342e-05 1.04633e-05 -4.79472e-22)
(1.76633e-05 5.16255e-06 -3.89774e-21)
(1.76082e-05 5.85834e-06 0)
(1.75623e-05 6.52048e-06 0)
(1.75378e-05 7.12959e-06 0)
(1.75409e-05 7.68591e-06 0)
(1.75737e-05 8.19627e-06 0)
(1.76358e-05 8.66821e-06 0)
(1.77258e-05 9.10922e-06 0)
(1.7842e-05 9.52548e-06 0)
(1.79816e-05 9.92284e-06 0)
(1.81533e-05 1.03061e-05 0)
(1.71166e-05 5.07736e-06 -4.02291e-21)
(1.70018e-05 5.78845e-06 0)
(1.69086e-05 6.44445e-06 0)
(1.68489e-05 7.04079e-06 0)
(1.6825e-05 7.58082e-06 0)
(1.68362e-05 8.07305e-06 0)
(1.68798e-05 8.52568e-06 0)
(1.69527e-05 8.94666e-06 0)
(1.70521e-05 9.34238e-06 0)
(1.71744e-05 9.71907e-06 0)
(1.73414e-05 1.00855e-05 0)
(1.65373e-05 4.93962e-06 -4.76093e-21)
(1.63503e-05 5.67394e-06 0)
(1.62007e-05 6.32147e-06 0)
(1.60963e-05 6.90033e-06 0)
(1.60366e-05 7.41886e-06 0)
(1.60182e-05 7.88831e-06 0)
(1.60363e-05 8.31778e-06 0)
(1.60864e-05 8.71562e-06 0)
(1.61645e-05 9.0884e-06 0)
(1.62658e-05 9.44247e-06 0)
(1.6428e-05 9.79263e-06 0)
(1.59149e-05 4.76202e-06 -7.48611e-21)
(1.56436e-05 5.51648e-06 0)
(1.54316e-05 6.15182e-06 0)
(1.52773e-05 6.7089e-06 0)
(1.51773e-05 7.20134e-06 0)
(1.51254e-05 7.64369e-06 0)
(1.51147e-05 8.04612e-06 0)
(1.5139e-05 8.41747e-06 0)
(1.51933e-05 8.76443e-06 0)
(1.52719e-05 9.09337e-06 0)
(1.54297e-05 9.42722e-06 0)
(1.52438e-05 4.55311e-06 -1.35545e-20)
(1.48784e-05 5.3168e-06 0)
(1.46e-05 5.93353e-06 0)
(1.43942e-05 6.46356e-06 0)
(1.42529e-05 6.9252e-06 0)
(1.41668e-05 7.33628e-06 0)
(1.41267e-05 7.70801e-06 0)
(1.41247e-05 8.04967e-06 0)
(1.4155e-05 8.36807e-06 0)
(1.42107e-05 8.66945e-06 0)
(1.43654e-05 8.9872e-06 0)
(1.45217e-05 4.32062e-06 -2.38723e-20)
(1.40566e-05 5.07678e-06 0)
(1.37106e-05 5.66605e-06 0)
(1.34537e-05 6.16309e-06 0)
(1.32724e-05 6.58945e-06 0)
(1.31534e-05 6.96566e-06 0)
(1.3085e-05 7.30364e-06 0)
(1.30581e-05 7.61297e-06 0)
(1.30655e-05 7.9005e-06 0)
(1.30994e-05 8.1722e-06 0)
(1.32527e-05 8.47419e-06 0)
(1.37483e-05 4.07088e-06 -3.86093e-20)
(1.3183e-05 4.79904e-06 0)
(1.2771e-05 5.35006e-06 0)
(1.24657e-05 5.80746e-06 0)
(1.22474e-05 6.19413e-06 0)
(1.20982e-05 6.53229e-06 0)
(1.20043e-05 6.83405e-06 0)
(1.19547e-05 7.10902e-06 0)
(1.19414e-05 7.36392e-06 0)
(1.19558e-05 7.60431e-06 0)
(1.21092e-05 7.8911e-06 0)
(1.29246e-05 3.80965e-06 -5.70876e-20)
(1.22645e-05 4.48759e-06 0)
(1.17912e-05 4.98862e-06 0)
(1.14423e-05 5.39946e-06 0)
(1.11912e-05 5.74226e-06 0)
(1.10158e-05 6.03972e-06 0)
(1.08999e-05 6.30344e-06 0)
(1.08309e-05 6.54272e-06 0)
(1.07996e-05 6.76389e-06 0)
(1.07972e-05 6.9719e-06 0)
(1.09526e-05 7.24384e-06 0)
(1.2053e-05 3.54203e-06 -7.78572e-20)
(1.13089e-05 4.14748e-06 0)
(1.07824e-05 4.58676e-06 0)
(1.03965e-05 4.94435e-06 0)
(1.01181e-05 5.2395e-06 0)
(9.92144e-06 5.49418e-06 0)
(9.78762e-06 5.71876e-06 0)
(9.70291e-06 5.92182e-06 0)
(9.65707e-06 6.10896e-06 0)
(9.64118e-06 6.28387e-06 0)
(9.79918e-06 6.54085e-06 0)
(1.90332e-05 1.08528e-05 5.11585e-22)
(1.92528e-05 1.12362e-05 1.40173e-21)
(1.94894e-05 1.16139e-05 2.20309e-21)
(1.97415e-05 1.19876e-05 2.91711e-21)
(2.00074e-05 1.2359e-05 3.55175e-21)
(2.02855e-05 1.27292e-05 4.11334e-21)
(2.05747e-05 1.30993e-05 4.60842e-21)
(2.08736e-05 1.34701e-05 5.0426e-21)
(2.11811e-05 1.38425e-05 5.42107e-21)
(2.14961e-05 1.4217e-05 5.74807e-21)
(2.18179e-05 1.45942e-05 6.02731e-21)
(2.21454e-05 1.49745e-05 6.26151e-21)
(2.24777e-05 1.53583e-05 6.45289e-21)
(2.28142e-05 1.57459e-05 6.60299e-21)
(2.31538e-05 1.61374e-05 6.71307e-21)
(2.34958e-05 1.65329e-05 6.78398e-21)
(2.38393e-05 1.69321e-05 6.81754e-21)
(2.41832e-05 1.73346e-05 6.81622e-21)
(2.45264e-05 1.77395e-05 6.78432e-21)
(2.46397e-05 1.79917e-05 -1.54394e-21)
(1.83656e-05 1.06839e-05 0)
(1.86038e-05 1.10592e-05 0)
(1.88559e-05 1.14295e-05 0)
(1.91205e-05 1.17968e-05 0)
(1.93964e-05 1.21626e-05 0)
(1.96826e-05 1.2528e-05 0)
(1.9978e-05 1.28941e-05 0)
(2.02817e-05 1.32615e-05 0)
(2.05928e-05 1.36312e-05 0)
(2.09104e-05 1.40036e-05 0)
(2.12339e-05 1.43792e-05 0)
(2.15625e-05 1.47585e-05 0)
(2.18955e-05 1.51418e-05 0)
(2.22323e-05 1.55294e-05 0)
(2.25722e-05 1.59214e-05 0)
(2.29146e-05 1.63178e-05 0)
(2.32588e-05 1.67185e-05 0)
(2.36042e-05 1.71229e-05 0)
(2.39502e-05 1.75302e-05 0)
(2.42948e-05 1.79381e-05 -9.92006e-21)
(1.75742e-05 1.04557e-05 0)
(1.78413e-05 1.08282e-05 0)
(1.81184e-05 1.11961e-05 0)
(1.84045e-05 1.15614e-05 0)
(1.86991e-05 1.19257e-05 0)
(1.90012e-05 1.22899e-05 0)
(1.93104e-05 1.26553e-05 0)
(1.96259e-05 1.30226e-05 0)
(1.99472e-05 1.33924e-05 0)
(2.02738e-05 1.37654e-05 0)
(2.06052e-05 1.41421e-05 0)
(2.09407e-05 1.45229e-05 0)
(2.12801e-05 1.49081e-05 0)
(2.16227e-05 1.52979e-05 0)
(2.19682e-05 1.56927e-05 0)
(2.23161e-05 1.60923e-05 0)
(2.2666e-05 1.64967e-05 0)
(2.30173e-05 1.69056e-05 0)
(2.33695e-05 1.73182e-05 0)
(2.37189e-05 1.77325e-05 -1.00027e-20)
(1.66863e-05 1.01597e-05 0)
(1.69893e-05 1.05357e-05 0)
(1.72985e-05 1.0907e-05 0)
(1.76128e-05 1.12755e-05 0)
(1.79322e-05 1.1643e-05 0)
(1.82564e-05 1.20105e-05 0)
(1.8585e-05 1.23792e-05 0)
(1.89179e-05 1.27498e-05 0)
(1.92547e-05 1.31232e-05 0)
(1.95951e-05 1.35e-05 0)
(1.9939e-05 1.38806e-05 0)
(2.0286e-05 1.42655e-05 0)
(2.06359e-05 1.46551e-05 0)
(2.09884e-05 1.50497e-05 0)
(2.13434e-05 1.54495e-05 0)
(2.17004e-05 1.58546e-05 0)
(2.20592e-05 1.62651e-05 0)
(2.24194e-05 1.6681e-05 0)
(2.27803e-05 1.7102e-05 0)
(2.31371e-05 1.75263e-05 -1.01289e-20)
(1.57177e-05 9.79543e-06 0)
(1.60625e-05 1.01808e-05 0)
(1.64092e-05 1.0561e-05 0)
(1.67571e-05 1.09378e-05 0)
(1.71067e-05 1.13131e-05 0)
(1.74578e-05 1.16881e-05 0)
(1.78108e-05 1.20641e-05 0)
(1.81655e-05 1.24418e-05 0)
(1.8522e-05 1.28221e-05 0)
(1.88804e-05 1.32057e-05 0)
(1.92407e-05 1.35932e-05 0)
(1.96027e-05 1.3985e-05 0)
(1.99666e-05 1.43816e-05 0)
(2.03323e-05 1.47833e-05 0)
(2.06996e-05 1.51906e-05 0)
(2.10685e-05 1.56035e-05 0)
(2.14388e-05 1.60226e-05 0)
(2.18102e-05 1.64479e-05 0)
(2.21821e-05 1.68796e-05 0)
(2.25486e-05 1.73167e-05 -1.02955e-20)
(1.46864e-05 9.36104e-06 0)
(1.50772e-05 9.76168e-06 0)
(1.54658e-05 1.01565e-05 0)
(1.58512e-05 1.05467e-05 0)
(1.6235e-05 1.09348e-05 0)
(1.66169e-05 1.13218e-05 0)
(1.69978e-05 1.17091e-05 0)
(1.73778e-05 1.20976e-05 0)
(1.77575e-05 1.24884e-05 0)
(1.81369e-05 1.28821e-05 0)
(1.85165e-05 1.32795e-05 0)
(1.88965e-05 1.3681e-05 0)
(1.9277e-05 1.40872e-05 0)
(1.96582e-05 1.44986e-05 0)
(2.00402e-05 1.49156e-05 0)
(2.0423e-05 1.53387e-05 0)
(2.08067e-05 1.57683e-05 0)
(2.11911e-05 1.62051e-05 0)
(2.15757e-05 1.66496e-05 0)
(2.19542e-05 1.71013e-05 -1.0503e-20)
(1.3609e-05 8.85804e-06 0)
(1.40486e-05 9.27971e-06 0)
(1.44819e-05 9.6946e-06 0)
(1.49078e-05 1.01034e-05 0)
(1.53285e-05 1.05089e-05 0)
(1.57441e-05 1.09121e-05 0)
(1.61556e-05 1.13147e-05 0)
(1.65636e-05 1.17178e-05 0)
(1.69689e-05 1.21225e-05 0)
(1.73718e-05 1.25295e-05 0)
(1.77731e-05 1.29397e-05 0)
(1.8173e-05 1.33537e-05 0)
(1.85721e-05 1.37722e-05 0)
(1.89706e-05 1.41956e-05 0)
(1.93689e-05 1.46247e-05 0)
(1.97672e-05 1.506e-05 0)
(2.01657e-05 1.55022e-05 0)
(2.05644e-05 1.59522e-05 0)
(2.09632e-05 1.6411e-05 0)
(2.13556e-05 1.68784e-05 -1.07525e-20)
(1.25019e-05 8.28926e-06 0)
(1.29915e-05 8.73731e-06 0)
(1.34711e-05 9.17741e-06 0)
(1.39392e-05 9.60951e-06 0)
(1.43986e-05 1.00368e-05 0)
(1.48496e-05 1.04605e-05 0)
(1.52937e-05 1.08824e-05 0)
(1.57316e-05 1.13037e-05 0)
(1.61642e-05 1.17256e-05 0)
(1.65924e-05 1.21491e-05 0)
(1.70169e-05 1.2575e-05 0)
(1.74383e-05 1.30043e-05 0)
(1.78573e-05 1.34375e-05 0)
(1.82744e-05 1.38754e-05 0)
(1.86901e-05 1.43187e-05 0)
(1.9105e-05 1.47681e-05 0)
(1.95192e-05 1.52245e-05 0)
(1.99332e-05 1.56891e-05 0)
(2.03471e-05 1.61631e-05 0)
(2.0755e-05 1.6647e-05 -1.10458e-20)
(1.13814e-05 7.66002e-06 0)
(1.19205e-05 8.13923e-06 0)
(1.24466e-05 8.60893e-06 0)
(1.29573e-05 9.06866e-06 0)
(1.34562e-05 9.5217e-06 0)
(1.39436e-05 9.96959e-06 0)
(1.44212e-05 1.04142e-05 0)
(1.48899e-05 1.0857e-05 0)
(1.5351e-05 1.12993e-05 0)
(1.58055e-05 1.17422e-05 0)
(1.62542e-05 1.21868e-05 0)
(1.66981e-05 1.26339e-05 0)
(1.71379e-05 1.30844e-05 0)
(1.75744e-05 1.3539e-05 0)
(1.80084e-05 1.39985e-05 0)
(1.84404e-05 1.44638e-05 0)
(1.8871e-05 1.4936e-05 0)
(1.93008e-05 1.54163e-05 0)
(1.97303e-05 1.59062e-05 0)
(2.0155e-05 1.64068e-05 -1.13845e-20)
(1.02621e-05 6.97793e-06 0)
(1.08482e-05 7.49176e-06 0)
(1.14189e-05 7.99414e-06 0)
(1.19719e-05 8.48531e-06 0)
(1.25102e-05 8.96767e-06 0)
(1.30343e-05 9.44319e-06 0)
(1.35459e-05 9.91377e-06 0)
(1.40462e-05 1.03811e-05 0)
(1.45364e-05 1.08466e-05 0)
(1.50177e-05 1.13117e-05 0)
(1.54913e-05 1.17774e-05 0)
(1.59582e-05 1.22448e-05 0)
(1.64193e-05 1.27147e-05 0)
(1.68756e-05 1.31881e-05 0)
(1.73281e-05 1.36657e-05 0)
(1.77775e-05 1.41486e-05 0)
(1.82247e-05 1.46377e-05 0)
(1.86704e-05 1.51347e-05 0)
(1.91157e-05 1.56408e-05 0)
(1.95583e-05 1.6158e-05 -1.17705e-20)
(9.26825e-06 6.35731e-06 0)
(9.88935e-06 6.90092e-06 0)
(1.04934e-05 7.42999e-06 0)
(1.10792e-05 7.94776e-06 0)
(1.16485e-05 8.45561e-06 0)
(1.22021e-05 8.95561e-06 0)
(1.27414e-05 9.44952e-06 0)
(1.32674e-05 9.93903e-06 0)
(1.37816e-05 1.04257e-05 0)
(1.42851e-05 1.09108e-05 0)
(1.47791e-05 1.13956e-05 0)
(1.52648e-05 1.18811e-05 0)
(1.57433e-05 1.23683e-05 0)
(1.62157e-05 1.2858e-05 0)
(1.6683e-05 1.3351e-05 0)
(1.71463e-05 1.38485e-05 0)
(1.76066e-05 1.43513e-05 0)
(1.80649e-05 1.48609e-05 0)
(1.85225e-05 1.53786e-05 0)
(1.89796e-05 1.59071e-05 -1.20814e-20)
(1.90332e-05 1.08528e-05 5.11585e-22)
(1.92528e-05 1.12362e-05 1.40173e-21)
(1.94894e-05 1.16139e-05 2.20309e-21)
(1.97415e-05 1.19876e-05 2.91711e-21)
(2.00074e-05 1.2359e-05 3.55175e-21)
(2.02855e-05 1.27292e-05 4.11334e-21)
(2.05747e-05 1.30993e-05 4.60842e-21)
(2.08736e-05 1.34701e-05 5.0426e-21)
(2.11811e-05 1.38425e-05 5.42107e-21)
(2.14961e-05 1.4217e-05 5.74807e-21)
(2.18179e-05 1.45942e-05 6.02731e-21)
(2.21454e-05 1.49745e-05 6.26151e-21)
(2.24777e-05 1.53583e-05 6.45289e-21)
(2.28142e-05 1.57459e-05 6.60299e-21)
(2.31538e-05 1.61374e-05 6.71307e-21)
(2.34958e-05 1.65329e-05 6.78398e-21)
(2.38393e-05 1.69321e-05 6.81754e-21)
(2.41832e-05 1.73346e-05 6.81622e-21)
(2.45264e-05 1.77395e-05 6.78432e-21)
(2.46397e-05 1.79917e-05 -1.54394e-21)
(1.83656e-05 1.06839e-05 0)
(1.86038e-05 1.10592e-05 0)
(1.88559e-05 1.14295e-05 0)
(1.91205e-05 1.17968e-05 0)
(1.93964e-05 1.21626e-05 0)
(1.96826e-05 1.2528e-05 0)
(1.9978e-05 1.28941e-05 0)
(2.02817e-05 1.32615e-05 0)
(2.05928e-05 1.36312e-05 0)
(2.09104e-05 1.40036e-05 0)
(2.12339e-05 1.43792e-05 0)
(2.15625e-05 1.47585e-05 0)
(2.18955e-05 1.51418e-05 0)
(2.22323e-05 1.55294e-05 0)
(2.25722e-05 1.59214e-05 0)
(2.29146e-05 1.63178e-05 0)
(2.32588e-05 1.67185e-05 0)
(2.36042e-05 1.71229e-05 0)
(2.39502e-05 1.75302e-05 0)
(2.42948e-05 1.79381e-05 -9.92006e-21)
(1.75742e-05 1.04557e-05 0)
(1.78413e-05 1.08282e-05 0)
(1.81184e-05 1.11961e-05 0)
(1.84045e-05 1.15614e-05 0)
(1.86991e-05 1.19257e-05 0)
(1.90012e-05 1.22899e-05 0)
(1.93104e-05 1.26553e-05 0)
(1.96259e-05 1.30226e-05 0)
(1.99472e-05 1.33924e-05 0)
(2.02738e-05 1.37654e-05 0)
(2.06052e-05 1.41421e-05 0)
(2.09407e-05 1.45229e-05 0)
(2.12801e-05 1.49081e-05 0)
(2.16227e-05 1.52979e-05 0)
(2.19682e-05 1.56927e-05 0)
(2.23161e-05 1.60923e-05 0)
(2.2666e-05 1.64967e-05 0)
(2.30173e-05 1.69056e-05 0)
(2.33695e-05 1.73182e-05 0)
(2.37189e-05 1.77325e-05 -1.00027e-20)
(1.66863e-05 1.01597e-05 0)
(1.69893e-05 1.05357e-05 0)
(1.72985e-05 1.0907e-05 0)
(1.76128e-05 1.12755e-05 0)
(1.79322e-05 1.1643e-05 0)
(1.82564e-05 1.20105e-05 0)
(1.8585e-05 1.23792e-05 0)
(1.89179e-05 1.27498e-05 0)
(1.92547e-05 1.31232e-05 0)
(1.95951e-05 1.35e-05 0)
(1.9939e-05 1.38806e-05 0)
(2.0286e-05 1.42655e-05 0)
(2.06359e-05 1.46551e-05 0)
(2.09884e-05 1.50497e-05 0)
(2.13434e-05 1.54495e-05 0)
(2.17004e-05 1.58546e-05 0)
(2.20592e-05 1.62651e-05 0)
(2.24194e-05 1.6681e-05 0)
(2.27803e-05 1.7102e-05 0)
(2.31371e-05 1.75263e-05 -1.01289e-20)
(1.57177e-05 9.79543e-06 0)
(1.60625e-05 1.01808e-05 0)
(1.64092e-05 1.0561e-05 0)
(1.67571e-05 1.09378e-05 0)
(1.71067e-05 1.13131e-05 0)
(1.74578e-05 1.16881e-05 0)
(1.78108e-05 1.20641e-05 0)
(1.81655e-05 1.24418e-05 0)
(1.8522e-05 1.28221e-05 0)
(1.88804e-05 1.32057e-05 0)
(1.92407e-05 1.35932e-05 0)
(1.96027e-05 1.3985e-05 0)
(1.99666e-05 1.43816e-05 0)
(2.03323e-05 1.47833e-05 0)
(2.06996e-05 1.51906e-05 0)
(2.10685e-05 1.56035e-05 0)
(2.14388e-05 1.60226e-05 0)
(2.18102e-05 1.64479e-05 0)
(2.21821e-05 1.68796e-05 0)
(2.25486e-05 1.73167e-05 -1.02955e-20)
(1.46864e-05 9.36104e-06 0)
(1.50772e-05 9.76168e-06 0)
(1.54658e-05 1.01565e-05 0)
(1.58512e-05 1.05467e-05 0)
(1.6235e-05 1.09348e-05 0)
(1.66169e-05 1.13218e-05 0)
(1.69978e-05 1.17091e-05 0)
(1.73778e-05 1.20976e-05 0)
(1.77575e-05 1.24884e-05 0)
(1.81369e-05 1.28821e-05 0)
(1.85165e-05 1.32795e-05 0)
(1.88965e-05 1.3681e-05 0)
(1.9277e-05 1.40872e-05 0)
(1.96582e-05 1.44986e-05 0)
(2.00402e-05 1.49156e-05 0)
(2.0423e-05 1.53387e-05 0)
(2.08067e-05 1.57683e-05 0)
(2.11911e-05 1.62051e-05 0)
(2.15757e-05 1.66496e-05 0)
(2.19542e-05 1.71013e-05 -1.0503e-20)
(1.3609e-05 8.85804e-06 0)
(1.40486e-05 9.27971e-06 0)
(1.44819e-05 9.6946e-06 0)
(1.49078e-05 1.01034e-05 0)
(1.53285e-05 1.05089e-05 0)
(1.57441e-05 1.09121e-05 0)
(1.61556e-05 1.13147e-05 0)
(1.65636e-05 1.17178e-05 0)
(1.69689e-05 1.21225e-05 0)
(1.73718e-05 1.25295e-05 0)
(1.77731e-05 1.29397e-05 0)
(1.8173e-05 1.33537e-05 0)
(1.85721e-05 1.37722e-05 0)
(1.89706e-05 1.41956e-05 0)
(1.93689e-05 1.46247e-05 0)
(1.97672e-05 1.506e-05 0)
(2.01657e-05 1.55022e-05 0)
(2.05644e-05 1.59522e-05 0)
(2.09632e-05 1.6411e-05 0)
(2.13556e-05 1.68784e-05 -1.07525e-20)
(1.25019e-05 8.28926e-06 0)
(1.29915e-05 8.73731e-06 0)
(1.34711e-05 9.17741e-06 0)
(1.39392e-05 9.60951e-06 0)
(1.43986e-05 1.00368e-05 0)
(1.48496e-05 1.04605e-05 0)
(1.52937e-05 1.08824e-05 0)
(1.57316e-05 1.13037e-05 0)
(1.61642e-05 1.17256e-05 0)
(1.65924e-05 1.21491e-05 0)
(1.70169e-05 1.2575e-05 0)
(1.74383e-05 1.30043e-05 0)
(1.78573e-05 1.34375e-05 0)
(1.82744e-05 1.38754e-05 0)
(1.86901e-05 1.43187e-05 0)
(1.9105e-05 1.47681e-05 0)
(1.95192e-05 1.52245e-05 0)
(1.99332e-05 1.56891e-05 0)
(2.03471e-05 1.61631e-05 0)
(2.0755e-05 1.6647e-05 -1.10458e-20)
(1.13814e-05 7.66002e-06 0)
(1.19205e-05 8.13923e-06 0)
(1.24466e-05 8.60893e-06 0)
(1.29573e-05 9.06866e-06 0)
(1.34562e-05 9.5217e-06 0)
(1.39436e-05 9.96959e-06 0)
(1.44212e-05 1.04142e-05 0)
(1.48899e-05 1.0857e-05 0)
(1.5351e-05 1.12993e-05 0)
(1.58055e-05 1.17422e-05 0)
(1.62542e-05 1.21868e-05 0)
(1.66981e-05 1.26339e-05 0)
(1.71379e-05 1.30844e-05 0)
(1.75744e-05 1.3539e-05 0)
(1.80084e-05 1.39985e-05 0)
(1.84404e-05 1.44638e-05 0)
(1.8871e-05 1.4936e-05 0)
(1.93008e-05 1.54163e-05 0)
(1.97303e-05 1.59062e-05 0)
(2.0155e-05 1.64068e-05 -1.13845e-20)
(1.02621e-05 6.97793e-06 0)
(1.08482e-05 7.49176e-06 0)
(1.14189e-05 7.99414e-06 0)
(1.19719e-05 8.48531e-06 0)
(1.25102e-05 8.96767e-06 0)
(1.30343e-05 9.44319e-06 0)
(1.35459e-05 9.91377e-06 0)
(1.40462e-05 1.03811e-05 0)
(1.45364e-05 1.08466e-05 0)
(1.50177e-05 1.13117e-05 0)
(1.54913e-05 1.17774e-05 0)
(1.59582e-05 1.22448e-05 0)
(1.64193e-05 1.27147e-05 0)
(1.68756e-05 1.31881e-05 0)
(1.73281e-05 1.36657e-05 0)
(1.77775e-05 1.41486e-05 0)
(1.82247e-05 1.46377e-05 0)
(1.86704e-05 1.51347e-05 0)
(1.91157e-05 1.56408e-05 0)
(1.95583e-05 1.6158e-05 -1.17705e-20)
(9.26825e-06 6.35731e-06 0)
(9.88935e-06 6.90092e-06 0)
(1.04934e-05 7.42999e-06 0)
(1.10792e-05 7.94776e-06 0)
(1.16485e-05 8.45561e-06 0)
(1.22021e-05 8.95561e-06 0)
(1.27414e-05 9.44952e-06 0)
(1.32674e-05 9.93903e-06 0)
(1.37816e-05 1.04257e-05 0)
(1.42851e-05 1.09108e-05 0)
(1.47791e-05 1.13956e-05 0)
(1.52648e-05 1.18811e-05 0)
(1.57433e-05 1.23683e-05 0)
(1.62157e-05 1.2858e-05 0)
(1.6683e-05 1.3351e-05 0)
(1.71463e-05 1.38485e-05 0)
(1.76066e-05 1.43513e-05 0)
(1.80649e-05 1.48609e-05 0)
(1.85225e-05 1.53786e-05 0)
(1.89796e-05 1.59071e-05 -1.20814e-20)
(7.79611e-06 5.32076e-06 0)
(8.54427e-06 5.93153e-06 0)
(9.17745e-06 6.48775e-06 0)
(9.79337e-06 7.02887e-06 0)
(1.03918e-05 7.55966e-06 0)
(1.09738e-05 8.08101e-06 0)
(1.15401e-05 8.59466e-06 0)
(1.20916e-05 9.1021e-06 0)
(1.26295e-05 9.60479e-06 0)
(1.31548e-05 1.01041e-05 0)
(1.36688e-05 1.06012e-05 0)
(1.41725e-05 1.10972e-05 0)
(1.46671e-05 1.1593e-05 0)
(1.51537e-05 1.20896e-05 0)
(1.56335e-05 1.25878e-05 0)
(1.61075e-05 1.30883e-05 0)
(1.65767e-05 1.35919e-05 0)
(1.70426e-05 1.40997e-05 0)
(1.7506e-05 1.46127e-05 0)
(1.79688e-05 1.51321e-05 0)
(1.84321e-05 1.56605e-05 -1.2166e-20)
(7.26534e-06 5.00908e-06 0)
(7.98884e-06 5.61206e-06 0)
(8.61761e-06 6.16938e-06 0)
(9.23133e-06 6.71445e-06 0)
(9.82926e-06 7.25086e-06 0)
(1.04121e-05 7.77907e-06 0)
(1.09801e-05 8.3003e-06 0)
(1.1534e-05 8.8157e-06 0)
(1.20747e-05 9.3264e-06 0)
(1.26031e-05 9.83349e-06 0)
(1.31201e-05 1.0338e-05 0)
(1.36267e-05 1.08408e-05 0)
(1.41241e-05 1.13427e-05 0)
(1.46132e-05 1.18445e-05 0)
(1.50951e-05 1.23469e-05 0)
(1.5571e-05 1.28505e-05 0)
(1.60419e-05 1.3356e-05 0)
(1.65091e-05 1.38642e-05 0)
(1.69739e-05 1.43759e-05 0)
(1.74379e-05 1.48919e-05 0)
(1.79026e-05 1.54141e-05 -1.21309e-20)
(6.7942e-06 4.70891e-06 0)
(7.49088e-06 5.30372e-06 0)
(8.10862e-06 5.85978e-06 0)
(8.71453e-06 6.40658e-06 0)
(9.30678e-06 6.94681e-06 0)
(9.88581e-06 7.48035e-06 0)
(1.04514e-05 8.00794e-06 0)
(1.10041e-05 8.53032e-06 0)
(1.15443e-05 9.04827e-06 0)
(1.20727e-05 9.56259e-06 0)
(1.25902e-05 1.00741e-05 0)
(1.30976e-05 1.05834e-05 0)
(1.35959e-05 1.10911e-05 0)
(1.4086e-05 1.1598e-05 0)
(1.45689e-05 1.21045e-05 0)
(1.50456e-05 1.26112e-05 0)
(1.55173e-05 1.31185e-05 0)
(1.59853e-05 1.36269e-05 0)
(1.64508e-05 1.41371e-05 0)
(1.69156e-05 1.46493e-05 0)
(1.73811e-05 1.51647e-05 -1.211e-20)
(6.37404e-06 4.42271e-06 0)
(7.04227e-06 5.00736e-06 0)
(7.64508e-06 5.56003e-06 0)
(8.23906e-06 6.10676e-06 0)
(8.82168e-06 6.64923e-06 0)
(9.39315e-06 7.18675e-06 0)
(9.95283e-06 7.71953e-06 0)
(1.0501e-05 8.2479e-06 0)
(1.10378e-05 8.77228e-06 0)
(1.15638e-05 9.29317e-06 0)
(1.20795e-05 9.81105e-06 0)
(1.25857e-05 1.03264e-05 0)
(1.30832e-05 1.08398e-05 0)
(1.35727e-05 1.13515e-05 0)
(1.40553e-05 1.18619e-05 0)
(1.4532e-05 1.23715e-05 0)
(1.50037e-05 1.28804e-05 0)
(1.54717e-05 1.33889e-05 0)
(1.59373e-05 1.38972e-05 0)
(1.64027e-05 1.44054e-05 0)
(1.68686e-05 1.49137e-05 -1.21042e-20)
(5.99764e-06 4.15136e-06 0)
(6.63676e-06 4.72481e-06 0)
(7.22176e-06 5.27245e-06 0)
(7.80068e-06 5.81745e-06 0)
(8.37056e-06 6.36056e-06 0)
(8.93144e-06 6.90059e-06 0)
(9.48232e-06 7.43728e-06 0)
(1.00233e-05 7.97051e-06 0)
(1.05542e-05 8.50035e-06 0)
(1.10754e-05 9.02696e-06 0)
(1.15874e-05 9.55059e-06 0)
(1.20905e-05 1.00715e-05 0)
(1.25856e-05 1.05899e-05 0)
(1.30734e-05 1.1106e-05 0)
(1.35546e-05 1.16201e-05 0)
(1.40302e-05 1.21323e-05 0)
(1.45011e-05 1.26426e-05 0)
(1.49686e-05 1.31511e-05 0)
(1.54338e-05 1.36574e-05 0)
(1.58988e-05 1.41615e-05 0)
(1.63645e-05 1.46628e-05 -1.21141e-20)
(5.65747e-06 3.89493e-06 0)
(6.26768e-06 4.45631e-06 0)
(6.83303e-06 4.99761e-06 0)
(7.39472e-06 5.53952e-06 0)
(7.94959e-06 6.08192e-06 0)
(8.49752e-06 6.62318e-06 0)
(9.03731e-06 7.16257e-06 0)
(9.56881e-06 7.69958e-06 0)
(1.00918e-05 8.23389e-06 0)
(1.06063e-05 8.76537e-06 0)
(1.11127e-05 9.29398e-06 0)
(1.16113e-05 9.81972e-06 0)
(1.21026e-05 1.03426e-05 0)
(1.25873e-05 1.08628e-05 0)
(1.30661e-05 1.13801e-05 0)
(1.35398e-05 1.18946e-05 0)
(1.40093e-05 1.24061e-05 0)
(1.44757e-05 1.29143e-05 0)
(1.494e-05 1.34187e-05 0)
(1.5404e-05 1.39188e-05 0)
(1.58687e-05 1.44133e-05 -1.2138e-20)
(5.34699e-06 3.65295e-06 0)
(5.92889e-06 4.20189e-06 0)
(6.47345e-06 4.73597e-06 0)
(7.01644e-06 5.27373e-06 0)
(7.55465e-06 5.81429e-06 0)
(8.08786e-06 6.35563e-06 0)
(8.61474e-06 6.89662e-06 0)
(9.13502e-06 7.43634e-06 0)
(9.64828e-06 7.97415e-06 0)
(1.01545e-05 8.5096e-06 0)
(1.06538e-05 9.04237e-06 0)
(1.11465e-05 9.57224e-06 0)
(1.16329e-05 1.0099e-05 0)
(1.21135e-05 1.06226e-05 0)
(1.2589e-05 1.11427e-05 0)
(1.30601e-05 1.16592e-05 0)
(1.35275e-05 1.21716e-05 0)
(1.39922e-05 1.26795e-05 0)
(1.44552e-05 1.31821e-05 0)
(1.49179e-05 1.36785e-05 0)
(1.53812e-05 1.41666e-05 -1.21747e-20)
(5.06015e-06 3.42461e-06 0)
(5.6146e-06 3.96104e-06 0)
(6.13774e-06 4.48739e-06 0)
(6.66108e-06 5.02025e-06 0)
(7.1815e-06 5.55809e-06 0)
(7.6987e-06 6.09857e-06 0)
(8.21132e-06 6.64018e-06 0)
(8.719e-06 7.18165e-06 0)
(9.22121e-06 7.72203e-06 0)
(9.71785e-06 8.26056e-06 0)
(1.02089e-05 8.79668e-06 0)
(1.06945e-05 9.32994e-06 0)
(1.1175e-05 9.85995e-06 0)
(1.16507e-05 1.03864e-05 0)
(1.21221e-05 1.09088e-05 0)
(1.25899e-05 1.14269e-05 0)
(1.30546e-05 1.19401e-05 0)
(1.35172e-05 1.24476e-05 0)
(1.39783e-05 1.29485e-05 0)
(1.44394e-05 1.34415e-05 0)
(1.4901e-05 1.39241e-05 -1.22227e-20)
(4.79153e-06 3.20894e-06 0)
(5.31945e-06 3.73317e-06 0)
(5.82089e-06 4.25157e-06 0)
(6.32401e-06 4.77906e-06 0)
(6.82586e-06 5.31353e-06 0)
(7.32615e-06 5.85239e-06 0)
(7.82351e-06 6.39379e-06 0)
(8.31754e-06 6.93615e-06 0)
(8.80767e-06 7.47822e-06 0)
(9.29369e-06 8.01899e-06 0)
(9.77551e-06 8.55766e-06 0)
(1.02532e-05 9.09355e-06 0)
(1.07269e-05 9.62609e-06 0)
(1.11969e-05 1.01548e-05 0)
(1.16637e-05 1.0679e-05 0)
(1.21276e-05 1.11984e-05 0)
(1.25893e-05 1.1712e-05 0)
(1.30493e-05 1.22191e-05 0)
(1.35083e-05 1.27185e-05 0)
(1.39673e-05 1.32088e-05 0)
(1.44269e-05 1.36869e-05 -1.22799e-20)
(4.53621e-06 3.00498e-06 0)
(5.03846e-06 3.51752e-06 0)
(5.5181e-06 4.02804e-06 0)
(6.00067e-06 4.54991e-06 0)
(6.48348e-06 5.08059e-06 0)
(6.96623e-06 5.61724e-06 0)
(7.44765e-06 6.15774e-06 0)
(7.92729e-06 6.70022e-06 0)
(8.40456e-06 7.24319e-06 0)
(8.87923e-06 7.78541e-06 0)
(9.35109e-06 8.32584e-06 0)
(9.82015e-06 8.86363e-06 0)
(1.02865e-05 9.39801e-06 0)
(1.07503e-05 9.92833e-06 0)
(1.12119e-05 1.04539e-05 0)
(1.16716e-05 1.09741e-05 0)
(1.21298e-05 1.1488e-05 0)
(1.2587e-05 1.19947e-05 0)
(1.30436e-05 1.24928e-05 0)
(1.35003e-05 1.2981e-05 0)
(1.39575e-05 1.34557e-05 -1.23439e-20)
(4.28969e-06 2.81186e-06 0)
(4.76696e-06 3.31342e-06 0)
(5.22477e-06 3.8163e-06 0)
(5.68663e-06 4.33251e-06 0)
(6.15009e-06 4.85912e-06 0)
(6.61492e-06 5.39312e-06 0)
(7.07993e-06 5.93214e-06 0)
(7.54469e-06 6.47409e-06 0)
(8.00861e-06 7.01725e-06 0)
(8.47141e-06 7.56017e-06 0)
(8.93284e-06 8.10162e-06 0)
(9.39283e-06 8.64058e-06 0)
(9.85138e-06 9.17613e-06 0)
(1.03086e-05 9.70748e-06 0)
(1.07647e-05 1.02339e-05 0)
(1.12198e-05 1.07545e-05 0)
(1.16742e-05 1.12684e-05 0)
(1.21284e-05 1.17747e-05 0)
(1.25824e-05 1.22719e-05 0)
(1.30367e-05 1.27586e-05 0)
(1.34913e-05 1.32311e-05 -1.24121e-20)
(4.04769e-06 2.62883e-06 0)
(4.50045e-06 3.12024e-06 0)
(4.93642e-06 3.61587e-06 0)
(5.37746e-06 4.1265e-06 0)
(5.82142e-06 4.64891e-06 0)
(6.26811e-06 5.17992e-06 0)
(6.71647e-06 5.71698e-06 0)
(7.16608e-06 6.25781e-06 0)
(7.61637e-06 6.8005e-06 0)
(8.06703e-06 7.34343e-06 0)
(8.51776e-06 7.8852e-06 0)
(8.96844e-06 8.42464e-06 0)
(9.41897e-06 8.96071e-06 0)
(9.86937e-06 9.4925e-06 0)
(1.03197e-05 1.00191e-05 0)
(1.07701e-05 1.05398e-05 0)
(1.12207e-05 1.10536e-05 0)
(1.16716e-05 1.15594e-05 0)
(1.2123e-05 1.20559e-05 0)
(1.25748e-05 1.25418e-05 0)
(1.30268e-05 1.30135e-05 -1.24813e-20)
(3.8061e-06 2.45542e-06 0)
(4.23453e-06 2.93753e-06 0)
(4.6486e-06 3.42636e-06 0)
(5.06875e-06 3.93157e-06 0)
(5.49314e-06 4.4497e-06 0)
(5.92162e-06 4.97747e-06 0)
(6.35326e-06 5.51215e-06 0)
(6.78767e-06 6.05133e-06 0)
(7.22428e-06 6.59295e-06 0)
(7.66276e-06 7.13523e-06 0)
(8.10277e-06 7.67665e-06 0)
(8.5441e-06 8.2159e-06 0)
(8.98659e-06 8.75186e-06 0)
(9.43017e-06 9.28351e-06 0)
(9.87478e-06 9.80992e-06 0)
(1.03204e-05 1.03302e-05 0)
(1.07671e-05 1.08435e-05 0)
(1.12148e-05 1.13489e-05 0)
(1.16635e-05 1.1845e-05 0)
(1.21128e-05 1.23307e-05 0)
(1.25623e-05 1.28029e-05 -1.25484e-20)
(3.56072e-06 2.29125e-06 0)
(3.96473e-06 2.76491e-06 0)
(4.35677e-06 3.24741e-06 0)
(4.75597e-06 3.74738e-06 0)
(5.16079e-06 4.26118e-06 0)
(5.57113e-06 4.78547e-06 0)
(5.98616e-06 5.3174e-06 0)
(6.40551e-06 5.85443e-06 0)
(6.82863e-06 6.39439e-06 0)
(7.25513e-06 6.9354e-06 0)
(7.68463e-06 7.47583e-06 0)
(8.11684e-06 8.01428e-06 0)
(8.55151e-06 8.54951e-06 0)
(8.98845e-06 9.08047e-06 0)
(9.4275e-06 9.60617e-06 0)
(9.86854e-06 1.01258e-05 0)
(1.03115e-05 1.06383e-05 0)
(1.07561e-05 1.11431e-05 0)
(1.12021e-05 1.1639e-05 0)
(1.1649e-05 1.21251e-05 0)
(1.20962e-05 1.25989e-05 -1.26102e-20)
(3.30725e-06 2.13642e-06 0)
(3.68643e-06 2.60238e-06 0)
(4.05622e-06 3.07892e-06 0)
(4.43443e-06 3.57375e-06 0)
(4.81976e-06 4.08313e-06 0)
(5.21216e-06 4.60366e-06 0)
(5.61089e-06 5.13243e-06 0)
(6.01556e-06 5.6668e-06 0)
(6.4256e-06 6.20454e-06 0)
(6.84059e-06 6.74366e-06 0)
(7.26007e-06 7.28248e-06 0)
(7.68365e-06 7.8195e-06 0)
(8.11097e-06 8.35344e-06 0)
(8.54172e-06 8.88318e-06 0)
(8.97561e-06 9.40772e-06 0)
(9.4124e-06 9.92619e-06 0)
(9.85182e-06 1.04378e-05 0)
(1.02935e-05 1.09419e-05 0)
(1.07372e-05 1.14376e-05 0)
(1.1182e-05 1.19245e-05 0)
(1.16271e-05 1.24009e-05 -1.2664e-20)
(3.04091e-06 1.99086e-06 0)
(3.39457e-06 2.44972e-06 0)
(3.74186e-06 2.92056e-06 0)
(4.09906e-06 3.41027e-06 0)
(4.46512e-06 3.91507e-06 0)
(4.83997e-06 4.43152e-06 0)
(5.22291e-06 4.95668e-06 0)
(5.61353e-06 5.48787e-06 0)
(6.01122e-06 6.0228e-06 0)
(6.41546e-06 6.55944e-06 0)
(6.82571e-06 7.09604e-06 0)
(7.24145e-06 7.63107e-06 0)
(7.66221e-06 8.16318e-06 0)
(8.08752e-06 8.69122e-06 0)
(8.51695e-06 9.21418e-06 0)
(8.95009e-06 9.73121e-06 0)
(9.38652e-06 1.02416e-05 0)
(9.8258e-06 1.07448e-05 0)
(1.02674e-05 1.12404e-05 0)
(1.07104e-05 1.17282e-05 0)
(1.11538e-05 1.22077e-05 -1.27066e-20)
(2.75657e-06 1.85545e-06 0)
(3.08375e-06 2.30752e-06 0)
(3.4083e-06 2.77266e-06 0)
(3.74457e-06 3.25702e-06 0)
(4.09175e-06 3.75686e-06 0)
(4.44964e-06 4.26874e-06 0)
(4.8176e-06 4.78972e-06 0)
(5.19509e-06 5.3171e-06 0)
(5.58145e-06 5.84857e-06 0)
(5.97605e-06 6.38208e-06 0)
(6.3782e-06 6.91584e-06 0)
(6.78726e-06 7.44829e-06 0)
(7.20259e-06 7.97805e-06 0)
(7.62355e-06 8.50394e-06 0)
(8.04953e-06 9.02495e-06 0)
(8.47996e-06 9.54023e-06 0)
(8.91423e-06 1.00491e-05 0)
(9.35174e-06 1.05513e-05 0)
(9.7918e-06 1.10466e-05 0)
(1.02335e-05 1.15353e-05 0)
(1.06757e-05 1.20182e-05 -1.27366e-20)
(2.44787e-06 1.72988e-06 0)
(2.74743e-06 2.1752e-06 0)
(3.0491e-06 2.6344e-06 0)
(3.36475e-06 3.11304e-06 0)
(3.69369e-06 3.60743e-06 0)
(4.03558e-06 4.11417e-06 0)
(4.3897e-06 4.63035e-06 0)
(4.75539e-06 5.15328e-06 0)
(5.13185e-06 5.68066e-06 0)
(5.51831e-06 6.21041e-06 0)
(5.91392e-06 6.74075e-06 0)
(6.31787e-06 7.27007e-06 0)
(6.72933e-06 7.79702e-06 0)
(7.14748e-06 8.32038e-06 0)
(7.57151e-06 8.83913e-06 0)
(8.0006e-06 9.35244e-06 0)
(8.43397e-06 9.85971e-06 0)
(8.87076e-06 1.03607e-05 0)
(9.31016e-06 1.08554e-05 0)
(9.75116e-06 1.13448e-05 0)
(1.01927e-05 1.18307e-05 -1.27522e-20)
(2.10885e-06 1.61652e-06 0)
(2.37957e-06 2.05451e-06 0)
(2.65844e-06 2.50696e-06 0)
(2.95405e-06 2.97896e-06 0)
(3.26573e-06 3.46698e-06 0)
(3.59291e-06 3.96766e-06 0)
(3.93471e-06 4.47812e-06 0)
(4.29029e-06 4.99572e-06 0)
(4.65867e-06 5.51816e-06 0)
(5.03888e-06 6.04338e-06 0)
(5.42988e-06 6.56958e-06 0)
(5.83068e-06 7.09517e-06 0)
(6.24024e-06 7.61878e-06 0)
(6.65754e-06 8.13919e-06 0)
(7.08153e-06 8.65538e-06 0)
(7.51116e-06 9.16654e-06 0)
(7.94537e-06 9.67208e-06 0)
(8.38302e-06 1.01718e-05 0)
(8.82303e-06 1.06659e-05 0)
(9.26421e-06 1.11554e-05 0)
(9.70561e-06 1.16431e-05 -1.27571e-20)
(1.72832e-06 1.51331e-06 9.97801e-22)
(1.96861e-06 1.94262e-06 3.25971e-22)
(2.22535e-06 2.38739e-06 -3.31559e-22)
(2.5022e-06 2.85186e-06 -9.71576e-22)
(2.7983e-06 3.33263e-06 -1.58517e-21)
(3.11278e-06 3.82642e-06 -2.16829e-21)
(3.44453e-06 4.3304e-06 -2.71642e-21)
(3.79242e-06 4.84194e-06 -3.22748e-21)
(4.15524e-06 5.35877e-06 -3.69946e-21)
(4.53178e-06 5.87884e-06 -4.13171e-21)
(4.9208e-06 6.40037e-06 -4.52388e-21)
(5.32108e-06 6.92176e-06 -4.87586e-21)
(5.7314e-06 7.44163e-06 -5.18734e-21)
(6.15054e-06 7.95879e-06 -5.45799e-21)
(6.57723e-06 8.47222e-06 -5.68717e-21)
(7.01019e-06 8.98111e-06 -5.87334e-21)
(7.44805e-06 9.48491e-06 -6.01556e-21)
(7.88932e-06 9.98338e-06 -6.11179e-21)
(8.3324e-06 1.04768e-05 -6.16448e-21)
(8.77536e-06 1.09662e-05 -6.17704e-21)
(9.22887e-06 1.13795e-05 -9.46562e-21)
(7.79611e-06 5.32076e-06 0)
(8.54427e-06 5.93153e-06 0)
(9.17745e-06 6.48775e-06 0)
(9.79337e-06 7.02887e-06 0)
(1.03918e-05 7.55966e-06 0)
(1.09738e-05 8.08101e-06 0)
(1.15401e-05 8.59466e-06 0)
(1.20916e-05 9.1021e-06 0)
(1.26295e-05 9.60479e-06 0)
(1.31548e-05 1.01041e-05 0)
(1.36688e-05 1.06012e-05 0)
(1.41725e-05 1.10972e-05 0)
(1.46671e-05 1.1593e-05 0)
(1.51537e-05 1.20896e-05 0)
(1.56335e-05 1.25878e-05 0)
(1.61075e-05 1.30883e-05 0)
(1.65767e-05 1.35919e-05 0)
(1.70426e-05 1.40997e-05 0)
(1.7506e-05 1.46127e-05 0)
(1.79688e-05 1.51321e-05 0)
(1.84321e-05 1.56605e-05 -1.2166e-20)
(7.26534e-06 5.00908e-06 0)
(7.98884e-06 5.61206e-06 0)
(8.61761e-06 6.16938e-06 0)
(9.23133e-06 6.71445e-06 0)
(9.82926e-06 7.25086e-06 0)
(1.04121e-05 7.77907e-06 0)
(1.09801e-05 8.3003e-06 0)
(1.1534e-05 8.8157e-06 0)
(1.20747e-05 9.3264e-06 0)
(1.26031e-05 9.83349e-06 0)
(1.31201e-05 1.0338e-05 0)
(1.36267e-05 1.08408e-05 0)
(1.41241e-05 1.13427e-05 0)
(1.46132e-05 1.18445e-05 0)
(1.50951e-05 1.23469e-05 0)
(1.5571e-05 1.28505e-05 0)
(1.60419e-05 1.3356e-05 0)
(1.65091e-05 1.38642e-05 0)
(1.69739e-05 1.43759e-05 0)
(1.74379e-05 1.48919e-05 0)
(1.79026e-05 1.54141e-05 -1.21309e-20)
(6.7942e-06 4.70891e-06 0)
(7.49088e-06 5.30372e-06 0)
(8.10862e-06 5.85978e-06 0)
(8.71453e-06 6.40658e-06 0)
(9.30678e-06 6.94681e-06 0)
(9.88581e-06 7.48035e-06 0)
(1.04514e-05 8.00794e-06 0)
(1.10041e-05 8.53032e-06 0)
(1.15443e-05 9.04827e-06 0)
(1.20727e-05 9.56259e-06 0)
(1.25902e-05 1.00741e-05 0)
(1.30976e-05 1.05834e-05 0)
(1.35959e-05 1.10911e-05 0)
(1.4086e-05 1.1598e-05 0)
(1.45689e-05 1.21045e-05 0)
(1.50456e-05 1.26112e-05 0)
(1.55173e-05 1.31185e-05 0)
(1.59853e-05 1.36269e-05 0)
(1.64508e-05 1.41371e-05 0)
(1.69156e-05 1.46493e-05 0)
(1.73811e-05 1.51647e-05 -1.211e-20)
(6.37404e-06 4.42271e-06 0)
(7.04227e-06 5.00736e-06 0)
(7.64508e-06 5.56003e-06 0)
(8.23906e-06 6.10676e-06 0)
(8.82168e-06 6.64923e-06 0)
(9.39315e-06 7.18675e-06 0)
(9.95283e-06 7.71953e-06 0)
(1.0501e-05 8.2479e-06 0)
(1.10378e-05 8.77228e-06 0)
(1.15638e-05 9.29317e-06 0)
(1.20795e-05 9.81105e-06 0)
(1.25857e-05 1.03264e-05 0)
(1.30832e-05 1.08398e-05 0)
(1.35727e-05 1.13515e-05 0)
(1.40553e-05 1.18619e-05 0)
(1.4532e-05 1.23715e-05 0)
(1.50037e-05 1.28804e-05 0)
(1.54717e-05 1.33889e-05 0)
(1.59373e-05 1.38972e-05 0)
(1.64027e-05 1.44054e-05 0)
(1.68686e-05 1.49137e-05 -1.21042e-20)
(5.99764e-06 4.15136e-06 0)
(6.63676e-06 4.72481e-06 0)
(7.22176e-06 5.27245e-06 0)
(7.80068e-06 5.81745e-06 0)
(8.37056e-06 6.36056e-06 0)
(8.93144e-06 6.90059e-06 0)
(9.48232e-06 7.43728e-06 0)
(1.00233e-05 7.97051e-06 0)
(1.05542e-05 8.50035e-06 0)
(1.10754e-05 9.02696e-06 0)
(1.15874e-05 9.55059e-06 0)
(1.20905e-05 1.00715e-05 0)
(1.25856e-05 1.05899e-05 0)
(1.30734e-05 1.1106e-05 0)
(1.35546e-05 1.16201e-05 0)
(1.40302e-05 1.21323e-05 0)
(1.45011e-05 1.26426e-05 0)
(1.49686e-05 1.31511e-05 0)
(1.54338e-05 1.36574e-05 0)
(1.58988e-05 1.41615e-05 0)
(1.63645e-05 1.46628e-05 -1.21141e-20)
(5.65747e-06 3.89493e-06 0)
(6.26768e-06 4.45631e-06 0)
(6.83303e-06 4.99761e-06 0)
(7.39472e-06 5.53952e-06 0)
(7.94959e-06 6.08192e-06 0)
(8.49752e-06 6.62318e-06 0)
(9.03731e-06 7.16257e-06 0)
(9.56881e-06 7.69958e-06 0)
(1.00918e-05 8.23389e-06 0)
(1.06063e-05 8.76537e-06 0)
(1.11127e-05 9.29398e-06 0)
(1.16113e-05 9.81972e-06 0)
(1.21026e-05 1.03426e-05 0)
(1.25873e-05 1.08628e-05 0)
(1.30661e-05 1.13801e-05 0)
(1.35398e-05 1.18946e-05 0)
(1.40093e-05 1.24061e-05 0)
(1.44757e-05 1.29143e-05 0)
(1.494e-05 1.34187e-05 0)
(1.5404e-05 1.39188e-05 0)
(1.58687e-05 1.44133e-05 -1.2138e-20)
(5.34699e-06 3.65295e-06 0)
(5.92889e-06 4.20189e-06 0)
(6.47345e-06 4.73597e-06 0)
(7.01644e-06 5.27373e-06 0)
(7.55465e-06 5.81429e-06 0)
(8.08786e-06 6.35563e-06 0)
(8.61474e-06 6.89662e-06 0)
(9.13502e-06 7.43634e-06 0)
(9.64828e-06 7.97415e-06 0)
(1.01545e-05 8.5096e-06 0)
(1.06538e-05 9.04237e-06 0)
(1.11465e-05 9.57224e-06 0)
(1.16329e-05 1.0099e-05 0)
(1.21135e-05 1.06226e-05 0)
(1.2589e-05 1.11427e-05 0)
(1.30601e-05 1.16592e-05 0)
(1.35275e-05 1.21716e-05 0)
(1.39922e-05 1.26795e-05 0)
(1.44552e-05 1.31821e-05 0)
(1.49179e-05 1.36785e-05 0)
(1.53812e-05 1.41666e-05 -1.21747e-20)
(5.06015e-06 3.42461e-06 0)
(5.6146e-06 3.96104e-06 0)
(6.13774e-06 4.48739e-06 0)
(6.66108e-06 5.02025e-06 0)
(7.1815e-06 5.55809e-06 0)
(7.6987e-06 6.09857e-06 0)
(8.21132e-06 6.64018e-06 0)
(8.719e-06 7.18165e-06 0)
(9.22121e-06 7.72203e-06 0)
(9.71785e-06 8.26056e-06 0)
(1.02089e-05 8.79668e-06 0)
(1.06945e-05 9.32994e-06 0)
(1.1175e-05 9.85995e-06 0)
(1.16507e-05 1.03864e-05 0)
(1.21221e-05 1.09088e-05 0)
(1.25899e-05 1.14269e-05 0)
(1.30546e-05 1.19401e-05 0)
(1.35172e-05 1.24476e-05 0)
(1.39783e-05 1.29485e-05 0)
(1.44394e-05 1.34415e-05 0)
(1.4901e-05 1.39241e-05 -1.22227e-20)
(4.79153e-06 3.20894e-06 0)
(5.31945e-06 3.73317e-06 0)
(5.82089e-06 4.25157e-06 0)
(6.32401e-06 4.77906e-06 0)
(6.82586e-06 5.31353e-06 0)
(7.32615e-06 5.85239e-06 0)
(7.82351e-06 6.39379e-06 0)
(8.31754e-06 6.93615e-06 0)
(8.80767e-06 7.47822e-06 0)
(9.29369e-06 8.01899e-06 0)
(9.77551e-06 8.55766e-06 0)
(1.02532e-05 9.09355e-06 0)
(1.07269e-05 9.62609e-06 0)
(1.11969e-05 1.01548e-05 0)
(1.16637e-05 1.0679e-05 0)
(1.21276e-05 1.11984e-05 0)
(1.25893e-05 1.1712e-05 0)
(1.30493e-05 1.22191e-05 0)
(1.35083e-05 1.27185e-05 0)
(1.39673e-05 1.32088e-05 0)
(1.44269e-05 1.36869e-05 -1.22799e-20)
(4.53621e-06 3.00498e-06 0)
(5.03846e-06 3.51752e-06 0)
(5.5181e-06 4.02804e-06 0)
(6.00067e-06 4.54991e-06 0)
(6.48348e-06 5.08059e-06 0)
(6.96623e-06 5.61724e-06 0)
(7.44765e-06 6.15774e-06 0)
(7.92729e-06 6.70022e-06 0)
(8.40456e-06 7.24319e-06 0)
(8.87923e-06 7.78541e-06 0)
(9.35109e-06 8.32584e-06 0)
(9.82015e-06 8.86363e-06 0)
(1.02865e-05 9.39801e-06 0)
(1.07503e-05 9.92833e-06 0)
(1.12119e-05 1.04539e-05 0)
(1.16716e-05 1.09741e-05 0)
(1.21298e-05 1.1488e-05 0)
(1.2587e-05 1.19947e-05 0)
(1.30436e-05 1.24928e-05 0)
(1.35003e-05 1.2981e-05 0)
(1.39575e-05 1.34557e-05 -1.23439e-20)
(4.28969e-06 2.81186e-06 0)
(4.76696e-06 3.31342e-06 0)
(5.22477e-06 3.8163e-06 0)
(5.68663e-06 4.33251e-06 0)
(6.15009e-06 4.85912e-06 0)
(6.61492e-06 5.39312e-06 0)
(7.07993e-06 5.93214e-06 0)
(7.54469e-06 6.47409e-06 0)
(8.00861e-06 7.01725e-06 0)
(8.47141e-06 7.56017e-06 0)
(8.93284e-06 8.10162e-06 0)
(9.39283e-06 8.64058e-06 0)
(9.85138e-06 9.17613e-06 0)
(1.03086e-05 9.70748e-06 0)
(1.07647e-05 1.02339e-05 0)
(1.12198e-05 1.07545e-05 0)
(1.16742e-05 1.12684e-05 0)
(1.21284e-05 1.17747e-05 0)
(1.25824e-05 1.22719e-05 0)
(1.30367e-05 1.27586e-05 0)
(1.34913e-05 1.32311e-05 -1.24121e-20)
(4.04769e-06 2.62883e-06 0)
(4.50045e-06 3.12024e-06 0)
(4.93642e-06 3.61587e-06 0)
(5.37746e-06 4.1265e-06 0)
(5.82142e-06 4.64891e-06 0)
(6.26811e-06 5.17992e-06 0)
(6.71647e-06 5.71698e-06 0)
(7.16608e-06 6.25781e-06 0)
(7.61637e-06 6.8005e-06 0)
(8.06703e-06 7.34343e-06 0)
(8.51776e-06 7.8852e-06 0)
(8.96844e-06 8.42464e-06 0)
(9.41897e-06 8.96071e-06 0)
(9.86937e-06 9.4925e-06 0)
(1.03197e-05 1.00191e-05 0)
(1.07701e-05 1.05398e-05 0)
(1.12207e-05 1.10536e-05 0)
(1.16716e-05 1.15594e-05 0)
(1.2123e-05 1.20559e-05 0)
(1.25748e-05 1.25418e-05 0)
(1.30268e-05 1.30135e-05 -1.24813e-20)
(3.8061e-06 2.45542e-06 0)
(4.23453e-06 2.93753e-06 0)
(4.6486e-06 3.42636e-06 0)
(5.06875e-06 3.93157e-06 0)
(5.49314e-06 4.4497e-06 0)
(5.92162e-06 4.97747e-06 0)
(6.35326e-06 5.51215e-06 0)
(6.78767e-06 6.05133e-06 0)
(7.22428e-06 6.59295e-06 0)
(7.66276e-06 7.13523e-06 0)
(8.10277e-06 7.67665e-06 0)
(8.5441e-06 8.2159e-06 0)
(8.98659e-06 8.75186e-06 0)
(9.43017e-06 9.28351e-06 0)
(9.87478e-06 9.80992e-06 0)
(1.03204e-05 1.03302e-05 0)
(1.07671e-05 1.08435e-05 0)
(1.12148e-05 1.13489e-05 0)
(1.16635e-05 1.1845e-05 0)
(1.21128e-05 1.23307e-05 0)
(1.25623e-05 1.28029e-05 -1.25484e-20)
(3.56072e-06 2.29125e-06 0)
(3.96473e-06 2.76491e-06 0)
(4.35677e-06 3.24741e-06 0)
(4.75597e-06 3.74738e-06 0)
(5.16079e-06 4.26118e-06 0)
(5.57113e-06 4.78547e-06 0)
(5.98616e-06 5.3174e-06 0)
(6.40551e-06 5.85443e-06 0)
(6.82863e-06 6.39439e-06 0)
(7.25513e-06 6.9354e-06 0)
(7.68463e-06 7.47583e-06 0)
(8.11684e-06 8.01428e-06 0)
(8.55151e-06 8.54951e-06 0)
(8.98845e-06 9.08047e-06 0)
(9.4275e-06 9.60617e-06 0)
(9.86854e-06 1.01258e-05 0)
(1.03115e-05 1.06383e-05 0)
(1.07561e-05 1.11431e-05 0)
(1.12021e-05 1.1639e-05 0)
(1.1649e-05 1.21251e-05 0)
(1.20962e-05 1.25989e-05 -1.26102e-20)
(3.30725e-06 2.13642e-06 0)
(3.68643e-06 2.60238e-06 0)
(4.05622e-06 3.07892e-06 0)
(4.43443e-06 3.57375e-06 0)
(4.81976e-06 4.08313e-06 0)
(5.21216e-06 4.60366e-06 0)
(5.61089e-06 5.13243e-06 0)
(6.01556e-06 5.6668e-06 0)
(6.4256e-06 6.20454e-06 0)
(6.84059e-06 6.74366e-06 0)
(7.26007e-06 7.28248e-06 0)
(7.68365e-06 7.8195e-06 0)
(8.11097e-06 8.35344e-06 0)
(8.54172e-06 8.88318e-06 0)
(8.97561e-06 9.40772e-06 0)
(9.4124e-06 9.92619e-06 0)
(9.85182e-06 1.04378e-05 0)
(1.02935e-05 1.09419e-05 0)
(1.07372e-05 1.14376e-05 0)
(1.1182e-05 1.19245e-05 0)
(1.16271e-05 1.24009e-05 -1.2664e-20)
(3.04091e-06 1.99086e-06 0)
(3.39457e-06 2.44972e-06 0)
(3.74186e-06 2.92056e-06 0)
(4.09906e-06 3.41027e-06 0)
(4.46512e-06 3.91507e-06 0)
(4.83997e-06 4.43152e-06 0)
(5.22291e-06 4.95668e-06 0)
(5.61353e-06 5.48787e-06 0)
(6.01122e-06 6.0228e-06 0)
(6.41546e-06 6.55944e-06 0)
(6.82571e-06 7.09604e-06 0)
(7.24145e-06 7.63107e-06 0)
(7.66221e-06 8.16318e-06 0)
(8.08752e-06 8.69122e-06 0)
(8.51695e-06 9.21418e-06 0)
(8.95009e-06 9.73121e-06 0)
(9.38652e-06 1.02416e-05 0)
(9.8258e-06 1.07448e-05 0)
(1.02674e-05 1.12404e-05 0)
(1.07104e-05 1.17282e-05 0)
(1.11538e-05 1.22077e-05 -1.27066e-20)
(2.75657e-06 1.85545e-06 0)
(3.08375e-06 2.30752e-06 0)
(3.4083e-06 2.77266e-06 0)
(3.74457e-06 3.25702e-06 0)
(4.09175e-06 3.75686e-06 0)
(4.44964e-06 4.26874e-06 0)
(4.8176e-06 4.78972e-06 0)
(5.19509e-06 5.3171e-06 0)
(5.58145e-06 5.84857e-06 0)
(5.97605e-06 6.38208e-06 0)
(6.3782e-06 6.91584e-06 0)
(6.78726e-06 7.44829e-06 0)
(7.20259e-06 7.97805e-06 0)
(7.62355e-06 8.50394e-06 0)
(8.04953e-06 9.02495e-06 0)
(8.47996e-06 9.54023e-06 0)
(8.91423e-06 1.00491e-05 0)
(9.35174e-06 1.05513e-05 0)
(9.7918e-06 1.10466e-05 0)
(1.02335e-05 1.15353e-05 0)
(1.06757e-05 1.20182e-05 -1.27366e-20)
(2.44787e-06 1.72988e-06 0)
(2.74743e-06 2.1752e-06 0)
(3.0491e-06 2.6344e-06 0)
(3.36475e-06 3.11304e-06 0)
(3.69369e-06 3.60743e-06 0)
(4.03558e-06 4.11417e-06 0)
(4.3897e-06 4.63035e-06 0)
(4.75539e-06 5.15328e-06 0)
(5.13185e-06 5.68066e-06 0)
(5.51831e-06 6.21041e-06 0)
(5.91392e-06 6.74075e-06 0)
(6.31787e-06 7.27007e-06 0)
(6.72933e-06 7.79702e-06 0)
(7.14748e-06 8.32038e-06 0)
(7.57151e-06 8.83913e-06 0)
(8.0006e-06 9.35244e-06 0)
(8.43397e-06 9.85971e-06 0)
(8.87076e-06 1.03607e-05 0)
(9.31016e-06 1.08554e-05 0)
(9.75116e-06 1.13448e-05 0)
(1.01927e-05 1.18307e-05 -1.27522e-20)
(2.10885e-06 1.61652e-06 0)
(2.37957e-06 2.05451e-06 0)
(2.65844e-06 2.50696e-06 0)
(2.95405e-06 2.97896e-06 0)
(3.26573e-06 3.46698e-06 0)
(3.59291e-06 3.96766e-06 0)
(3.93471e-06 4.47812e-06 0)
(4.29029e-06 4.99572e-06 0)
(4.65867e-06 5.51816e-06 0)
(5.03888e-06 6.04338e-06 0)
(5.42988e-06 6.56958e-06 0)
(5.83068e-06 7.09517e-06 0)
(6.24024e-06 7.61878e-06 0)
(6.65754e-06 8.13919e-06 0)
(7.08153e-06 8.65538e-06 0)
(7.51116e-06 9.16654e-06 0)
(7.94537e-06 9.67208e-06 0)
(8.38302e-06 1.01718e-05 0)
(8.82303e-06 1.06659e-05 0)
(9.26421e-06 1.11554e-05 0)
(9.70561e-06 1.16431e-05 -1.27571e-20)
(1.72832e-06 1.51331e-06 9.97801e-22)
(1.96861e-06 1.94262e-06 3.25971e-22)
(2.22535e-06 2.38739e-06 -3.31559e-22)
(2.5022e-06 2.85186e-06 -9.71576e-22)
(2.7983e-06 3.33263e-06 -1.58517e-21)
(3.11278e-06 3.82642e-06 -2.16829e-21)
(3.44453e-06 4.3304e-06 -2.71642e-21)
(3.79242e-06 4.84194e-06 -3.22748e-21)
(4.15524e-06 5.35877e-06 -3.69946e-21)
(4.53178e-06 5.87884e-06 -4.13171e-21)
(4.9208e-06 6.40037e-06 -4.52388e-21)
(5.32108e-06 6.92176e-06 -4.87586e-21)
(5.7314e-06 7.44163e-06 -5.18734e-21)
(6.15054e-06 7.95879e-06 -5.45799e-21)
(6.57723e-06 8.47222e-06 -5.68717e-21)
(7.01019e-06 8.98111e-06 -5.87334e-21)
(7.44805e-06 9.48491e-06 -6.01556e-21)
(7.88932e-06 9.98338e-06 -6.11179e-21)
(8.3324e-06 1.04768e-05 -6.16448e-21)
(8.77536e-06 1.09662e-05 -6.17704e-21)
(9.22887e-06 1.13795e-05 -9.46562e-21)
(0 0 0)
(5.7959e-07 1.08694e-07 0)
(1.18018e-06 3.34446e-07 0)
(1.82032e-06 6.88316e-07 0)
(2.50997e-06 1.15579e-06 0)
(3.25745e-06 1.72284e-06 0)
(4.06639e-06 2.37089e-06 0)
(4.93769e-06 3.08015e-06 0)
(5.86909e-06 3.82974e-06 0)
(6.85639e-06 4.60094e-06 0)
(0 0 0)
(5.46989e-07 9.67411e-08 0)
(1.1135e-06 3.00476e-07 0)
(1.71527e-06 6.23137e-07 0)
(2.36066e-06 1.05323e-06 0)
(3.05715e-06 1.5794e-06 0)
(3.80823e-06 2.18575e-06 0)
(4.61514e-06 2.85504e-06 0)
(5.47627e-06 3.56839e-06 0)
(6.38766e-06 4.30975e-06 0)
(0 0 0)
(5.17501e-07 8.43787e-08 0)
(1.05356e-06 2.67438e-07 0)
(1.62153e-06 5.61549e-07 0)
(2.22815e-06 9.57469e-07 0)
(2.87991e-06 1.44589e-06 0)
(3.57994e-06 2.01303e-06 0)
(4.3296e-06 2.64374e-06 0)
(5.12825e-06 3.32099e-06 0)
(5.97233e-06 4.0308e-06 0)
(0 0 0)
(4.90299e-07 7.1459e-08 0)
(9.9865e-07 2.34913e-07 0)
(1.53646e-06 5.02885e-07 0)
(2.10899e-06 8.67774e-07 0)
(2.72179e-06 1.32184e-06 0)
(3.37752e-06 1.85294e-06 0)
(4.07725e-06 2.44758e-06 0)
(4.82085e-06 3.09021e-06 0)
(5.60457e-06 3.76779e-06 0)
(0 0 0)
(4.64848e-07 5.7849e-08 0)
(9.4752e-07 2.02304e-07 0)
(1.45781e-06 4.45874e-07 0)
(1.99967e-06 7.82167e-07 0)
(2.57776e-06 1.20461e-06 0)
(3.19427e-06 1.70237e-06 0)
(3.85001e-06 2.26326e-06 0)
(4.54524e-06 2.87316e-06 0)
(5.27595e-06 3.51962e-06 0)
(0 0 0)
(4.40782e-07 4.35238e-08 0)
(8.9937e-07 1.69397e-07 0)
(1.38424e-06 3.9004e-07 0)
(1.89818e-06 6.99941e-07 0)
(2.44506e-06 1.09339e-06 0)
(3.0266e-06 1.56055e-06 0)
(3.64323e-06 2.09022e-06 0)
(4.29549e-06 2.66946e-06 0)
(4.97926e-06 3.28614e-06 0)
(0 0 0)
(4.17745e-07 2.84433e-08 0)
(8.53417e-07 1.35916e-07 0)
(1.31439e-06 3.34721e-07 0)
(1.80247e-06 6.19989e-07 0)
(2.32079e-06 9.8664e-07 0)
(2.87066e-06 1.42562e-06 0)
(3.45223e-06 1.92648e-06 0)
(4.06613e-06 2.4773e-06 0)
(4.70825e-06 3.06619e-06 0)
(0 0 0)
(3.95493e-07 1.26236e-08 0)
(8.09136e-07 1.01761e-07 0)
(1.24738e-06 2.79614e-07 0)
(1.71113e-06 5.4178e-07 0)
(2.20293e-06 8.83614e-07 0)
(2.7237e-06 1.29666e-06 0)
(3.27336e-06 1.77099e-06 0)
(3.85256e-06 2.29556e-06 0)
(4.45734e-06 2.85868e-06 0)
(0 0 0)
(3.73801e-07 -3.94265e-09 0)
(7.66033e-07 6.67992e-08 0)
(1.18236e-06 2.24373e-07 0)
(1.62289e-06 4.64703e-07 0)
(2.08964e-06 7.83433e-07 0)
(2.58323e-06 1.17254e-06 0)
(3.10341e-06 1.62252e-06 0)
(3.6508e-06 2.12295e-06 0)
(4.22171e-06 2.66244e-06 0)
(0 0 0)
(3.52498e-07 -2.1247e-08 0)
(7.23746e-07 3.09695e-08 0)
(1.1187e-06 1.68803e-07 0)
(1.53674e-06 3.88405e-07 0)
(1.97944e-06 6.85571e-07 0)
(2.44717e-06 1.05257e-06 0)
(2.93961e-06 1.48017e-06 0)
(3.45735e-06 1.95849e-06 0)
(3.99703e-06 2.4764e-06 0)
(0 0 0)
(3.31444e-07 -3.92996e-08 0)
(6.81969e-07 -5.80651e-09 0)
(1.05586e-06 1.12723e-07 0)
(1.45179e-06 3.12577e-07 0)
(1.87101e-06 5.89572e-07 0)
(2.31367e-06 9.36134e-07 0)
(2.7795e-06 1.34323e-06 0)
(3.26906e-06 1.80134e-06 0)
(3.77938e-06 2.29965e-06 0)
(0 0 0)
(3.10554e-07 -5.81234e-08 0)
(6.40509e-07 -4.36022e-08 0)
(9.93447e-07 5.60049e-08 0)
(1.36735e-06 2.37029e-07 0)
(1.7632e-06 4.95166e-07 0)
(2.18107e-06 8.22865e-07 0)
(2.6208e-06 1.21119e-06 0)
(3.08299e-06 1.6509e-06 0)
(3.5651e-06 2.13147e-06 0)
(0 0 0)
(2.89814e-07 -7.77926e-08 0)
(5.99289e-07 -8.25147e-08 0)
(9.31179e-07 -1.43389e-09 0)
(1.2828e-06 1.61697e-07 0)
(1.65498e-06 4.0227e-07 0)
(2.04779e-06 7.12623e-07 0)
(2.46134e-06 1.08383e-06 0)
(2.89633e-06 1.50684e-06 0)
(3.35068e-06 1.97144e-06 0)
(0 0 0)
(2.69351e-07 -9.84548e-08 0)
(5.58458e-07 -1.22704e-07 0)
(8.69e-07 -5.96858e-08 0)
(1.1977e-06 8.65681e-08 0)
(1.54538e-06 3.1091e-07 0)
(1.91231e-06 6.05415e-07 0)
(2.29895e-06 9.61084e-07 0)
(2.70621e-06 1.36902e-06 0)
(3.13255e-06 1.81927e-06 0)
(0 0 0)
(2.49479e-07 -1.2043e-07 0)
(5.18437e-07 -1.64362e-07 0)
(8.07069e-07 -1.18672e-07 0)
(1.11174e-06 1.19683e-08 0)
(1.43348e-06 2.21552e-07 0)
(1.77303e-06 5.01744e-07 0)
(2.13136e-06 8.43415e-07 0)
(2.50967e-06 1.23778e-06 0)
(2.907e-06 1.67519e-06 0)
(0 0 0)
(2.31056e-07 -1.44272e-07 0)
(4.80352e-07 -2.07868e-07 0)
(7.46051e-07 -1.78426e-07 0)
(1.02482e-06 -6.18524e-08 0)
(1.31835e-06 1.34602e-07 0)
(1.62819e-06 4.02045e-07 0)
(1.956e-06 7.31199e-07 0)
(2.30335e-06 1.11339e-06 0)
(2.6699e-06 1.5393e-06 0)
(0 0 0)
(2.15678e-07 -1.71248e-07 0)
(4.45994e-07 -2.53552e-07 0)
(6.86958e-07 -2.38218e-07 0)
(9.369e-07 -1.335e-07 0)
(1.19893e-06 5.17435e-08 0)
(1.47577e-06 3.08045e-07 0)
(1.76996e-06 6.26053e-07 0)
(2.08353e-06 9.97273e-07 0)
(2.41676e-06 1.41278e-06 0)
(0 0 0)
(2.0824e-07 -2.03118e-07 0)
(4.19643e-07 -3.02042e-07 0)
(6.32001e-07 -2.97752e-07 0)
(8.48129e-07 -2.02304e-07 0)
(1.0737e-06 -2.62653e-08 0)
(1.31297e-06 2.20398e-07 0)
(1.56937e-06 5.28437e-07 0)
(1.84539e-06 8.89652e-07 0)
(2.14186e-06 1.29558e-06 0)
(0 0 0)
(2.18009e-07 -2.44367e-07 0)
(4.06558e-07 -3.52427e-07 0)
(5.83498e-07 -3.53156e-07 0)
(7.58384e-07 -2.63463e-07 0)
(9.40959e-07 -9.46571e-08 0)
(1.13687e-06 1.43544e-07 0)
(1.35038e-06 4.42346e-07 0)
(1.58427e-06 7.94031e-07 0)
(1.83981e-06 1.19068e-06 0)
(1.14785e-07 -1.08579e-07 8.37732e-22)
(2.95325e-07 -2.98926e-07 1.71113e-21)
(4.2347e-07 -4.03204e-07 1.75064e-21)
(5.45133e-07 -4.02699e-07 1.76664e-21)
(6.66095e-07 -3.15265e-07 1.78168e-21)
(7.96396e-07 -1.51693e-07 1.79728e-21)
(9.41567e-07 7.92626e-08 1.81626e-21)
(1.10583e-06 3.69333e-07 1.83918e-21)
(1.2919e-06 7.11284e-07 1.85816e-21)
(1.50092e-06 1.09758e-06 1.60198e-21)
(0 0 0)
(5.7959e-07 1.08694e-07 0)
(1.18018e-06 3.34446e-07 0)
(1.82032e-06 6.88316e-07 0)
(2.50997e-06 1.15579e-06 0)
(3.25745e-06 1.72284e-06 0)
(4.06639e-06 2.37089e-06 0)
(4.93769e-06 3.08015e-06 0)
(5.86909e-06 3.82974e-06 0)
(6.85639e-06 4.60094e-06 0)
(0 0 0)
(5.46989e-07 9.67411e-08 0)
(1.1135e-06 3.00476e-07 0)
(1.71527e-06 6.23137e-07 0)
(2.36066e-06 1.05323e-06 0)
(3.05715e-06 1.5794e-06 0)
(3.80823e-06 2.18575e-06 0)
(4.61514e-06 2.85504e-06 0)
(5.47627e-06 3.56839e-06 0)
(6.38766e-06 4.30975e-06 0)
(0 0 0)
(5.17501e-07 8.43787e-08 0)
(1.05356e-06 2.67438e-07 0)
(1.62153e-06 5.61549e-07 0)
(2.22815e-06 9.57469e-07 0)
(2.87991e-06 1.44589e-06 0)
(3.57994e-06 2.01303e-06 0)
(4.3296e-06 2.64374e-06 0)
(5.12825e-06 3.32099e-06 0)
(5.97233e-06 4.0308e-06 0)
(0 0 0)
(4.90299e-07 7.1459e-08 0)
(9.9865e-07 2.34913e-07 0)
(1.53646e-06 5.02885e-07 0)
(2.10899e-06 8.67774e-07 0)
(2.72179e-06 1.32184e-06 0)
(3.37752e-06 1.85294e-06 0)
(4.07725e-06 2.44758e-06 0)
(4.82085e-06 3.09021e-06 0)
(5.60457e-06 3.76779e-06 0)
(0 0 0)
(4.64848e-07 5.7849e-08 0)
(9.4752e-07 2.02304e-07 0)
(1.45781e-06 4.45874e-07 0)
(1.99967e-06 7.82167e-07 0)
(2.57776e-06 1.20461e-06 0)
(3.19427e-06 1.70237e-06 0)
(3.85001e-06 2.26326e-06 0)
(4.54524e-06 2.87316e-06 0)
(5.27595e-06 3.51962e-06 0)
(0 0 0)
(4.40782e-07 4.35238e-08 0)
(8.9937e-07 1.69397e-07 0)
(1.38424e-06 3.9004e-07 0)
(1.89818e-06 6.99941e-07 0)
(2.44506e-06 1.09339e-06 0)
(3.0266e-06 1.56055e-06 0)
(3.64323e-06 2.09022e-06 0)
(4.29549e-06 2.66946e-06 0)
(4.97926e-06 3.28614e-06 0)
(0 0 0)
(4.17745e-07 2.84433e-08 0)
(8.53417e-07 1.35916e-07 0)
(1.31439e-06 3.34721e-07 0)
(1.80247e-06 6.19989e-07 0)
(2.32079e-06 9.8664e-07 0)
(2.87066e-06 1.42562e-06 0)
(3.45223e-06 1.92648e-06 0)
(4.06613e-06 2.4773e-06 0)
(4.70825e-06 3.06619e-06 0)
(0 0 0)
(3.95493e-07 1.26236e-08 0)
(8.09136e-07 1.01761e-07 0)
(1.24738e-06 2.79614e-07 0)
(1.71113e-06 5.4178e-07 0)
(2.20293e-06 8.83614e-07 0)
(2.7237e-06 1.29666e-06 0)
(3.27336e-06 1.77099e-06 0)
(3.85256e-06 2.29556e-06 0)
(4.45734e-06 2.85868e-06 0)
(0 0 0)
(3.73801e-07 -3.94265e-09 0)
(7.66033e-07 6.67992e-08 0)
(1.18236e-06 2.24373e-07 0)
(1.62289e-06 4.64703e-07 0)
(2.08964e-06 7.83433e-07 0)
(2.58323e-06 1.17254e-06 0)
(3.10341e-06 1.62252e-06 0)
(3.6508e-06 2.12295e-06 0)
(4.22171e-06 2.66244e-06 0)
(0 0 0)
(3.52498e-07 -2.1247e-08 0)
(7.23746e-07 3.09695e-08 0)
(1.1187e-06 1.68803e-07 0)
(1.53674e-06 3.88405e-07 0)
(1.97944e-06 6.85571e-07 0)
(2.44717e-06 1.05257e-06 0)
(2.93961e-06 1.48017e-06 0)
(3.45735e-06 1.95849e-06 0)
(3.99703e-06 2.4764e-06 0)
(0 0 0)
(3.31444e-07 -3.92996e-08 0)
(6.81969e-07 -5.80651e-09 0)
(1.05586e-06 1.12723e-07 0)
(1.45179e-06 3.12577e-07 0)
(1.87101e-06 5.89572e-07 0)
(2.31367e-06 9.36134e-07 0)
(2.7795e-06 1.34323e-06 0)
(3.26906e-06 1.80134e-06 0)
(3.77938e-06 2.29965e-06 0)
(0 0 0)
(3.10554e-07 -5.81234e-08 0)
(6.40509e-07 -4.36022e-08 0)
(9.93447e-07 5.60049e-08 0)
(1.36735e-06 2.37029e-07 0)
(1.7632e-06 4.95166e-07 0)
(2.18107e-06 8.22865e-07 0)
(2.6208e-06 1.21119e-06 0)
(3.08299e-06 1.6509e-06 0)
(3.5651e-06 2.13147e-06 0)
(0 0 0)
(2.89814e-07 -7.77926e-08 0)
(5.99289e-07 -8.25147e-08 0)
(9.31179e-07 -1.43389e-09 0)
(1.2828e-06 1.61697e-07 0)
(1.65498e-06 4.0227e-07 0)
(2.04779e-06 7.12623e-07 0)
(2.46134e-06 1.08383e-06 0)
(2.89633e-06 1.50684e-06 0)
(3.35068e-06 1.97144e-06 0)
(0 0 0)
(2.69351e-07 -9.84548e-08 0)
(5.58458e-07 -1.22704e-07 0)
(8.69e-07 -5.96858e-08 0)
(1.1977e-06 8.65681e-08 0)
(1.54538e-06 3.1091e-07 0)
(1.91231e-06 6.05415e-07 0)
(2.29895e-06 9.61084e-07 0)
(2.70621e-06 1.36902e-06 0)
(3.13255e-06 1.81927e-06 0)
(0 0 0)
(2.49479e-07 -1.2043e-07 0)
(5.18437e-07 -1.64362e-07 0)
(8.07069e-07 -1.18672e-07 0)
(1.11174e-06 1.19683e-08 0)
(1.43348e-06 2.21552e-07 0)
(1.77303e-06 5.01744e-07 0)
(2.13136e-06 8.43415e-07 0)
(2.50967e-06 1.23778e-06 0)
(2.907e-06 1.67519e-06 0)
(0 0 0)
(2.31056e-07 -1.44272e-07 0)
(4.80352e-07 -2.07868e-07 0)
(7.46051e-07 -1.78426e-07 0)
(1.02482e-06 -6.18524e-08 0)
(1.31835e-06 1.34602e-07 0)
(1.62819e-06 4.02045e-07 0)
(1.956e-06 7.31199e-07 0)
(2.30335e-06 1.11339e-06 0)
(2.6699e-06 1.5393e-06 0)
(0 0 0)
(2.15678e-07 -1.71248e-07 0)
(4.45994e-07 -2.53552e-07 0)
(6.86958e-07 -2.38218e-07 0)
(9.369e-07 -1.335e-07 0)
(1.19893e-06 5.17435e-08 0)
(1.47577e-06 3.08045e-07 0)
(1.76996e-06 6.26053e-07 0)
(2.08353e-06 9.97273e-07 0)
(2.41676e-06 1.41278e-06 0)
(0 0 0)
(2.0824e-07 -2.03118e-07 0)
(4.19643e-07 -3.02042e-07 0)
(6.32001e-07 -2.97752e-07 0)
(8.48129e-07 -2.02304e-07 0)
(1.0737e-06 -2.62653e-08 0)
(1.31297e-06 2.20398e-07 0)
(1.56937e-06 5.28437e-07 0)
(1.84539e-06 8.89652e-07 0)
(2.14186e-06 1.29558e-06 0)
(0 0 0)
(2.18009e-07 -2.44367e-07 0)
(4.06558e-07 -3.52427e-07 0)
(5.83498e-07 -3.53156e-07 0)
(7.58384e-07 -2.63463e-07 0)
(9.40959e-07 -9.46571e-08 0)
(1.13687e-06 1.43544e-07 0)
(1.35038e-06 4.42346e-07 0)
(1.58427e-06 7.94031e-07 0)
(1.83981e-06 1.19068e-06 0)
(1.14785e-07 -1.08579e-07 8.37732e-22)
(2.95325e-07 -2.98926e-07 1.71113e-21)
(4.2347e-07 -4.03204e-07 1.75064e-21)
(5.45133e-07 -4.02699e-07 1.76664e-21)
(6.66095e-07 -3.15265e-07 1.78168e-21)
(7.96396e-07 -1.51693e-07 1.79728e-21)
(9.41567e-07 7.92626e-08 1.81626e-21)
(1.10583e-06 3.69333e-07 1.83918e-21)
(1.2919e-06 7.11284e-07 1.85816e-21)
(1.50092e-06 1.09758e-06 1.60198e-21)
)
;

boundaryField
{
    left
    {
        type            calculated;
    }
    right
    {
        type            calculated;
    }
    down
    {
        type            calculated;
    }
    up
    {
        type            calculated;
    }
    hole
    {
        type            calculated;
    }
    frontAndBack
    {
        type            empty;
    }
}


// ************************************************************************* //
