/*--------------------------------*- C++ -*----------------------------------*\
  =========                 |
  \\      /  F ield         | OpenFOAM: The Open Source CFD Toolbox
   \\    /   O peration     | Website:  https://openfoam.org
    \\  /    A nd           | Version:  9
     \\/     M anipulation  |
\*---------------------------------------------------------------------------*/
FoamFile
{
    format      ascii;
    class       volSymmTensorField;
    location    "5";
    object      epsilon;
}
// * * * * * * * * * * * * * * * * * * * * * * * * * * * * * * * * * * * * * //

dimensions      [0 0 0 0 0 0 0];

internalField   nonuniform List<symmTensor> 
1000
(
(2.10639e-06 -2.73262e-06 2.56743e-19 4.23961e-07 2.82306e-19 7.69367e-34)
(2.90596e-06 -2.10747e-06 -4.34057e-21 -5.20211e-07 2.434e-21 0)
(3.29777e-06 -1.6141e-06 5.06422e-21 -9.71684e-07 -9.72995e-22 0)
(3.51742e-06 -1.2419e-06 1.30009e-21 -1.28862e-06 -9.30472e-22 0)
(3.62322e-06 -9.42484e-07 -5.49842e-21 -1.46426e-06 4.05751e-22 0)
(3.6587e-06 -7.08433e-07 -5.94563e-22 -1.57668e-06 6.53838e-22 0)
(3.65452e-06 -5.18245e-07 -4.99628e-21 -1.63749e-06 -2.68247e-21 0)
(3.62129e-06 -3.67046e-07 3.42885e-21 -1.66852e-06 1.60301e-21 0)
(3.5782e-06 -2.41375e-07 -1.76943e-21 -1.67982e-06 -2.01375e-21 0)
(3.51551e-06 -1.36833e-07 0 -1.68148e-06 0 0)
(2.85032e-06 -3.03868e-06 2.64705e-19 1.1702e-07 3.412e-19 4.61775e-35)
(3.47057e-06 -2.17544e-06 0 -7.23025e-07 0 0)
(3.73611e-06 -1.55209e-06 4.05446e-21 -1.09516e-06 1.93245e-21 0)
(3.85908e-06 -1.10406e-06 -6.95718e-21 -1.35927e-06 -3.71185e-21 0)
(3.88963e-06 -7.62492e-07 -2.95716e-21 -1.49259e-06 -1.78382e-21 0)
(3.86565e-06 -5.07032e-07 2.05877e-21 -1.57547e-06 2.1001e-21 0)
(3.81323e-06 -3.07582e-07 2.30483e-21 -1.61278e-06 1.54522e-21 0)
(3.74238e-06 -1.55984e-07 5.41863e-21 -1.62963e-06 3.16376e-21 0)
(3.66272e-06 -3.31291e-08 0 -1.62421e-06 0 0)
(3.57856e-06 6.51812e-08 0 -1.62701e-06 0 0)
(3.68405e-06 -3.23215e-06 2.62235e-19 -2.89566e-07 3.92462e-19 0)
(4.05537e-06 -2.17275e-06 0 -9.523e-07 0 0)
(4.15679e-06 -1.4445e-06 3.86471e-21 -1.20526e-06 1.99748e-21 0)
(4.16014e-06 -9.37137e-07 -1.15928e-21 -1.39273e-06 4.10589e-22 0)
(4.10183e-06 -5.65759e-07 -5.67675e-23 -1.46954e-06 2.53654e-23 0)
(4.01025e-06 -2.98163e-07 -1.91961e-21 -1.51441e-06 -1.98698e-21 0)
(3.90532e-06 -9.71644e-08 2.62009e-21 -1.52314e-06 1.21191e-21 0)
(3.79374e-06 4.9623e-08 -1.94578e-21 -1.52202e-06 -1.43748e-21 0)
(3.68058e-06 1.63715e-07 -1.56539e-22 -1.50103e-06 2.71388e-22 0)
(3.57148e-06 2.56449e-07 -4.10816e-22 -1.49934e-06 -1.76856e-22 0)
(4.57642e-06 -3.2853e-06 2.32637e-19 -7.72894e-07 4.1945e-19 -2.68016e-35)
(4.64576e-06 -2.09079e-06 2.21336e-21 -1.19939e-06 -2.28764e-22 0)
(4.55319e-06 -1.29312e-06 -1.76652e-21 -1.29992e-06 -9.97149e-22 0)
(4.41797e-06 -7.49256e-07 -1.11901e-21 -1.39057e-06 2.17304e-22 0)
(4.2597e-06 -3.64361e-07 2.00432e-21 -1.39944e-06 1.93804e-21 0)
(4.09493e-06 -9.60406e-08 -2.41231e-21 -1.40054e-06 -1.59582e-21 0)
(3.93524e-06 9.79565e-08 -2.08418e-21 -1.37882e-06 -1.48374e-21 0)
(3.78356e-06 2.34527e-07 -4.64526e-21 -1.35944e-06 -3.39975e-21 0)
(3.63906e-06 3.35218e-07 -6.66279e-22 -1.32574e-06 -8.13858e-22 0)
(3.50844e-06 4.17196e-07 1.13794e-21 -1.31816e-06 1.00689e-21 0)
(5.48332e-06 -3.17332e-06 1.80856e-19 -1.30181e-06 3.94617e-19 -4.61083e-34)
(5.2226e-06 -1.91845e-06 1.15761e-25 -1.45285e-06 5.52887e-27 0)
(4.91536e-06 -1.09561e-06 -5.7191e-21 -1.37515e-06 -2.8034e-21 0)
(4.62799e-06 -5.44474e-07 5.19653e-22 -1.35305e-06 -1.96186e-23 0)
(4.36217e-06 -1.6724e-07 -7.28256e-22 -1.28519e-06 7.71707e-23 0)
(4.1213e-06 8.68674e-08 1.73748e-21 -1.23875e-06 1.60528e-21 0)
(3.90727e-06 2.63046e-07 -1.94599e-22 -1.1863e-06 5.76394e-23 0)
(3.71741e-06 3.82e-07 1.83335e-21 -1.14966e-06 1.22584e-21 0)
(3.54588e-06 4.63949e-07 -3.97165e-22 -1.10698e-06 -8.49615e-22 0)
(3.39672e-06 5.30741e-07 -7.25225e-22 -1.09477e-06 -5.86026e-22 0)
(6.37437e-06 -2.89022e-06 1.21748e-19 -1.84123e-06 3.40292e-19 -4.44367e-34)
(5.77208e-06 -1.64847e-06 1.05584e-25 -1.69597e-06 2.23225e-26 0)
(5.2373e-06 -8.49171e-07 -5.71222e-26 -1.42187e-06 -8.85218e-27 0)
(4.78871e-06 -3.26718e-07 4.59291e-22 -1.27764e-06 5.66005e-23 0)
(4.41163e-06 1.70345e-08 -2.47532e-21 -1.12952e-06 -1.50597e-21 0)
(4.09536e-06 2.39131e-07 2.82156e-23 -1.03639e-06 -2.38842e-25 0)
(3.83016e-06 3.85727e-07 1.84244e-21 -9.56386e-07 1.24836e-21 0)
(3.60633e-06 4.79562e-07 3.91784e-21 -9.05912e-07 2.86677e-21 0)
(3.41274e-06 5.38365e-07 7.09696e-22 -8.58699e-07 5.21034e-22 0)
(3.24891e-06 5.86374e-07 -1.23924e-21 -8.43921e-07 -9.76485e-22 0)
(7.18985e-06 -2.41794e-06 8.05418e-20 -2.34826e-06 2.65168e-19 -8.39256e-34)
(6.26211e-06 -1.26071e-06 1.65649e-21 -1.90311e-06 6.65122e-22 0)
(5.49094e-06 -5.46508e-07 1.75098e-21 -1.41947e-06 7.96087e-22 0)
(4.88116e-06 -9.83616e-08 -3.77581e-22 -1.15341e-06 -1.12981e-22 0)
(4.399e-06 1.79893e-07 1.78981e-21 -9.31635e-07 1.19812e-21 0)
(4.01646e-06 3.49193e-07 -1.64718e-21 -8.00632e-07 -1.13505e-21 0)
(3.70973e-06 4.53901e-07 4.68498e-22 -7.0193e-07 2.92103e-23 0)
(3.46031e-06 5.15685e-07 -1.47067e-21 -6.4457e-07 -9.64555e-22 0)
(3.25212e-06 5.48628e-07 -1.01697e-22 -5.98946e-07 1.26476e-23 0)
(3.0786e-06 5.76029e-07 -7.45211e-22 -5.84825e-07 -4.86859e-22 0)
(7.95399e-06 -1.75493e-06 4.24362e-20 -2.78581e-06 1.70161e-19 -2.70949e-35)
(6.675e-06 -7.35322e-07 -4.41648e-21 -2.02331e-06 -1.59288e-21 0)
(5.65846e-06 -1.83074e-07 3.42133e-23 -1.32673e-06 1.88043e-23 0)
(4.90053e-06 1.27622e-07 5.52198e-22 -9.61143e-07 2.8071e-22 0)
(4.33051e-06 3.03898e-07 4.09242e-21 -6.89941e-07 2.03821e-21 0)
(3.8998e-06 4.00986e-07 -2.41933e-22 -5.42106e-07 -7.63116e-23 0)
(3.56664e-06 4.55775e-07 6.02217e-27 -4.4109e-07 1.21043e-27 0)
(3.30329e-06 4.8338e-07 -1.43901e-21 -3.87829e-07 -7.60291e-22 0)
(3.08915e-06 4.92362e-07 3.49098e-23 -3.51199e-07 1.58828e-24 0)
(2.91153e-06 5.01059e-07 1.07688e-22 -3.41468e-07 5.31652e-23 0)
(8.54452e-06 -8.1876e-07 1.16774e-20 -3.04288e-06 6.38761e-20 1.48863e-34)
(6.87659e-06 -7.07588e-08 -4.86556e-21 -1.92294e-06 -2.04575e-21 0)
(5.62691e-06 1.92074e-07 5.086e-22 -1.05598e-06 4.33533e-22 0)
(4.775e-06 2.9036e-07 4.77821e-22 -6.61149e-07 3.78531e-22 0)
(4.17537e-06 3.39663e-07 -1.9989e-22 -4.0349e-07 -1.22362e-22 0)
(3.73832e-06 3.56519e-07 1.59404e-21 -2.7925e-07 5.80314e-22 0)
(3.40778e-06 3.64822e-07 8.70399e-23 -2.01786e-07 2.70532e-23 0)
(3.14837e-06 3.64751e-07 2.57102e-21 -1.66559e-07 9.85913e-22 0)
(2.93895e-06 3.58413e-07 5.67637e-22 -1.45747e-07 2.19917e-22 0)
(2.76293e-06 3.55203e-07 3.1819e-22 -1.43049e-07 1.27596e-22 0)
(9.07095e-06 7.39695e-07 9.68328e-22 -2.80787e-06 -3.90661e-20 -1.73028e-34)
(6.70453e-06 8.25863e-07 -3.72819e-22 -1.26559e-06 -6.46653e-22 0)
(5.3911e-06 5.45768e-07 1.69009e-21 -5.29569e-07 7.19375e-22 0)
(4.57297e-06 3.5449e-07 8.69463e-23 -2.61263e-07 1.22286e-22 0)
(4.02285e-06 2.79998e-07 2.9702e-27 -1.22884e-07 2.77257e-27 0)
(3.61738e-06 2.38411e-07 1.61635e-21 -6.74273e-08 2.91486e-22 0)
(3.30946e-06 2.23524e-07 2.5046e-23 -3.78807e-08 7.46012e-24 0)
(3.0622e-06 2.14828e-07 1.23872e-21 -2.79925e-08 2.3545e-22 0)
(2.86011e-06 2.08e-07 -1.36806e-23 -2.36095e-08 -1.04472e-24 0)
(2.6853e-06 2.03357e-07 -2.08032e-23 -2.52902e-08 -4.39905e-24 0)
(-7.75969e-09 8.61428e-09 3.55817e-20 -1.56432e-09 2.26006e-20 1.74699e-34)
(1.15543e-08 -2.06895e-08 -9.34117e-23 -2.77759e-09 1.99847e-20 1.52498e-36)
(1.07069e-07 -6.98007e-08 -1.18351e-21 -4.90356e-08 1.63032e-20 1.90277e-35)
(2.57791e-07 -1.09136e-07 -2.11721e-24 -1.18039e-07 1.75542e-20 0)
(4.31452e-07 -1.33427e-07 -1.60278e-22 -1.94769e-07 1.56275e-20 -1.52675e-36)
(6.13043e-07 -1.47284e-07 -1.62184e-21 -2.7373e-07 1.72906e-20 3.18983e-35)
(7.90475e-07 -1.52754e-07 3.6431e-22 -3.49985e-07 1.91746e-20 1.52307e-36)
(9.59667e-07 -1.53236e-07 -1.07601e-21 -4.22012e-07 1.80064e-20 2.89309e-35)
(1.11489e-06 -1.49179e-07 8.69395e-22 -4.8831e-07 1.83366e-20 -1.25426e-35)
(1.2587e-06 -1.46048e-07 1.82348e-21 -5.48004e-07 1.7841e-20 -3.7791e-35)
(1.93645e-08 -2.24054e-08 3.64524e-20 -8.17287e-09 5.74097e-21 4.87507e-35)
(1.13959e-07 -1.30983e-07 1.30844e-21 -8.87622e-10 1.43628e-21 0)
(2.86643e-07 -2.50982e-07 -1.22456e-21 -7.27712e-08 -1.23077e-21 0)
(4.78785e-07 -3.42736e-07 1.15465e-23 -1.69847e-07 -1.01924e-21 0)
(6.71608e-07 -3.99218e-07 0 -2.66667e-07 0 0)
(8.5453e-07 -4.30923e-07 -1.85776e-21 -3.57919e-07 -2.75762e-22 0)
(1.02308e-06 -4.42415e-07 3.13947e-22 -4.40048e-07 1.6006e-21 0)
(1.17797e-06 -4.41735e-07 2.34299e-23 -5.13522e-07 8.61115e-23 0)
(1.31446e-06 -4.29551e-07 -1.003e-21 -5.78113e-07 -2.91061e-21 0)
(1.4412e-06 -4.19841e-07 7.33773e-22 -6.33024e-07 1.13999e-22 0)
(2.97373e-08 -1.18852e-07 3.86578e-20 3.52157e-08 7.65154e-21 -2.1739e-36)
(2.10898e-07 -3.30413e-07 1.33819e-21 1.17845e-08 1.41874e-21 0)
(4.54764e-07 -4.79095e-07 1.39962e-21 -9.99941e-08 2.9314e-22 0)
(6.94265e-07 -5.78764e-07 7.16184e-23 -2.38818e-07 -9.82939e-22 0)
(9.14742e-07 -6.33745e-07 0 -3.66849e-07 0 0)
(1.10873e-06 -6.59667e-07 -2.07931e-21 -4.79207e-07 -5.42928e-22 0)
(1.27723e-06 -6.62919e-07 -2.83626e-21 -5.73618e-07 -7.94528e-22 0)
(1.42541e-06 -6.52408e-07 1.87676e-21 -6.53156e-07 1.14789e-21 0)
(1.5486e-06 -6.29349e-07 1.14113e-23 -7.18063e-07 3.66637e-23 0)
(1.66357e-06 -6.09957e-07 -1.68813e-21 -7.70872e-07 -1.06754e-21 0)
(4.5363e-08 -2.70032e-07 4.84165e-20 1.384e-07 1.22601e-20 -4.15657e-35)
(3.43665e-07 -5.69493e-07 3.29556e-22 2.5039e-08 -1.19169e-21 0)
(6.53571e-07 -7.25866e-07 1.53815e-21 -1.36646e-07 3.0064e-22 0)
(9.36123e-07 -8.13613e-07 0 -3.16563e-07 0 0)
(1.1809e-06 -8.50036e-07 -2.62097e-21 -4.7323e-07 9.77394e-22 0)
(1.38561e-06 -8.56905e-07 3.25378e-23 -6.05841e-07 2.4187e-21 0)
(1.55496e-06 -8.424e-07 -1.30994e-22 -7.12937e-07 -1.29939e-21 0)
(1.69806e-06 -8.15419e-07 -3.76578e-22 -7.99815e-07 -2.0057e-21 0)
(1.80966e-06 -7.77847e-07 8.56358e-22 -8.66964e-07 2.77937e-22 0)
(1.91482e-06 -7.46075e-07 1.59857e-21 -9.19796e-07 5.99727e-22 0)
(8.59911e-08 -4.83603e-07 5.13808e-20 2.8184e-07 2.19836e-20 1.08174e-34)
(5.30668e-07 -8.29812e-07 -2.69974e-21 2.20661e-08 1.81069e-21 0)
(9.06801e-07 -9.70412e-07 -1.63784e-21 -2.07321e-07 -4.81854e-22 0)
(1.226e-06 -1.02896e-06 -4.41302e-22 -4.31819e-07 1.77289e-21 0)
(1.48688e-06 -1.03297e-06 -1.72938e-23 -6.14459e-07 1.09365e-22 0)
(1.69557e-06 -1.01024e-06 2.52491e-21 -7.6334e-07 -6.78522e-22 0)
(1.86073e-06 -9.70357e-07 1.10017e-21 -8.79184e-07 2.88757e-22 0)
(1.99502e-06 -9.2145e-07 0 -9.69997e-07 0 0)
(2.09278e-06 -8.66477e-07 -1.17562e-21 -1.03672e-06 -1.54633e-21 0)
(2.18639e-06 -8.19716e-07 4.68511e-22 -1.08753e-06 1.137e-22 0)
(1.74639e-07 -7.64278e-07 7.34041e-20 4.43226e-07 3.20028e-20 -1.60282e-34)
(7.7825e-07 -1.09377e-06 1.10132e-21 2.26338e-09 -2.14827e-21 0)
(1.21697e-06 -1.19042e-06 -1.35306e-21 -3.04253e-07 -1.45954e-21 0)
(1.56361e-06 -1.20482e-06 2.97007e-22 -5.72352e-07 -8.25526e-22 0)
(1.83051e-06 -1.16769e-06 2.8617e-21 -7.75711e-07 9.57477e-22 0)
(2.03434e-06 -1.11009e-06 -2.76012e-21 -9.35066e-07 3.08082e-22 0)
(2.18835e-06 -1.04164e-06 -3.09592e-24 -1.05457e-06 7.33153e-23 0)
(2.30826e-06 -9.68913e-07 -2.15107e-21 -1.14507e-06 -1.48154e-21 0)
(2.38866e-06 -8.96036e-07 4.5417e-24 -1.20865e-06 2.87751e-23 0)
(2.46736e-06 -8.33534e-07 -2.34838e-21 -1.25499e-06 -1.07347e-21 0)
(3.37053e-07 -1.10901e-06 1.12402e-19 5.88232e-07 6.069e-20 -1.68428e-34)
(1.08854e-06 -1.35088e-06 6.09727e-23 -4.13121e-08 -9.24014e-23 0)
(1.57842e-06 -1.37283e-06 -4.46686e-26 -4.24897e-07 7.63157e-26 0)
(1.94012e-06 -1.32813e-06 -2.92399e-21 -7.32621e-07 -2.04897e-21 0)
(2.20179e-06 -1.24298e-06 -4.95605e-22 -9.50639e-07 1.32778e-21 0)
(2.39105e-06 -1.1477e-06 -2.67913e-21 -1.1144e-06 -1.09022e-21 0)
(2.52632e-06 -1.0499e-06 4.8162e-21 -1.23207e-06 2.14689e-21 0)
(2.62551e-06 -9.53751e-07 -5.53089e-25 -1.31771e-06 5.75818e-23 0)
(2.68473e-06 -8.64195e-07 9.47561e-22 -1.37486e-06 -4.36692e-24 0)
(2.74428e-06 -7.8648e-07 -1.28456e-21 -1.41413e-06 -6.11629e-22 0)
(5.97079e-07 -1.50501e-06 1.60675e-19 6.8463e-07 1.0145e-19 -3.37955e-34)
(1.46049e-06 -1.59105e-06 1.57063e-21 -1.11606e-07 -1.8771e-21 0)
(1.97969e-06 -1.50892e-06 -6.06215e-22 -5.58847e-07 8.08265e-22 0)
(2.3398e-06 -1.39186e-06 3.70538e-22 -8.96296e-07 -5.78001e-22 0)
(2.58378e-06 -1.25402e-06 3.30305e-26 -1.12086e-06 -6.49273e-26 0)
(2.74872e-06 -1.12058e-06 3.10878e-21 -1.28249e-06 2.62527e-22 0)
(2.85819e-06 -9.94946e-07 2.32663e-22 -1.39346e-06 -1.01303e-21 0)
(2.93089e-06 -8.78015e-07 -7.72865e-23 -1.47007e-06 8.33672e-22 0)
(2.96625e-06 -7.74694e-07 1.11974e-23 -1.5193e-06 4.16329e-22 0)
(3.00235e-06 -6.83793e-07 9.8225e-22 -1.5487e-06 9.17654e-22 0)
(9.73591e-07 -1.92909e-06 1.99601e-19 7.02127e-07 1.57589e-19 4.58409e-34)
(1.89145e-06 -1.80437e-06 -5.05321e-22 -2.13618e-07 3.44173e-21 0)
(2.40847e-06 -1.59471e-06 -5.86047e-26 -6.99206e-07 6.14813e-26 0)
(2.74623e-06 -1.39532e-06 4.02288e-21 -1.05103e-06 9.44354e-22 0)
(2.95883e-06 -1.2023e-06 3.0729e-21 -1.27185e-06 1.53402e-21 0)
(3.0897e-06 -1.03211e-06 2.77234e-21 -1.42452e-06 1.38437e-21 0)
(3.16671e-06 -8.81431e-07 -3.02251e-22 -1.5235e-06 8.70793e-22 0)
(3.20766e-06 -7.48064e-07 -3.33847e-21 -1.58828e-06 -1.86548e-21 0)
(3.21723e-06 -6.34502e-07 2.0493e-21 -1.62714e-06 4.85052e-22 0)
(3.22711e-06 -5.3296e-07 9.194e-22 -1.64931e-06 5.46398e-22 0)
(1.47684e-06 -2.35048e-06 2.32159e-19 6.19197e-07 2.15055e-19 6.69365e-35)
(2.37584e-06 -1.98033e-06 -1.01855e-21 -3.49497e-07 7.52144e-22 0)
(2.85151e-06 -1.6295e-06 -1.97568e-21 -8.3837e-07 -9.21083e-22 0)
(3.14271e-06 -1.3429e-06 8.55763e-21 -1.18424e-06 2.00463e-21 0)
(3.30896e-06 -1.09497e-06 5.23394e-23 -1.38907e-06 -5.95932e-23 0)
(3.39598e-06 -8.90651e-07 -2.72654e-21 -1.52499e-06 -1.54805e-21 0)
(3.43421e-06 -7.1884e-07 -2.9205e-21 -1.60744e-06 -4.59515e-22 0)
(3.43878e-06 -5.73919e-07 -1.10082e-21 -1.65562e-06 -6.58423e-22 0)
(3.42369e-06 -4.56428e-07 1.21194e-22 -1.68677e-06 -9.12129e-22 0)
(3.39881e-06 -3.54539e-07 5.51821e-22 -1.68946e-06 1.153e-21 0)
(1.38819e-06 -1.35408e-07 1.83636e-21 -6.03523e-07 1.89879e-20 -1.12375e-35)
(1.50103e-06 -1.20669e-07 1.7181e-21 -6.49797e-07 1.77043e-20 -2.46705e-35)
(1.60469e-06 -1.07861e-07 -1.73445e-22 -6.92739e-07 1.54657e-20 -1.43788e-35)
(1.6979e-06 -9.62352e-08 1.62502e-22 -7.31593e-07 1.66587e-20 -6.30508e-37)
(1.78199e-06 -8.54549e-08 -8.72112e-22 -7.66549e-07 1.68104e-20 3.74192e-35)
(1.85734e-06 -7.58049e-08 5.70513e-22 -7.98056e-07 1.72782e-20 0)
(1.9249e-06 -6.69555e-08 5.3752e-22 -8.26255e-07 1.72501e-20 0)
(1.98511e-06 -5.89747e-08 1.05718e-21 -8.51484e-07 1.79025e-20 4.85165e-37)
(2.03871e-06 -5.16579e-08 9.61114e-22 -8.73942e-07 1.73817e-20 -1.26745e-35)
(2.08608e-06 -4.49543e-08 1.59885e-21 -8.93847e-07 1.85493e-20 8.21852e-37)
(2.12771e-06 -3.87181e-08 1.88849e-21 -9.11364e-07 1.77193e-20 -3.83484e-35)
(2.16388e-06 -3.28594e-08 -1.2949e-22 -9.2663e-07 1.69446e-20 1.28389e-35)
(2.19484e-06 -2.72623e-08 1.84122e-21 -9.39745e-07 1.76934e-20 -3.86886e-35)
(2.22077e-06 -2.1843e-08 -1.55503e-21 -9.50779e-07 1.49625e-20 -7.76528e-37)
(2.24172e-06 -1.65333e-08 3.7788e-22 -9.59764e-07 1.76123e-20 1.32348e-35)
(2.25781e-06 -1.13253e-08 2.29166e-22 -9.66738e-07 1.70737e-20 -3.132e-45)
(2.26899e-06 -6.29389e-09 -4.382e-22 -9.71676e-07 1.63278e-20 -1.41271e-37)
(2.27568e-06 -1.72437e-09 7.90921e-22 -9.74654e-07 1.77975e-20 1.01349e-37)
(2.27783e-06 1.78048e-09 4.30184e-22 -9.75568e-07 1.61369e-20 -3.99378e-35)
(2.2771e-06 2.60999e-09 1.31849e-20 -9.74251e-07 1.44705e-20 -2.67511e-35)
(1.54546e-06 -3.90868e-07 1.79684e-21 -6.82528e-07 2.20869e-21 0)
(1.6291e-06 -3.51677e-07 1.16387e-21 -7.17884e-07 3.19016e-22 0)
(1.7091e-06 -3.1716e-07 8.68125e-23 -7.50446e-07 -5.048e-22 0)
(1.78085e-06 -2.8496e-07 2.64552e-21 -7.80335e-07 2.38499e-21 0)
(1.84692e-06 -2.54786e-07 -5.08e-22 -8.07006e-07 -1.20013e-22 0)
(1.90657e-06 -2.27524e-07 -2.15767e-21 -8.31496e-07 -2.1865e-21 0)
(1.9609e-06 -2.02289e-07 1.0994e-21 -8.53472e-07 4.06864e-22 0)
(2.00981e-06 -1.79374e-07 0 -8.73451e-07 0 0)
(2.05395e-06 -1.58231e-07 5.23867e-22 -8.91422e-07 1.85561e-22 0)
(2.09346e-06 -1.38779e-07 1.07712e-21 -9.07621e-07 4.15173e-22 0)
(2.12871e-06 -1.20643e-07 3.2311e-21 -9.22123e-07 1.66955e-21 0)
(2.15988e-06 -1.03615e-07 1.45943e-23 -9.35044e-07 1.66817e-23 0)
(2.1872e-06 -8.74107e-08 4.18645e-22 -9.46439e-07 -3.26248e-22 0)
(2.21082e-06 -7.18374e-08 6.17244e-22 -9.56341e-07 7.05961e-22 0)
(2.23082e-06 -5.67403e-08 6.33235e-22 -9.64725e-07 7.26129e-22 0)
(2.24732e-06 -4.2113e-08 -6.27304e-22 -9.71505e-07 -7.22984e-22 0)
(2.26023e-06 -2.81302e-08 -6.30865e-22 -9.7645e-07 -7.31186e-22 0)
(2.26969e-06 -1.53992e-08 -1.26695e-21 -9.79156e-07 -1.47703e-21 0)
(2.27497e-06 -4.84288e-09 -9.58555e-24 -9.78691e-07 -1.04909e-23 0)
(2.27628e-06 7.76025e-10 1.57281e-20 -9.73552e-07 1.06048e-21 3.5576e-35)
(1.74386e-06 -5.66508e-07 4.91777e-22 -8.11652e-07 6.72461e-22 0)
(1.79648e-06 -5.13082e-07 6.70143e-22 -8.32684e-07 2.39163e-22 0)
(1.85101e-06 -4.65156e-07 -1.55885e-21 -8.50338e-07 -1.96265e-21 0)
(1.89879e-06 -4.20669e-07 -1.3907e-22 -8.67095e-07 3.5843e-22 0)
(1.9446e-06 -3.78286e-07 2.84245e-21 -8.81391e-07 2.36665e-21 0)
(1.98611e-06 -3.39819e-07 -2.25835e-21 -8.95084e-07 -2.15603e-21 0)
(2.02501e-06 -3.0383e-07 -6.01391e-22 -9.07418e-07 -6.96347e-22 0)
(2.06049e-06 -2.70954e-07 1.1494e-21 -9.19062e-07 1.30706e-21 0)
(2.09329e-06 -2.40431e-07 3.91331e-24 -9.29847e-07 -8.48655e-22 0)
(2.12316e-06 -2.12253e-07 -1.21624e-21 -9.39984e-07 -1.36733e-21 0)
(2.15047e-06 -1.85954e-07 1.16545e-21 -9.49463e-07 1.30551e-21 0)
(2.1752e-06 -1.61307e-07 1.8009e-21 -9.58344e-07 2.01845e-21 0)
(2.19752e-06 -1.37973e-07 1.37793e-23 -9.66609e-07 1.5184e-23 0)
(2.21749e-06 -1.15715e-07 -6.16641e-22 -9.74212e-07 -6.95119e-22 0)
(2.23513e-06 -9.43247e-08 6.10441e-22 -9.81008e-07 6.92289e-22 0)
(2.25046e-06 -7.3722e-08 8.99843e-29 -9.86724e-07 1.00195e-28 0)
(2.26314e-06 -5.39555e-08 -6.28943e-22 -9.90811e-07 -7.22266e-22 0)
(2.27302e-06 -3.5336e-08 8.57933e-23 -9.9238e-07 5.2175e-22 0)
(2.2785e-06 -1.84373e-08 -2.06506e-21 -9.89579e-07 -2.65813e-22 0)
(2.27945e-06 -4.01691e-09 1.62659e-20 -9.80325e-07 2.32856e-22 2.68519e-38)
(1.97152e-06 -6.90429e-07 0 -9.52655e-07 0 0)
(1.99198e-06 -6.29218e-07 7.16503e-22 -9.6051e-07 2.61045e-22 0)
(2.02069e-06 -5.72768e-07 5.6141e-22 -9.64035e-07 6.41542e-22 0)
(2.04342e-06 -5.21287e-07 6.16177e-22 -9.68494e-07 7.13305e-22 0)
(2.06791e-06 -4.71178e-07 0 -9.7067e-07 0 0)
(2.08987e-06 -4.257e-07 8.26648e-23 -9.73598e-07 -3.60154e-22 0)
(2.11198e-06 -3.82622e-07 -1.84281e-21 -9.76073e-07 -1.13184e-21 0)
(2.13256e-06 -3.43081e-07 -1.17688e-21 -9.78997e-07 -1.27873e-21 0)
(2.15259e-06 -3.06122e-07 -6.61015e-22 -9.82095e-07 -3.05171e-22 0)
(2.17143e-06 -2.71873e-07 -2.58012e-24 -9.85568e-07 8.17896e-22 0)
(2.18942e-06 -2.39829e-07 -5.80777e-22 -9.89354e-07 1.79818e-22 0)
(2.20634e-06 -2.09785e-07 1.21627e-21 -9.93455e-07 5.21814e-22 0)
(2.22228e-06 -1.8138e-07 1.15399e-21 -9.97788e-07 5.71348e-23 0)
(2.23717e-06 -1.54351e-07 2.8728e-23 -1.00222e-06 4.37287e-22 0)
(2.25089e-06 -1.28433e-07 5.04625e-23 -1.00652e-06 4.63575e-22 0)
(2.26334e-06 -1.03428e-07 -6.21821e-22 -1.01026e-06 -6.99558e-22 0)
(2.27396e-06 -7.92041e-08 -1.32805e-28 -1.01272e-06 -1.49493e-28 0)
(2.28245e-06 -5.56023e-08 1.32663e-21 -1.01285e-06 1.94495e-21 0)
(2.28679e-06 -3.2825e-08 -6.80105e-23 -1.00858e-06 -5.11557e-22 0)
(2.28704e-06 -9.21858e-09 1.38323e-20 -9.97762e-07 -2.30356e-21 -5.3618e-35)
(2.21849e-06 -7.54571e-07 5.58087e-23 -1.11026e-06 8.96031e-22 0)
(2.20559e-06 -6.93106e-07 -7.78632e-22 -1.10462e-06 -3.40267e-22 0)
(2.20834e-06 -6.33154e-07 -1.95907e-21 -1.09283e-06 -1.59656e-21 0)
(2.20535e-06 -5.80379e-07 1.28955e-21 -1.08447e-06 8.77895e-22 0)
(2.20815e-06 -5.27354e-07 3.35575e-21 -1.07377e-06 2.20451e-21 0)
(2.20982e-06 -4.7944e-07 -6.16784e-22 -1.0651e-06 -6.44683e-22 0)
(2.21441e-06 -4.33359e-07 0 -1.05683e-06 0 0)
(2.2192e-06 -3.90834e-07 6.0067e-22 -1.05006e-06 6.25081e-22 0)
(2.22551e-06 -3.50757e-07 -1.93141e-21 -1.04451e-06 -8.25394e-22 0)
(2.2323e-06 -3.13418e-07 -1.25351e-21 -1.04035e-06 -9.23996e-22 0)
(2.23991e-06 -2.7834e-07 6.90337e-23 -1.0375e-06 -7.13491e-22 0)
(2.24793e-06 -2.45365e-07 -6.32579e-22 -1.03594e-06 -1.06863e-21 0)
(2.25636e-06 -2.14152e-07 -6.25632e-23 -1.03552e-06 1.12255e-21 0)
(2.265e-06 -1.84412e-07 1.23597e-21 -1.03606e-06 1.74134e-21 0)
(2.27362e-06 -1.55826e-07 6.00958e-22 -1.03725e-06 2.5626e-22 0)
(2.28199e-06 -1.28035e-07 -2.32418e-23 -1.03861e-06 -4.34266e-22 0)
(2.28946e-06 -1.0072e-07 1.16489e-21 -1.03936e-06 4.79278e-22 0)
(2.29566e-06 -7.31979e-08 5.72937e-22 -1.03845e-06 2.30035e-22 0)
(2.29853e-06 -4.54448e-08 2.35273e-21 -1.03391e-06 1.85845e-21 0)
(2.29825e-06 -1.37926e-08 1.89331e-20 -1.02381e-06 2.38222e-21 5.54255e-35)
(2.47403e-06 -7.62247e-07 4.59645e-22 -1.26672e-06 6.31174e-22 0)
(2.42747e-06 -7.0847e-07 1.10778e-23 -1.24958e-06 2.42398e-23 0)
(2.40505e-06 -6.49837e-07 -1.41616e-21 -1.22336e-06 -9.81579e-22 0)
(2.37638e-06 -6.00972e-07 -3.40114e-21 -1.20319e-06 -2.54557e-21 0)
(2.35789e-06 -5.49356e-07 1.32859e-21 -1.18059e-06 9.05254e-22 0)
(2.33929e-06 -5.02896e-07 1.25107e-21 -1.16088e-06 1.24199e-21 0)
(2.32631e-06 -4.57388e-07 -6.12968e-22 -1.14242e-06 -6.09441e-22 0)
(2.31508e-06 -4.15041e-07 -9.78583e-23 -1.1262e-06 2.73335e-22 0)
(2.30729e-06 -3.74762e-07 2.68763e-21 -1.11208e-06 1.60115e-21 0)
(2.30152e-06 -3.36936e-07 -1.79758e-21 -1.10016e-06 -1.83391e-21 0)
(2.2981e-06 -3.01192e-07 -6.39422e-22 -1.09042e-06 -6.60494e-22 0)
(2.29648e-06 -2.6741e-07 1.73933e-21 -1.0828e-06 2.57504e-21 0)
(2.29657e-06 -2.35306e-07 -2.53671e-21 -1.07717e-06 -7.55507e-22 0)
(2.29807e-06 -2.04582e-07 -1.80989e-21 -1.07336e-06 -1.93335e-21 0)
(2.3007e-06 -1.74888e-07 3.90566e-24 -1.07105e-06 -3.90565e-22 0)
(2.30414e-06 -1.45732e-07 -2.43774e-21 -1.06981e-06 -1.86538e-21 0)
(2.30776e-06 -1.16645e-07 -1.77496e-23 -1.06893e-06 -1.66868e-23 0)
(2.31117e-06 -8.64981e-08 2.39654e-21 -1.06751e-06 2.29067e-21 0)
(2.31265e-06 -5.51388e-08 3.83003e-23 -1.064e-06 4.7283e-22 0)
(2.31228e-06 -1.73543e-08 1.97651e-20 -1.05674e-06 8.90826e-22 -4.22171e-37)
(2.72569e-06 -7.13442e-07 -4.81675e-22 -1.4139e-06 -6.17575e-22 0)
(2.64695e-06 -6.75944e-07 6.65248e-22 -1.38843e-06 6.07242e-22 0)
(2.6018e-06 -6.23653e-07 8.20763e-22 -1.35026e-06 4.28765e-22 0)
(2.54869e-06 -5.83649e-07 -6.49078e-22 -1.3197e-06 -6.08579e-22 0)
(2.51017e-06 -5.38068e-07 -1.53667e-21 -1.28686e-06 -7.67571e-22 0)
(2.47213e-06 -4.9678e-07 7.50164e-22 -1.25682e-06 3.73059e-22 0)
(2.442e-06 -4.55342e-07 2.1236e-21 -1.2287e-06 1.36639e-21 0)
(2.41506e-06 -4.16044e-07 -3.41673e-21 -1.20324e-06 -2.29404e-21 0)
(2.39318e-06 -3.78155e-07 -2.10746e-21 -1.18063e-06 -1.38821e-21 0)
(2.3748e-06 -3.42097e-07 3.3078e-21 -1.16095e-06 2.23996e-21 0)
(2.36014e-06 -3.07726e-07 -1.34863e-21 -1.14425e-06 -6.45005e-22 0)
(2.34857e-06 -2.74988e-07 1.78833e-21 -1.13046e-06 1.83135e-21 0)
(2.33992e-06 -2.43693e-07 1.92453e-21 -1.11952e-06 1.25393e-21 0)
(2.33382e-06 -2.1356e-07 -1.12445e-21 -1.11123e-06 -1.56437e-21 0)
(2.32997e-06 -1.84235e-07 -7.31867e-22 -1.10537e-06 3.80466e-22 0)
(2.32801e-06 -1.55132e-07 3.47466e-23 -1.10158e-06 3.20491e-23 0)
(2.32743e-06 -1.2568e-07 -2.97056e-21 -1.09933e-06 -2.47187e-21 0)
(2.32781e-06 -9.44225e-08 5.90086e-22 -1.09797e-06 6.62697e-22 0)
(2.32807e-06 -6.11505e-08 1.16924e-21 -1.09648e-06 9.14869e-22 0)
(2.32793e-06 -1.96424e-08 2.03581e-20 -1.09361e-06 7.39043e-22 -1.82384e-37)
(2.9603e-06 -6.11771e-07 5.78936e-24 -1.53892e-06 1.96806e-23 0)
(2.85315e-06 -5.9893e-07 -6.87753e-22 -1.50922e-06 -6.04919e-22 0)
(2.78912e-06 -5.58418e-07 1.47146e-22 -1.46412e-06 -1.60424e-22 0)
(2.71424e-06 -5.3059e-07 0 -1.42501e-06 0 0)
(2.65773e-06 -4.95166e-07 0 -1.38512e-06 0 0)
(2.60251e-06 -4.61948e-07 -2.0592e-21 -1.3471e-06 -1.61212e-21 0)
(2.55656e-06 -4.27783e-07 1.83253e-21 -1.31145e-06 1.70842e-21 0)
(2.51513e-06 -3.94328e-07 3.86307e-21 -1.27833e-06 3.36833e-21 0)
(2.47981e-06 -3.61453e-07 -2.92249e-21 -1.24829e-06 -2.80603e-21 0)
(2.44923e-06 -3.29486e-07 -2.55956e-21 -1.22145e-06 -2.17918e-21 0)
(2.42345e-06 -2.98536e-07 1.18063e-21 -1.19802e-06 1.17377e-21 0)
(2.40189e-06 -2.68636e-07 -1.14923e-22 -1.17809e-06 2.32696e-22 0)
(2.38433e-06 -2.39728e-07 2.01871e-21 -1.16166e-06 9.97783e-22 0)
(2.37038e-06 -2.11605e-07 3.14539e-21 -1.14869e-06 2.17574e-21 0)
(2.35977e-06 -1.8396e-07 4.29471e-23 -1.13907e-06 3.92352e-23 0)
(2.35214e-06 -1.56187e-07 1.42914e-21 -1.1326e-06 -3.91693e-22 0)
(2.34718e-06 -1.27682e-07 0 -1.12904e-06 0 0)
(2.34443e-06 -9.68115e-08 -1.2044e-21 -1.12804e-06 -5.32067e-22 0)
(2.34367e-06 -6.33591e-08 5.79433e-22 -1.1292e-06 2.45292e-22 0)
(2.34405e-06 -2.05958e-08 2.26671e-20 -1.13176e-06 1.23563e-21 -5.09716e-37)
(3.16784e-06 -4.67053e-07 -4.53934e-24 -1.63269e-06 -1.72152e-23 0)
(3.03637e-06 -4.83397e-07 8.53296e-22 -1.60172e-06 5.09973e-22 0)
(2.95915e-06 -4.63064e-07 -8.48727e-22 -1.56013e-06 -5.16915e-22 0)
(2.86748e-06 -4.49814e-07 -8.35328e-22 -1.51577e-06 -5.03437e-22 0)
(2.79472e-06 -4.28794e-07 2.2937e-21 -1.47137e-06 1.56461e-21 0)
(2.72485e-06 -4.05634e-07 1.63378e-21 -1.42681e-06 9.75406e-22 0)
(2.66445e-06 -3.80396e-07 -2.17026e-21 -1.38452e-06 -1.45257e-21 0)
(2.61008e-06 -3.54038e-07 2.87584e-22 -1.34477e-06 -3.05619e-22 0)
(2.56252e-06 -3.2729e-07 4.92926e-22 -1.30827e-06 4.57031e-22 0)
(2.52078e-06 -3.00555e-07 -2.66613e-22 -1.2753e-06 3.60309e-22 0)
(2.48468e-06 -2.74178e-07 -2.20298e-21 -1.24612e-06 -1.20811e-21 0)
(2.45373e-06 -2.48307e-07 1.97289e-23 -1.22087e-06 1.90263e-23 0)
(2.42765e-06 -2.22986e-07 -1.00911e-21 -1.19967e-06 -1.3721e-21 0)
(2.40609e-06 -1.98084e-07 -3.40636e-23 -1.18257e-06 -3.11531e-23 0)
(2.38884e-06 -1.7335e-07 1.28662e-21 -1.16964e-06 6.26635e-22 0)
(2.37555e-06 -1.48205e-07 -2.56802e-23 -1.16086e-06 -2.24404e-23 0)
(2.36622e-06 -1.22055e-07 1.57094e-21 -1.1563e-06 2.10507e-21 0)
(2.36034e-06 -9.3232e-08 -5.92296e-22 -1.15594e-06 -2.65118e-22 0)
(2.35864e-06 -6.15142e-08 -2.77755e-21 -1.16011e-06 -2.74844e-21 0)
(2.35961e-06 -2.01382e-08 2.04484e-20 -1.1686e-06 -9.8317e-22 -4.03197e-35)
(3.33309e-06 -2.81403e-07 -1.0877e-22 -1.69373e-06 -5.48468e-23 0)
(3.19688e-06 -3.17187e-07 -9.14775e-22 -1.65578e-06 -5.39291e-22 0)
(3.10864e-06 -3.25614e-07 7.42992e-22 -1.62707e-06 5.83355e-22 0)
(3.0105e-06 -3.29033e-07 -1.94512e-21 -1.58666e-06 -1.77098e-21 0)
(2.92459e-06 -3.27398e-07 -2.00095e-21 -1.54464e-06 -1.66331e-21 0)
(2.84339e-06 -3.19923e-07 1.18433e-21 -1.49965e-06 1.22265e-21 0)
(2.76999e-06 -3.08378e-07 1.02977e-21 -1.45436e-06 1.22709e-21 0)
(2.70339e-06 -2.9344e-07 1.79383e-21 -1.41016e-06 1.61648e-21 0)
(2.64392e-06 -2.76153e-07 -2.1041e-21 -1.36819e-06 -1.57092e-21 0)
(2.59111e-06 -2.57297e-07 5.24407e-24 -1.32932e-06 4.31278e-23 0)
(2.54474e-06 -2.375e-07 -2.57068e-23 -1.29415e-06 -1.28578e-22 0)
(2.50439e-06 -2.17208e-07 -1.64612e-21 -1.26313e-06 -1.60866e-21 0)
(2.46978e-06 -1.96691e-07 0 -1.23657e-06 0 0)
(2.44057e-06 -1.76013e-07 -1.48983e-21 -1.21474e-06 -4.84288e-22 0)
(2.4166e-06 -1.55072e-07 -7.00942e-24 -1.19788e-06 -2.96993e-23 0)
(2.39756e-06 -1.33421e-07 -1.92392e-21 -1.18624e-06 -9.37001e-22 0)
(2.38371e-06 -1.10557e-07 5.27464e-22 -1.18022e-06 5.56309e-22 0)
(2.37455e-06 -8.49365e-08 1.21329e-21 -1.18019e-06 5.55426e-22 0)
(2.37184e-06 -5.63625e-08 1.5071e-23 -1.18722e-06 -1.23213e-24 0)
(2.37347e-06 -1.84808e-08 2.20327e-20 -1.20171e-06 -9.65296e-23 -1.77591e-37)
(3.41399e-06 -1.28498e-07 9.41624e-22 -1.69907e-06 8.28388e-22 0)
(3.28984e-06 -1.4762e-07 -8.70556e-22 -1.66714e-06 -5.47365e-22 0)
(3.19444e-06 -1.82889e-07 -5.04623e-22 -1.64701e-06 -4.18828e-22 0)
(3.09704e-06 -1.99614e-07 8.36498e-22 -1.61422e-06 5.11431e-22 0)
(3.00683e-06 -2.11387e-07 -1.65286e-21 -1.57579e-06 -7.5138e-22 0)
(2.92122e-06 -2.16679e-07 -1.11474e-21 -1.53367e-06 -5.26723e-22 0)
(2.84228e-06 -2.16863e-07 -1.39049e-21 -1.48958e-06 -1.00903e-21 0)
(2.76949e-06 -2.1284e-07 1.67072e-22 -1.44541e-06 -1.16575e-22 0)
(2.70347e-06 -2.05413e-07 2.81026e-21 -1.40248e-06 1.7916e-21 0)
(2.64393e-06 -1.95431e-07 -9.67376e-23 -1.36191e-06 -1.03964e-22 0)
(2.59089e-06 -1.83549e-07 1.50184e-21 -1.32454e-06 8.50824e-22 0)
(2.54408e-06 -1.70319e-07 -7.41749e-23 -1.29104e-06 -8.39865e-23 0)
(2.50335e-06 -1.5612e-07 5.49241e-36 -1.26193e-06 5.57595e-36 0)
(2.46846e-06 -1.4115e-07 -6.6017e-22 -1.23768e-06 -3.29049e-22 0)
(2.43937e-06 -1.2544e-07 6.45334e-22 -1.21876e-06 3.14363e-22 0)
(2.41586e-06 -1.0872e-07 -2.90225e-23 -1.20565e-06 -4.18767e-23 0)
(2.39848e-06 -9.06344e-08 1.02102e-22 -1.19907e-06 -2.7236e-22 0)
(2.38671e-06 -6.99873e-08 5.87322e-24 -1.19974e-06 1.94352e-23 0)
(2.38309e-06 -4.66397e-08 -5.94864e-24 -1.20934e-06 7.74307e-24 0)
(2.38504e-06 -1.51989e-08 2.39489e-20 -1.22888e-06 1.22399e-22 2.13433e-37)
(3.34654e-06 2.15461e-08 8.74263e-22 -1.63732e-06 6.91353e-22 0)
(3.26372e-06 -4.15999e-10 0 -1.64636e-06 0 0)
(3.17739e-06 -4.34609e-08 -6.82117e-22 -1.63087e-06 -6.00923e-22 0)
(3.09103e-06 -7.16963e-08 8.91503e-36 -1.60598e-06 7.21688e-36 0)
(3.00869e-06 -9.39323e-08 2.04283e-36 -1.5731e-06 1.48187e-36 0)
(2.92917e-06 -1.09687e-07 9.68864e-36 -1.53557e-06 7.20466e-36 0)
(2.85455e-06 -1.19867e-07 1.48635e-35 -1.49516e-06 1.20086e-35 0)
(2.78454e-06 -1.25389e-07 -5.9778e-22 -1.45378e-06 -5.60063e-22 0)
(2.72e-06 -1.26977e-07 0 -1.41285e-06 0 0)
(2.66089e-06 -1.2543e-07 5.71236e-22 -1.3736e-06 5.53381e-22 0)
(2.60748e-06 -1.21384e-07 -8.18833e-37 -1.33697e-06 -1.37351e-36 0)
(2.55969e-06 -1.15404e-07 -5.49509e-22 -1.30379e-06 -5.51177e-22 0)
(2.51758e-06 -1.07898e-07 5.4047e-22 -1.27471e-06 5.51485e-22 0)
(2.48108e-06 -9.9143e-08 7.75867e-36 -1.25034e-06 5.65159e-36 0)
(2.45033e-06 -8.92459e-08 -5.26031e-22 -1.23132e-06 -5.54609e-22 0)
(2.42524e-06 -7.81218e-08 -4.66249e-36 -1.2183e-06 -4.30992e-36 0)
(2.40662e-06 -6.55248e-08 5.16648e-22 -1.21224e-06 5.6117e-22 0)
(2.39401e-06 -5.0708e-08 5.13941e-22 -1.21406e-06 5.66064e-22 0)
(2.39057e-06 -3.3689e-08 -5.54602e-36 -1.22595e-06 -4.83639e-36 0)
(2.39336e-06 -1.07088e-08 2.45956e-20 -1.24907e-06 -4.91101e-36 -1.45092e-49)
(3.28817e-06 1.72026e-07 1.61994e-22 -1.57348e-06 2.79973e-22 0)
(3.21755e-06 1.37487e-07 -5.56889e-22 -1.59494e-06 -3.42399e-22 0)
(3.14893e-06 8.67466e-08 -1.24257e-21 -1.59221e-06 -9.4562e-22 0)
(3.07284e-06 4.9229e-08 0 -1.57729e-06 0 0)
(2.99971e-06 1.81775e-08 6.48643e-23 -1.55308e-06 2.535e-22 0)
(2.92653e-06 -6.5262e-09 -5.36696e-22 -1.52251e-06 -7.40243e-23 0)
(2.85679e-06 -2.53894e-08 -1.1977e-21 -1.48776e-06 -8.929e-22 0)
(2.79009e-06 -3.93981e-08 -1.76963e-21 -1.4508e-06 -1.19132e-21 0)
(2.72776e-06 -4.9121e-08 5.85589e-22 -1.41325e-06 5.64368e-22 0)
(2.66987e-06 -5.53189e-08 -1.1701e-21 -1.37647e-06 -5.90995e-22 0)
(2.61694e-06 -5.85709e-08 -5.84285e-22 -1.34159e-06 -2.88009e-22 0)
(2.56906e-06 -5.94345e-08 -1.16662e-21 -1.30956e-06 -5.62266e-22 0)
(2.52646e-06 -5.83415e-08 -1.16449e-21 -1.28121e-06 -5.50095e-22 0)
(2.48919e-06 -5.56289e-08 -5.81173e-22 -1.25731e-06 -2.69916e-22 0)
(2.45754e-06 -5.14947e-08 -1.1603e-21 -1.23865e-06 -5.31821e-22 0)
(2.43159e-06 -4.60331e-08 -1.15841e-21 -1.22604e-06 -5.26408e-22 0)
(2.41227e-06 -3.91253e-08 -5.17862e-22 -1.22068e-06 -5.61535e-22 0)
(2.39921e-06 -3.05837e-08 -5.77537e-22 -1.22351e-06 -2.62661e-22 0)
(2.39594e-06 -2.03229e-08 -5.76711e-22 -1.23701e-06 -2.65558e-22 0)
(2.39915e-06 -6.126e-09 2.44473e-20 -1.26273e-06 -2.71081e-22 -1.1071e-49)
(3.20454e-06 2.88606e-07 3.18684e-21 -1.50505e-06 2.68764e-21 0)
(3.1501e-06 2.53323e-07 5.04347e-22 -1.53929e-06 3.30452e-22 0)
(3.09717e-06 2.00241e-07 -1.84852e-21 -1.54652e-06 -1.54142e-21 0)
(3.0326e-06 1.58345e-07 1.89252e-35 -1.54023e-06 1.57817e-35 0)
(2.96972e-06 1.21528e-07 7.35083e-22 -1.52367e-06 8.57225e-22 0)
(2.90447e-06 9.04264e-08 -1.00565e-36 -1.49952e-06 -5.91455e-37 0)
(2.84128e-06 6.47378e-08 5.52984e-22 -1.47029e-06 3.15638e-22 0)
(2.77967e-06 4.3769e-08 -1.19347e-21 -1.43794e-06 -1.15212e-21 0)
(2.72129e-06 2.70976e-08 2.36662e-35 -1.4042e-06 1.97762e-35 0)
(2.66636e-06 1.40989e-08 1.14482e-21 -1.37051e-06 1.13753e-21 0)
(2.61558e-06 4.2729e-09 -5.64308e-22 -1.33809e-06 -2.87259e-22 0)
(2.56919e-06 -2.89297e-09 -6.64562e-36 -1.308e-06 -5.29422e-36 0)
(2.52754e-06 -7.82274e-09 -2.83455e-35 -1.28115e-06 -2.60991e-35 0)
(2.49084e-06 -1.09091e-08 5.66457e-22 -1.25842e-06 2.70154e-22 0)
(2.45949e-06 -1.24004e-08 -1.68679e-35 -1.24068e-06 -1.43821e-35 0)
(2.4337e-06 -1.2646e-08 -1.04492e-21 -1.22892e-06 -1.12257e-21 0)
(2.41439e-06 -1.14583e-08 7.46376e-36 -1.22428e-06 5.67569e-36 0)
(2.40157e-06 -9.52749e-09 4.64478e-22 -1.22801e-06 8.61493e-22 0)
(2.39881e-06 -5.95276e-09 -5.66174e-22 -1.24304e-06 -2.66853e-22 0)
(2.40227e-06 -1.04112e-09 2.46923e-20 -1.27013e-06 -2.72669e-22 0)
(3.10399e-06 3.85474e-07 8.7579e-22 -1.4297e-06 6.13848e-22 0)
(3.06411e-06 3.49723e-07 1.11602e-21 -1.47253e-06 9.24503e-22 0)
(3.02623e-06 2.9698e-07 9.52194e-22 -1.48836e-06 6.39037e-22 0)
(2.97387e-06 2.53175e-07 1.53765e-36 -1.4906e-06 1.9332e-36 0)
(2.9221e-06 2.13049e-07 1.63567e-21 -1.48193e-06 1.23193e-21 0)
(2.86597e-06 1.77747e-07 -1.00442e-22 -1.46484e-06 -2.76667e-22 0)
(2.8106e-06 1.47146e-07 -7.98214e-23 -1.44184e-06 -2.77199e-22 0)
(2.75542e-06 1.20856e-07 1.06142e-21 -1.41488e-06 6.07489e-22 0)
(2.70239e-06 9.86144e-08 5.80143e-22 -1.38576e-06 5.78843e-22 0)
(2.65179e-06 7.99602e-08 1.11044e-21 -1.35595e-06 8.66584e-22 0)
(2.60451e-06 6.44961e-08 1.08973e-21 -1.32676e-06 5.69654e-22 0)
(2.5609e-06 5.17857e-08 -1.98562e-24 -1.29932e-06 -2.91082e-22 0)
(2.52144e-06 4.1425e-08 5.5881e-22 -1.27463e-06 -2.05693e-23 0)
(2.48646e-06 3.30308e-08 5.51794e-22 -1.25365e-06 2.69131e-22 0)
(2.45633e-06 2.62323e-08 1.63354e-21 -1.23728e-06 1.09561e-21 0)
(2.43164e-06 2.07042e-08 5.54074e-22 -1.22667e-06 2.63338e-22 0)
(2.41258e-06 1.617e-08 0 -1.2228e-06 0 0)
(2.40135e-06 1.19233e-08 1.62603e-21 -1.22776e-06 1.08753e-21 0)
(2.39529e-06 9.24705e-09 1.64333e-21 -1.24111e-06 9.45326e-22 0)
(2.40312e-06 3.45042e-09 2.63758e-20 -1.27007e-06 5.45313e-22 0)
(2.9936e-06 4.59903e-07 -4.74236e-22 -1.35443e-06 -3.40604e-22 0)
(2.96695e-06 4.26343e-07 -4.18871e-22 -1.40371e-06 -3.01345e-22 0)
(2.9424e-06 3.76703e-07 -6.31669e-22 -1.42644e-06 -6.00833e-22 0)
(2.90179e-06 3.33512e-07 0 -1.43572e-06 0 0)
(2.86087e-06 2.92292e-07 6.14166e-22 -1.43387e-06 5.97691e-22 0)
(2.81422e-06 2.54744e-07 1.08955e-21 -1.42317e-06 9.00305e-22 0)
(2.76726e-06 2.20893e-07 -1.09073e-21 -1.40607e-06 -8.93357e-22 0)
(2.71935e-06 1.90724e-07 -5.83785e-22 -1.38443e-06 -5.88099e-22 0)
(2.67261e-06 1.6414e-07 5.73751e-22 -1.36005e-06 5.84713e-22 0)
(2.62741e-06 1.40879e-07 5.20943e-22 -1.33442e-06 2.86471e-22 0)
(2.58473e-06 1.20662e-07 -9.2205e-38 -1.30887e-06 -1.01838e-36 0)
(2.54502e-06 1.03152e-07 5.31041e-22 -1.28455e-06 2.75765e-22 0)
(2.50886e-06 8.79836e-08 1.85545e-36 -1.26251e-06 1.97226e-36 0)
(2.47661e-06 7.47928e-08 -5.3768e-22 -1.24371e-06 -2.66998e-22 0)
(2.44886e-06 6.31215e-08 1.81108e-36 -1.22915e-06 1.95368e-36 0)
(2.42588e-06 5.26415e-08 5.41794e-22 -1.21984e-06 2.61874e-22 0)
(2.40888e-06 4.25338e-08 -5.17134e-22 -1.21705e-06 -5.61478e-22 0)
(2.3977e-06 3.26214e-08 -1.06503e-37 -1.22232e-06 1.01317e-36 0)
(2.39577e-06 2.15349e-08 -1.8785e-36 -1.2371e-06 -9.14907e-37 0)
(2.3994e-06 8.0585e-09 2.50558e-20 -1.26307e-06 4.02087e-35 -7.39032e-50)
(2.8774e-06 5.15568e-07 6.84016e-22 -1.28042e-06 6.28243e-22 0)
(2.86225e-06 4.85421e-07 3.85916e-22 -1.33347e-06 2.86267e-22 0)
(2.84927e-06 4.40278e-07 -6.11675e-22 -1.36127e-06 -5.96735e-22 0)
(2.81969e-06 3.99176e-07 8.57244e-36 -1.37629e-06 7.16859e-36 0)
(2.78914e-06 3.58471e-07 -9.05517e-37 -1.38033e-06 -9.21852e-37 0)
(2.75199e-06 3.20209e-07 4.5962e-22 -1.37549e-06 2.95288e-22 0)
(2.71368e-06 2.84562e-07 4.72871e-22 -1.36399e-06 2.92819e-22 0)
(2.67355e-06 2.51837e-07 -5.73953e-22 -1.34761e-06 -5.9248e-22 0)
(2.63376e-06 2.22098e-07 0 -1.32807e-06 0 0)
(2.59471e-06 1.95278e-07 1.05966e-21 -1.30683e-06 8.67027e-22 0)
(2.55747e-06 1.71224e-07 -7.28381e-36 -1.28521e-06 -5.90781e-36 0)
(2.52252e-06 1.49697e-07 -2.58326e-23 -1.26435e-06 -3.08543e-22 0)
(2.49052e-06 1.304e-07 5.3466e-22 -1.2453e-06 5.76607e-22 0)
(2.46186e-06 1.12964e-07 5.24636e-22 -1.22903e-06 2.63845e-22 0)
(2.43717e-06 9.69529e-08 -5.23206e-22 -1.2165e-06 -5.69496e-22 0)
(2.41672e-06 8.18098e-08 5.30436e-22 -1.20866e-06 2.59473e-22 0)
(2.40166e-06 6.6932e-08 5.15585e-22 -1.20676e-06 5.612e-22 0)
(2.39169e-06 5.11682e-08 5.13444e-22 -1.21176e-06 5.56072e-22 0)
(2.39012e-06 3.4202e-08 -3.68961e-36 -1.22572e-06 -1.81298e-36 0)
(2.39378e-06 1.25411e-08 2.46669e-20 -1.25021e-06 -5.57493e-36 -1.45512e-49)
(2.75876e-06 5.5417e-07 3.35034e-22 -1.20997e-06 2.59755e-22 0)
(2.75338e-06 5.28362e-07 3.59101e-22 -1.2648e-06 2.71525e-22 0)
(2.75023e-06 4.88689e-07 3.8182e-22 -1.29602e-06 2.78228e-22 0)
(2.73067e-06 4.50761e-07 0 -1.31532e-06 0 0)
(2.70971e-06 4.11773e-07 4.21064e-22 -1.32409e-06 2.84253e-22 0)
(2.68175e-06 3.73977e-07 0 -1.32423e-06 0 0)
(2.65205e-06 3.3769e-07 4.52501e-22 -1.31772e-06 2.82887e-22 0)
(2.6199e-06 3.03497e-07 0 -1.30622e-06 0 0)
(2.58744e-06 2.71614e-07 0 -1.29135e-06 0 0)
(2.55508e-06 2.4216e-07 0 -1.27447e-06 0 0)
(2.52389e-06 2.15105e-07 4.95062e-22 -1.25687e-06 2.69822e-22 0)
(2.49438e-06 1.90317e-07 0 -1.23964e-06 0 0)
(2.46722e-06 1.67565e-07 0 -1.22379e-06 0 0)
(2.44284e-06 1.46513e-07 5.13069e-22 -1.21024e-06 2.59812e-22 0)
(2.42185e-06 1.26715e-07 0 -1.1999e-06 0 0)
(2.40448e-06 1.07555e-07 0 -1.19362e-06 0 0)
(2.3918e-06 8.83206e-08 0 -1.19245e-06 0 0)
(2.38351e-06 6.76786e-08 5.25017e-22 -1.1974e-06 2.57055e-22 0)
(2.38247e-06 4.53094e-08 5.26827e-22 -1.21001e-06 2.59762e-22 0)
(2.38587e-06 1.63891e-08 2.46265e-20 -1.23146e-06 2.64368e-22 1.18189e-64)
(2.63958e-06 5.78195e-07 -9.29879e-22 -1.14367e-06 -8.41499e-22 0)
(2.64232e-06 5.57085e-07 0 -1.1984e-06 0 0)
(2.64745e-06 5.23149e-07 -3.61271e-22 -1.23153e-06 -2.64383e-22 0)
(2.63688e-06 4.88927e-07 0 -1.25378e-06 0 0)
(2.62474e-06 4.52388e-07 -4.02198e-22 -1.26621e-06 -2.71827e-22 0)
(2.60555e-06 4.15875e-07 -4.19912e-22 -1.2705e-06 -2.7275e-22 0)
(2.58426e-06 3.79831e-07 0 -1.2684e-06 0 0)
(2.56014e-06 3.45055e-07 0 -1.26138e-06 0 0)
(2.53521e-06 3.119e-07 0 -1.25092e-06 0 0)
(2.50987e-06 2.80643e-07 -4.73386e-22 -1.23831e-06 -2.65838e-22 0)
(2.48516e-06 2.51368e-07 -4.82815e-22 -1.22472e-06 -2.62921e-22 0)
(2.46158e-06 2.24045e-07 -4.90877e-22 -1.21119e-06 -2.60016e-22 0)
(2.43981e-06 1.98514e-07 0 -1.19866e-06 0 0)
(2.42024e-06 1.74479e-07 0 -1.18797e-06 0 0)
(2.40345e-06 1.51525e-07 0 -1.17993e-06 0 0)
(2.38965e-06 1.28971e-07 -5.11786e-22 -1.17525e-06 -2.52301e-22 0)
(2.37972e-06 1.06116e-07 0 -1.1748e-06 0 0)
(2.37335e-06 8.13804e-08 -5.17362e-22 -1.17931e-06 -2.53173e-22 0)
(2.3729e-06 5.44023e-08 -5.19522e-22 -1.19006e-06 -2.55481e-22 0)
(2.37592e-06 1.94763e-08 2.28588e-20 -1.20791e-06 -2.59311e-22 -1.03443e-49)
(2.52093e-06 5.8947e-07 -1.71004e-21 -1.08186e-06 -1.71129e-21 0)
(2.53042e-06 5.73027e-07 -3.22358e-22 -1.1351e-06 -2.4368e-22 0)
(2.54254e-06 5.44719e-07 3.74801e-37 -1.16887e-06 1.20037e-36 0)
(2.54002e-06 5.14396e-07 2.29405e-37 -1.1929e-06 1.2143e-36 0)
(2.53595e-06 4.80709e-07 5.44414e-22 -1.208e-06 5.94272e-22 0)
(2.52508e-06 4.46008e-07 -9.48401e-22 -1.21564e-06 -8.58788e-22 0)
(2.51194e-06 4.10845e-07 -9.62309e-22 -1.21729e-06 -8.60775e-22 0)
(2.49578e-06 3.76178e-07 0 -1.21429e-06 0 0)
(2.47847e-06 3.42469e-07 5.32073e-22 -1.20793e-06 5.9842e-22 0)
(2.46035e-06 3.10128e-07 6.50821e-23 -1.19938e-06 3.38776e-22 0)
(2.44241e-06 2.79337e-07 1.46004e-36 -1.18971e-06 -2.77975e-37 0)
(2.42512e-06 2.5016e-07 -1.0027e-21 -1.17986e-06 -8.42781e-22 0)
(2.40911e-06 2.22508e-07 -5.17183e-22 -1.17067e-06 -5.85074e-22 0)
(2.39476e-06 1.96133e-07 -4.95787e-22 -1.1629e-06 -2.49649e-22 0)
(2.38256e-06 1.70657e-07 5.11484e-22 -1.1572e-06 5.74217e-22 0)
(2.3727e-06 1.45398e-07 -5.05159e-22 -1.15417e-06 -2.47775e-22 0)
(2.36583e-06 1.19647e-07 3.49371e-36 -1.15439e-06 1.70247e-36 0)
(2.36164e-06 9.17154e-08 5.06993e-22 -1.1584e-06 5.50798e-22 0)
(2.36182e-06 6.12329e-08 0 -1.16693e-06 0 0)
(2.36435e-06 2.17979e-08 2.25446e-20 -1.18047e-06 3.60397e-35 -6.64964e-50)
(2.40313e-06 5.89607e-07 5.15899e-22 -1.02415e-06 5.40553e-22 0)
(2.4183e-06 5.77464e-07 1.31909e-36 -1.07478e-06 6.95478e-37 0)
(2.43643e-06 5.5433e-07 -5.23048e-22 -1.1082e-06 -5.73478e-22 0)
(2.44123e-06 5.27792e-07 0 -1.13308e-06 0 0)
(2.44465e-06 4.97071e-07 5.24813e-22 -1.15005e-06 5.91553e-22 0)
(2.4417e-06 4.64473e-07 5.2418e-22 -1.16035e-06 5.96475e-22 0)
(2.43647e-06 4.30627e-07 -5.23058e-22 -1.16522e-06 -5.99205e-22 0)
(2.42818e-06 3.96602e-07 -5.21277e-22 -1.16581e-06 -6.00152e-22 0)
(2.41851e-06 3.6294e-07 5.19201e-22 -1.16325e-06 5.99595e-22 0)
(2.40773e-06 3.30149e-07 -1.15483e-35 -1.15855e-06 -9.52665e-36 0)
(2.39674e-06 2.98492e-07 -6.59657e-36 -1.15265e-06 -4.60688e-36 0)
(2.38596e-06 2.6811e-07 2.00015e-37 -1.14641e-06 2.31446e-36 0)
(2.37598e-06 2.38979e-07 8.53753e-36 -1.14054e-06 7.67669e-36 0)
(2.36712e-06 2.10908e-07 1.03171e-35 -1.13569e-06 8.52005e-36 0)
(2.3598e-06 1.83571e-07 3.4082e-36 -1.13237e-06 1.66999e-36 0)
(2.35414e-06 1.56318e-07 -1.71965e-36 -1.131e-06 -8.33988e-37 0)
(2.35056e-06 1.28474e-07 -5.04614e-22 -1.13191e-06 -5.59482e-22 0)
(2.34874e-06 9.83209e-08 -3.49593e-36 -1.13532e-06 -1.67927e-36 0)
(2.34962e-06 6.54883e-08 -6.97917e-36 -1.14144e-06 -5.38518e-36 0)
(2.35164e-06 2.32222e-08 2.16271e-20 -1.15037e-06 -1.70153e-36 0)
(2.28598e-06 5.79623e-07 -1.53854e-21 -9.70065e-07 -1.63101e-21 0)
(2.30617e-06 5.71182e-07 -2.75561e-36 -1.01735e-06 -2.64673e-36 0)
(2.32968e-06 5.52567e-07 -5.50667e-37 -1.04971e-06 4.01461e-37 0)
(2.34131e-06 5.29509e-07 9.23484e-37 -1.07476e-06 1.06479e-36 0)
(2.35183e-06 5.01681e-07 5.04887e-22 -1.09298e-06 5.88418e-22 0)
(2.35655e-06 4.71315e-07 -5.059e-22 -1.10541e-06 -5.9456e-22 0)
(2.35907e-06 4.39087e-07 -5.06441e-22 -1.11304e-06 -5.98277e-22 0)
(2.35858e-06 4.06127e-07 0 -1.11685e-06 0 0)
(2.35655e-06 3.73028e-07 5.059e-22 -1.11777e-06 5.9998e-22 0)
(2.35317e-06 3.40364e-07 5.05175e-22 -1.11669e-06 5.98531e-22 0)
(2.34923e-06 3.08455e-07 -3.13964e-36 -1.11441e-06 -1.62087e-36 0)
(2.3451e-06 2.775e-07 -5.03442e-22 -1.11165e-06 -5.92091e-22 0)
(2.34128e-06 2.47532e-07 -5.02622e-22 -1.10902e-06 -5.87375e-22 0)
(2.33807e-06 2.18418e-07 1.76708e-36 -1.10705e-06 3.17774e-36 0)
(2.33579e-06 1.89892e-07 5.01442e-22 -1.1061e-06 5.75222e-22 0)
(2.3345e-06 1.61376e-07 1.72649e-36 -1.10643e-06 1.95565e-36 0)
(2.33438e-06 1.32258e-07 0 -1.10807e-06 0 0)
(2.33508e-06 1.00906e-07 5.01291e-22 -1.11094e-06 5.48754e-22 0)
(2.33678e-06 6.69789e-08 -6.94736e-36 -1.11465e-06 -5.33711e-36 0)
(2.33834e-06 2.36848e-08 2.06665e-20 -1.11889e-06 -1.65496e-36 0)
(2.16893e-06 5.60142e-07 -2.8838e-23 -9.18436e-07 -1.47605e-23 0)
(2.19388e-06 5.54642e-07 -3.05599e-22 -9.62014e-07 -2.06523e-22 0)
(2.22251e-06 5.39752e-07 -4.77124e-22 -9.92953e-07 -5.61154e-22 0)
(2.2408e-06 5.19745e-07 0 -1.0178e-06 0 0)
(2.25828e-06 4.94617e-07 4.84804e-22 -1.03693e-06 5.84974e-22 0)
(2.27059e-06 4.66511e-07 8.79314e-22 -1.05115e-06 8.17828e-22 0)
(2.28082e-06 4.36117e-07 -8.99141e-22 -1.06127e-06 -8.2458e-22 0)
(2.28813e-06 4.04583e-07 -1.34207e-21 -1.06804e-06 -1.0577e-21 0)
(2.29377e-06 3.72522e-07 4.92422e-22 -1.07224e-06 5.99629e-22 0)
(2.29784e-06 3.40541e-07 4.52302e-22 -1.07459e-06 2.30691e-22 0)
(2.30101e-06 3.08989e-07 -5.22975e-38 -1.07576e-06 -1.23114e-36 0)
(2.30358e-06 2.78102e-07 4.72911e-22 -1.07635e-06 2.31069e-22 0)
(2.30597e-06 2.47954e-07 -9.6217e-22 -1.07687e-06 -4.62359e-22 0)
(2.30845e-06 2.18467e-07 -4.87986e-22 -1.0777e-06 -2.31358e-22 0)
(2.31124e-06 1.89443e-07 -9.87465e-22 -1.0791e-06 -4.63317e-22 0)
(2.31437e-06 1.60404e-07 4.98471e-22 -1.08113e-06 2.32096e-22 0)
(2.3178e-06 1.30845e-07 -4.97581e-22 -1.0836e-06 -5.58514e-22 0)
(2.32113e-06 9.93242e-08 -1.74162e-36 -1.0861e-06 -8.03232e-37 0)
(2.32381e-06 6.55648e-08 -5.1781e-36 -1.08762e-06 -4.4895e-36 0)
(2.32503e-06 2.31255e-08 1.9707e-20 -1.08742e-06 -8.0421e-37 0)
(2.05114e-06 5.31057e-07 4.65079e-22 -8.68784e-07 5.23195e-22 0)
(2.08106e-06 5.27666e-07 3.09925e-22 -9.08583e-07 1.95053e-22 0)
(2.11498e-06 5.15673e-07 -4.54039e-22 -9.38012e-07 -5.55261e-22 0)
(2.14008e-06 4.98253e-07 -1.25449e-37 -9.62529e-07 1.46096e-36 0)
(2.16467e-06 4.75604e-07 -3.05305e-36 -9.82428e-07 -1.15426e-36 0)
(2.1847e-06 4.49772e-07 3.96223e-22 -9.9829e-07 2.14311e-22 0)
(2.20275e-06 4.21419e-07 1.35948e-21 -1.01071e-06 1.40628e-21 0)
(2.21798e-06 3.91679e-07 -4.76151e-22 -1.02027e-06 -5.97632e-22 0)
(2.23136e-06 3.61149e-07 -9.58049e-22 -1.02758e-06 -1.19714e-21 0)
(2.24294e-06 3.30436e-07 9.37408e-22 -1.0332e-06 8.19578e-22 0)
(2.25323e-06 2.99891e-07 -4.81359e-36 -1.03765e-06 -2.29017e-36 0)
(2.26249e-06 2.69761e-07 9.61738e-22 -1.04143e-06 8.15427e-22 0)
(2.27106e-06 2.40145e-07 4.87547e-22 -1.04493e-06 5.87087e-22 0)
(2.27916e-06 2.11008e-07 4.90676e-22 -1.04845e-06 2.25078e-22 0)
(2.28695e-06 1.82216e-07 -4.90957e-22 -1.05211e-06 -5.74484e-22 0)
(2.29443e-06 1.5342e-07 -4.84281e-22 -1.05586e-06 -9.06764e-22 0)
(2.30138e-06 1.24249e-07 4.94056e-22 -1.05928e-06 5.57947e-22 0)
(2.30737e-06 9.3565e-08 4.95341e-22 -1.06167e-06 5.47891e-22 0)
(2.31121e-06 6.12082e-08 3.46239e-36 -1.06146e-06 2.62824e-36 0)
(2.3123e-06 2.1518e-08 1.87912e-20 -1.0574e-06 -3.32841e-35 -5.54256e-50)
(1.93174e-06 4.91989e-07 -2.43817e-36 -8.19009e-07 -2.34203e-36 0)
(1.96733e-06 4.89852e-07 3.19418e-22 -8.55456e-07 1.83648e-22 0)
(2.00711e-06 4.79949e-07 3.51063e-36 -8.83755e-07 1.93898e-36 0)
(2.03957e-06 4.64683e-07 0 -9.08249e-07 0 0)
(2.0717e-06 4.44324e-07 -3.95029e-36 -9.29142e-07 -2.03855e-36 0)
(2.09981e-06 4.20819e-07 -4.05415e-22 -9.46799e-07 -2.03257e-22 0)
(2.12599e-06 3.94758e-07 4.22538e-22 -9.61623e-07 2.06439e-22 0)
(2.14934e-06 3.67225e-07 8.75689e-22 -9.74025e-07 4.18204e-22 0)
(2.17062e-06 3.3877e-07 0 -9.84431e-07 0 0)
(2.18979e-06 3.09967e-07 -4.63266e-22 -9.93261e-07 -2.13231e-22 0)
(2.20723e-06 2.81142e-07 -6.51033e-36 -1.00092e-06 -8.16461e-36 0)
(2.22312e-06 2.52529e-07 -4.82329e-22 -1.00777e-06 -2.16345e-22 0)
(2.23775e-06 2.24226e-07 9.79535e-22 -1.01411e-06 4.35415e-22 0)
(2.25129e-06 1.96227e-07 4.95994e-22 -1.02017e-06 2.19007e-22 0)
(2.26387e-06 1.68452e-07 1.00231e-21 -1.02598e-06 4.40512e-22 0)
(2.27547e-06 1.40684e-07 -5.05398e-22 -1.03141e-06 -2.21422e-22 0)
(2.28579e-06 1.12716e-07 0 -1.0359e-06 0 0)
(2.29435e-06 8.38159e-08 5.23007e-36 -1.03853e-06 2.27855e-36 0)
(2.29955e-06 5.40017e-08 1.20374e-35 -1.03724e-06 9.65861e-36 0)
(2.30077e-06 1.88771e-08 1.79647e-20 -1.03029e-06 -1.34301e-36 -1.05975e-49)
(1.80975e-06 4.41306e-07 -3.88513e-22 -7.69952e-07 -4.98417e-22 0)
(1.85227e-06 4.39689e-07 1.36986e-36 -8.03669e-07 1.80284e-36 0)
(1.89895e-06 4.3121e-07 2.01856e-36 -8.31371e-07 2.72776e-36 0)
(1.93969e-06 4.17814e-07 -5.13132e-37 -8.56272e-07 1.56843e-36 0)
(1.98012e-06 3.99711e-07 4.25088e-22 -8.7847e-07 5.72981e-22 0)
(2.01694e-06 3.78733e-07 -4.32992e-22 -8.98131e-07 -5.82362e-22 0)
(2.05169e-06 3.55359e-07 -4.40454e-22 -9.15473e-07 -5.88809e-22 0)
(2.08353e-06 3.30588e-07 0 -9.30742e-07 0 0)
(2.11294e-06 3.04891e-07 4.53603e-22 -9.44207e-07 5.94443e-22 0)
(2.13982e-06 2.7878e-07 4.59373e-22 -9.56152e-07 5.94234e-22 0)
(2.16444e-06 2.5253e-07 -4.78808e-36 -9.66855e-07 -6.10394e-36 0)
(2.18689e-06 2.26341e-07 -4.69478e-22 -9.76579e-07 -5.89022e-22 0)
(2.2074e-06 2.00284e-07 -4.73881e-22 -9.85545e-07 -5.84425e-22 0)
(2.22612e-06 1.74359e-07 0 -9.93904e-07 0 0)
(2.24314e-06 1.48519e-07 4.81553e-22 -1.00167e-06 5.7207e-22 0)
(2.25848e-06 1.22662e-07 0 -1.00865e-06 0 0)
(2.27181e-06 9.67477e-08 -7.07415e-36 -1.01426e-06 -2.99162e-36 0)
(2.2827e-06 7.05048e-08 4.90046e-22 -1.01747e-06 5.47605e-22 0)
(2.28934e-06 4.422e-08 6.89531e-36 -1.01592e-06 5.17624e-36 0)
(2.29098e-06 1.52813e-08 1.72647e-20 -1.0074e-06 3.0793e-35 -5.0923e-50)
(1.68451e-06 3.77904e-07 3.29547e-22 -7.17098e-07 1.53945e-22 0)
(1.73581e-06 3.76216e-07 0 -7.49581e-07 0 0)
(1.79088e-06 3.68693e-07 1.9693e-36 -7.78019e-07 1.49984e-36 0)
(1.84124e-06 3.57066e-07 0 -8.04485e-07 0 0)
(1.89101e-06 3.41364e-07 -6.97203e-37 -8.28936e-07 -9.76031e-37 0)
(1.93738e-06 3.23269e-07 1.68348e-36 -8.51368e-07 -2.08283e-36 0)
(1.98137e-06 3.03116e-07 0 -8.71826e-07 0 0)
(2.02216e-06 2.81781e-07 0 -8.90411e-07 0 0)
(2.06003e-06 2.59632e-07 0 -9.07253e-07 0 0)
(2.0948e-06 2.37095e-07 -3.23165e-36 -9.2251e-07 -2.71393e-36 0)
(2.12663e-06 2.14374e-07 1.46822e-37 -9.3635e-07 -1.33361e-36 0)
(2.15557e-06 1.91612e-07 1.73788e-36 -9.48942e-07 7.01797e-37 0)
(2.18176e-06 1.6884e-07 0 -9.60434e-07 0 0)
(2.20531e-06 1.46035e-07 0 -9.70927e-07 0 0)
(2.22632e-06 1.23155e-07 0 -9.80422e-07 0 0)
(2.24482e-06 1.00179e-07 1.79167e-36 -9.88755e-07 7.31241e-37 0)
(2.26058e-06 7.721e-08 0 -9.95411e-07 0 0)
(2.27325e-06 5.44274e-08 1.01865e-35 -9.99418e-07 1.01399e-35 0)
(2.28119e-06 3.24703e-08 -1.81058e-36 -9.98481e-07 -7.38434e-37 0)
(2.28348e-06 1.09346e-08 1.67385e-20 -9.90071e-07 5.96908e-35 -5.10242e-64)
(1.55553e-06 2.97216e-07 -6.81374e-22 -6.66596e-07 -9.52991e-22 0)
(1.61806e-06 2.95293e-07 -3.65865e-23 -6.99052e-07 3.60664e-22 0)
(1.68352e-06 2.887e-07 -8.30527e-37 -7.29164e-07 3.59369e-37 0)
(1.74515e-06 2.79159e-07 -7.87142e-37 -7.57911e-07 4.50584e-37 0)
(1.8056e-06 2.66432e-07 3.87623e-22 -7.85112e-07 5.62916e-22 0)
(1.86256e-06 2.51964e-07 -8.64824e-22 -8.10621e-07 -7.47177e-22 0)
(1.91658e-06 2.35933e-07 -8.90575e-22 -8.34341e-07 -7.59542e-22 0)
(1.96688e-06 2.19043e-07 0 -8.56257e-07 0 0)
(2.01358e-06 2.01547e-07 4.32272e-22 -8.76385e-07 5.87552e-22 0)
(2.05647e-06 1.83761e-07 -6.76104e-23 -8.94781e-07 3.95898e-22 0)
(2.09559e-06 1.65814e-07 -1.71371e-37 -9.11521e-07 1.3635e-36 0)
(2.13096e-06 1.47784e-07 -9.77869e-22 -9.26692e-07 -7.82792e-22 0)
(2.16263e-06 1.29654e-07 -4.64269e-22 -9.40379e-07 -5.79705e-22 0)
(2.19069e-06 1.11364e-07 -5.26619e-22 -9.52646e-07 -2.04512e-22 0)
(2.21518e-06 9.28512e-08 4.75551e-22 -9.63495e-07 5.68242e-22 0)
(2.23617e-06 7.41007e-08 -5.29555e-22 -9.72824e-07 -2.08844e-22 0)
(2.25353e-06 5.52839e-08 2.03259e-36 -9.80281e-07 -3.99635e-37 0)
(2.2671e-06 3.68589e-08 4.86697e-22 -9.85116e-07 5.46945e-22 0)
(2.27575e-06 1.98555e-08 -7.39028e-36 -9.85465e-07 -2.93952e-36 0)
(2.27855e-06 6.24083e-09 1.63828e-20 -9.78824e-07 -1.47192e-36 0)
(1.42312e-06 2.00571e-07 -8.65893e-23 -6.05351e-07 3.48264e-22 0)
(1.50008e-06 1.98521e-07 -4.18858e-22 -6.41118e-07 -1.37634e-22 0)
(1.57841e-06 1.93217e-07 1.03835e-22 -6.75739e-07 -3.80578e-22 0)
(1.65334e-06 1.86297e-07 0 -7.09235e-07 0 0)
(1.72607e-06 1.77275e-07 8.5143e-22 -7.4123e-07 7.16121e-22 0)
(1.79482e-06 1.67257e-07 3.85308e-22 -7.71511e-07 5.67584e-22 0)
(1.85975e-06 1.56268e-07 -9.07384e-22 -7.99882e-07 -7.46949e-22 0)
(1.92019e-06 1.44797e-07 -4.12224e-22 -8.26249e-07 -5.8032e-22 0)
(1.97615e-06 1.32979e-07 4.24236e-22 -8.50558e-07 5.8313e-22 0)
(2.0274e-06 1.21013e-07 -2.94877e-36 -8.72794e-07 -3.9563e-36 0)
(2.07394e-06 1.08952e-07 5.36233e-22 -8.92967e-07 1.917e-22 0)
(2.11573e-06 9.68178e-08 1.56471e-36 -9.11099e-07 1.99996e-36 0)
(2.15279e-06 8.45528e-08 -2.12059e-36 -9.27214e-07 6.19446e-37 0)
(2.1851e-06 7.20675e-08 -5.40879e-22 -9.41323e-07 -2.02081e-22 0)
(2.21265e-06 5.9268e-08 -2.07693e-36 -9.53401e-07 5.4373e-37 0)
(2.23542e-06 4.61026e-08 1.45265e-36 -9.6339e-07 3.14448e-36 0)
(2.25329e-06 3.27357e-08 -4.83732e-22 -9.711e-07 -5.52736e-22 0)
(2.26634e-06 1.96832e-08 5.37815e-22 -9.76207e-07 2.0957e-22 0)
(2.27406e-06 8.22704e-09 5.37333e-22 -9.77832e-07 2.09919e-22 0)
(2.27653e-06 2.06459e-09 1.67884e-20 -9.74395e-07 2.09181e-22 0)
(1.28803e-06 6.9791e-08 -6.17747e-22 -5.58182e-07 1.68786e-20 1.50616e-35)
(1.38299e-06 6.88225e-08 -2.96898e-22 -5.98127e-07 1.69046e-20 -2.56618e-50)
(1.47696e-06 6.66347e-08 -3.17072e-22 -6.37483e-07 1.68356e-20 -2.55919e-50)
(1.56723e-06 6.40941e-08 1.48642e-35 -6.75474e-07 1.73099e-20 0)
(1.65388e-06 6.08481e-08 3.55052e-22 -7.11865e-07 1.78204e-20 0)
(1.7356e-06 5.73224e-08 3.72595e-22 -7.46261e-07 1.77963e-20 2.54189e-50)
(1.81233e-06 5.34921e-08 -3.89068e-22 -7.78536e-07 1.6636e-20 -5.07459e-50)
(1.88351e-06 4.95317e-08 -4.04349e-22 -8.08507e-07 1.66031e-20 1.74512e-64)
(1.94912e-06 4.54761e-08 4.18433e-22 -8.36129e-07 1.77311e-20 -7.58928e-50)
(2.00896e-06 4.13906e-08 2.98666e-35 -8.61342e-07 1.71332e-20 -5.05352e-50)
(2.06305e-06 3.72831e-08 0 -8.8414e-07 1.71162e-20 0)
(2.11133e-06 3.31532e-08 -2.58788e-35 -9.04509e-07 1.71021e-20 -5.04435e-50)
(2.15377e-06 2.89665e-08 5.44522e-36 -9.22434e-07 1.7091e-20 -1.00822e-49)
(2.19028e-06 2.46775e-08 3.83478e-36 -9.37885e-07 1.70828e-20 -1.00773e-49)
(2.22067e-06 2.0232e-08 5.45375e-36 -9.50795e-07 1.70771e-20 -1.00739e-49)
(2.2448e-06 1.55902e-08 7.10468e-36 -9.61107e-07 1.7074e-20 -1.00721e-49)
(2.26232e-06 1.07972e-08 -4.8567e-22 -9.68684e-07 1.65219e-20 -5.03584e-50)
(2.27338e-06 6.04188e-09 2.93241e-35 -9.73548e-07 1.70745e-20 0)
(2.2777e-06 1.98781e-09 0 -9.75546e-07 1.70767e-20 0)
(2.27738e-06 5.70067e-10 1.62248e-20 -9.7474e-07 1.70785e-20 0)
(2.53913e-06 1.89181e-07 9.82024e-22 -2.82567e-08 1.92955e-22 0)
(2.61441e-06 3.35003e-07 -1.31365e-22 -1.4026e-07 -4.29576e-23 0)
(2.75419e-06 4.84266e-07 -9.06087e-22 -3.22535e-07 -5.05072e-22 0)
(2.91444e-06 5.73834e-07 1.11278e-22 -5.48238e-07 7.66639e-23 0)
(3.08288e-06 6.0606e-07 -3.21424e-22 -7.92656e-07 -2.23478e-22 0)
(3.23475e-06 5.7596e-07 3.41988e-22 -1.0342e-06 3.7343e-22 0)
(3.35666e-06 4.88739e-07 1.15201e-21 -1.2548e-06 8.21893e-22 0)
(3.43567e-06 3.52271e-07 -5.24955e-22 -1.43974e-06 -3.89092e-22 0)
(3.46766e-06 1.80899e-07 -7.75458e-22 -1.58121e-06 -5.99021e-22 0)
(3.44302e-06 -1.56193e-08 0 -1.65564e-06 0 0)
(2.40525e-06 1.6994e-07 3.02858e-23 -3.02966e-08 8.86746e-24 0)
(2.47717e-06 3.05113e-07 1.15781e-21 -1.34686e-07 4.46799e-22 0)
(2.607e-06 4.52342e-07 1.24796e-21 -2.96301e-07 6.88803e-22 0)
(2.75841e-06 5.53111e-07 1.15889e-21 -4.967e-07 7.74552e-22 0)
(2.92411e-06 6.07984e-07 -2.85222e-22 -7.16873e-07 -2.02429e-22 0)
(3.08281e-06 6.09594e-07 -1.44648e-21 -9.39436e-07 -1.19025e-21 0)
(3.22265e-06 5.60552e-07 -1.25674e-21 -1.14931e-06 -9.02717e-22 0)
(3.32888e-06 4.64319e-07 1.87113e-21 -1.33231e-06 1.47107e-21 0)
(3.39343e-06 3.33022e-07 -5.37228e-22 -1.48327e-06 -3.48438e-22 0)
(3.3997e-06 1.42552e-07 8.68065e-22 -1.588e-06 6.93203e-22 0)
(2.28508e-06 1.49503e-07 -5.49427e-23 -3.36785e-08 -1.95009e-23 0)
(2.3548e-06 2.76221e-07 -1.01107e-21 -1.35421e-07 -3.77401e-22 0)
(2.47511e-06 4.1995e-07 -1.03642e-21 -2.84025e-07 -5.56647e-22 0)
(2.61433e-06 5.26223e-07 1.45457e-21 -4.66267e-07 9.57875e-22 0)
(2.76891e-06 5.94633e-07 1.29642e-21 -6.67477e-07 9.7342e-22 0)
(2.92084e-06 6.16299e-07 1.39284e-21 -8.73937e-07 1.1379e-21 0)
(3.06134e-06 5.92589e-07 -6.99688e-24 -1.07366e-06 1.14054e-24 0)
(3.17948e-06 5.24717e-07 -1.11833e-21 -1.25439e-06 -1.03855e-21 0)
(3.26805e-06 4.28969e-07 -1.75655e-24 -1.41017e-06 2.90637e-24 0)
(3.32143e-06 2.75883e-07 2.84782e-22 -1.52894e-06 8.37164e-23 0)
(2.1753e-06 1.26698e-07 0 -3.7523e-08 0 0)
(2.24456e-06 2.46134e-07 3.3222e-22 -1.38149e-07 9.4713e-23 0)
(2.35828e-06 3.86414e-07 -3.71336e-22 -2.7546e-07 -2.43392e-22 0)
(2.48808e-06 4.97083e-07 -9.83123e-22 -4.40419e-07 -6.78903e-22 0)
(2.63364e-06 5.7771e-07 7.25147e-22 -6.2193e-07 5.4765e-22 0)
(2.77949e-06 6.18524e-07 -1.08209e-21 -8.09429e-07 -8.75488e-22 0)
(2.91805e-06 6.1951e-07 -4.28038e-22 -9.93551e-07 -4.34693e-22 0)
(3.04069e-06 5.7809e-07 1.25422e-21 -1.16487e-06 1.07228e-21 0)
(3.13681e-06 5.08461e-07 -5.30777e-24 -1.3182e-06 1.8559e-24 0)
(3.21611e-06 3.82418e-07 1.71708e-21 -1.44891e-06 1.48492e-21 0)
(2.07244e-06 1.01218e-07 3.75066e-22 -4.13697e-08 5.10858e-23 0)
(2.14193e-06 2.14127e-07 5.28747e-22 -1.42909e-07 2.03074e-22 0)
(2.25024e-06 3.50082e-07 0 -2.72817e-07 0 0)
(2.3711e-06 4.62094e-07 -6.03534e-22 -4.24895e-07 -4.01186e-22 0)
(2.50687e-06 5.49945e-07 -4.75435e-22 -5.90799e-07 -3.48804e-22 0)
(2.64471e-06 6.03725e-07 2.52037e-22 -7.62609e-07 2.08137e-22 0)
(2.77851e-06 6.23228e-07 -5.92991e-22 -9.32843e-07 -4.88373e-22 0)
(2.90321e-06 6.04815e-07 -4.18506e-22 -1.09414e-06 -2.97402e-22 0)
(3.00384e-06 5.60639e-07 -3.80086e-22 -1.23974e-06 -2.9302e-22 0)
(3.09956e-06 4.66802e-07 -1.89976e-21 -1.36796e-06 -1.48826e-21 0)
(1.97566e-06 7.352e-08 -7.18837e-22 -4.51403e-08 -8.11094e-23 0)
(2.04617e-06 1.81323e-07 4.4275e-22 -1.4838e-07 1.52979e-22 0)
(2.15073e-06 3.13757e-07 1.29765e-21 -2.724e-07 6.30675e-22 0)
(2.26432e-06 4.26736e-07 -4.25638e-22 -4.13141e-07 -2.60359e-22 0)
(2.39135e-06 5.20349e-07 -6.45715e-22 -5.64383e-07 -4.87835e-22 0)
(2.521e-06 5.84657e-07 4.62802e-22 -7.2051e-07 3.93314e-22 0)
(2.64788e-06 6.18881e-07 5.31274e-22 -8.75839e-07 4.54861e-22 0)
(2.77041e-06 6.1873e-07 2.5995e-22 -1.02566e-06 2.45376e-22 0)
(2.87066e-06 5.93348e-07 1.02129e-21 -1.16313e-06 8.22751e-22 0)
(2.97505e-06 5.27116e-07 -7.0476e-22 -1.28709e-06 -6.28539e-22 0)
(1.88281e-06 4.32186e-08 0 -4.88258e-08 0 0)
(1.95475e-06 1.46812e-07 -1.89112e-22 -1.54688e-07 -1.32472e-22 0)
(2.05653e-06 2.75975e-07 4.8542e-22 -2.74909e-07 2.49034e-22 0)
(2.16388e-06 3.89025e-07 4.06644e-22 -4.06939e-07 2.40156e-22 0)
(2.28297e-06 4.86402e-07 -1.31873e-21 -5.46186e-07 -9.40126e-22 0)
(2.40475e-06 5.5855e-07 -4.6182e-22 -6.88841e-07 -3.67472e-22 0)
(2.5245e-06 6.04398e-07 1.26764e-21 -8.30472e-07 1.08626e-21 0)
(2.64338e-06 6.19981e-07 -8.17958e-22 -9.68151e-07 -7.39403e-22 0)
(2.74134e-06 6.10898e-07 3.67288e-22 -1.09531e-06 2.55491e-22 0)
(2.84821e-06 5.68798e-07 2.24422e-21 -1.2104e-06 1.997e-21 0)
(1.79311e-06 1.06569e-08 3.08785e-22 -5.23184e-08 2.34653e-24 0)
(1.86682e-06 1.11127e-07 -6.21207e-23 -1.61185e-07 -4.70775e-23 0)
(1.96674e-06 2.37854e-07 2.00145e-24 -2.78669e-07 2.18521e-24 0)
(2.06889e-06 3.50995e-07 1.32465e-22 -4.03309e-07 1.11921e-22 0)
(2.18088e-06 4.51216e-07 -7.59754e-22 -5.3186e-07 -5.90505e-22 0)
(2.29511e-06 5.29397e-07 4.60594e-23 -6.62083e-07 3.35804e-25 0)
(2.40746e-06 5.84068e-07 -5.12964e-24 -7.9083e-07 -4.61083e-24 0)
(2.52124e-06 6.12038e-07 -1.57107e-21 -9.16698e-07 -1.41411e-21 0)
(2.6158e-06 6.15921e-07 -1.43424e-21 -1.03392e-06 -1.21029e-21 0)
(2.72166e-06 5.93861e-07 8.81366e-22 -1.13943e-06 8.4424e-22 0)
(1.70532e-06 -2.43259e-08 4.0677e-23 -5.57144e-08 3.09186e-23 0)
(1.78101e-06 7.38828e-08 -1.53677e-22 -1.68034e-07 7.58994e-23 0)
(1.87972e-06 1.98836e-07 -3.51922e-22 -2.83922e-07 -1.36919e-22 0)
(1.97744e-06 3.12062e-07 1.13499e-21 -4.02648e-07 6.30565e-22 0)
(2.08313e-06 4.14371e-07 3.16929e-22 -5.22095e-07 2.80295e-22 0)
(2.19036e-06 4.97208e-07 -1.49083e-21 -6.41279e-07 -1.1948e-21 0)
(2.2957e-06 5.58778e-07 1.14229e-21 -7.58157e-07 1.00039e-21 0)
(2.40378e-06 5.9681e-07 7.55358e-22 -8.72371e-07 7.1439e-22 0)
(2.4944e-06 6.11406e-07 -1.38004e-21 -9.79351e-07 -1.16976e-21 0)
(2.59695e-06 6.05557e-07 -2.60669e-21 -1.07465e-06 -2.36046e-21 0)
(1.61874e-06 -6.15558e-08 5.99055e-23 -5.89744e-08 4.88455e-23 0)
(1.69658e-06 3.52817e-08 8.09791e-22 -1.74993e-07 2.50075e-22 0)
(1.79452e-06 1.59309e-07 9.2147e-22 -2.89975e-07 2.85527e-22 0)
(1.88835e-06 2.729e-07 -7.29982e-22 -4.0364e-07 -3.92349e-22 0)
(1.98834e-06 3.76862e-07 8.12159e-22 -5.14957e-07 7.28388e-22 0)
(2.08897e-06 4.6322e-07 3.64602e-22 -6.2406e-07 3.24997e-22 0)
(2.1877e-06 5.29941e-07 9.18098e-22 -7.30031e-07 7.9414e-22 0)
(2.28983e-06 5.75722e-07 2.62424e-21 -8.33266e-07 2.39517e-21 0)
(2.37641e-06 5.98926e-07 7.82918e-22 -9.3044e-07 6.6012e-22 0)
(2.47457e-06 6.05952e-07 -8.61502e-22 -1.0159e-06 -8.82249e-22 0)
(1.53263e-06 -1.01089e-07 -9.8655e-23 -6.22106e-08 -8.54667e-23 0)
(1.61271e-06 -4.77265e-09 7.38064e-22 -1.8222e-07 -4.2961e-23 0)
(1.71013e-06 1.19176e-07 5.51947e-22 -2.96885e-07 1.2761e-22 0)
(1.80035e-06 2.33477e-07 -9.15976e-22 -4.06136e-07 -4.21378e-22 0)
(1.89503e-06 3.38802e-07 -1.05462e-21 -5.10094e-07 -7.72624e-22 0)
(1.98945e-06 4.27789e-07 1.36257e-21 -6.09897e-07 1.12379e-21 0)
(2.08203e-06 4.98302e-07 8.49244e-22 -7.05715e-07 7.37481e-22 0)
(2.17827e-06 5.49921e-07 7.04225e-22 -7.98504e-07 5.99216e-22 0)
(2.2609e-06 5.79907e-07 7.60282e-22 -8.86166e-07 6.29109e-22 0)
(2.35431e-06 5.96868e-07 -2.79478e-27 -9.62316e-07 -2.24476e-27 0)
(1.44652e-06 -1.42855e-07 -5.82353e-22 -6.55045e-08 4.60311e-23 0)
(1.52887e-06 -4.60678e-08 -7.46651e-22 -1.89797e-07 -1.96785e-22 0)
(1.62577e-06 7.87809e-08 -3.11294e-22 -3.04491e-07 -9.3611e-23 0)
(1.71231e-06 1.94226e-07 -3.29955e-22 -4.09571e-07 -1.61751e-22 0)
(1.80178e-06 3.00644e-07 -1.18479e-21 -5.06532e-07 -8.88488e-22 0)
(1.8902e-06 3.9137e-07 -7.56777e-22 -5.97528e-07 -5.90098e-22 0)
(1.97704e-06 4.64344e-07 6.12671e-22 -6.83819e-07 5.4158e-22 0)
(2.06764e-06 5.19987e-07 6.37535e-22 -7.66804e-07 6.26927e-22 0)
(2.14665e-06 5.55025e-07 1.17081e-21 -8.45433e-07 1.19531e-21 0)
(2.23544e-06 5.79372e-07 2.14626e-22 -9.13021e-07 2.58818e-22 0)
(1.36018e-06 -1.86923e-07 3.15094e-22 -6.91721e-08 -1.29666e-24 0)
(1.44472e-06 -8.84311e-08 3.29883e-22 -1.98034e-07 5.79907e-23 0)
(1.54065e-06 3.84202e-08 -2.05073e-22 -3.12765e-07 8.6056e-24 0)
(1.62302e-06 1.55484e-07 3.14628e-24 -4.13399e-07 2.73944e-24 0)
(1.70701e-06 2.62688e-07 -8.4179e-22 -5.03269e-07 -5.82769e-22 0)
(1.78949e-06 3.54237e-07 -3.56434e-22 -5.85621e-07 -3.03212e-22 0)
(1.87096e-06 4.28366e-07 5.20439e-22 -6.62781e-07 5.04804e-22 0)
(1.95635e-06 4.86316e-07 2.64786e-28 -7.36505e-07 2.09556e-28 0)
(2.03221e-06 5.24703e-07 5.23542e-28 -8.06592e-07 3.99785e-28 0)
(2.11691e-06 5.54134e-07 3.04907e-22 -8.66433e-07 7.1756e-23 0)
(1.27371e-06 -2.33319e-07 0 -7.3637e-08 0 0)
(1.36017e-06 -1.31105e-07 5.55949e-23 -2.07505e-07 5.69114e-23 0)
(1.45405e-06 -9.27576e-10 9.06996e-23 -3.21972e-07 8.90669e-23 0)
(1.53116e-06 1.18107e-07 3.00627e-22 -4.17477e-07 1.36269e-22 0)
(1.609e-06 2.25448e-07 1.54385e-22 -4.99768e-07 1.34111e-22 0)
(1.6854e-06 3.16568e-07 4.96583e-24 -5.73399e-07 4.04074e-24 0)
(1.76183e-06 3.90286e-07 2.09329e-22 -6.41693e-07 1.62909e-22 0)
(1.84257e-06 4.48703e-07 -3.90432e-22 -7.06689e-07 -3.84155e-22 0)
(1.91598e-06 4.88652e-07 -5.09789e-22 -7.68792e-07 -3.64685e-22 0)
(1.9974e-06 5.21024e-07 7.16357e-22 -8.21742e-07 6.74245e-22 0)
(1.1882e-06 -2.82226e-07 0 -8.03303e-08 0 0)
(1.27567e-06 -1.73261e-07 0 -2.19138e-07 0 0)
(1.36501e-06 -3.82463e-08 -2.68065e-22 -3.31658e-07 -2.73972e-22 0)
(1.43484e-06 8.29066e-08 0 -4.20049e-07 0 0)
(1.50534e-06 1.89372e-07 -9.25903e-22 -4.93476e-07 -6.59875e-22 0)
(1.57545e-06 2.78452e-07 3.95616e-22 -5.57916e-07 3.07858e-22 0)
(1.64727e-06 3.49936e-07 1.25083e-21 -6.175e-07 1.11947e-21 0)
(1.72419e-06 4.06848e-07 8.6587e-22 -6.74362e-07 9.58981e-22 0)
(1.79616e-06 4.46468e-07 -4.14495e-22 -7.29239e-07 -4.39385e-22 0)
(1.87551e-06 4.79686e-07 -1.53338e-21 -7.76345e-07 -1.56795e-21 0)
(1.10557e-06 -3.33632e-07 -1.74104e-23 -9.07767e-08 -2.4504e-23 0)
(1.19192e-06 -2.11674e-07 6.89294e-22 -2.34541e-07 -1.42347e-22 0)
(1.27223e-06 -7.02691e-08 1.67683e-22 -3.42624e-07 1.83951e-22 0)
(1.33177e-06 5.20202e-08 6.9472e-24 -4.2166e-07 5.51373e-24 0)
(1.39331e-06 1.55258e-07 -5.69909e-22 -4.84737e-07 -3.7379e-22 0)
(1.45689e-06 2.39629e-07 -1.27795e-21 -5.39546e-07 -1.02625e-21 0)
(1.52474e-06 3.06322e-07 1.41567e-21 -5.90639e-07 1.23482e-21 0)
(1.59899e-06 3.59316e-07 2.51114e-22 -6.40049e-07 1.56259e-22 0)
(1.67089e-06 3.96455e-07 8.37098e-22 -6.88547e-07 4.96536e-22 0)
(1.74973e-06 4.28389e-07 3.89646e-22 -7.30887e-07 4.5313e-22 0)
(1.03202e-06 -3.86879e-07 -1.98841e-22 -1.1197e-07 1.39758e-22 0)
(1.11084e-06 -2.43558e-07 -6.44132e-22 -2.56343e-07 1.97459e-22 0)
(1.17275e-06 -9.46851e-08 2.43067e-22 -3.51647e-07 2.90288e-22 0)
(1.21725e-06 2.64264e-08 1.06761e-22 -4.15603e-07 -1.46503e-22 0)
(1.2681e-06 1.23228e-07 5.03665e-22 -4.65696e-07 3.8214e-22 0)
(1.32554e-06 1.99532e-07 -9.62026e-22 -5.10309e-07 -7.55679e-22 0)
(1.39082e-06 2.58521e-07 8.11068e-24 -5.53572e-07 5.96781e-24 0)
(1.4643e-06 3.05014e-07 8.92186e-22 -5.96816e-07 8.52626e-22 0)
(1.53819e-06 3.37455e-07 -2.95199e-22 -6.40526e-07 -1.52662e-22 0)
(1.61871e-06 3.65975e-07 -3.09269e-22 -6.79895e-07 -1.51416e-22 0)
(9.7662e-07 -4.34878e-07 1.26701e-30 -1.48323e-07 -1.87587e-30 0)
(1.03249e-06 -2.54103e-07 4.86086e-23 -2.86669e-07 1.55212e-22 0)
(1.06207e-06 -1.01044e-07 2.81652e-22 -3.60253e-07 -4.66722e-22 0)
(1.08593e-06 1.04937e-08 -1.24432e-22 -4.05536e-07 -1.14146e-22 0)
(1.125e-06 9.33542e-08 -6.72101e-22 -4.41438e-07 -4.89859e-22 0)
(1.17745e-06 1.55818e-07 0 -4.76357e-07 0 0)
(1.24243e-06 2.02854e-07 -5.25062e-22 -5.12994e-07 -2.70219e-22 0)
(1.31778e-06 2.39558e-07 2.79954e-22 -5.51582e-07 3.43785e-22 0)
(1.39642e-06 2.64783e-07 6.00467e-22 -5.91996e-07 7.77261e-22 0)
(1.48135e-06 2.8763e-07 -3.25864e-22 -6.29946e-07 -4.581e-22 0)
(9.76874e-07 -4.57175e-07 -6.34332e-22 -2.3703e-07 7.3219e-22 0)
(9.50733e-07 -2.37237e-07 3.75827e-22 -3.2518e-07 -2.82007e-22 0)
(9.2437e-07 -8.78093e-08 5.40452e-22 -3.4881e-07 -4.6464e-24 0)
(9.23026e-07 2.40182e-09 -1.97706e-22 -3.64817e-07 5.13226e-23 0)
(9.53375e-07 6.40757e-08 -3.69592e-22 -3.86059e-07 -2.63e-22 0)
(1.00557e-06 1.07263e-07 -2.37537e-22 -4.13642e-07 -1.12678e-22 0)
(1.07502e-06 1.38747e-07 0 -4.47149e-07 0 0)
(1.15677e-06 1.62949e-07 -3.23306e-22 -4.84761e-07 -1.23393e-22 0)
(1.24412e-06 1.79013e-07 3.51451e-22 -5.25561e-07 1.26196e-22 0)
(1.33709e-06 1.94294e-07 -2.04004e-27 -5.65695e-07 -6.96773e-28 0)
(1.08507e-06 -2.63234e-07 7.90138e-23 -3.84667e-07 1.76691e-20 -6.01407e-35)
(8.33971e-07 -1.05764e-07 7.32244e-22 -3.51238e-07 1.75671e-20 5.98827e-35)
(7.46368e-07 -3.36017e-08 1.6832e-22 -3.25038e-07 1.82687e-20 -5.88905e-35)
(7.19156e-07 8.5995e-10 5.93102e-22 -3.16968e-07 1.81128e-20 -1.90233e-35)
(7.48355e-07 2.29719e-08 3.54665e-22 -3.2998e-07 1.79384e-20 1.88517e-35)
(8.0637e-07 3.77563e-08 1.86061e-23 -3.54794e-07 1.74928e-20 1.78934e-35)
(8.86175e-07 4.84327e-08 4.63201e-22 -3.88615e-07 1.77327e-20 -2.61631e-38)
(9.79713e-07 5.6703e-08 9.15191e-23 -4.28001e-07 1.75469e-20 1.67732e-35)
(1.08055e-06 6.21138e-08 6.46175e-22 -4.70913e-07 1.79492e-20 6.4686e-38)
(1.18602e-06 6.75801e-08 -3.07371e-22 -5.14914e-07 1.76657e-20 3.05821e-35)
)
;

boundaryField
{
    left
    {
        type            calculated;
        value           nonuniform List<symmTensor> 
30
(
(2.5264e-06 8.16177e-08 9.82024e-22 -2.82567e-08 1.92955e-22 0)
(2.39168e-06 7.25503e-08 3.02858e-23 -3.02966e-08 8.86746e-24 0)
(2.27058e-06 6.06557e-08 -5.49427e-23 -3.36785e-08 -1.95009e-23 0)
(2.15961e-06 4.44899e-08 0 -3.7523e-08 0 0)
(2.05552e-06 2.43316e-08 3.75066e-22 -4.13697e-08 5.10858e-23 0)
(1.95748e-06 7.55948e-10 -7.18837e-22 -4.51403e-08 -8.11094e-23 0)
(1.86337e-06 -2.6391e-08 0 -4.88258e-08 0 0)
(1.77245e-06 -5.66087e-08 3.08785e-22 -5.23184e-08 2.34653e-24 0)
(1.68345e-06 -8.99396e-08 4.0677e-23 -5.57144e-08 3.09186e-23 0)
(1.59569e-06 -1.26097e-07 5.99055e-23 -5.89744e-08 4.88455e-23 0)
(1.5084e-06 -1.65066e-07 -9.8655e-23 -6.22106e-08 -8.54667e-23 0)
(1.42106e-06 -2.06726e-07 -5.82353e-22 -6.55045e-08 4.60311e-23 0)
(1.33338e-06 -2.51129e-07 3.15094e-22 -6.91721e-08 -1.29666e-24 0)
(1.24533e-06 -2.98471e-07 0 -7.3637e-08 0 0)
(1.15777e-06 -3.4915e-07 0 -8.03303e-08 0 0)
(1.07254e-06 -4.04491e-07 -1.74104e-23 -9.07767e-08 -2.4504e-23 0)
(9.96553e-07 -4.65067e-07 -1.98841e-22 -1.1197e-07 1.39758e-22 0)
(9.44589e-07 -5.31596e-07 1.26701e-30 -1.48323e-07 -1.87587e-30 0)
(9.88734e-07 -5.88801e-07 -6.34332e-22 -2.3703e-07 7.3219e-22 0)
(1.28325e-06 -4.93881e-07 2.45645e-23 -3.84667e-07 1.76691e-20 -6.01407e-35)
(9.43613e-06 1.78534e-06 2.53302e-21 -2.80787e-06 -3.90661e-20 -1.73028e-34)
(6.49534e-06 9.48265e-07 -3.72819e-22 -1.26559e-06 -6.46653e-22 0)
(5.232e-06 4.33229e-07 1.69009e-21 -5.29569e-07 7.19375e-22 0)
(4.48034e-06 1.74767e-07 8.69463e-23 -2.61263e-07 1.22286e-22 0)
(3.97458e-06 9.90348e-08 2.9702e-27 -1.22884e-07 2.77257e-27 0)
(3.58957e-06 6.88907e-08 1.61635e-21 -6.74273e-08 2.91486e-22 0)
(3.29309e-06 6.97642e-08 2.5046e-23 -3.78807e-08 7.46012e-24 0)
(3.05031e-06 7.49875e-08 1.23872e-21 -2.79925e-08 2.3545e-22 0)
(2.85011e-06 7.98942e-08 -1.36806e-23 -2.36095e-08 -1.04472e-24 0)
(2.67434e-06 8.49745e-08 -2.08032e-23 -2.52902e-08 -4.39905e-24 0)
)
;
    }
    right
    {
        type            calculated;
        value           nonuniform List<symmTensor> 
30
(
(2.27658e-06 1.46129e-09 2.92542e-20 -9.74251e-07 1.44705e-20 -2.67511e-35)
(2.27628e-06 1.46166e-09 3.18018e-20 -9.73552e-07 1.06048e-21 3.5576e-35)
(2.27919e-06 1.4589e-09 3.25517e-20 -9.80325e-07 2.32856e-22 2.68519e-38)
(2.28666e-06 1.45301e-09 3.06544e-20 -9.97762e-07 -2.30356e-21 -5.3618e-35)
(2.29783e-06 1.44429e-09 3.65664e-20 -1.02381e-06 2.38222e-21 5.54255e-35)
(2.31195e-06 1.43325e-09 3.84203e-20 -1.05674e-06 8.90826e-22 -4.22171e-37)
(2.32776e-06 1.41992e-09 4.01597e-20 -1.09361e-06 7.39043e-22 -1.82384e-37)
(2.34412e-06 1.40727e-09 4.36561e-20 -1.13176e-06 1.23563e-21 -5.09716e-37)
(2.35991e-06 1.3953e-09 4.25854e-20 -1.1686e-06 -9.8317e-22 -4.03197e-35)
(2.37411e-06 1.38614e-09 4.52027e-20 -1.20171e-06 -9.65296e-23 -1.77591e-37)
(2.38575e-06 1.3747e-09 4.79645e-20 -1.22888e-06 1.22399e-22 2.13433e-37)
(2.39441e-06 1.36809e-09 4.92398e-20 -1.24907e-06 -4.91101e-36 -1.45092e-49)
(2.40027e-06 1.36359e-09 4.95197e-20 -1.26273e-06 -2.71081e-22 -1.1071e-49)
(2.40344e-06 1.36072e-09 5.00002e-20 -1.27013e-06 -2.72669e-22 0)
(2.40342e-06 1.36119e-09 5.16896e-20 -1.27007e-06 5.45313e-22 0)
(2.40042e-06 1.36343e-09 5.0161e-20 -1.26307e-06 4.02087e-35 -7.39032e-50)
(2.3949e-06 1.36839e-09 4.93824e-20 -1.25021e-06 -5.57493e-36 -1.45512e-49)
(2.38687e-06 1.3736e-09 4.87718e-20 -1.23146e-06 2.64368e-22 1.18189e-64)
(2.37676e-06 1.38232e-09 4.62854e-20 -1.20791e-06 -2.59311e-22 -1.03443e-49)
(2.365e-06 1.39215e-09 4.51335e-20 -1.18047e-06 3.60397e-35 -6.64964e-50)
(2.35209e-06 1.40199e-09 4.32965e-20 -1.15037e-06 -1.70153e-36 0)
(2.3386e-06 1.41198e-09 4.13735e-20 -1.11889e-06 -1.65496e-36 0)
(2.32511e-06 1.42278e-09 3.94525e-20 -1.08742e-06 -8.0421e-37 0)
(2.31223e-06 1.43258e-09 3.76191e-20 -1.0574e-06 -3.32841e-35 -5.54256e-50)
(2.30061e-06 1.44114e-09 3.59643e-20 -1.03029e-06 -1.34301e-36 -1.05975e-49)
(2.2908e-06 1.44895e-09 3.45629e-20 -1.0074e-06 3.0793e-35 -5.0923e-50)
(2.28337e-06 1.45523e-09 3.35094e-20 -9.90071e-07 5.96908e-35 -5.10242e-64)
(2.27854e-06 1.45905e-09 3.27974e-20 -9.78824e-07 -1.47192e-36 0)
(2.27665e-06 1.46126e-09 3.30709e-20 -9.74395e-07 2.09181e-22 0)
(2.27679e-06 1.45993e-09 3.24812e-20 -9.7474e-07 1.70785e-20 0)
)
;
    }
    down
    {
        type            calculated;
        value           nonuniform List<symmTensor> 
30
(
(-7.75969e-09 2.17337e-09 3.55817e-20 4.35644e-09 3.85615e-20 1.74699e-34)
(1.15543e-08 2.16769e-09 -9.34117e-23 -3.92466e-09 3.74879e-20 1.52498e-36)
(1.07069e-07 2.13738e-09 -1.18351e-21 -4.4874e-08 3.3832e-20 1.90277e-35)
(2.57791e-07 2.09029e-09 -2.11721e-24 -1.09492e-07 3.50908e-20 0)
(4.31452e-07 2.03592e-09 -1.60278e-22 -1.83944e-07 3.31575e-20 -1.52675e-36)
(6.13043e-07 1.97951e-09 -1.62184e-21 -2.61796e-07 3.48032e-20 3.18983e-35)
(7.90475e-07 1.92401e-09 3.6431e-22 -3.37865e-07 3.66631e-20 1.52307e-36)
(9.59667e-07 1.87205e-09 -1.07601e-21 -4.10402e-07 3.54666e-20 2.89309e-35)
(1.11489e-06 1.82333e-09 8.69395e-22 -4.76949e-07 3.57668e-20 -1.25426e-35)
(1.2587e-06 1.77793e-09 1.82348e-21 -5.38606e-07 3.52293e-20 -3.7791e-35)
(1.38819e-06 1.73828e-09 1.83636e-21 -5.94119e-07 3.63208e-20 -1.12375e-35)
(1.50103e-06 1.70212e-09 1.7181e-21 -6.42496e-07 3.49987e-20 -2.46705e-35)
(1.60469e-06 1.67042e-09 -1.73445e-22 -6.86936e-07 3.27392e-20 -1.43788e-35)
(1.6979e-06 1.64036e-09 1.62502e-22 -7.26896e-07 3.39124e-20 -6.30508e-37)
(1.78199e-06 1.61476e-09 -8.72112e-22 -7.62947e-07 3.40452e-20 3.74192e-35)
(1.85734e-06 1.59145e-09 5.70513e-22 -7.95254e-07 3.44954e-20 0)
(1.9249e-06 1.57063e-09 5.3752e-22 -8.24216e-07 3.44507e-20 0)
(1.98511e-06 1.55166e-09 1.05718e-21 -8.50033e-07 3.50877e-20 4.85165e-37)
(2.03871e-06 1.53418e-09 9.61114e-22 -8.7301e-07 3.45524e-20 -1.26745e-35)
(2.08608e-06 1.52026e-09 1.59885e-21 -8.9332e-07 3.57066e-20 8.21852e-37)
(2.12771e-06 1.50674e-09 1.88849e-21 -9.11166e-07 3.48641e-20 -3.83484e-35)
(2.16388e-06 1.49554e-09 -1.2949e-22 -9.26672e-07 3.40778e-20 1.28389e-35)
(2.19484e-06 1.48538e-09 1.84122e-21 -9.39947e-07 3.48161e-20 -3.86886e-35)
(2.22077e-06 1.47798e-09 -1.55503e-21 -9.51063e-07 3.20754e-20 -7.76528e-37)
(2.24172e-06 1.4715e-09 3.7788e-22 -9.60046e-07 3.47166e-20 1.32348e-35)
(2.25781e-06 1.46648e-09 2.29166e-22 -9.66946e-07 3.41706e-20 -3.132e-45)
(2.26899e-06 1.4633e-09 -4.382e-22 -9.71738e-07 3.34185e-20 -1.41271e-37)
(2.27568e-06 1.46107e-09 7.90921e-22 -9.74604e-07 3.48837e-20 1.01349e-37)
(2.27783e-06 1.46029e-09 4.30184e-22 -9.75526e-07 3.32206e-20 -3.99378e-35)
(2.2771e-06 1.46043e-09 1.31849e-20 -9.75212e-07 3.15062e-20 -2.67511e-35)
)
;
    }
    up
    {
        type            calculated;
        value           nonuniform List<symmTensor> 
30
(
(1.08507e-06 1.83189e-09 7.90138e-23 -4.64163e-07 3.58003e-20 -6.01407e-35)
(8.33971e-07 1.91081e-09 7.32244e-22 -3.56512e-07 3.56536e-20 5.98827e-35)
(7.46368e-07 1.9388e-09 1.6832e-22 -3.18954e-07 3.62948e-20 -5.88905e-35)
(7.19156e-07 1.94697e-09 5.93102e-22 -3.07289e-07 3.60737e-20 -1.90233e-35)
(7.48355e-07 1.93692e-09 3.54665e-22 -3.19808e-07 3.58251e-20 1.88517e-35)
(8.0637e-07 1.91904e-09 1.86061e-23 -3.4468e-07 3.53048e-20 1.78934e-35)
(8.86175e-07 1.89416e-09 4.63201e-22 -3.78894e-07 3.54718e-20 -2.61631e-38)
(9.79713e-07 1.86533e-09 9.15191e-23 -4.18994e-07 3.52167e-20 1.67732e-35)
(1.08055e-06 1.83377e-09 6.46175e-22 -4.62227e-07 3.55549e-20 6.4686e-38)
(1.18602e-06 1.80069e-09 -3.07371e-22 -5.07445e-07 3.52112e-20 3.05821e-35)
(1.28803e-06 1.76967e-09 -6.17747e-22 -5.51179e-07 3.43663e-20 1.50616e-35)
(1.38299e-06 1.73962e-09 -2.96898e-22 -5.9189e-07 3.43407e-20 -2.56618e-50)
(1.47696e-06 1.71024e-09 -3.17072e-22 -6.32178e-07 3.42242e-20 -2.55919e-50)
(1.56723e-06 1.68228e-09 1.48642e-35 -6.70877e-07 3.46553e-20 0)
(1.65388e-06 1.65431e-09 3.55052e-22 -7.08027e-07 3.51267e-20 0)
(1.7356e-06 1.62955e-09 3.72595e-22 -7.43061e-07 3.50675e-20 2.54189e-50)
(1.81233e-06 1.60657e-09 -3.89068e-22 -7.75958e-07 3.3876e-20 -5.07459e-50)
(1.88351e-06 1.58311e-09 -4.04349e-22 -8.06475e-07 3.38157e-20 1.74512e-64)
(1.94912e-06 1.56277e-09 4.18433e-22 -8.34601e-07 3.49199e-20 -7.58928e-50)
(2.00896e-06 1.54444e-09 2.98666e-35 -8.60257e-07 3.43016e-20 -5.05352e-50)
(2.06305e-06 1.52649e-09 0 -8.83446e-07 3.42675e-20 0)
(2.11133e-06 1.51245e-09 -2.58788e-35 -9.04146e-07 3.42394e-20 -5.04435e-50)
(2.15377e-06 1.49828e-09 5.44522e-36 -9.2234e-07 3.42172e-20 -1.00822e-49)
(2.19028e-06 1.48745e-09 3.83478e-36 -9.37991e-07 3.42006e-20 -1.00773e-49)
(2.22067e-06 1.47771e-09 5.45375e-36 -9.51022e-07 3.41893e-20 -1.00739e-49)
(2.2448e-06 1.47005e-09 7.10468e-36 -9.61368e-07 3.41831e-20 -1.00721e-49)
(2.26232e-06 1.4656e-09 -4.8567e-22 -9.68876e-07 3.36302e-20 -5.03584e-50)
(2.27338e-06 1.46168e-09 2.93241e-35 -9.7362e-07 3.4184e-20 0)
(2.2777e-06 1.46045e-09 0 -9.75471e-07 3.41883e-20 0)
(2.27738e-06 1.46035e-09 1.62248e-20 -9.75333e-07 3.4192e-20 0)
)
;
    }
    hole
    {
        type            calculated;
        value           nonuniform List<symmTensor> 
20
(
(1.39177e-06 -2.88566e-06 5.17605e-19 9.29149e-07 5.64504e-19 7.69367e-34)
(2.15834e-06 -3.30154e-06 5.36458e-19 5.63593e-07 6.85917e-19 4.61775e-35)
(3.04867e-06 -3.5891e-06 5.25809e-19 6.5164e-08 7.86926e-19 0)
(4.02426e-06 -3.71179e-06 4.69243e-19 -5.35447e-07 8.41942e-19 -2.54643e-35)
(5.0315e-06 -3.63906e-06 3.64073e-19 -1.19643e-06 7.92042e-19 -4.61083e-34)
(6.02655e-06 -3.36729e-06 2.48423e-19 -1.8719e-06 6.83659e-19 -4.43356e-34)
(6.93681e-06 -2.88888e-06 1.55096e-19 -2.50666e-06 5.29517e-19 -8.39256e-34)
(7.77137e-06 -2.24278e-06 7.59348e-20 -3.07549e-06 3.38569e-19 -2.70949e-35)
(8.40696e-06 -1.42733e-06 1.92272e-20 -3.50691e-06 1.27662e-19 1.48863e-34)
(8.97495e-06 -5.02157e-07 -6.04306e-22 -3.83639e-06 -7.90903e-20 -1.73028e-34)
(2.95615e-09 2.29696e-09 7.38949e-20 -2.0773e-09 2.4106e-20 1.74699e-34)
(2.91493e-09 2.54657e-09 7.64142e-20 -2.03581e-09 1.04708e-20 4.87507e-35)
(-2.83342e-08 -1.99977e-08 7.91909e-20 7.68405e-08 1.57141e-20 -2.1739e-36)
(-8.63298e-08 -9.99473e-08 9.30725e-20 2.44814e-07 2.48544e-20 -4.15657e-35)
(-1.45334e-07 -2.6402e-07 1.07939e-19 4.75341e-07 4.28485e-20 1.08008e-34)
(-1.71654e-07 -5.29573e-07 1.5233e-19 7.33225e-07 6.83882e-20 -1.60282e-34)
(-1.25814e-07 -8.96585e-07 2.24249e-19 9.71335e-07 1.23327e-19 -1.68782e-34)
(2.92901e-08 -1.35057e-06 3.13042e-19 1.14452e-06 2.03259e-19 -3.37955e-34)
(3.2385e-07 -1.86162e-06 3.94805e-19 1.21231e-06 3.11475e-19 4.58409e-34)
(7.76605e-07 -2.38936e-06 4.65776e-19 1.14566e-06 4.31009e-19 6.69365e-35)
)
;
    }
    frontAndBack
    {
        type            empty;
    }
}


// ************************************************************************* //
