/*--------------------------------*- C++ -*----------------------------------*\
  =========                 |
  \\      /  F ield         | OpenFOAM: The Open Source CFD Toolbox
   \\    /   O peration     | Website:  https://openfoam.org
    \\  /    A nd           | Version:  9
     \\/     M anipulation  |
\*---------------------------------------------------------------------------*/
FoamFile
{
    format      ascii;
    class       volSymmTensorField;
    location    "1";
    object      epsilon;
}
// * * * * * * * * * * * * * * * * * * * * * * * * * * * * * * * * * * * * * //

dimensions      [0 0 0 0 0 0 0];

internalField   nonuniform List<symmTensor> 
1000
(
(4.26578e-07 -5.45216e-07 6.89484e-20 8.74278e-08 7.55014e-20 2.06042e-34)
(5.87612e-07 -4.21337e-07 -8.64254e-22 -1.03435e-07 4.88444e-22 0)
(6.66511e-07 -3.23559e-07 1.01051e-21 -1.94568e-07 -1.94298e-22 0)
(7.10795e-07 -2.49671e-07 2.57486e-22 -2.58154e-07 -1.85361e-22 0)
(7.3216e-07 -1.90185e-07 -1.09582e-21 -2.93365e-07 7.87169e-23 0)
(7.39395e-07 -1.43595e-07 -1.16341e-22 -3.15753e-07 1.29518e-22 0)
(7.38628e-07 -1.05711e-07 -1.00327e-21 -3.27817e-07 -5.35434e-22 0)
(7.32027e-07 -7.55566e-08 6.87039e-22 -3.33885e-07 3.20452e-22 0)
(7.23415e-07 -5.05016e-08 -3.6019e-22 -3.36008e-07 -3.99494e-22 0)
(7.10892e-07 -2.96252e-08 0 -3.36228e-07 0 0)
(5.75313e-07 -6.06894e-07 6.86261e-20 2.60295e-08 8.81404e-20 1.1915e-35)
(7.0025e-07 -4.3501e-07 0 -1.43583e-07 0 0)
(7.5394e-07 -3.11046e-07 8.14367e-22 -2.18762e-07 3.86535e-22 0)
(7.7892e-07 -2.21892e-07 -1.39805e-21 -2.71734e-07 -7.41682e-22 0)
(7.85232e-07 -1.53916e-07 -5.94643e-22 -2.98451e-07 -3.56076e-22 0)
(7.80549e-07 -1.03014e-07 4.16767e-22 -3.14895e-07 4.18395e-22 0)
(7.70097e-07 -6.32803e-08 4.63683e-22 -3.22237e-07 3.07924e-22 0)
(7.55935e-07 -3.30543e-08 1.08731e-21 -3.25445e-07 6.30701e-22 0)
(7.39974e-07 -8.58545e-09 0 -3.2423e-07 0 0)
(7.2313e-07 1.10288e-08 0 -3.247e-07 0 0)
(7.42128e-07 -6.46191e-07 6.61563e-20 -5.54608e-08 9.90096e-20 0)
(8.16984e-07 -4.34682e-07 0 -1.88949e-07 0 0)
(8.37804e-07 -2.89437e-07 7.76553e-22 -2.40099e-07 3.99514e-22 0)
(8.38826e-07 -1.88237e-07 -2.30317e-22 -2.77664e-07 8.23987e-23 0)
(8.27322e-07 -1.14212e-07 -1.12288e-23 -2.93056e-07 5.07074e-24 0)
(8.09073e-07 -6.08549e-08 -3.88761e-22 -3.01884e-07 -3.96107e-22 0)
(7.88078e-07 -2.08213e-08 5.24226e-22 -3.0352e-07 2.41482e-22 0)
(7.65737e-07 8.41577e-09 -3.91615e-22 -3.0314e-07 -2.86028e-22 0)
(7.4305e-07 3.10958e-08 -2.8884e-23 -2.98839e-07 5.37029e-23 0)
(7.21203e-07 4.95601e-08 -8.14565e-23 -2.98427e-07 -3.52981e-23 0)
(9.20765e-07 -6.57525e-07 5.82861e-20 -1.52381e-07 1.0489e-19 -6.6993e-36)
(9.34897e-07 -4.18621e-07 4.42199e-22 -2.37822e-07 -4.71077e-23 0)
(9.16749e-07 -2.59113e-07 -3.55114e-22 -2.58176e-07 -1.9942e-22 0)
(8.89929e-07 -1.50405e-07 -2.22453e-22 -2.76257e-07 4.42686e-23 0)
(8.58352e-07 -7.35771e-08 4.05243e-22 -2.7804e-07 3.87148e-22 0)
(8.25414e-07 -2.00532e-08 -4.84867e-22 -2.78137e-07 -3.1788e-22 0)
(7.93445e-07 1.85655e-08 -4.1913e-22 -2.73746e-07 -2.95277e-22 0)
(7.63078e-07 4.57257e-08 -9.34046e-22 -2.69777e-07 -6.75899e-22 0)
(7.3414e-07 6.56898e-08 -1.36539e-22 -2.63013e-07 -1.61884e-22 0)
(7.08004e-07 8.19636e-08 2.30159e-22 -2.61472e-07 1.99918e-22 0)
(1.10233e-06 -6.35894e-07 4.83176e-20 -2.58371e-07 1.05275e-19 -1.22945e-34)
(1.05012e-06 -3.84554e-07 2.31396e-26 -2.87926e-07 1.02691e-27 0)
(9.88753e-07 -2.19661e-07 -1.14852e-21 -2.72235e-07 -5.59586e-22 0)
(9.31308e-07 -1.09318e-07 1.03293e-22 -2.67621e-07 -4.59199e-24 0)
(8.78126e-07 -3.39332e-08 -1.44029e-22 -2.54066e-07 1.65711e-23 0)
(8.29936e-07 1.67692e-08 3.51567e-22 -2.44732e-07 3.20551e-22 0)
(7.87119e-07 5.18216e-08 -3.77911e-23 -2.34317e-07 1.19755e-23 0)
(7.49161e-07 7.54382e-08 3.67552e-22 -2.27017e-07 2.43102e-22 0)
(7.1488e-07 9.16323e-08 -8.56471e-23 -2.1858e-07 -1.70257e-22 0)
(6.85092e-07 1.04841e-07 -1.46166e-22 -2.16204e-07 -1.1627e-22 0)
(1.28068e-06 -5.79999e-07 3.58729e-20 -3.6632e-07 9.93057e-20 -1.29517e-34)
(1.1598e-06 -3.31037e-07 2.11056e-26 -3.35867e-07 4.38027e-27 0)
(1.05255e-06 -1.70616e-07 -1.13889e-26 -2.80504e-07 -1.69428e-27 0)
(9.62661e-07 -6.58978e-08 9.12147e-23 -2.51367e-07 1.04044e-23 0)
(8.87169e-07 2.86495e-09 -4.97123e-22 -2.21843e-07 -2.99499e-22 0)
(8.23933e-07 4.72073e-08 5.52914e-24 -2.03324e-07 -1.45513e-25 0)
(7.70966e-07 7.63778e-08 3.70155e-22 -1.87574e-07 2.47768e-22 0)
(7.26313e-07 9.49945e-08 7.88649e-22 -1.77676e-07 5.69244e-22 0)
(6.87728e-07 1.06594e-07 1.42777e-22 -1.68492e-07 1.03303e-22 0)
(6.55097e-07 1.16069e-07 -2.5035e-22 -1.65721e-07 -1.93889e-22 0)
(1.44374e-06 -4.8621e-07 2.59852e-20 -4.67485e-07 8.80448e-20 -2.79579e-34)
(1.25734e-06 -2.54122e-07 3.30896e-22 -3.76443e-07 1.3129e-22 0)
(1.10255e-06 -1.10632e-07 3.51352e-22 -2.78994e-07 1.5798e-22 0)
(9.80351e-07 -2.07475e-08 -7.485e-23 -2.25557e-07 -2.1488e-23 0)
(8.8391e-07 3.50047e-08 3.61329e-22 -1.81513e-07 2.39542e-22 0)
(8.07544e-07 6.88826e-08 -3.32612e-22 -1.55638e-07 -2.26636e-22 0)
(7.46413e-07 8.97898e-08 9.05196e-23 -1.36353e-07 2.64249e-24 0)
(6.96772e-07 1.02109e-07 -2.95921e-22 -1.25255e-07 -1.91194e-22 0)
(6.55381e-07 1.08652e-07 -1.8814e-23 -1.16528e-07 3.6864e-24 0)
(6.20902e-07 1.14089e-07 -1.49327e-22 -1.13992e-07 -9.59112e-23 0)
(1.59602e-06 -3.54282e-07 1.59281e-20 -5.54236e-07 7.14067e-20 -1.14639e-35)
(1.33912e-06 -1.50116e-07 -8.85741e-22 -3.9948e-07 -3.14029e-22 0)
(1.13523e-06 -3.90342e-08 6.79606e-24 -2.59743e-07 3.666e-24 0)
(9.83587e-07 2.34787e-08 1.09176e-22 -1.8674e-07 5.37703e-23 0)
(8.69811e-07 5.9046e-08 8.22909e-22 -1.33158e-07 4.03829e-22 0)
(7.84016e-07 7.87152e-08 -4.71474e-23 -1.04141e-07 -1.34097e-23 0)
(7.17756e-07 8.98692e-08 1.16001e-27 -8.4557e-08 1.83425e-28 0)
(6.65444e-07 9.55581e-08 -2.88926e-22 -7.43793e-08 -1.49655e-22 0)
(6.22944e-07 9.74893e-08 6.44758e-24 -6.75043e-08 -2.32538e-25 0)
(5.87701e-07 9.93242e-08 2.11731e-23 -6.58784e-08 1.00583e-23 0)
(1.71284e-06 -1.6812e-07 6.80331e-21 -6.04338e-07 5.04834e-20 1.18238e-34)
(1.37827e-06 -1.88702e-08 -9.74241e-22 -3.78666e-07 -4.00653e-22 0)
(1.12863e-06 3.45801e-08 1.00596e-22 -2.05981e-07 8.45326e-23 0)
(9.58755e-07 5.49873e-08 9.40827e-23 -1.27695e-07 7.2688e-23 0)
(8.39363e-07 6.55212e-08 -3.91255e-23 -7.70685e-08 -2.28521e-23 0)
(7.52431e-07 6.94987e-08 3.21707e-22 -5.2815e-08 1.15329e-22 0)
(6.86724e-07 7.16381e-08 1.67129e-23 -3.78948e-08 4.26731e-24 0)
(6.35181e-07 7.20242e-08 5.18569e-22 -3.12392e-08 1.95061e-22 0)
(5.93583e-07 7.10729e-08 1.14607e-22 -2.74217e-08 4.36111e-23 0)
(5.58619e-07 7.06687e-08 6.53184e-23 -2.71177e-08 2.64636e-23 0)
(1.81534e-06 1.40336e-07 1.63954e-21 -5.56343e-07 2.8726e-20 1.24207e-34)
(1.34356e-06 1.58215e-07 -7.37571e-23 -2.48283e-07 -1.26978e-22 0)
(1.08231e-06 1.04119e-07 3.38687e-22 -1.03121e-07 1.39464e-22 0)
(9.19576e-07 6.75993e-08 1.70767e-23 -5.02782e-08 2.35126e-23 0)
(8.10093e-07 5.37835e-08 5.80306e-28 -2.32613e-08 5.19962e-28 0)
(7.29398e-07 4.63635e-08 3.26183e-22 -1.247e-08 5.7485e-23 0)
(6.68077e-07 4.39989e-08 4.80129e-24 -6.80616e-09 1.09814e-24 0)
(6.18838e-07 4.27537e-08 2.50318e-22 -4.96212e-09 4.68528e-23 0)
(5.78586e-07 4.17585e-08 -2.53432e-24 -4.20069e-09 8.50717e-26 0)
(5.43776e-07 4.11181e-08 -4.1005e-24 -4.60855e-09 -7.50509e-25 0)
(6.78542e-09 5.3445e-10 3.23902e-20 -8.89297e-10 2.05106e-20 1.5885e-34)
(1.03931e-08 -5.26517e-09 -1.60089e-23 -9.89638e-10 1.89947e-20 1.61047e-36)
(2.92232e-08 -1.51456e-08 -2.41007e-22 -1.01648e-08 1.82581e-20 2.00688e-35)
(5.9194e-08 -2.31395e-08 -2.23192e-24 -2.39215e-08 1.85052e-20 0)
(9.3812e-08 -2.81321e-08 -3.80455e-23 -3.92297e-08 1.81186e-20 -1.60969e-36)
(1.30075e-07 -3.10165e-08 -3.26217e-22 -5.49837e-08 1.84465e-20 3.36526e-35)
(1.6553e-07 -3.22033e-08 7.51957e-23 -7.01941e-08 1.88179e-20 1.60835e-36)
(1.99363e-07 -3.2373e-08 -2.14731e-22 -8.4559e-08 1.85824e-20 3.05859e-35)
(2.30409e-07 -3.16197e-08 1.74002e-22 -9.77795e-08 1.86455e-20 -1.32766e-35)
(2.5918e-07 -3.1039e-08 5.21508e-22 -1.09677e-07 1.85559e-20 -4.00518e-35)
(1.22067e-08 -5.49957e-09 3.34272e-20 -2.35046e-09 4.24053e-21 4.17936e-35)
(3.08149e-08 -2.70131e-08 2.64299e-22 -5.64772e-10 2.86845e-22 0)
(6.51905e-08 -5.11387e-08 -2.47283e-22 -1.49189e-08 -2.45714e-22 0)
(1.0359e-07 -6.9714e-08 1.47848e-25 -3.44141e-08 -2.03192e-22 0)
(1.42127e-07 -8.12425e-08 0 -5.38682e-08 0 0)
(1.78695e-07 -8.77725e-08 -3.7167e-22 -7.21734e-08 -5.52943e-23 0)
(2.12375e-07 -9.02245e-08 6.71069e-23 -8.86212e-08 3.17857e-22 0)
(2.43325e-07 -9.02058e-08 4.93241e-24 -1.03309e-07 1.70803e-23 0)
(2.70589e-07 -8.78574e-08 -2.09323e-22 -1.16202e-07 -5.76734e-22 0)
(2.95906e-07 -8.59803e-08 1.46468e-22 -1.27139e-07 2.29656e-23 0)
(1.42008e-08 -2.44626e-08 3.42918e-20 6.22238e-09 6.81351e-21 -1.86649e-36)
(5.00852e-08 -6.6707e-08 2.70134e-22 2.03843e-09 2.83377e-22 0)
(9.87835e-08 -9.66696e-08 2.80421e-22 -2.03385e-08 5.8604e-23 0)
(1.46749e-07 -1.16885e-07 1.21659e-23 -4.82833e-08 -1.95914e-22 0)
(1.90888e-07 -1.28148e-07 0 -7.40873e-08 0 0)
(2.29712e-07 -1.33549e-07 -4.16592e-22 -9.66981e-08 -1.08593e-22 0)
(2.63402e-07 -1.34382e-07 -5.68229e-22 -1.15666e-07 -1.58903e-22 0)
(2.93015e-07 -1.32425e-07 3.7787e-22 -1.31608e-07 2.2847e-22 0)
(3.17614e-07 -1.27928e-07 2.39992e-24 -1.44587e-07 7.26224e-24 0)
(3.40563e-07 -1.24138e-07 -3.40052e-22 -1.55113e-07 -2.12208e-22 0)
(1.71069e-08 -5.42515e-08 3.62108e-20 2.69767e-08 9.93431e-21 -3.31301e-35)
(7.65154e-08 -1.14417e-07 6.38163e-23 4.74518e-09 -2.37995e-22 0)
(1.38511e-07 -1.46014e-07 3.08116e-22 -2.77249e-08 6.01189e-23 0)
(1.95134e-07 -1.63876e-07 0 -6.39596e-08 0 0)
(2.44166e-07 -1.71442e-07 -5.21042e-22 -9.55454e-08 1.9377e-22 0)
(2.85156e-07 -1.73044e-07 1.32659e-23 -1.2224e-07 4.80578e-22 0)
(3.19035e-07 -1.70342e-07 -3.01295e-23 -1.43774e-07 -2.57834e-22 0)
(3.47647e-07 -1.65108e-07 -8.17927e-23 -1.61206e-07 -3.97502e-22 0)
(3.69939e-07 -1.57726e-07 1.71607e-22 -1.7465e-07 5.56233e-23 0)
(3.90936e-07 -1.51477e-07 3.20574e-22 -1.85192e-07 1.19853e-22 0)
(2.48803e-08 -9.64394e-08 3.63422e-20 5.60126e-08 1.40122e-20 7.17389e-35)
(1.13796e-07 -1.66405e-07 -5.36803e-22 4.21478e-09 3.61644e-22 0)
(1.89125e-07 -1.94948e-07 -3.28396e-22 -4.19414e-08 -9.63027e-23 0)
(2.53103e-07 -2.07002e-07 -8.4131e-23 -8.71493e-08 3.53142e-22 0)
(3.05367e-07 -2.081e-07 -3.17129e-24 -1.23958e-07 2.17502e-23 0)
(3.47161e-07 -2.03791e-07 5.01947e-22 -1.53911e-07 -1.33615e-22 0)
(3.80214e-07 -1.96024e-07 2.20338e-22 -1.772e-07 5.79137e-23 0)
(4.07084e-07 -1.86415e-07 0 -1.95422e-07 0 0)
(4.26625e-07 -1.75562e-07 -2.39918e-22 -2.08787e-07 -3.06696e-22 0)
(4.4533e-07 -1.66321e-07 9.37041e-23 -2.18929e-07 2.29214e-23 0)
(4.21545e-08 -1.52049e-07 3.9892e-20 8.88229e-08 1.80248e-20 -8.3527e-35)
(1.63194e-07 -2.19127e-07 2.16621e-22 2.89909e-10 -4.2926e-22 0)
(2.51114e-07 -2.38992e-07 -2.73405e-22 -6.14459e-08 -2.91362e-22 0)
(3.20592e-07 -2.42247e-07 5.74279e-23 -1.15402e-07 -1.64376e-22 0)
(3.74063e-07 -2.3514e-07 5.73919e-22 -1.56353e-07 1.91481e-22 0)
(4.14895e-07 -2.23867e-07 -5.49835e-22 -1.88381e-07 5.97349e-23 0)
(4.45735e-07 -2.10394e-07 -3.78614e-25 -2.12388e-07 1.4529e-23 0)
(4.69748e-07 -1.96024e-07 -4.33872e-22 -2.30534e-07 -2.94958e-22 0)
(4.85836e-07 -1.81595e-07 1.01494e-24 -2.43263e-07 5.6888e-24 0)
(5.01584e-07 -1.69199e-07 -4.71643e-22 -2.52505e-07 -2.14471e-22 0)
(7.41337e-08 -2.20546e-07 4.65443e-20 1.18468e-07 2.56147e-20 -7.01104e-35)
(2.25117e-07 -2.70448e-07 1.20399e-23 -8.38825e-09 -1.84701e-23 0)
(3.23326e-07 -2.75504e-07 -8.77699e-27 -8.56709e-08 1.52205e-26 0)
(3.95828e-07 -2.66989e-07 -5.88926e-22 -1.47547e-07 -4.08871e-22 0)
(4.48262e-07 -2.50304e-07 -9.54184e-23 -1.91409e-07 2.63784e-22 0)
(4.86195e-07 -2.31503e-07 -5.37733e-22 -2.24284e-07 -2.1793e-22 0)
(5.13305e-07 -2.12162e-07 9.67174e-22 -2.47899e-07 4.28979e-22 0)
(5.33198e-07 -1.93102e-07 1.00271e-25 -2.65051e-07 1.13866e-23 0)
(5.45072e-07 -1.7533e-07 1.88538e-22 -2.76484e-07 2.16938e-25 0)
(5.57013e-07 -1.59877e-07 -2.58005e-22 -2.84299e-07 -1.22238e-22 0)
(1.25647e-07 -2.99436e-07 5.48147e-20 1.38396e-07 3.54421e-20 -1.18148e-34)
(2.99334e-07 -3.1835e-07 3.11012e-22 -2.2391e-08 -3.75405e-22 0)
(4.03463e-07 -3.02727e-07 -1.1957e-22 -1.12516e-07 1.61201e-22 0)
(4.75667e-07 -2.79801e-07 7.26682e-23 -1.8031e-07 -1.15016e-22 0)
(5.24583e-07 -2.52607e-07 6.42059e-27 -2.25442e-07 -1.28922e-26 0)
(5.57673e-07 -2.26177e-07 6.20844e-22 -2.57844e-07 5.40377e-23 0)
(5.79645e-07 -2.01262e-07 4.29484e-23 -2.80083e-07 -2.00433e-22 0)
(5.9426e-07 -1.7803e-07 -1.22585e-23 -2.95397e-07 1.64699e-22 0)
(6.01378e-07 -1.57493e-07 3.93918e-24 -3.05222e-07 8.21419e-23 0)
(6.08643e-07 -1.39382e-07 1.99201e-22 -3.1104e-07 1.82145e-22 0)
(2.00524e-07 -3.84131e-07 6.10379e-20 1.42461e-07 4.81639e-20 1.41512e-34)
(3.85297e-07 -3.60867e-07 -9.53468e-23 -4.26672e-08 6.88801e-22 0)
(4.89062e-07 -3.19853e-07 -1.15931e-26 -1.40553e-07 1.22647e-26 0)
(5.56839e-07 -2.8052e-07 8.05786e-22 -2.11186e-07 1.89273e-22 0)
(5.9951e-07 -2.42314e-07 6.17424e-22 -2.55523e-07 3.06391e-22 0)
(6.2581e-07 -2.08528e-07 5.57002e-22 -2.86075e-07 2.76486e-22 0)
(6.41301e-07 -1.78593e-07 -5.7208e-23 -3.0587e-07 1.72157e-22 0)
(6.4957e-07 -1.5205e-07 -6.71237e-22 -3.18771e-07 -3.72279e-22 0)
(6.51536e-07 -1.29445e-07 4.0909e-22 -3.26497e-07 9.8423e-23 0)
(6.53557e-07 -1.09188e-07 1.84912e-22 -3.30838e-07 1.08989e-22 0)
(3.00856e-07 -4.68496e-07 6.58388e-20 1.26277e-07 6.09509e-20 1.89762e-35)
(4.81895e-07 -3.95944e-07 -2.02492e-22 -6.96208e-08 1.50698e-22 0)
(5.77478e-07 -3.26739e-07 -3.96774e-22 -1.68225e-07 -1.84195e-22 0)
(6.36008e-07 -2.69995e-07 1.714e-21 -2.37634e-07 4.0174e-22 0)
(6.6944e-07 -2.20821e-07 1.02853e-23 -2.78726e-07 -1.18274e-23 0)
(6.86982e-07 -1.802e-07 -5.48226e-22 -3.05866e-07 -3.0896e-22 0)
(6.94718e-07 -1.4601e-07 -5.82879e-22 -3.22302e-07 -9.35231e-23 0)
(6.95703e-07 -1.17132e-07 -2.21376e-22 -3.31843e-07 -1.31323e-22 0)
(6.92733e-07 -9.37178e-08 1.97406e-23 -3.37985e-07 -1.79589e-22 0)
(6.87783e-07 -7.33905e-08 1.15252e-22 -3.38395e-07 2.27658e-22 0)
(2.85086e-07 -2.89503e-08 8.38166e-22 -1.20737e-07 1.88025e-20 -1.19247e-35)
(3.07667e-07 -2.60304e-08 9.4733e-22 -1.29947e-07 1.85548e-20 -2.6212e-35)
(3.28416e-07 -2.34855e-08 5.36086e-22 -1.38496e-07 1.81038e-20 -1.52956e-35)
(3.47077e-07 -2.11757e-08 5.80444e-22 -1.46231e-07 1.8332e-20 -6.71484e-37)
(3.63912e-07 -1.90315e-08 3.48833e-22 -1.5319e-07 1.83539e-20 3.98949e-35)
(3.78999e-07 -1.71105e-08 6.08894e-22 -1.59463e-07 1.84406e-20 0)
(3.92523e-07 -1.53483e-08 5.74246e-22 -1.65078e-07 1.84287e-20 0)
(4.04577e-07 -1.37575e-08 6.51924e-22 -1.701e-07 1.85518e-20 5.18793e-37)
(4.15301e-07 -1.22982e-08 6.01734e-22 -1.7457e-07 1.84436e-20 -1.35648e-35)
(4.24776e-07 -1.09601e-08 7.04762e-22 -1.78529e-07 1.86691e-20 8.803e-37)
(4.33097e-07 -9.71474e-09 7.28528e-22 -1.82011e-07 1.85012e-20 -4.11068e-35)
(4.40323e-07 -8.54436e-09 2.96326e-22 -1.85044e-07 1.83424e-20 1.3772e-35)
(4.46504e-07 -7.42557e-09 6.59621e-22 -1.87646e-07 1.84879e-20 -4.15272e-35)
(4.51673e-07 -6.34336e-09 -5.5351e-23 -1.89833e-07 1.79431e-20 -8.33996e-37)
(4.55844e-07 -5.2826e-09 3.09283e-22 -1.91609e-07 1.84641e-20 1.42217e-35)
(4.59044e-07 -4.24316e-09 2.46366e-22 -1.92984e-07 1.83552e-20 -3.36708e-45)
(4.61261e-07 -3.23946e-09 7.96513e-23 -1.93955e-07 1.82055e-20 -1.51932e-37)
(4.62583e-07 -2.32952e-09 2.98096e-22 -1.94535e-07 1.84947e-20 1.09028e-37)
(4.62999e-07 -1.63008e-09 1.87072e-22 -1.94706e-07 1.81656e-20 -4.29709e-35)
(4.62845e-07 -1.46622e-09 2.92764e-20 -1.94432e-07 1.79132e-20 -7.03551e-35)
(3.16725e-07 -8.02382e-08 3.65658e-22 -1.36975e-07 4.37415e-22 0)
(3.33422e-07 -7.24314e-08 2.32555e-22 -1.43971e-07 6.38032e-23 0)
(3.49397e-07 -6.55388e-08 1.51494e-23 -1.50406e-07 -9.94659e-23 0)
(3.63727e-07 -5.91035e-08 5.35223e-22 -1.5631e-07 4.72244e-22 0)
(3.76931e-07 -5.30673e-08 -1.01267e-22 -1.61579e-07 -2.40977e-23 0)
(3.88854e-07 -4.7608e-08 -4.3766e-22 -1.66416e-07 -4.32575e-22 0)
(3.99715e-07 -4.25517e-08 2.19668e-22 -1.70757e-07 8.11713e-23 0)
(4.09496e-07 -3.79557e-08 0 -1.74704e-07 0 0)
(4.18324e-07 -3.37133e-08 1.04577e-22 -1.78253e-07 3.7058e-23 0)
(4.26224e-07 -2.98072e-08 2.15141e-22 -1.81452e-07 8.28302e-23 0)
(4.33272e-07 -2.61648e-08 6.4736e-22 -1.84314e-07 3.32014e-22 0)
(4.39502e-07 -2.27444e-08 2.96884e-24 -1.86862e-07 3.30002e-24 0)
(4.4496e-07 -1.94904e-08 8.11759e-23 -1.89106e-07 -6.38554e-23 0)
(4.49675e-07 -1.63646e-08 1.25513e-22 -1.91052e-07 1.39703e-22 0)
(4.53664e-07 -1.33373e-08 1.28741e-22 -1.92695e-07 1.43714e-22 0)
(4.56952e-07 -1.04082e-08 -1.27519e-22 -1.94017e-07 -1.43108e-22 0)
(4.59519e-07 -7.61063e-09 -1.28226e-22 -1.94972e-07 -1.44745e-22 0)
(4.61398e-07 -5.0681e-09 -2.57489e-22 -1.9548e-07 -2.92408e-22 0)
(4.62433e-07 -2.95764e-09 -1.9445e-24 -1.95353e-07 -2.07752e-24 0)
(4.6268e-07 -1.83237e-09 2.9717e-20 -1.94287e-07 4.44831e-22 6.60148e-35)
(3.56571e-07 -1.15521e-07 1.00474e-22 -1.632e-07 1.3313e-22 0)
(3.67044e-07 -1.0488e-07 1.34212e-22 -1.67321e-07 4.77669e-23 0)
(3.77902e-07 -9.53091e-08 -3.18042e-22 -1.70752e-07 -3.88201e-22 0)
(3.87414e-07 -8.64178e-08 -2.6043e-23 -1.74003e-07 7.04368e-23 0)
(3.96542e-07 -7.79374e-08 5.74716e-22 -1.76771e-07 4.68811e-22 0)
(4.04817e-07 -7.02314e-08 -4.57842e-22 -1.79422e-07 -4.26686e-22 0)
(4.12578e-07 -6.30166e-08 -1.22488e-22 -1.8181e-07 -1.37662e-22 0)
(4.1966e-07 -5.64185e-08 2.33984e-22 -1.84067e-07 2.58422e-22 0)
(4.2621e-07 -5.02893e-08 -3.31625e-24 -1.86159e-07 -1.66968e-22 0)
(4.3218e-07 -4.46268e-08 -2.47466e-22 -1.88127e-07 -2.7041e-22 0)
(4.37637e-07 -3.93397e-08 2.3707e-22 -1.89969e-07 2.58231e-22 0)
(4.42579e-07 -3.43836e-08 3.66266e-22 -1.91694e-07 3.99322e-22 0)
(4.47041e-07 -2.9692e-08 2.80054e-24 -1.933e-07 3.00476e-24 0)
(4.51031e-07 -2.52182e-08 -1.25372e-22 -1.94774e-07 -1.37568e-22 0)
(4.54553e-07 -2.09219e-08 1.24097e-22 -1.96086e-07 1.37028e-22 0)
(4.5761e-07 -1.67874e-08 1.82787e-29 -1.97182e-07 1.98368e-29 0)
(4.60133e-07 -1.28239e-08 -1.27824e-22 -1.97949e-07 -1.42996e-22 0)
(4.62095e-07 -9.09383e-09 1.93992e-23 -1.98209e-07 1.02973e-22 0)
(4.63165e-07 -5.70517e-09 -4.09788e-22 -1.97588e-07 -5.42278e-23 0)
(4.6333e-07 -2.80849e-09 2.98157e-20 -1.95671e-07 4.24878e-22 4.92231e-38)
(4.02232e-07 -1.40436e-07 0 -1.917e-07 0 0)
(4.06276e-07 -1.28251e-07 1.43573e-22 -1.93194e-07 5.22043e-23 0)
(4.11963e-07 -1.16981e-07 1.14371e-22 -1.93796e-07 1.26943e-22 0)
(4.16456e-07 -1.06697e-07 1.25587e-22 -1.9458e-07 1.41077e-22 0)
(4.21308e-07 -9.66755e-08 0 -1.94913e-07 0 0)
(4.25661e-07 -8.75675e-08 1.4721e-23 -1.95396e-07 -7.07119e-23 0)
(4.30052e-07 -7.89332e-08 -3.7086e-22 -1.95798e-07 -2.24819e-22 0)
(4.34144e-07 -7.09983e-08 -2.39446e-22 -1.96295e-07 -2.5287e-22 0)
(4.38131e-07 -6.35759e-08 -1.3248e-22 -1.96835e-07 -6.08258e-23 0)
(4.41886e-07 -5.66921e-08 3.44108e-24 -1.97456e-07 1.60846e-22 0)
(4.45474e-07 -5.02477e-08 -1.14175e-22 -1.98146e-07 3.46699e-23 0)
(4.48854e-07 -4.42035e-08 2.43397e-22 -1.98903e-07 1.04122e-22 0)
(4.52038e-07 -3.84886e-08 2.28777e-22 -1.99711e-07 1.25823e-23 0)
(4.55011e-07 -3.30511e-08 7.78193e-24 -2.00541e-07 8.61385e-23 0)
(4.57751e-07 -2.78399e-08 1.21932e-23 -2.01341e-07 9.13701e-23 0)
(4.60233e-07 -2.28153e-08 -1.2638e-22 -2.02029e-07 -1.38504e-22 0)
(4.62344e-07 -1.79506e-08 -2.69825e-29 -2.02458e-07 -2.9603e-29 0)
(4.64028e-07 -1.32132e-08 2.71512e-22 -2.02414e-07 3.84817e-22 0)
(4.64865e-07 -8.63777e-09 -1.57674e-23 -2.0148e-07 -1.00984e-22 0)
(4.64889e-07 -3.89166e-09 2.93345e-20 -1.99234e-07 4.48681e-23 -9.54939e-35)
(4.51722e-07 -1.53385e-07 1.49136e-23 -2.2342e-07 1.7665e-22 0)
(4.49109e-07 -1.41158e-07 -1.5628e-22 -2.2224e-07 -6.79637e-23 0)
(4.49609e-07 -1.29191e-07 -3.96481e-22 -2.19788e-07 -3.16649e-22 0)
(4.48958e-07 -1.18653e-07 2.60176e-22 -2.18013e-07 1.74349e-22 0)
(4.4947e-07 -1.08054e-07 6.76577e-22 -2.15773e-07 4.37894e-22 0)
(4.49758e-07 -9.84617e-08 -1.25475e-22 -2.13935e-07 -1.27527e-22 0)
(4.50638e-07 -8.92291e-08 0 -2.12184e-07 0 0)
(4.51562e-07 -8.0698e-08 1.22149e-22 -2.10736e-07 1.23645e-22 0)
(4.52799e-07 -7.26504e-08 -3.86936e-22 -2.09537e-07 -1.64873e-22 0)
(4.54138e-07 -6.51459e-08 -2.52951e-22 -2.08623e-07 -1.83314e-22 0)
(4.55645e-07 -5.80906e-08 1.02261e-23 -2.07978e-07 -1.40171e-22 0)
(4.5724e-07 -5.14555e-08 -1.30494e-22 -2.07593e-07 -2.10988e-22 0)
(4.58919e-07 -4.51729e-08 -7.00806e-24 -2.07442e-07 2.20766e-22 0)
(4.60641e-07 -3.91863e-08 2.53121e-22 -2.07484e-07 3.44255e-22 0)
(4.6236e-07 -3.34327e-08 1.20236e-22 -2.07655e-07 5.11759e-23 0)
(4.64027e-07 -2.78419e-08 -6.63178e-24 -2.07858e-07 -8.55713e-23 0)
(4.65507e-07 -2.23495e-08 2.32901e-22 -2.07933e-07 9.57308e-23 0)
(4.6673e-07 -1.6817e-08 1.14506e-22 -2.07669e-07 4.59497e-23 0)
(4.67272e-07 -1.12361e-08 4.74211e-22 -2.06672e-07 3.68903e-22 0)
(4.67192e-07 -4.87031e-09 3.03843e-20 -2.04561e-07 1.07036e-21 9.4707e-35)
(5.02909e-07 -1.55029e-07 9.41658e-23 -2.54802e-07 1.24897e-22 0)
(4.93579e-07 -1.44345e-07 2.31172e-24 -2.51359e-07 4.78383e-24 0)
(4.89059e-07 -1.3264e-07 -2.85874e-22 -2.46039e-07 -1.95052e-22 0)
(4.83277e-07 -1.22889e-07 -6.87452e-22 -2.41918e-07 -5.05288e-22 0)
(4.79535e-07 -1.12576e-07 2.68087e-22 -2.37309e-07 1.79841e-22 0)
(4.75768e-07 -1.03279e-07 2.5432e-22 -2.33274e-07 2.45792e-22 0)
(4.73131e-07 -9.41644e-08 -1.24593e-22 -2.29486e-07 -1.20598e-22 0)
(4.70847e-07 -8.56724e-08 -1.80613e-23 -2.2615e-07 5.34965e-23 0)
(4.69255e-07 -7.7586e-08 5.40802e-22 -2.23236e-07 3.18549e-22 0)
(4.68076e-07 -6.99841e-08 -3.6537e-22 -2.20768e-07 -3.62902e-22 0)
(4.67372e-07 -6.27947e-08 -1.29971e-22 -2.18741e-07 -1.30712e-22 0)
(4.67032e-07 -5.59963e-08 3.57208e-22 -2.17141e-07 5.08612e-22 0)
(4.6704e-07 -4.95321e-08 -5.06351e-22 -2.15945e-07 -1.52117e-22 0)
(4.67331e-07 -4.33441e-08 -3.6785e-22 -2.15112e-07 -3.82781e-22 0)
(4.67849e-07 -3.73634e-08 -1.0649e-24 -2.1458e-07 -7.68637e-23 0)
(4.68529e-07 -3.14928e-08 -4.91668e-22 -2.14258e-07 -3.70371e-22 0)
(4.6924e-07 -2.56377e-08 -3.59308e-24 -2.14003e-07 -3.30877e-24 0)
(4.69905e-07 -1.95712e-08 4.85117e-22 -2.13635e-07 4.54257e-22 0)
(4.70173e-07 -1.32628e-08 9.66208e-24 -2.1284e-07 9.33078e-23 0)
(4.70077e-07 -5.66326e-09 3.05667e-20 -2.113e-07 8.41719e-22 -6.86871e-37)
(5.53303e-07 -1.45344e-07 -9.85275e-23 -2.84213e-07 -1.22224e-22 0)
(5.37556e-07 -1.37921e-07 1.34971e-22 -2.79153e-07 1.2041e-22 0)
(5.28506e-07 -1.27486e-07 1.64991e-22 -2.71465e-07 8.55846e-23 0)
(5.17843e-07 -1.19509e-07 -1.31813e-22 -2.65297e-07 -1.20561e-22 0)
(5.10104e-07 -1.10407e-07 -3.08681e-22 -2.58662e-07 -1.53304e-22 0)
(5.02452e-07 -1.02151e-07 1.50666e-22 -2.5258e-07 7.45086e-23 0)
(4.96384e-07 -9.38553e-08 4.28029e-22 -2.46877e-07 2.71753e-22 0)
(4.90956e-07 -8.5979e-08 -6.89047e-22 -2.41703e-07 -4.5596e-22 0)
(4.86543e-07 -7.83757e-08 -4.24798e-22 -2.37099e-07 -2.75986e-22 0)
(4.82834e-07 -7.11314e-08 6.66924e-22 -2.33081e-07 4.4517e-22 0)
(4.79875e-07 -6.42196e-08 -2.70533e-22 -2.29663e-07 -1.28849e-22 0)
(4.77541e-07 -5.76305e-08 3.63442e-22 -2.26832e-07 3.62546e-22 0)
(4.75794e-07 -5.13283e-08 3.87536e-22 -2.24569e-07 2.49374e-22 0)
(4.74562e-07 -4.52566e-08 -2.30345e-22 -2.22841e-07 -3.09241e-22 0)
(4.73781e-07 -3.9347e-08 -1.43269e-22 -2.21598e-07 7.38012e-23 0)
(4.73378e-07 -3.34819e-08 7.03553e-24 -2.20766e-07 6.35567e-24 0)
(4.7325e-07 -2.75482e-08 -6.00045e-22 -2.20239e-07 -4.90688e-22 0)
(4.73311e-07 -2.12535e-08 1.19921e-22 -2.19886e-07 1.31323e-22 0)
(4.73341e-07 -1.45594e-08 2.35757e-22 -2.19501e-07 1.81758e-22 0)
(4.73298e-07 -6.21157e-09 3.07079e-20 -2.18849e-07 8.42611e-22 -2.81891e-37)
(6.00257e-07 -1.25032e-07 1.24451e-24 -3.09058e-07 3.87795e-24 0)
(5.7885e-07 -1.22552e-07 -1.39418e-22 -3.03217e-07 -1.20004e-22 0)
(5.66044e-07 -1.14476e-07 2.83478e-23 -2.94176e-07 -3.11895e-23 0)
(5.51039e-07 -1.08943e-07 0 -2.86338e-07 0 0)
(5.39711e-07 -1.01877e-07 0 -2.78321e-07 0 0)
(5.28628e-07 -9.52428e-08 -4.16556e-22 -2.70668e-07 -3.19956e-22 0)
(5.194e-07 -8.84074e-08 3.72111e-22 -2.63479e-07 3.38347e-22 0)
(5.11075e-07 -8.17057e-08 7.83091e-22 -2.56792e-07 6.6758e-22 0)
(5.03974e-07 -7.51112e-08 -5.93647e-22 -2.50715e-07 -5.55595e-22 0)
(4.97821e-07 -6.86915e-08 -5.18378e-22 -2.45277e-07 -4.32072e-22 0)
(4.92634e-07 -6.24691e-08 2.39902e-22 -2.40524e-07 2.32397e-22 0)
(4.88296e-07 -5.6452e-08 -2.16256e-23 -2.3647e-07 4.54727e-23 0)
(4.84762e-07 -5.06301e-08 4.0502e-22 -2.33118e-07 1.99344e-22 0)
(4.81957e-07 -4.49621e-08 6.33969e-22 -2.30458e-07 4.32616e-22 0)
(4.7982e-07 -3.93891e-08 8.69933e-24 -2.28468e-07 7.78095e-24 0)
(4.78282e-07 -3.3789e-08 2.81493e-22 -2.27109e-07 -7.49458e-23 0)
(4.77278e-07 -2.80428e-08 0 -2.26328e-07 0 0)
(4.76717e-07 -2.18231e-08 -2.41158e-22 -2.26055e-07 -1.06432e-22 0)
(4.76549e-07 -1.50942e-08 1.15952e-22 -2.26214e-07 4.90907e-23 0)
(4.76616e-07 -6.49527e-09 3.11912e-20 -2.26665e-07 9.36774e-22 -7.49744e-37)
(6.41747e-07 -9.605e-08 -9.89157e-25 -3.27512e-07 -3.38879e-24 0)
(6.15494e-07 -9.942e-08 1.71649e-22 -3.21495e-07 1.01731e-22 0)
(6.00085e-07 -9.53939e-08 -1.70804e-22 -3.13218e-07 -1.03078e-22 0)
(5.81739e-07 -9.27894e-08 -1.68101e-22 -3.04383e-07 -1.004e-22 0)
(5.67182e-07 -8.86147e-08 4.62633e-22 -2.9551e-07 3.11326e-22 0)
(5.53179e-07 -8.40025e-08 3.28774e-22 -2.86585e-07 1.94515e-22 0)
(5.4107e-07 -7.89626e-08 -4.37597e-22 -2.78099e-07 -2.8906e-22 0)
(5.30157e-07 -7.36888e-08 5.52896e-23 -2.70107e-07 -5.92084e-23 0)
(5.20607e-07 -6.83277e-08 1.00054e-22 -2.62758e-07 9.05388e-23 0)
(5.12221e-07 -6.2961e-08 -5.09261e-23 -2.56109e-07 7.00524e-23 0)
(5.04966e-07 -5.76595e-08 -4.42665e-22 -2.50214e-07 -2.4116e-22 0)
(4.98746e-07 -5.24538e-08 4.00538e-24 -2.45106e-07 3.76931e-24 0)
(4.93506e-07 -4.73536e-08 -2.06787e-22 -2.40808e-07 -2.71135e-22 0)
(4.89172e-07 -4.23333e-08 -6.90331e-24 -2.37332e-07 -6.17763e-24 0)
(4.85705e-07 -3.73445e-08 2.58043e-22 -2.34688e-07 1.25295e-22 0)
(4.83035e-07 -3.22713e-08 -5.19633e-24 -2.32876e-07 -4.45388e-24 0)
(4.81157e-07 -2.69975e-08 3.21145e-22 -2.31907e-07 4.16619e-22 0)
(4.79973e-07 -2.11881e-08 -1.1863e-22 -2.31779e-07 -5.30709e-23 0)
(4.79627e-07 -1.48104e-08 -5.62856e-22 -2.32559e-07 -5.45376e-22 0)
(4.79823e-07 -6.49286e-09 3.07631e-20 -2.34215e-07 4.52454e-22 -5.67094e-35)
(6.7471e-07 -5.87933e-08 -2.17867e-23 -3.39299e-07 -1.09821e-23 0)
(6.47537e-07 -6.60565e-08 -1.83759e-22 -3.31892e-07 -1.07661e-22 0)
(6.29953e-07 -6.78146e-08 1.50167e-22 -3.26268e-07 1.15893e-22 0)
(6.10353e-07 -6.85546e-08 -3.94696e-22 -3.18285e-07 -3.51032e-22 0)
(5.93187e-07 -6.82743e-08 -4.05135e-22 -3.09951e-07 -3.30057e-22 0)
(5.7694e-07 -6.68122e-08 2.41238e-22 -3.00996e-07 2.41886e-22 0)
(5.62242e-07 -6.45258e-08 2.10699e-22 -2.91957e-07 2.42376e-22 0)
(5.48893e-07 -6.15504e-08 3.63928e-22 -2.83114e-07 3.20359e-22 0)
(5.36965e-07 -5.80953e-08 -4.2498e-22 -2.74702e-07 -3.12183e-22 0)
(5.26366e-07 -5.43166e-08 1.27357e-24 -2.66901e-07 8.45429e-24 0)
(5.17055e-07 -5.03423e-08 -5.77396e-24 -2.59831e-07 -2.52414e-23 0)
(5.08951e-07 -4.62624e-08 -3.3434e-22 -2.53585e-07 -3.18684e-22 0)
(5.02e-07 -4.21322e-08 0 -2.48231e-07 0 0)
(4.96134e-07 -3.79647e-08 -2.97607e-22 -2.43821e-07 -9.78417e-23 0)
(4.91319e-07 -3.37406e-08 -1.53315e-24 -2.40407e-07 -5.84593e-24 0)
(4.87496e-07 -2.93717e-08 -3.85816e-22 -2.38037e-07 -1.87467e-22 0)
(4.84718e-07 -2.47594e-08 1.07159e-22 -2.36794e-07 1.10277e-22 0)
(4.82883e-07 -1.95946e-08 2.43077e-22 -2.36751e-07 1.11239e-22 0)
(4.82344e-07 -1.38534e-08 2.98215e-24 -2.38126e-07 -2.18849e-25 0)
(4.82681e-07 -6.24209e-09 3.10994e-20 -2.41008e-07 4.29066e-22 -2.40483e-37)
(6.90732e-07 -2.81231e-08 1.90665e-22 -3.39955e-07 1.64365e-22 0)
(6.66014e-07 -3.20296e-08 -1.74847e-22 -3.33748e-07 -1.09189e-22 0)
(6.47025e-07 -3.91793e-08 -1.02081e-22 -3.29912e-07 -8.31381e-23 0)
(6.27609e-07 -4.25911e-08 1.68024e-22 -3.23499e-07 1.02095e-22 0)
(6.09605e-07 -4.50008e-08 -3.30389e-22 -3.15931e-07 -1.51134e-22 0)
(5.92502e-07 -4.60998e-08 -2.23043e-22 -3.07589e-07 -1.05814e-22 0)
(5.76712e-07 -4.61681e-08 -2.80524e-22 -2.98829e-07 -2.00705e-22 0)
(5.6214e-07 -4.53846e-08 3.22662e-23 -2.90029e-07 -2.23541e-23 0)
(5.48911e-07 -4.39105e-08 5.65568e-22 -2.81457e-07 3.57176e-22 0)
(5.36973e-07 -4.19168e-08 -1.97101e-23 -2.73343e-07 -2.05685e-23 0)
(5.26333e-07 -3.95354e-08 3.01703e-22 -2.65858e-07 1.69963e-22 0)
(5.16939e-07 -3.68776e-08 -1.51254e-23 -2.59138e-07 -1.66157e-23 0)
(5.08763e-07 -3.40199e-08 1.11624e-36 -2.53293e-07 1.10461e-36 0)
(5.01758e-07 -3.10026e-08 -1.3241e-22 -2.48418e-07 -6.58611e-23 0)
(4.95922e-07 -2.78334e-08 1.294e-22 -2.4461e-07 6.29401e-23 0)
(4.91205e-07 -2.44589e-08 -5.95309e-24 -2.41964e-07 -8.27978e-24 0)
(4.87723e-07 -2.08103e-08 1.89453e-23 -2.40631e-07 -5.33537e-23 0)
(4.85368e-07 -1.66482e-08 1.25475e-24 -2.40751e-07 3.83206e-24 0)
(4.84658e-07 -1.19628e-08 -1.14312e-24 -2.42667e-07 1.51274e-24 0)
(4.85068e-07 -5.6497e-09 3.15031e-20 -2.46585e-07 1.65731e-22 2.80576e-37)
(6.77007e-07 1.96463e-09 1.76352e-22 -3.2715e-07 1.37328e-22 0)
(6.60624e-07 -2.53507e-09 0 -3.29216e-07 0 0)
(6.43476e-07 -1.12368e-08 -1.3814e-22 -3.26348e-07 -1.19162e-22 0)
(6.26301e-07 -1.69497e-08 1.8011e-36 -3.21557e-07 1.43317e-36 0)
(6.09896e-07 -2.14497e-08 4.11587e-37 -3.15131e-07 2.94889e-37 0)
(5.94032e-07 -2.46426e-08 1.95382e-36 -3.07745e-07 1.433e-36 0)
(5.79127e-07 -2.67114e-08 3.00427e-36 -2.99752e-07 2.38491e-36 0)
(5.65128e-07 -2.78393e-08 -1.21321e-22 -2.91541e-07 -1.1098e-22 0)
(5.52211e-07 -2.8172e-08 0 -2.83398e-07 0 0)
(5.4037e-07 -2.78706e-08 1.16006e-22 -2.75572e-07 1.09642e-22 0)
(5.29664e-07 -2.70624e-08 -1.69512e-37 -2.6826e-07 -2.70795e-37 0)
(5.2008e-07 -2.58616e-08 -1.1165e-22 -2.61625e-07 -1.09201e-22 0)
(5.11634e-07 -2.43501e-08 1.09837e-22 -2.55805e-07 1.09264e-22 0)
(5.0431e-07 -2.25838e-08 1.56476e-36 -2.50926e-07 1.12449e-36 0)
(4.98142e-07 -2.05854e-08 -1.0694e-22 -2.47117e-07 -1.09896e-22 0)
(4.93113e-07 -1.83389e-08 -9.44657e-37 -2.4451e-07 -8.55307e-37 0)
(4.89386e-07 -1.57977e-08 1.0506e-22 -2.43301e-07 1.11217e-22 0)
(4.86869e-07 -1.28135e-08 1.0452e-22 -2.43674e-07 1.12198e-22 0)
(4.86203e-07 -9.40601e-09 -1.12156e-36 -2.46074e-07 -9.6092e-37 0)
(4.86788e-07 -4.79843e-09 3.16543e-20 -2.50732e-07 -9.75835e-37 -1.86731e-49)
(6.65121e-07 3.2132e-08 3.41073e-23 -3.1398e-07 5.50709e-23 0)
(6.51201e-07 2.51254e-08 -1.11328e-22 -3.18567e-07 -6.83894e-23 0)
(6.37631e-07 1.48918e-08 -2.50185e-22 -3.18269e-07 -1.88019e-22 0)
(6.22531e-07 7.32091e-09 0 -3.15499e-07 0 0)
(6.07994e-07 1.05683e-09 1.46523e-23 -3.10837e-07 4.95945e-23 0)
(5.93419e-07 -3.92843e-09 -1.05743e-22 -3.04872e-07 -1.60171e-23 0)
(5.7951e-07 -7.7363e-09 -2.41382e-22 -2.98042e-07 -1.77635e-22 0)
(5.66191e-07 -1.0565e-08 -3.55892e-22 -2.90743e-07 -2.37468e-22 0)
(5.53728e-07 -1.25293e-08 1.18873e-22 -2.83304e-07 1.11829e-22 0)
(5.42146e-07 -1.37819e-08 -2.34271e-22 -2.76e-07 -1.18502e-22 0)
(5.31546e-07 -1.44395e-08 -1.16988e-22 -2.69062e-07 -5.77616e-23 0)
(5.21953e-07 -1.46145e-08 -2.33593e-22 -2.62682e-07 -1.12784e-22 0)
(5.13412e-07 -1.43939e-08 -2.33171e-22 -2.57032e-07 -1.10358e-22 0)
(5.0594e-07 -1.38444e-08 -1.16371e-22 -2.52267e-07 -5.41561e-23 0)
(4.99597e-07 -1.30082e-08 -2.32332e-22 -2.4855e-07 -1.06716e-22 0)
(4.94399e-07 -1.19042e-08 -2.31953e-22 -2.46047e-07 -1.05642e-22 0)
(4.90538e-07 -1.0511e-08 -1.05308e-22 -2.45001e-07 -1.11286e-22 0)
(4.87936e-07 -8.79302e-09 -1.15636e-22 -2.45598e-07 -5.27246e-23 0)
(4.87313e-07 -6.7503e-09 -1.15466e-22 -2.48342e-07 -5.33135e-23 0)
(4.87985e-07 -3.91232e-09 3.16433e-20 -2.53543e-07 -5.44302e-23 -1.4051e-49)
(6.48184e-07 5.54914e-08 6.42929e-22 -2.99951e-07 5.33028e-22 0)
(6.3751e-07 4.83376e-08 1.00741e-22 -3.07092e-07 6.59259e-23 0)
(6.27101e-07 3.76433e-08 -3.72908e-22 -3.088e-07 -3.05935e-22 0)
(6.14326e-07 2.92076e-08 3.81914e-36 -3.07775e-07 3.13283e-36 0)
(6.01862e-07 2.17958e-08 1.50436e-22 -3.04665e-07 1.69265e-22 0)
(5.88894e-07 1.55364e-08 -2.01146e-37 -3.00009e-07 -1.18333e-37 0)
(5.76316e-07 1.03664e-08 1.10629e-22 -2.94309e-07 6.31816e-23 0)
(5.64033e-07 6.14684e-09 -2.42171e-22 -2.87958e-07 -2.28288e-22 0)
(5.52379e-07 2.79208e-09 4.78181e-36 -2.81307e-07 3.92764e-36 0)
(5.41401e-07 1.76823e-10 2.32454e-22 -2.74646e-07 2.25398e-22 0)
(5.31243e-07 -1.79932e-09 -1.12952e-22 -2.68223e-07 -5.75817e-23 0)
(5.21955e-07 -3.23965e-09 -1.34159e-36 -2.62253e-07 -1.05238e-36 0)
(5.13614e-07 -4.23009e-09 -5.74193e-36 -2.56922e-07 -5.17854e-36 0)
(5.06262e-07 -4.84847e-09 1.134e-22 -2.52412e-07 5.41874e-23 0)
(4.99982e-07 -5.14568e-09 -3.41053e-36 -2.48901e-07 -2.85688e-36 0)
(4.94822e-07 -5.19297e-09 -2.12455e-22 -2.46587e-07 -2.22455e-22 0)
(4.9097e-07 -4.95474e-09 1.50551e-36 -2.45704e-07 1.1293e-36 0)
(4.88421e-07 -4.5718e-09 9.62624e-23 -2.46504e-07 1.70043e-22 0)
(4.87905e-07 -3.87734e-09 -1.13346e-22 -2.49578e-07 -5.35789e-23 0)
(4.88633e-07 -2.91e-09 3.17087e-20 -2.5507e-07 -5.47579e-23 0)
(6.27883e-07 7.48664e-08 1.74684e-22 -2.8461e-07 1.22199e-22 0)
(6.20124e-07 6.76361e-08 2.24578e-22 -2.93459e-07 1.8349e-22 0)
(6.12735e-07 5.70262e-08 1.90126e-22 -2.9688e-07 1.27467e-22 0)
(6.02416e-07 4.82223e-08 3.16231e-37 -2.97563e-07 3.81208e-37 0)
(5.92192e-07 4.01593e-08 3.28628e-22 -2.96044e-07 2.451e-22 0)
(5.81066e-07 3.30683e-08 -2.18352e-23 -2.92815e-07 -5.42439e-23 0)
(5.7007e-07 2.69218e-08 -1.77013e-23 -2.8838e-07 -5.43306e-23 0)
(5.5909e-07 2.16415e-08 2.1227e-22 -2.83128e-07 1.21563e-22 0)
(5.4852e-07 1.71752e-08 1.17755e-22 -2.7742e-07 1.14687e-22 0)
(5.38422e-07 1.34293e-08 2.23849e-22 -2.71557e-07 1.72324e-22 0)
(5.28976e-07 1.03239e-08 2.18032e-22 -2.658e-07 1.14123e-22 0)
(5.20256e-07 7.77145e-09 -2.0764e-24 -2.60381e-07 -5.70497e-23 0)
(5.12361e-07 5.69063e-09 1.10156e-22 -2.55503e-07 -2.81581e-24 0)
(5.05361e-07 4.00428e-09 1.1043e-22 -2.51362e-07 5.39619e-23 0)
(4.99333e-07 2.6379e-09 3.28594e-22 -2.48143e-07 2.18374e-22 0)
(4.94399e-07 1.52512e-09 1.10897e-22 -2.4608e-07 5.28279e-23 0)
(4.90599e-07 6.08566e-10 0 -2.4537e-07 0 0)
(4.88377e-07 -2.55823e-10 3.27122e-22 -2.46438e-07 2.16839e-22 0)
(4.87192e-07 -8.19604e-10 3.2975e-22 -2.49183e-07 1.8905e-22 0)
(4.8881e-07 -2.01071e-09 3.20587e-20 -2.55068e-07 1.09515e-22 0)
(6.05644e-07 8.97377e-08 -9.4396e-23 -2.69351e-07 -6.77676e-23 0)
(6.00523e-07 8.29565e-08 -8.35257e-23 -2.79459e-07 -5.99937e-23 0)
(5.95802e-07 7.29846e-08 -1.27906e-22 -2.84247e-07 -1.1894e-22 0)
(5.8784e-07 6.43189e-08 0 -2.86335e-07 0 0)
(5.79798e-07 5.60505e-08 1.2447e-22 -2.86183e-07 1.18354e-22 0)
(5.70581e-07 4.85221e-08 2.19452e-22 -2.84241e-07 1.78815e-22 0)
(5.61281e-07 4.17352e-08 -2.19735e-22 -2.80996e-07 -1.77483e-22 0)
(5.51769e-07 3.56869e-08 -1.18453e-22 -2.76822e-07 -1.16497e-22 0)
(5.42474e-07 3.03572e-08 1.16457e-22 -2.7208e-07 1.15836e-22 0)
(5.33468e-07 2.56937e-08 1.04162e-22 -2.6707e-07 5.7334e-23 0)
(5.24955e-07 2.16393e-08 -2.43818e-38 -2.62058e-07 -1.99754e-37 0)
(5.17024e-07 1.81257e-08 1.06212e-22 -2.57281e-07 5.52326e-23 0)
(5.098e-07 1.50807e-08 3.77026e-37 -2.52951e-07 3.90785e-37 0)
(5.03353e-07 1.24304e-08 -1.07562e-22 -2.49265e-07 -5.35117e-23 0)
(4.97808e-07 1.00828e-08 3.68158e-37 -2.46424e-07 3.87095e-37 0)
(4.9322e-07 7.97183e-09 1.084e-22 -2.44637e-07 5.25183e-23 0)
(4.8984e-07 5.92995e-09 -1.05158e-22 -2.44159e-07 -1.11237e-22 0)
(4.8763e-07 3.92245e-09 -1.55145e-38 -2.45304e-07 1.98354e-37 0)
(4.87288e-07 1.66141e-09 -3.75898e-37 -2.48357e-07 -1.83674e-37 0)
(4.88051e-07 -1.07084e-09 3.18034e-20 -2.53645e-07 5.40584e-35 -9.38056e-50)
(5.82283e-07 1.00837e-07 1.38104e-22 -2.54418e-07 1.24324e-22 0)
(5.79449e-07 9.47526e-08 7.68927e-23 -2.65245e-07 5.69422e-23 0)
(5.77032e-07 8.56978e-08 -1.23876e-22 -2.71023e-07 -1.18071e-22 0)
(5.71276e-07 7.74655e-08 1.72292e-36 -2.74245e-07 1.42285e-36 0)
(5.65311e-07 6.9315e-08 -1.83694e-37 -2.75262e-07 -1.82428e-37 0)
(5.58002e-07 6.16575e-08 9.17456e-23 -2.74491e-07 5.89271e-23 0)
(5.50444e-07 5.45229e-08 9.44223e-23 -2.72371e-07 5.8472e-23 0)
(5.42499e-07 4.79733e-08 -1.16463e-22 -2.69256e-07 -1.17341e-22 0)
(5.34604e-07 4.20203e-08 0 -2.65493e-07 0 0)
(5.26842e-07 3.66504e-08 2.13544e-22 -2.61373e-07 1.7229e-22 0)
(5.19427e-07 3.18317e-08 -1.468e-36 -2.57162e-07 -1.17417e-36 0)
(5.1246e-07 2.75166e-08 -6.92521e-24 -2.53091e-07 -6.05699e-23 0)
(5.06074e-07 2.36448e-08 1.08643e-22 -2.49375e-07 1.14239e-22 0)
(5.00355e-07 2.01428e-08 1.04902e-22 -2.46207e-07 5.28552e-23 0)
(4.95427e-07 1.69227e-08 -1.06357e-22 -2.43788e-07 -1.12825e-22 0)
(4.91352e-07 1.38713e-08 1.06082e-22 -2.42307e-07 5.2018e-23 0)
(4.88364e-07 1.08671e-08 1.04841e-22 -2.42022e-07 1.11161e-22 0)
(4.86399e-07 7.67934e-09 1.04419e-22 -2.43122e-07 1.10128e-22 0)
(4.86131e-07 4.23646e-09 -7.38045e-37 -2.46019e-07 -3.63891e-37 0)
(4.869e-07 -1.4135e-10 3.17307e-20 -2.5102e-07 -1.10879e-36 -1.87182e-49)
(5.58477e-07 1.08519e-07 6.6668e-23 -2.40258e-07 5.15782e-23 0)
(5.57574e-07 1.03313e-07 7.14983e-23 -2.514e-07 5.39701e-23 0)
(5.5711e-07 9.53657e-08 7.60621e-23 -2.57834e-07 5.53514e-23 0)
(5.5335e-07 8.77833e-08 0 -2.61891e-07 0 0)
(5.49302e-07 7.99903e-08 8.39572e-23 -2.6384e-07 5.66406e-23 0)
(5.43834e-07 7.24403e-08 0 -2.64057e-07 0 0)
(5.38002e-07 6.51909e-08 9.02929e-23 -2.62934e-07 5.64461e-23 0)
(5.31661e-07 5.83588e-08 0 -2.60798e-07 0 0)
(5.25241e-07 5.1987e-08 0 -2.57972e-07 0 0)
(5.18824e-07 4.6098e-08 0 -2.54733e-07 0 0)
(5.12629e-07 4.06848e-08 9.88885e-23 -2.51335e-07 5.39561e-23 0)
(5.06758e-07 3.57206e-08 0 -2.48001e-07 0 0)
(5.01352e-07 3.11588e-08 0 -2.44935e-07 0 0)
(4.96494e-07 2.69326e-08 1.02534e-22 -2.42324e-07 5.20217e-23 0)
(4.92313e-07 2.29515e-08 0 -2.40351e-07 0 0)
(4.88858e-07 1.9092e-08 0 -2.39195e-07 0 0)
(4.8635e-07 1.52094e-08 0 -2.39063e-07 0 0)
(4.84723e-07 1.10384e-08 1.04966e-22 -2.40161e-07 5.15572e-23 0)
(4.8456e-07 6.51006e-09 1.05338e-22 -2.42794e-07 5.21224e-23 0)
(4.85275e-07 6.74608e-10 3.1724e-20 -2.4719e-07 5.30662e-23 1.55073e-64)
(5.34606e-07 1.13282e-07 -1.86922e-22 -2.26986e-07 -1.6653e-22 0)
(5.35301e-07 1.09025e-07 0 -2.38068e-07 0 0)
(5.36473e-07 1.02237e-07 -7.19228e-23 -2.4485e-07 -5.25638e-23 0)
(5.345e-07 9.54084e-08 0 -2.49471e-07 0 0)
(5.32206e-07 8.81186e-08 -8.0142e-23 -2.52131e-07 -5.41271e-23 0)
(5.28489e-07 8.08388e-08 -8.37045e-23 -2.53166e-07 -5.43493e-23 0)
(5.24339e-07 7.36514e-08 0 -2.52915e-07 0 0)
(5.19607e-07 6.6715e-08 0 -2.51672e-07 0 0)
(5.147e-07 6.00991e-08 0 -2.49732e-07 0 0)
(5.09694e-07 5.38582e-08 -9.44791e-23 -2.47349e-07 -5.31004e-23 0)
(5.04801e-07 4.80079e-08 -9.63828e-23 -2.44759e-07 -5.25444e-23 0)
(5.00125e-07 4.25414e-08 -9.80116e-23 -2.42172e-07 -5.1989e-23 0)
(4.95803e-07 3.74273e-08 0 -2.39778e-07 0 0)
(4.91914e-07 3.26049e-08 0 -2.37745e-07 0 0)
(4.88579e-07 2.79914e-08 0 -2.36239e-07 0 0)
(4.85842e-07 2.34485e-08 -1.02246e-22 -2.35408e-07 -5.0537e-23 0)
(4.83884e-07 1.88375e-08 0 -2.35425e-07 0 0)
(4.82642e-07 1.38424e-08 -1.03384e-22 -2.36438e-07 -5.07581e-23 0)
(4.82594e-07 8.38879e-09 -1.03828e-22 -2.38702e-07 -5.1244e-23 0)
(4.83231e-07 1.34843e-09 3.13696e-20 -2.42372e-07 -5.2032e-23 -1.3925e-49)
(5.1088e-07 1.15502e-07 -3.46067e-22 -2.14659e-07 -3.38048e-22 0)
(5.12896e-07 1.12183e-07 -6.41133e-23 -2.254e-07 -4.83884e-23 0)
(5.15442e-07 1.06529e-07 8.49187e-38 -2.32278e-07 2.35261e-37 0)
(5.15064e-07 1.00489e-07 5.59104e-38 -2.37228e-07 2.37926e-37 0)
(5.14372e-07 9.37818e-08 1.10424e-22 -2.40399e-07 1.17508e-22 0)
(5.12312e-07 8.68763e-08 -1.90928e-22 -2.42086e-07 -1.70217e-22 0)
(5.09788e-07 7.98776e-08 -1.93748e-22 -2.42575e-07 -1.70679e-22 0)
(5.06647e-07 7.29753e-08 0 -2.42127e-07 0 0)
(5.03265e-07 6.62595e-08 1.0804e-22 -2.41002e-07 1.18456e-22 0)
(4.99708e-07 5.98117e-08 1.49073e-23 -2.3943e-07 6.66491e-23 0)
(4.96174e-07 5.36662e-08 2.84717e-37 -2.37625e-07 -5.20101e-38 0)
(4.92761e-07 4.78352e-08 -2.01982e-22 -2.35777e-07 -1.67352e-22 0)
(4.89595e-07 4.23005e-08 -1.05105e-22 -2.34055e-07 -1.15865e-22 0)
(4.86755e-07 3.7012e-08 -9.89665e-23 -2.32609e-07 -4.99359e-23 0)
(4.84343e-07 3.1894e-08 1.03978e-22 -2.31576e-07 1.13705e-22 0)
(4.82396e-07 2.68088e-08 -1.00866e-22 -2.31076e-07 -4.96069e-23 0)
(4.8105e-07 2.16152e-08 6.97685e-37 -2.31228e-07 3.41009e-37 0)
(4.80243e-07 1.5977e-08 1.03098e-22 -2.32137e-07 1.09002e-22 0)
(4.80317e-07 9.82191e-09 0 -2.33953e-07 0 0)
(4.80851e-07 1.87878e-09 3.13026e-20 -2.36759e-07 5.32277e-35 -9.23286e-50)
(4.87358e-07 1.15502e-07 1.04625e-22 -2.03189e-07 1.06712e-22 0)
(4.90484e-07 1.13044e-07 2.58946e-37 -2.13372e-07 1.39019e-37 0)
(4.94207e-07 1.0843e-07 -1.06095e-22 -2.20147e-07 -1.1328e-22 0)
(4.95273e-07 1.03154e-07 0 -2.25239e-07 0 0)
(4.96063e-07 9.70503e-08 1.06494e-22 -2.28761e-07 1.16933e-22 0)
(4.95577e-07 9.0576e-08 1.06389e-22 -2.3096e-07 1.17946e-22 0)
(4.94628e-07 8.38521e-08 -1.06186e-22 -2.32077e-07 -1.18523e-22 0)
(4.93057e-07 7.70895e-08 -1.05849e-22 -2.32337e-07 -1.18743e-22 0)
(4.912e-07 7.03941e-08 1.0545e-22 -2.31962e-07 1.18662e-22 0)
(4.89112e-07 6.38658e-08 -2.32213e-36 -2.31154e-07 -1.89112e-36 0)
(4.86969e-07 5.75547e-08 -1.32199e-36 -2.30103e-07 -9.16268e-37 0)
(4.84861e-07 5.1489e-08 5.30283e-38 -2.28974e-07 4.55296e-37 0)
(4.82903e-07 4.56637e-08 1.72264e-36 -2.27914e-07 1.52305e-36 0)
(4.81165e-07 4.00394e-08 2.07803e-36 -2.27053e-07 1.69179e-36 0)
(4.79731e-07 3.45501e-08 6.80042e-37 -2.26496e-07 3.3403e-37 0)
(4.78626e-07 2.90663e-08 -3.43173e-37 -2.26327e-07 -1.6689e-37 0)
(4.77938e-07 2.34527e-08 -1.02603e-22 -2.26613e-07 -1.10726e-22 0)
(4.77601e-07 1.73689e-08 -6.97844e-37 -2.27397e-07 -3.36346e-37 0)
(4.7781e-07 1.07453e-08 -1.40622e-36 -2.28723e-07 -1.0695e-36 0)
(4.78237e-07 2.2364e-09 3.11122e-20 -2.306e-07 -3.41083e-37 0)
(4.63997e-07 1.13488e-07 -3.1188e-22 -1.92471e-07 -3.21957e-22 0)
(4.681e-07 1.1177e-07 -5.54899e-37 -2.01954e-07 -5.23305e-37 0)
(4.72873e-07 1.08062e-07 -1.02367e-37 -2.08488e-07 7.75003e-38 0)
(4.75286e-07 1.03487e-07 1.87467e-37 -2.13586e-07 2.10342e-37 0)
(4.77479e-07 9.79689e-08 1.02504e-22 -2.17336e-07 1.1628e-22 0)
(4.78511e-07 9.19499e-08 -1.02726e-22 -2.19939e-07 -1.17535e-22 0)
(4.79102e-07 8.55593e-08 -1.02853e-22 -2.21591e-07 -1.18308e-22 0)
(4.79084e-07 7.90198e-08 0 -2.2248e-07 0 0)
(4.78749e-07 7.24466e-08 1.02777e-22 -2.22791e-07 1.1871e-22 0)
(4.78138e-07 6.59522e-08 1.02646e-22 -2.227e-07 1.18449e-22 0)
(4.77406e-07 5.95988e-08 -6.2566e-37 -2.22364e-07 -3.2342e-37 0)
(4.76627e-07 5.34254e-08 -1.02321e-22 -2.21925e-07 -1.17205e-22 0)
(4.75904e-07 4.74373e-08 -1.02166e-22 -2.21511e-07 -1.16277e-22 0)
(4.75296e-07 4.1608e-08 3.65768e-37 -2.21222e-07 6.27524e-37 0)
(4.74871e-07 3.58837e-08 1.01944e-22 -2.21136e-07 1.1386e-22 0)
(4.7464e-07 3.01479e-08 3.51023e-37 -2.213e-07 3.87046e-37 0)
(4.74642e-07 2.4281e-08 0 -2.21725e-07 0 0)
(4.74806e-07 1.79571e-08 1.01931e-22 -2.22393e-07 1.08549e-22 0)
(4.75173e-07 1.11168e-08 -1.3994e-36 -2.23228e-07 -1.05955e-36 0)
(4.75501e-07 2.40475e-09 3.0911e-20 -2.24156e-07 -3.31552e-37 0)
(4.40682e-07 1.09584e-07 -5.67289e-24 -1.8227e-07 -2.94622e-24 0)
(4.45712e-07 1.08453e-07 -6.07429e-23 -1.90986e-07 -4.10005e-23 0)
(4.51487e-07 1.05491e-07 -9.69244e-23 -1.9721e-07 -1.10782e-22 0)
(4.55209e-07 1.01529e-07 0 -2.02243e-07 0 0)
(4.58776e-07 9.65564e-08 9.84891e-23 -2.06151e-07 1.15569e-22 0)
(4.61308e-07 9.09966e-08 1.76995e-22 -2.09092e-07 1.6192e-22 0)
(4.63427e-07 8.49806e-08 -1.80978e-22 -2.1122e-07 -1.63322e-22 0)
(4.64959e-07 7.87347e-08 -2.69177e-22 -2.12685e-07 -2.09803e-22 0)
(4.6615e-07 7.23768e-08 1.00072e-22 -2.13638e-07 1.18615e-22 0)
(4.67022e-07 6.60264e-08 9.00714e-23 -2.14221e-07 4.59885e-23 0)
(4.67707e-07 5.97509e-08 -1.73583e-38 -2.14566e-07 -2.42345e-37 0)
(4.68266e-07 5.3597e-08 9.42144e-23 -2.1479e-07 4.61108e-23 0)
(4.68785e-07 4.75777e-08 -1.91722e-22 -2.14996e-07 -9.231e-23 0)
(4.69315e-07 4.16778e-08 -9.72528e-23 -2.15262e-07 -4.62121e-23 0)
(4.69905e-07 3.58566e-08 -1.96828e-22 -2.15638e-07 -9.25855e-23 0)
(4.70558e-07 3.00188e-08 9.93737e-23 -2.16137e-07 4.63998e-23 0)
(4.71267e-07 2.40657e-08 -1.01171e-22 -2.16718e-07 -1.10491e-22 0)
(4.71951e-07 1.771e-08 -3.47306e-37 -2.173e-07 -1.60706e-37 0)
(4.72507e-07 1.09074e-08 -1.04608e-36 -2.17685e-07 -8.89582e-37 0)
(4.72762e-07 2.36885e-09 3.0709e-20 -2.17713e-07 -1.61011e-37 0)
(4.17244e-07 1.03772e-07 9.4435e-23 -1.7248e-07 1.0324e-22 0)
(4.23247e-07 1.03062e-07 6.16041e-23 -1.80421e-07 3.87325e-23 0)
(4.30055e-07 1.00679e-07 -9.23235e-23 -1.86322e-07 -1.09596e-22 0)
(4.35119e-07 9.72362e-08 -1.45123e-38 -1.91267e-07 2.86667e-37 0)
(4.40086e-07 9.27624e-08 -6.03577e-37 -1.95307e-07 -2.30751e-37 0)
(4.44143e-07 8.76623e-08 7.88082e-23 -1.98554e-07 4.26252e-23 0)
(4.4781e-07 8.20606e-08 2.74574e-22 -2.01124e-07 2.78251e-22 0)
(4.50908e-07 7.61791e-08 -9.68002e-23 -2.0313e-07 -1.18162e-22 0)
(4.53637e-07 7.01332e-08 -1.94772e-22 -2.04687e-07 -2.36761e-22 0)
(4.56002e-07 6.40421e-08 1.88646e-22 -2.05908e-07 1.62453e-22 0)
(4.58107e-07 5.7973e-08 -9.58359e-37 -2.06898e-07 -4.56657e-37 0)
(4.6e-07 5.19743e-08 1.93549e-22 -2.0775e-07 1.61712e-22 0)
(4.61751e-07 4.60651e-08 9.91277e-23 -2.08543e-07 1.16176e-22 0)
(4.63404e-07 4.02382e-08 9.77482e-23 -2.09336e-07 4.49399e-23 0)
(4.64991e-07 3.44666e-08 -9.98234e-23 -2.10156e-07 -1.13673e-22 0)
(4.66513e-07 2.86807e-08 -1.00495e-22 -2.10988e-07 -1.78944e-22 0)
(4.67925e-07 2.2808e-08 1.00453e-22 -2.11748e-07 1.10361e-22 0)
(4.69138e-07 1.66231e-08 1.00714e-22 -2.12297e-07 1.08342e-22 0)
(4.6992e-07 1.01063e-08 6.97016e-37 -2.12319e-07 5.21401e-37 0)
(4.70142e-07 2.12101e-09 3.05153e-20 -2.11562e-07 -5.26057e-35 -9.00064e-50)
(3.93507e-07 9.5975e-08 -4.91689e-37 -1.62691e-07 -4.62792e-37 0)
(4.00622e-07 9.55164e-08 6.34969e-23 -1.69947e-07 3.64838e-23 0)
(4.08581e-07 9.3551e-08 6.97901e-37 -1.75603e-07 3.85277e-37 0)
(4.15091e-07 9.05396e-08 0 -1.80523e-07 0 0)
(4.21543e-07 8.65264e-08 -7.85456e-37 -1.84741e-07 -4.05325e-37 0)
(4.27198e-07 8.18937e-08 -8.06221e-23 -1.88326e-07 -4.04294e-23 0)
(4.32468e-07 7.6753e-08 8.40408e-23 -1.91355e-07 4.10797e-23 0)
(4.37176e-07 7.13164e-08 1.74201e-22 -1.93908e-07 8.32554e-23 0)
(4.4147e-07 6.56893e-08 0 -1.96066e-07 0 0)
(4.45341e-07 5.99825e-08 -9.21918e-23 -1.97913e-07 -4.24875e-23 0)
(4.48866e-07 5.42602e-08 -1.32395e-36 -1.99526e-07 -1.61507e-36 0)
(4.52081e-07 4.85671e-08 -9.60209e-23 -2.00979e-07 -4.31457e-23 0)
(4.5504e-07 4.29231e-08 1.95038e-22 -2.02329e-07 8.68714e-23 0)
(4.57779e-07 3.73257e-08 9.87752e-23 -2.03619e-07 4.37126e-23 0)
(4.60323e-07 3.17598e-08 1.99637e-22 -2.04859e-07 8.79573e-23 0)
(4.62667e-07 2.61831e-08 -1.00679e-22 -2.06016e-07 -4.42272e-23 0)
(4.64749e-07 2.05552e-08 0 -2.06978e-07 0 0)
(4.66476e-07 1.4732e-08 1.04216e-36 -2.07561e-07 4.55392e-37 0)
(4.67522e-07 8.72954e-09 2.42621e-36 -2.07351e-07 1.91428e-36 0)
(4.67766e-07 1.66024e-09 3.03379e-20 -2.06004e-07 -2.60071e-37 -1.78966e-49)
(3.69279e-07 8.58749e-08 -7.92761e-23 -1.53056e-07 -9.82975e-23 0)
(3.77759e-07 8.55227e-08 2.79374e-37 -1.59755e-07 3.55622e-37 0)
(3.87072e-07 8.38421e-08 4.1166e-37 -1.65279e-07 5.38198e-37 0)
(3.95213e-07 8.12038e-08 -9.16104e-38 -1.70262e-07 3.07733e-37 0)
(4.03297e-07 7.76416e-08 8.6579e-23 -1.7472e-07 1.13134e-22 0)
(4.10668e-07 7.35137e-08 -8.81614e-23 -1.78685e-07 -1.15027e-22 0)
(4.17632e-07 6.89097e-08 -8.96565e-23 -1.82196e-07 -1.16339e-22 0)
(4.24016e-07 6.40243e-08 0 -1.85301e-07 0 0)
(4.29921e-07 5.89476e-08 9.22947e-23 -1.88052e-07 1.17521e-22 0)
(4.35321e-07 5.37789e-08 9.3454e-23 -1.90504e-07 1.17507e-22 0)
(4.4027e-07 4.85715e-08 -9.73949e-37 -1.92709e-07 -1.20724e-36 0)
(4.4479e-07 4.33631e-08 -9.54866e-23 -1.94721e-07 -1.16511e-22 0)
(4.48921e-07 3.8168e-08 -9.63734e-23 -1.96581e-07 -1.15609e-22 0)
(4.52692e-07 3.29864e-08 0 -1.98321e-07 0 0)
(4.56124e-07 2.78086e-08 9.79198e-23 -1.99938e-07 1.13158e-22 0)
(4.59215e-07 2.26163e-08 0 -2.01395e-07 0 0)
(4.61901e-07 1.74039e-08 -1.40907e-36 -2.02571e-07 -5.97491e-37 0)
(4.64091e-07 1.2118e-08 9.96302e-23 -2.03256e-07 1.08262e-22 0)
(4.65421e-07 6.82758e-09 1.38751e-36 -2.0298e-07 1.02628e-36 0)
(4.65746e-07 9.99381e-10 3.01866e-20 -2.01306e-07 5.20755e-35 -8.90368e-50)
(3.44431e-07 7.32504e-08 6.55344e-23 -1.42703e-07 3.06351e-23 0)
(3.54636e-07 7.28883e-08 0 -1.49145e-07 0 0)
(3.656e-07 7.13994e-08 3.95036e-37 -1.54798e-07 2.9687e-37 0)
(3.75631e-07 6.91127e-08 0 -1.60074e-07 0 0)
(3.85555e-07 6.60271e-08 -1.42151e-37 -1.64961e-07 -1.92689e-37 0)
(3.94807e-07 6.24711e-08 3.20566e-37 -1.69456e-07 -4.08407e-37 0)
(4.03593e-07 5.85064e-08 0 -1.73566e-07 0 0)
(4.11746e-07 5.4303e-08 0 -1.77311e-07 0 0)
(4.19324e-07 4.99309e-08 0 -1.80716e-07 0 0)
(4.26288e-07 4.54729e-08 -6.49954e-37 -1.83808e-07 -5.37629e-37 0)
(4.3267e-07 4.09671e-08 2.21973e-38 -1.86622e-07 -2.62641e-37 0)
(4.38478e-07 3.64415e-08 3.45859e-37 -1.89189e-07 1.39916e-37 0)
(4.4374e-07 3.19008e-08 0 -1.91539e-07 0 0)
(4.48477e-07 2.73421e-08 0 -1.93691e-07 0 0)
(4.52706e-07 2.27572e-08 0 -1.95643e-07 0 0)
(4.56431e-07 1.81432e-08 3.56779e-37 -1.97358e-07 1.45958e-37 0)
(4.59604e-07 1.3524e-08 0 -1.98733e-07 0 0)
(4.6215e-07 8.93699e-09 2.06347e-36 -1.99569e-07 2.00601e-36 0)
(4.63742e-07 4.5192e-09 -3.60669e-37 -1.99404e-07 -1.47471e-37 0)
(4.64195e-07 1.74943e-10 3.00677e-20 -1.9774e-07 1.03717e-34 -9.16559e-64)
(3.18865e-07 5.72154e-08 -1.39459e-22 -1.32826e-07 -1.87951e-22 0)
(3.3128e-07 5.68108e-08 -5.2189e-24 -1.39253e-07 7.08349e-23 0)
(3.4428e-07 5.55054e-08 -1.61561e-37 -1.45225e-07 6.98416e-38 0)
(3.56528e-07 5.36283e-08 -1.52694e-37 -1.50938e-07 8.79027e-38 0)
(3.68551e-07 5.11278e-08 7.91199e-23 -1.56354e-07 1.1112e-22 0)
(3.79891e-07 4.82859e-08 -1.74002e-22 -1.61441e-07 -1.47837e-22 0)
(3.90654e-07 4.51326e-08 -1.79139e-22 -1.66182e-07 -1.50328e-22 0)
(4.00687e-07 4.1806e-08 0 -1.70572e-07 0 0)
(4.10013e-07 3.83531e-08 8.80209e-23 -1.74611e-07 1.16126e-22 0)
(4.18587e-07 3.4835e-08 -1.14207e-23 -1.78312e-07 7.79591e-23 0)
(4.26418e-07 3.12753e-08 -2.71438e-38 -1.81686e-07 2.68556e-37 0)
(4.33504e-07 2.76884e-08 -1.96631e-22 -1.84752e-07 -1.55118e-22 0)
(4.39859e-07 2.40713e-08 -9.44281e-23 -1.87525e-07 -1.14643e-22 0)
(4.45495e-07 2.04125e-08 -1.04836e-22 -1.90017e-07 -4.07925e-23 0)
(4.5042e-07 1.67001e-08 9.66953e-23 -1.92226e-07 1.12371e-22 0)
(4.54646e-07 1.29329e-08 -1.05448e-22 -1.94131e-07 -4.16757e-23 0)
(4.58144e-07 9.1477e-09 3.98099e-37 -1.95658e-07 -7.6281e-38 0)
(4.60876e-07 5.43907e-09 9.89399e-23 -1.96652e-07 1.08118e-22 0)
(4.62613e-07 2.01905e-09 -1.47204e-36 -1.96737e-07 -5.86843e-37 0)
(4.63171e-07 -7.34575e-10 2.99826e-20 -1.95418e-07 -2.93863e-37 0)
(2.92637e-07 3.80296e-08 -1.51448e-23 -1.20868e-07 6.83482e-23 0)
(3.07883e-07 3.76017e-08 -8.3269e-23 -1.27934e-07 -2.74645e-23 0)
(3.23408e-07 3.65483e-08 1.85692e-23 -1.34781e-07 -7.47556e-23 0)
(3.38269e-07 3.51823e-08 0 -1.41413e-07 0 0)
(3.52704e-07 3.34064e-08 1.71317e-22 -1.47758e-07 1.41662e-22 0)
(3.66364e-07 3.14351e-08 7.86504e-23 -1.53772e-07 1.12069e-22 0)
(3.79282e-07 2.92704e-08 -1.82471e-22 -1.59416e-07 -1.47838e-22 0)
(3.91322e-07 2.70081e-08 -8.40082e-23 -1.6467e-07 -1.14654e-22 0)
(4.02482e-07 2.46727e-08 8.64041e-23 -1.69523e-07 1.1524e-22 0)
(4.12717e-07 2.2303e-08 -6.00282e-37 -1.7397e-07 -7.8203e-37 0)
(4.22026e-07 1.99073e-08 1.06715e-22 -1.78013e-07 3.82155e-23 0)
(4.30395e-07 1.74894e-08 3.18302e-37 -1.81654e-07 3.95442e-37 0)
(4.37828e-07 1.50382e-08 -4.153e-37 -1.84898e-07 1.20198e-37 0)
(4.44318e-07 1.25366e-08 -1.07689e-22 -1.87744e-07 -4.03045e-23 0)
(4.49856e-07 9.96601e-09 -4.06707e-37 -1.90186e-07 1.05048e-37 0)
(4.54442e-07 7.31779e-09 3.03005e-37 -1.92213e-07 6.2042e-37 0)
(4.58048e-07 4.62692e-09 -9.83328e-23 -1.93782e-07 -1.0927e-22 0)
(4.60681e-07 1.99984e-09 1.07119e-22 -1.94827e-07 4.1825e-23 0)
(4.62244e-07 -3.0379e-10 1.0703e-22 -1.95166e-07 4.18979e-23 0)
(4.62743e-07 -1.55957e-09 3.00441e-20 -1.94487e-07 4.1752e-23 0)
(2.65893e-07 1.21223e-08 -4.56726e-23 -1.11736e-07 1.83239e-20 1.59126e-35)
(2.84665e-07 1.19059e-08 -6.11114e-23 -1.19612e-07 1.83283e-20 -2.71743e-50)
(3.03253e-07 1.1455e-08 -6.51018e-23 -1.27377e-07 1.83132e-20 -2.71584e-50)
(3.21122e-07 1.09369e-08 1.58049e-35 -1.3488e-07 1.84054e-20 0)
(3.38295e-07 1.02822e-08 7.26245e-23 -1.42076e-07 1.85048e-20 0)
(3.5451e-07 9.57365e-09 7.61056e-23 -1.48886e-07 1.84988e-20 2.71183e-50)
(3.69758e-07 8.80553e-09 -7.93789e-23 -1.55286e-07 1.82684e-20 -5.42148e-50)
(3.83923e-07 8.0115e-09 -8.24199e-23 -1.61239e-07 1.82607e-20 1.86671e-64)
(3.97001e-07 7.19781e-09 8.52273e-23 -1.66734e-07 1.84826e-20 -8.1268e-50)
(4.08949e-07 6.37744e-09 3.16191e-35 -1.71758e-07 1.83635e-20 -5.41641e-50)
(4.19766e-07 5.55072e-09 0 -1.7631e-07 1.83593e-20 0)
(4.29438e-07 4.71849e-09 -3.08226e-35 -1.80384e-07 1.83558e-20 -5.41413e-50)
(4.37953e-07 3.87376e-09 1.09105e-36 -1.83975e-07 1.8353e-20 -1.08266e-49)
(4.45289e-07 3.00565e-09 7.63737e-37 -1.87077e-07 1.83508e-20 -1.08253e-49)
(4.51407e-07 2.10649e-09 1.09299e-36 -1.89674e-07 1.83492e-20 -1.08244e-49)
(4.56272e-07 1.16771e-09 1.42867e-36 -1.91753e-07 1.83482e-20 -1.08238e-49)
(4.59811e-07 1.98336e-10 -9.87114e-23 -1.93286e-07 1.82389e-20 -5.41179e-50)
(4.62054e-07 -7.61134e-10 3.15114e-35 -1.94274e-07 1.83481e-20 0)
(4.62946e-07 -1.57651e-09 0 -1.94688e-07 1.83486e-20 0)
(4.62902e-07 -1.86678e-09 2.99053e-20 -1.94536e-07 1.83492e-20 0)
(5.14666e-07 3.85415e-08 1.98831e-22 -5.2766e-09 3.88543e-23 0)
(5.29143e-07 6.68621e-08 -2.71389e-23 -2.68049e-08 -9.13186e-24 0)
(5.56527e-07 9.60827e-08 -1.83557e-22 -6.24449e-08 -1.00613e-22 0)
(5.88322e-07 1.13631e-07 2.25221e-23 -1.07013e-07 1.52302e-23 0)
(6.2204e-07 1.19887e-07 -6.39405e-23 -1.55691e-07 -4.39422e-23 0)
(6.52726e-07 1.13732e-07 7.11499e-23 -2.04151e-07 7.4452e-23 0)
(6.77572e-07 9.61394e-08 2.3016e-22 -2.48707e-07 1.62928e-22 0)
(6.93906e-07 6.8646e-08 -1.05323e-22 -2.86304e-07 -7.72761e-23 0)
(7.00798e-07 3.41448e-08 -1.56089e-22 -3.15283e-07 -1.19031e-22 0)
(6.96265e-07 -5.3804e-09 0 -3.30776e-07 0 0)
(4.88018e-07 3.4912e-08 6.04257e-24 -5.75349e-09 1.69064e-24 0)
(5.01914e-07 6.11042e-08 2.33636e-22 -2.59189e-08 8.84119e-23 0)
(5.27367e-07 8.98362e-08 2.51329e-22 -5.75445e-08 1.36021e-22 0)
(5.57354e-07 1.09511e-07 2.31877e-22 -9.70601e-08 1.52328e-22 0)
(5.90413e-07 1.20198e-07 -5.66495e-23 -1.40785e-07 -3.97651e-23 0)
(6.22319e-07 1.20344e-07 -2.92149e-22 -1.8527e-07 -2.35805e-22 0)
(6.50624e-07 1.10406e-07 -2.50364e-22 -2.27478e-07 -1.7869e-22 0)
(6.72314e-07 9.10281e-08 3.75738e-22 -2.64507e-07 2.91801e-22 0)
(6.85684e-07 6.46141e-08 -1.07258e-22 -2.95262e-07 -6.93535e-23 0)
(6.8737e-07 2.63398e-08 1.75029e-22 -3.16821e-07 1.37651e-22 0)
(4.64098e-07 3.10096e-08 -1.09638e-23 -6.47806e-09 -3.76199e-24 0)
(4.77633e-07 5.55201e-08 -2.04461e-22 -2.62306e-08 -7.50689e-23 0)
(5.01242e-07 8.35045e-08 -2.09324e-22 -5.53451e-08 -1.10289e-22 0)
(5.28778e-07 1.04202e-07 2.93832e-22 -9.12534e-08 1.89674e-22 0)
(5.59541e-07 1.17516e-07 2.60858e-22 -1.31131e-07 1.9237e-22 0)
(5.89979e-07 1.21621e-07 2.81421e-22 -1.72282e-07 2.25265e-22 0)
(6.18295e-07 1.16734e-07 -1.20171e-24 -2.12317e-07 2.3856e-25 0)
(6.42273e-07 1.03045e-07 -2.27059e-22 -2.48757e-07 -2.05658e-22 0)
(6.6039e-07 8.37768e-08 -2.93415e-25 -2.80354e-07 5.66051e-25 0)
(6.71495e-07 5.30293e-08 5.56293e-23 -3.04636e-07 1.71113e-23 0)
(4.42243e-07 2.66009e-08 0 -7.28391e-09 0 0)
(4.55746e-07 4.96636e-08 6.77042e-23 -2.69144e-08 1.92338e-23 0)
(4.78096e-07 7.69253e-08 -7.39071e-23 -5.38627e-08 -4.76444e-23 0)
(5.03754e-07 9.84417e-08 -1.97086e-22 -8.63623e-08 -1.33787e-22 0)
(5.3267e-07 1.14132e-07 1.45698e-22 -1.22283e-07 1.08133e-22 0)
(5.6181e-07 1.22014e-07 -2.18159e-22 -1.59565e-07 -1.73117e-22 0)
(5.89638e-07 1.22042e-07 -8.97663e-23 -1.96364e-07 -8.61745e-23 0)
(6.14421e-07 1.13648e-07 2.52543e-22 -2.30793e-07 2.12278e-22 0)
(6.33971e-07 9.96272e-08 -9.55162e-25 -2.61778e-07 3.50766e-25 0)
(6.50226e-07 7.43498e-08 3.46758e-22 -2.88343e-07 2.94241e-22 0)
(4.21765e-07 2.16379e-08 7.63265e-23 -8.08259e-09 1.07074e-23 0)
(4.35366e-07 4.34072e-08 1.0693e-22 -2.79719e-08 4.04484e-23 0)
(4.56685e-07 6.9787e-08 0 -5.35132e-08 0 0)
(4.80571e-07 9.15326e-08 -1.21623e-22 -8.34837e-08 -7.93032e-23 0)
(5.07509e-07 1.08613e-07 -9.61208e-23 -1.16284e-07 -6.89945e-23 0)
(5.34987e-07 1.19038e-07 5.00967e-23 -1.50383e-07 4.10516e-23 0)
(5.6178e-07 1.22734e-07 -1.17899e-22 -1.84318e-07 -9.65008e-23 0)
(5.86886e-07 1.18929e-07 -8.17584e-23 -2.16633e-07 -5.89622e-23 0)
(6.07254e-07 1.10001e-07 -7.56357e-23 -2.45957e-07 -5.81353e-23 0)
(6.26734e-07 9.11992e-08 -3.80023e-22 -2.71917e-07 -2.95458e-22 0)
(4.02495e-07 1.62105e-08 -1.46439e-22 -8.86194e-09 -1.72913e-23 0)
(4.16343e-07 3.69677e-08 8.97859e-23 -2.91563e-08 3.0651e-23 0)
(4.36958e-07 6.26336e-08 2.63117e-22 -5.35896e-08 1.25473e-22 0)
(4.59411e-07 8.45458e-08 -8.62659e-23 -8.13448e-08 -5.16061e-23 0)
(4.84594e-07 1.02737e-07 -1.3001e-22 -1.11232e-07 -9.63885e-23 0)
(5.10396e-07 1.15223e-07 9.19962e-23 -1.42174e-07 7.76199e-23 0)
(5.35743e-07 1.21826e-07 1.07199e-22 -1.73072e-07 8.98905e-23 0)
(5.60342e-07 1.21653e-07 5.3292e-23 -2.03006e-07 4.84567e-23 0)
(5.80554e-07 1.16482e-07 2.03218e-22 -2.30603e-07 1.63105e-22 0)
(6.01696e-07 1.03227e-07 -1.42211e-22 -2.55597e-07 -1.24399e-22 0)
(3.84006e-07 1.02488e-08 0 -9.61903e-09 0 0)
(3.98176e-07 3.01722e-08 -3.77367e-23 -3.04927e-08 -2.61403e-23 0)
(4.18278e-07 5.51816e-08 9.82636e-23 -5.42225e-08 4.94998e-23 0)
(4.39508e-07 7.70932e-08 8.25298e-23 -8.02828e-08 4.76245e-23 0)
(4.63105e-07 9.6008e-08 -2.671e-22 -1.07795e-07 -1.85953e-22 0)
(4.8731e-07 1.10025e-07 -9.34881e-23 -1.36037e-07 -7.26129e-23 0)
(5.11182e-07 1.18917e-07 2.56884e-22 -1.64157e-07 2.14567e-22 0)
(5.34987e-07 1.21864e-07 -1.65818e-22 -1.91599e-07 -1.46047e-22 0)
(5.54673e-07 1.19937e-07 7.13662e-23 -2.17055e-07 5.08724e-23 0)
(5.76241e-07 1.11514e-07 4.51691e-22 -2.40185e-07 3.95214e-22 0)
(3.66141e-07 3.8196e-09 6.31418e-23 -1.03372e-08 1.10995e-24 0)
(3.80697e-07 2.31248e-08 -1.23956e-23 -3.18606e-08 -9.31285e-24 0)
(4.00465e-07 4.76475e-08 3.92995e-25 -5.5093e-08 4.31113e-25 0)
(4.20679e-07 6.95692e-08 2.63906e-23 -7.97222e-08 2.21294e-23 0)
(4.42865e-07 8.90321e-08 -1.52789e-22 -1.05125e-07 -1.16766e-22 0)
(4.65547e-07 1.04228e-07 1.07872e-23 -1.30887e-07 2.745e-26 0)
(4.87908e-07 1.14852e-07 -1.00311e-24 -1.5641e-07 -9.12943e-25 0)
(5.10644e-07 1.20252e-07 -3.17275e-22 -1.81443e-07 -2.7932e-22 0)
(5.29595e-07 1.20903e-07 -2.85183e-22 -2.04848e-07 -2.39759e-22 0)
(5.50891e-07 1.16481e-07 1.78624e-22 -2.25984e-07 1.66774e-22 0)
(3.48653e-07 -3.10571e-09 8.12594e-24 -1.10352e-08 6.13149e-24 0)
(3.63637e-07 1.57529e-08 -3.21652e-23 -3.32928e-08 1.46124e-23 0)
(3.83193e-07 3.99248e-08 -7.17146e-23 -5.62488e-08 -2.73712e-23 0)
(4.02546e-07 6.18609e-08 2.30826e-22 -7.97362e-08 1.25127e-22 0)
(4.23487e-07 8.17297e-08 6.31085e-23 -1.03347e-07 5.54805e-23 0)
(4.44764e-07 9.7835e-08 -3.0149e-22 -1.26912e-07 -2.36092e-22 0)
(4.65702e-07 1.09813e-07 2.28771e-22 -1.50054e-07 1.97792e-22 0)
(4.87261e-07 1.17198e-07 1.5522e-22 -1.72725e-07 1.40732e-22 0)
(5.05377e-07 1.19975e-07 -2.74277e-22 -1.94035e-07 -2.31737e-22 0)
(5.25953e-07 1.18779e-07 -5.23625e-22 -2.13074e-07 -4.66901e-22 0)
(3.31403e-07 -1.04936e-08 1.19708e-23 -1.17065e-08 9.70719e-24 0)
(3.46843e-07 8.09481e-09 1.64693e-22 -3.47455e-08 5.05313e-23 0)
(3.66278e-07 3.20871e-08 1.88424e-22 -5.75598e-08 5.72776e-23 0)
(3.84875e-07 5.40986e-08 -1.48624e-22 -8.00719e-08 -7.78819e-23 0)
(4.04691e-07 7.42923e-08 1.61708e-22 -1.02085e-07 1.44377e-22 0)
(4.24651e-07 9.10869e-08 7.25642e-23 -1.2365e-07 6.43789e-23 0)
(4.44255e-07 1.04075e-07 1.85915e-22 -1.44609e-07 1.56799e-22 0)
(4.64594e-07 1.12987e-07 5.30254e-22 -1.65066e-07 4.72944e-22 0)
(4.81867e-07 1.17468e-07 1.55607e-22 -1.84379e-07 1.30793e-22 0)
(5.0152e-07 1.18828e-07 -1.75238e-22 -2.01407e-07 -1.74054e-22 0)
(3.14241e-07 -1.83549e-08 -1.97216e-23 -1.23743e-08 -1.70191e-23 0)
(3.30156e-07 1.32548e-10 1.51904e-22 -3.62514e-08 -7.31757e-24 0)
(3.49518e-07 2.41168e-08 1.13217e-22 -5.90378e-08 2.571e-23 0)
(3.67413e-07 4.62772e-08 -1.87344e-22 -8.06994e-08 -8.36555e-23 0)
(3.86184e-07 6.67423e-08 -2.1331e-22 -1.01266e-07 -1.53042e-22 0)
(4.04907e-07 8.40541e-08 2.7452e-22 -1.20987e-07 2.22382e-22 0)
(4.23277e-07 9.77842e-08 1.72312e-22 -1.39922e-07 1.45576e-22 0)
(4.42418e-07 1.07845e-07 1.40016e-22 -1.5828e-07 1.18747e-22 0)
(4.58878e-07 1.13667e-07 1.51115e-22 -1.75668e-07 1.24689e-22 0)
(4.77541e-07 1.16992e-07 -5.55345e-28 -1.90806e-07 -4.45058e-28 0)
(2.97071e-07 -2.66771e-08 -1.19382e-22 -1.30559e-08 7.81457e-24 0)
(3.13469e-07 -8.09259e-09 -1.52194e-22 -3.78302e-08 -4.00676e-23 0)
(3.32755e-07 1.60804e-08 -6.36804e-23 -6.06549e-08 -1.87918e-23 0)
(3.49936e-07 3.84781e-08 -6.73853e-23 -8.15094e-08 -3.21257e-23 0)
(3.67681e-07 5.91663e-08 -2.39341e-22 -1.00699e-07 -1.76174e-22 0)
(3.85212e-07 7.68221e-08 -1.53998e-22 -1.18675e-07 -1.16561e-22 0)
(4.02435e-07 9.10347e-08 1.253e-22 -1.35712e-07 1.06727e-22 0)
(4.20438e-07 1.01886e-07 1.30258e-22 -1.52106e-07 1.23526e-22 0)
(4.36155e-07 1.08705e-07 2.38083e-22 -1.67674e-07 2.35711e-22 0)
(4.53865e-07 1.13487e-07 4.4118e-23 -1.81081e-07 5.09619e-23 0)
(2.79844e-07 -3.54752e-08 6.44995e-23 -1.38135e-08 4.51386e-25 0)
(2.96711e-07 -1.65464e-08 6.74409e-23 -3.95441e-08 1.20012e-23 0)
(3.15833e-07 8.03796e-09 -4.24857e-23 -6.24055e-08 1.59237e-24 0)
(3.322e-07 3.07687e-08 6.29654e-25 -8.23948e-08 5.45826e-25 0)
(3.4887e-07 5.1621e-08 -1.71063e-22 -1.00186e-07 -1.15479e-22 0)
(3.65221e-07 6.94421e-08 -7.10038e-23 -1.16449e-07 -6.0269e-23 0)
(3.81376e-07 8.38812e-08 1.08663e-22 -1.31669e-07 9.9005e-23 0)
(3.98331e-07 9.51821e-08 5.26826e-29 -1.46215e-07 4.15869e-29 0)
(4.13408e-07 1.02661e-07 1.04106e-28 -1.60067e-07 7.93177e-29 0)
(4.30279e-07 1.08443e-07 5.86068e-23 -1.71912e-07 1.47851e-23 0)
(2.62578e-07 -4.47569e-08 0 -1.47359e-08 0 0)
(2.79859e-07 -2.50837e-08 1.11326e-23 -4.15115e-08 1.13921e-23 0)
(2.98603e-07 1.77841e-10 1.81369e-23 -6.43438e-08 1.78024e-23 0)
(3.1394e-07 2.33154e-08 6.15875e-23 -8.33247e-08 2.70783e-23 0)
(3.29403e-07 4.42055e-08 3.08033e-23 -9.96144e-08 2.67216e-23 0)
(3.44554e-07 6.19458e-08 9.94971e-25 -1.14147e-07 8.02811e-25 0)
(3.5971e-07 7.63034e-08 4.16894e-23 -1.27607e-07 3.23823e-23 0)
(3.75736e-07 8.76934e-08 -7.94363e-23 -1.40415e-07 -7.57928e-23 0)
(3.90316e-07 9.54788e-08 -1.01401e-22 -1.5267e-07 -7.24015e-23 0)
(4.06518e-07 1.01836e-07 1.44378e-22 -1.63132e-07 1.33238e-22 0)
(2.45478e-07 -5.45633e-08 0 -1.60993e-08 0 0)
(2.62997e-07 -3.354e-08 0 -4.39108e-08 0 0)
(2.80871e-07 -7.2986e-09 -5.36846e-23 -6.63784e-08 -5.4842e-23 0)
(2.94783e-07 1.62761e-08 0 -8.39534e-08 0 0)
(3.08805e-07 3.70039e-08 -1.88056e-22 -9.84868e-08 -1.3102e-22 0)
(3.22719e-07 5.43456e-08 7.89426e-23 -1.11197e-07 6.1322e-23 0)
(3.3697e-07 6.8263e-08 2.54306e-22 -1.2293e-07 2.21207e-22 0)
(3.52237e-07 7.93535e-08 1.77603e-22 -1.34122e-07 1.8895e-22 0)
(3.66526e-07 8.70729e-08 -8.42891e-23 -1.44937e-07 -8.66913e-23 0)
(3.82304e-07 9.35913e-08 -3.10426e-22 -1.54229e-07 -3.09588e-22 0)
(2.28915e-07 -6.48939e-08 -3.50793e-24 -1.82249e-08 -4.92407e-24 0)
(2.46252e-07 -4.12913e-08 1.42388e-22 -4.70674e-08 -2.71744e-23 0)
(2.62373e-07 -1.376e-08 3.36655e-23 -6.86619e-08 3.68694e-23 0)
(2.74267e-07 1.00604e-08 1.40203e-24 -8.43731e-08 1.1021e-24 0)
(2.86537e-07 3.01646e-08 -1.17034e-22 -9.68513e-08 -7.39861e-23 0)
(2.99177e-07 4.65856e-08 -2.5996e-22 -1.07653e-07 -2.03257e-22 0)
(3.12654e-07 5.95614e-08 2.87325e-22 -1.17707e-07 2.44272e-22 0)
(3.27397e-07 6.98799e-08 5.00205e-23 -1.27427e-07 3.10965e-23 0)
(3.41671e-07 7.71102e-08 1.66644e-22 -1.36976e-07 9.87386e-23 0)
(3.57335e-07 8.33708e-08 7.93418e-23 -1.45318e-07 8.9392e-23 0)
(2.14088e-07 -7.56376e-08 -4.1248e-23 -2.24623e-08 2.72533e-23 0)
(2.29986e-07 -4.77863e-08 -1.33351e-22 -5.1478e-08 3.82011e-23 0)
(2.42514e-07 -1.87526e-08 4.90571e-23 -7.05488e-08 5.82494e-23 0)
(2.51467e-07 4.85539e-09 2.40902e-23 -8.32692e-08 -2.96343e-23 0)
(2.61657e-07 2.37029e-08 1.00921e-22 -9.31786e-08 7.64211e-23 0)
(2.73109e-07 3.85432e-08 -1.95488e-22 -1.0197e-07 -1.49874e-22 0)
(2.86097e-07 5.00069e-08 1.63386e-24 -1.10482e-07 1.1846e-24 0)
(3.00694e-07 5.90482e-08 1.81289e-22 -1.18987e-07 1.68497e-22 0)
(3.15364e-07 6.5356e-08 -5.87816e-23 -1.27591e-07 -3.03967e-23 0)
(3.31353e-07 7.09405e-08 -6.1531e-23 -1.35343e-07 -3.0137e-23 0)
(2.02756e-07 -8.54078e-08 2.61151e-31 -2.97489e-08 -3.70949e-31 0)
(2.14182e-07 -5.01577e-08 1.02288e-23 -5.75678e-08 3.11847e-23 0)
(2.2039e-07 -2.02583e-08 5.96071e-23 -7.23161e-08 -9.32677e-23 0)
(2.25328e-07 1.4935e-09 -2.51332e-23 -8.13296e-08 -2.28861e-23 0)
(2.33248e-07 1.76193e-08 -1.39241e-22 -8.84413e-08 -9.69458e-23 0)
(2.43752e-07 2.97538e-08 0 -9.53309e-08 0 0)
(2.56706e-07 3.88802e-08 -1.04864e-22 -1.02549e-07 -5.39707e-23 0)
(2.71684e-07 4.60043e-08 5.75802e-23 -1.10147e-07 6.78186e-23 0)
(2.87293e-07 5.08988e-08 1.23219e-22 -1.18107e-07 1.53299e-22 0)
(3.04142e-07 5.53652e-08 -6.68776e-23 -1.25581e-07 -9.03294e-23 0)
(2.02185e-07 -9.02503e-08 -1.30256e-22 -4.72476e-08 1.44368e-22 0)
(1.97611e-07 -4.72056e-08 7.76153e-23 -6.52033e-08 -5.56253e-23 0)
(1.92913e-07 -1.7982e-08 1.12792e-22 -7.00806e-08 -4.60218e-25 0)
(1.92977e-07 -3.88904e-10 -4.32892e-23 -7.33333e-08 1.08253e-23 0)
(1.9925e-07 1.16011e-08 -7.58443e-23 -7.75822e-08 -5.23549e-23 0)
(2.09751e-07 1.99749e-08 -4.76005e-23 -8.30523e-08 -2.25986e-23 0)
(2.23608e-07 2.60672e-08 0 -8.9674e-08 0 0)
(2.3985e-07 3.07495e-08 -6.44736e-23 -9.70925e-08 -2.46885e-23 0)
(2.57172e-07 3.38522e-08 6.99925e-23 -1.05134e-07 2.52266e-23 0)
(2.75593e-07 3.68297e-08 -4.05879e-28 -1.13039e-07 -1.39197e-28 0)
(2.22543e-07 -5.29489e-08 6.74908e-23 -7.62434e-08 1.84817e-20 -6.17015e-35)
(1.74018e-07 -2.20039e-08 2.78829e-22 -7.02196e-08 1.84678e-20 6.15725e-35)
(1.57477e-07 -7.84787e-09 2.47599e-22 -6.53409e-08 1.86124e-20 -6.07125e-35)
(1.52604e-07 -1.12517e-09 4.03163e-22 -6.39256e-08 1.85855e-20 -1.96667e-35)
(1.58738e-07 3.16422e-09 4.0885e-22 -6.66135e-08 1.85529e-20 1.95515e-35)
(1.70427e-07 6.01689e-09 3.74963e-22 -7.15786e-08 1.84655e-20 1.86183e-35)
(1.86339e-07 8.06564e-09 4.82995e-22 -7.82881e-08 1.85116e-20 -2.73127e-38)
(2.04897e-07 9.64679e-09 4.05514e-22 -8.60709e-08 1.84707e-20 1.7567e-35)
(2.24861e-07 1.06719e-08 4.93679e-22 -9.45352e-08 1.8545e-20 6.79562e-38)
(2.45724e-07 1.17187e-08 1.92279e-22 -1.03206e-07 1.84819e-20 3.22233e-35)
)
;

boundaryField
{
    left
    {
        type            calculated;
        value           nonuniform List<symmTensor> 
30
(
(5.12301e-07 1.75137e-08 1.98831e-22 -5.2766e-09 3.88543e-23 0)
(4.85455e-07 1.58906e-08 6.04257e-24 -5.75349e-09 1.69064e-24 0)
(4.61327e-07 1.36707e-08 -1.09638e-23 -6.47806e-09 -3.76199e-24 0)
(4.39216e-07 1.05701e-08 0 -7.28391e-09 0 0)
(4.1848e-07 6.65611e-09 7.63265e-23 -8.08259e-09 1.07074e-23 0)
(3.98945e-07 2.04039e-09 -1.46439e-22 -8.86194e-09 -1.72913e-23 0)
(3.80196e-07 -3.29981e-09 0 -9.61903e-09 0 0)
(3.62077e-07 -9.26694e-09 6.31418e-23 -1.03372e-08 1.10995e-24 0)
(3.4434e-07 -1.5867e-08 8.12594e-24 -1.10352e-08 6.13149e-24 0)
(3.26846e-07 -2.30443e-08 1.19708e-23 -1.17065e-08 9.70719e-24 0)
(3.09439e-07 -3.07961e-08 -1.97216e-23 -1.23743e-08 -1.70191e-23 0)
(2.92016e-07 -3.91003e-08 -1.19382e-22 -1.30559e-08 7.81457e-24 0)
(2.74513e-07 -4.79696e-08 6.44995e-23 -1.38135e-08 4.51386e-25 0)
(2.56921e-07 -5.74446e-08 0 -1.47359e-08 0 0)
(2.39402e-07 -6.76139e-08 0 -1.60993e-08 0 0)
(2.22312e-07 -7.87352e-08 -3.50793e-24 -1.82249e-08 -4.92407e-24 0)
(2.06984e-07 -9.09639e-08 -4.1248e-23 -2.24623e-08 2.72533e-23 0)
(1.96306e-07 -1.04424e-07 2.61151e-31 -2.97489e-08 -3.70949e-31 0)
(2.04292e-07 -1.16275e-07 -1.30256e-22 -4.72476e-08 1.44368e-22 0)
(2.61112e-07 -9.85272e-08 1.16284e-23 -7.62434e-08 1.84817e-20 -6.17015e-35)
(1.88608e-06 3.44536e-07 5.1634e-22 -5.56343e-07 2.8726e-20 1.24207e-34)
(1.30216e-06 1.81722e-07 -7.37571e-23 -2.48283e-07 -1.26978e-22 0)
(1.05127e-06 8.16879e-08 3.38687e-22 -1.03121e-07 1.39464e-22 0)
(9.01767e-07 3.22585e-08 1.70767e-23 -5.02782e-08 2.35126e-23 0)
(8.00992e-07 1.82535e-08 5.80306e-28 -2.32613e-08 5.19962e-28 0)
(7.24284e-07 1.31296e-08 3.26183e-22 -1.247e-08 5.7485e-23 0)
(6.65155e-07 1.38649e-08 4.80129e-24 -6.80616e-09 1.09814e-24 0)
(6.16753e-07 1.53643e-08 2.50318e-22 -4.96212e-09 4.68528e-23 0)
(5.76828e-07 1.6678e-08 -2.53432e-24 -4.20069e-09 8.50717e-26 0)
(5.41797e-07 1.79555e-08 -4.1005e-24 -4.60855e-09 -7.50509e-25 0)
)
;
    }
    right
    {
        type            calculated;
        value           nonuniform List<symmTensor> 
30
(
(4.62742e-07 -1.69787e-09 5.9098e-20 -1.94432e-07 1.79132e-20 -7.03551e-35)
(4.6268e-07 -1.69564e-09 5.95447e-20 -1.94287e-07 4.44831e-22 6.60148e-35)
(4.63277e-07 -1.71217e-09 5.96711e-20 -1.95671e-07 4.24878e-22 4.92231e-38)
(4.64811e-07 -1.75516e-09 5.92961e-20 -1.99234e-07 4.48681e-23 -9.54939e-35)
(4.67106e-07 -1.81939e-09 6.0516e-20 -2.04561e-07 1.07036e-21 9.4707e-35)
(4.70012e-07 -1.90071e-09 6.09199e-20 -2.113e-07 8.41719e-22 -6.86871e-37)
(4.73265e-07 -1.99252e-09 6.13144e-20 -2.18849e-07 8.42611e-22 -2.81891e-37)
(4.76633e-07 -2.0866e-09 6.20652e-20 -2.26665e-07 9.36774e-22 -7.49744e-37)
(4.79888e-07 -2.17814e-09 6.18998e-20 -2.34215e-07 4.52454e-22 -5.67094e-35)
(4.82814e-07 -2.26098e-09 6.2476e-20 -2.41008e-07 4.29066e-22 -2.40483e-37)
(4.85217e-07 -2.32765e-09 6.30748e-20 -2.46585e-07 1.65731e-22 2.80576e-37)
(4.87004e-07 -2.3783e-09 6.33721e-20 -2.50732e-07 -9.75835e-37 -1.86731e-49)
(4.88216e-07 -2.41141e-09 6.34657e-20 -2.53543e-07 -5.44302e-23 -1.4051e-49)
(4.88874e-07 -2.4306e-09 6.35945e-20 -2.5507e-07 -5.47579e-23 0)
(4.88872e-07 -2.43024e-09 6.39587e-20 -2.55068e-07 1.09515e-22 0)
(4.8826e-07 -2.4131e-09 6.36706e-20 -2.53645e-07 5.40584e-35 -9.38056e-50)
(4.87129e-07 -2.3821e-09 6.35249e-20 -2.5102e-07 -1.10879e-36 -1.87182e-49)
(4.85478e-07 -2.33508e-09 6.34056e-20 -2.4719e-07 5.30662e-23 1.55073e-64)
(4.83402e-07 -2.2771e-09 6.29064e-20 -2.42372e-07 -5.2032e-23 -1.3925e-49)
(4.80984e-07 -2.20877e-09 6.26679e-20 -2.36759e-07 5.32277e-35 -9.23286e-50)
(4.78329e-07 -2.13443e-09 6.22867e-20 -2.306e-07 -3.41083e-37 0)
(4.75551e-07 -2.05644e-09 6.18838e-20 -2.24156e-07 -3.31552e-37 0)
(4.72774e-07 -1.97868e-09 6.14794e-20 -2.17713e-07 -1.61011e-37 0)
(4.70124e-07 -1.90449e-09 6.10916e-20 -2.11562e-07 -5.26057e-35 -9.00064e-50)
(4.67729e-07 -1.83749e-09 6.07363e-20 -2.06004e-07 -2.60071e-37 -1.78966e-49)
(4.65705e-07 -1.77971e-09 6.04334e-20 -2.01306e-07 5.20755e-35 -8.90368e-50)
(4.64167e-07 -1.7367e-09 6.01953e-20 -1.9774e-07 1.03717e-34 -9.16559e-64)
(4.63167e-07 -1.70841e-09 6.00251e-20 -1.95418e-07 -2.93863e-37 0)
(4.62765e-07 -1.69773e-09 6.00408e-20 -1.94487e-07 4.1752e-23 0)
(4.62787e-07 -1.69924e-09 5.98703e-20 -1.94536e-07 1.83492e-20 0)
)
;
    }
    down
    {
        type            calculated;
        value           nonuniform List<symmTensor> 
30
(
(6.78542e-09 -8.82944e-10 3.23902e-20 3.31666e-10 3.76933e-20 1.5885e-34)
(1.03931e-08 -8.88746e-10 -1.60089e-23 -1.20971e-09 3.74779e-20 1.61047e-36)
(2.92232e-08 -9.23117e-10 -2.41007e-22 -9.25965e-09 3.67448e-20 2.00688e-35)
(5.9194e-08 -9.76735e-10 -2.23192e-24 -2.20722e-08 3.69909e-20 0)
(9.3812e-08 -1.03849e-09 -3.80455e-23 -3.68708e-08 3.66e-20 -1.60969e-36)
(1.30075e-07 -1.10326e-09 -3.26217e-22 -5.23728e-08 3.69213e-20 3.36526e-35)
(1.6553e-07 -1.16667e-09 7.51957e-23 -6.753e-08 3.72848e-20 1.60835e-36)
(1.99363e-07 -1.22657e-09 -2.14731e-22 -8.19929e-08 3.70407e-20 3.05859e-35)
(2.30409e-07 -1.2827e-09 1.74002e-22 -9.52657e-08 3.70952e-20 -1.32766e-35)
(2.5918e-07 -1.33396e-09 5.21508e-22 -1.07564e-07 3.69837e-20 -4.00518e-35)
(2.85086e-07 -1.38123e-09 8.38166e-22 -1.18639e-07 3.71946e-20 -1.19247e-35)
(3.07667e-07 -1.42191e-09 9.4733e-22 -1.28291e-07 3.69291e-20 -2.6212e-35)
(3.28416e-07 -1.45762e-09 5.36086e-22 -1.37163e-07 3.6478e-20 -1.52956e-35)
(3.47077e-07 -1.49209e-09 5.80444e-22 -1.45139e-07 3.67063e-20 -6.71484e-37)
(3.63912e-07 -1.52178e-09 3.48833e-22 -1.52337e-07 3.67283e-20 3.98949e-35)
(3.78999e-07 -1.54904e-09 6.08894e-22 -1.58786e-07 3.68154e-20 0)
(3.92523e-07 -1.5736e-09 5.74246e-22 -1.64567e-07 3.68039e-20 0)
(4.04577e-07 -1.59524e-09 6.51924e-22 -1.6972e-07 3.69274e-20 5.18793e-37)
(4.15301e-07 -1.61418e-09 6.01734e-22 -1.74305e-07 3.68198e-20 -1.35648e-35)
(4.24776e-07 -1.63126e-09 7.04762e-22 -1.78356e-07 3.70458e-20 8.803e-37)
(4.33097e-07 -1.64642e-09 7.28528e-22 -1.81913e-07 3.68785e-20 -4.11068e-35)
(4.40323e-07 -1.65984e-09 2.96326e-22 -1.85002e-07 3.67202e-20 1.3772e-35)
(4.46504e-07 -1.67007e-09 6.59621e-22 -1.87644e-07 3.68662e-20 -4.15272e-35)
(4.51673e-07 -1.67993e-09 -5.5351e-23 -1.89853e-07 3.63218e-20 -8.33996e-37)
(4.55844e-07 -1.68688e-09 3.09283e-22 -1.91637e-07 3.68432e-20 1.42217e-35)
(4.59044e-07 -1.6919e-09 2.46366e-22 -1.93004e-07 3.67346e-20 -3.36708e-45)
(4.61261e-07 -1.69634e-09 7.96513e-23 -1.93952e-07 3.65852e-20 -1.51932e-37)
(4.62583e-07 -1.69931e-09 2.98096e-22 -1.94517e-07 3.68747e-20 1.09028e-37)
(4.62999e-07 -1.69944e-09 1.87072e-22 -1.94695e-07 3.6546e-20 -4.29709e-35)
(4.62845e-07 -1.69958e-09 2.92764e-20 -1.9463e-07 3.62044e-20 -7.03551e-35)
)
;
    }
    up
    {
        type            calculated;
        value           nonuniform List<symmTensor> 
30
(
(2.22543e-07 -1.26824e-09 6.74908e-23 -9.19024e-08 3.70838e-20 -6.17015e-35)
(1.74018e-07 -1.18197e-09 2.78829e-22 -7.11588e-08 3.70648e-20 6.15725e-35)
(1.57477e-07 -1.15177e-09 2.47599e-22 -6.40866e-08 3.71963e-20 -6.07125e-35)
(1.52604e-07 -1.14389e-09 4.03163e-22 -6.20041e-08 3.71538e-20 -1.96667e-35)
(1.58738e-07 -1.15466e-09 4.0885e-22 -6.4627e-08 3.71033e-20 1.95515e-35)
(1.70427e-07 -1.17558e-09 3.74963e-22 -6.9624e-08 3.69989e-20 1.86183e-35)
(1.86339e-07 -1.20319e-09 4.82995e-22 -7.64254e-08 3.70298e-20 -2.73127e-38)
(2.04897e-07 -1.23713e-09 4.05514e-22 -8.43589e-08 3.69763e-20 1.7567e-35)
(2.24861e-07 -1.27373e-09 4.93679e-22 -9.28932e-08 3.70403e-20 6.79562e-38)
(2.45724e-07 -1.31097e-09 1.92279e-22 -1.01813e-07 3.69685e-20 3.22233e-35)
(2.65893e-07 -1.34671e-09 -4.56726e-23 -1.10434e-07 3.67991e-20 1.59126e-35)
(2.84665e-07 -1.38028e-09 -6.11114e-23 -1.18459e-07 3.67915e-20 -2.71743e-50)
(3.03253e-07 -1.41359e-09 -6.51018e-23 -1.26405e-07 3.67655e-20 -2.71584e-50)
(3.21122e-07 -1.44576e-09 1.58049e-35 -1.34044e-07 3.68478e-20 0)
(3.38295e-07 -1.47664e-09 7.26245e-23 -1.41385e-07 3.69381e-20 0)
(3.5451e-07 -1.50606e-09 7.61056e-23 -1.48318e-07 3.69239e-20 2.71183e-50)
(3.69758e-07 -1.53263e-09 -7.93789e-23 -1.54836e-07 3.66861e-20 -5.42148e-50)
(3.83923e-07 -1.55752e-09 -8.24199e-23 -1.60891e-07 3.66719e-20 1.86671e-64)
(3.97001e-07 -1.58107e-09 8.52273e-23 -1.66481e-07 3.68881e-20 -8.1268e-50)
(4.08949e-07 -1.6029e-09 3.16191e-35 -1.7159e-07 3.67641e-20 -5.41641e-50)
(4.19766e-07 -1.62284e-09 0 -1.76214e-07 3.67556e-20 0)
(4.29438e-07 -1.63974e-09 -3.08226e-35 -1.80348e-07 3.67485e-20 -5.41413e-50)
(4.37953e-07 -1.65387e-09 1.09105e-36 -1.83988e-07 3.67429e-20 -1.08266e-49)
(4.45289e-07 -1.66884e-09 7.63737e-37 -1.87125e-07 3.67385e-20 -1.08253e-49)
(4.51407e-07 -1.67883e-09 1.09299e-36 -1.8974e-07 3.67354e-20 -1.08244e-49)
(4.56272e-07 -1.68703e-09 1.42867e-36 -1.91819e-07 3.67334e-20 -1.08238e-49)
(4.59811e-07 -1.6938e-09 -9.87114e-23 -1.93333e-07 3.66237e-20 -5.41179e-50)
(4.62054e-07 -1.69816e-09 3.15114e-35 -1.94291e-07 3.6733e-20 0)
(4.62946e-07 -1.69885e-09 0 -1.94673e-07 3.67341e-20 0)
(4.62902e-07 -1.69941e-09 2.99053e-20 -1.94654e-07 3.67354e-20 0)
)
;
    }
    hole
    {
        type            calculated;
        value           nonuniform List<symmTensor> 
20
(
(2.8307e-07 -5.75497e-07 1.38811e-19 1.89856e-07 1.51078e-19 2.06042e-34)
(4.36621e-07 -6.59317e-07 1.38748e-19 1.16197e-07 1.77089e-19 1.1915e-35)
(6.15026e-07 -7.17531e-07 1.32652e-19 1.56926e-08 1.98527e-19 0)
(8.10484e-07 -7.4281e-07 1.1743e-19 -1.05327e-07 2.10499e-19 -6.36503e-36)
(1.01212e-06 -7.2909e-07 9.71728e-20 -2.38242e-07 2.1125e-19 -1.22945e-34)
(1.21119e-06 -6.75559e-07 7.27952e-20 -3.73796e-07 1.99388e-19 -1.29222e-34)
(1.39313e-06 -5.80644e-07 5.08221e-20 -5.00841e-07 1.76109e-19 -2.79579e-34)
(1.55951e-06 -4.52037e-07 3.01018e-20 -6.14158e-07 1.42662e-19 -1.14639e-35)
(1.68547e-06 -2.89368e-07 1.28e-20 -6.99324e-07 1.01148e-19 1.18238e-34)
(1.7964e-06 -1.0467e-07 2.7685e-21 -7.63017e-07 5.74584e-20 1.24207e-34)
(9.01168e-09 -8.65634e-10 6.48641e-20 -1.00276e-09 2.17865e-20 1.5885e-34)
(9.08575e-09 -7.83479e-10 6.76873e-20 -1.19034e-09 8.29555e-21 4.17936e-35)
(2.8409e-09 -4.95595e-09 6.90944e-20 1.44321e-08 1.37362e-20 -1.86649e-36)
(-8.99255e-09 -2.02803e-08 7.18053e-20 4.82146e-08 1.99731e-20 -3.31301e-35)
(-2.12943e-08 -5.22397e-08 7.38511e-20 9.49095e-08 2.78499e-20 7.16285e-35)
(-2.72811e-08 -1.0449e-07 8.10233e-20 1.4743e-07 3.69866e-20 -8.3527e-35)
(-1.89298e-08 -1.77222e-07 9.31032e-20 1.9618e-07 5.16888e-20 -7.02577e-35)
(1.13402e-08 -2.67658e-07 1.08083e-19 2.31896e-07 7.1035e-20 -1.18148e-34)
(6.97097e-08 -3.69864e-07 1.21299e-19 2.46253e-07 9.56703e-20 1.41512e-34)
(1.60007e-07 -4.75715e-07 1.3207e-19 2.33285e-07 1.22174e-19 1.89762e-35)
)
;
    }
    frontAndBack
    {
        type            empty;
    }
}


// ************************************************************************* //
