/*--------------------------------*- C++ -*----------------------------------*\
  =========                 |
  \\      /  F ield         | OpenFOAM: The Open Source CFD Toolbox
   \\    /   O peration     | Website:  https://openfoam.org
    \\  /    A nd           | Version:  9
     \\/     M anipulation  |
\*---------------------------------------------------------------------------*/
FoamFile
{
    format      ascii;
    class       pointVectorField;
    location    "1";
    object      pointD;
}
// * * * * * * * * * * * * * * * * * * * * * * * * * * * * * * * * * * * * * //

dimensions      [0 1 0 0 0 0 0];

internalField   nonuniform List<vector> 
2142
(
(7.43118e-07 2.15339e-07 -9.76645e-21)
(6.89075e-07 2.49856e-07 0)
(6.51401e-07 2.74368e-07 0)
(6.24057e-07 2.9421e-07 0)
(6.0445e-07 3.10423e-07 0)
(5.90617e-07 3.24347e-07 0)
(5.81152e-07 3.36565e-07 0)
(5.75067e-07 3.47586e-07 0)
(5.71597e-07 3.57717e-07 0)
(5.70183e-07 3.67164e-07 0)
(5.70843e-07 3.77401e-07 0)
(6.78999e-07 1.97378e-07 -1.09332e-20)
(6.21749e-07 2.24617e-07 0)
(5.82143e-07 2.43736e-07 0)
(5.53557e-07 2.59348e-07 0)
(5.33106e-07 2.72074e-07 0)
(5.18644e-07 2.83049e-07 0)
(5.08652e-07 2.92685e-07 0)
(5.02076e-07 3.01412e-07 0)
(4.98086e-07 3.09434e-07 0)
(4.96102e-07 3.17001e-07 0)
(4.86469e-07 3.17299e-07 0)
(6.12267e-07 1.79733e-07 -1.17812e-20)
(5.53424e-07 1.98852e-07 0)
(5.12942e-07 2.12158e-07 0)
(4.83883e-07 2.23346e-07 0)
(4.6317e-07 2.32533e-07 0)
(4.48531e-07 2.40592e-07 0)
(4.38363e-07 2.47725e-07 0)
(4.31563e-07 2.5425e-07 0)
(4.27275e-07 2.6026e-07 0)
(4.24872e-07 2.65992e-07 0)
(4.16259e-07 2.65351e-07 0)
(5.4319e-07 1.62563e-07 -1.21746e-20)
(4.84503e-07 1.73085e-07 0)
(4.44297e-07 1.80372e-07 0)
(4.15612e-07 1.8709e-07 0)
(3.9528e-07 1.92803e-07 0)
(3.8096e-07 1.98081e-07 0)
(3.71009e-07 2.02887e-07 0)
(3.643e-07 2.07406e-07 0)
(3.59978e-07 2.11615e-07 0)
(3.57408e-07 2.15693e-07 0)
(3.4999e-07 2.14435e-07 0)
(4.72018e-07 1.45966e-07 -1.20231e-20)
(4.15273e-07 1.47813e-07 0)
(3.76555e-07 1.49118e-07 0)
(3.49151e-07 1.51494e-07 0)
(3.29893e-07 1.53931e-07 0)
(3.16424e-07 1.56665e-07 0)
(3.07103e-07 1.59402e-07 0)
(3.00809e-07 1.62176e-07 0)
(2.96716e-07 1.64842e-07 0)
(2.94197e-07 1.67505e-07 0)
(2.88027e-07 1.6592e-07 0)
(3.99084e-07 1.29942e-07 -1.12965e-20)
(3.4596e-07 1.23433e-07 0)
(3.0995e-07 1.19061e-07 0)
(2.84777e-07 1.17442e-07 0)
(2.67323e-07 1.16969e-07 0)
(2.55253e-07 1.17529e-07 0)
(2.46973e-07 1.18555e-07 0)
(2.41401e-07 1.19922e-07 0)
(2.37769e-07 1.21367e-07 0)
(2.35485e-07 1.22906e-07 0)
(2.30549e-07 1.21272e-07 0)
(3.24606e-07 1.14324e-07 -1.00224e-20)
(2.76588e-07 1.00181e-07 0)
(2.44538e-07 9.07434e-08 0)
(2.22597e-07 8.57519e-08 0)
(2.07704e-07 8.29483e-08 0)
(1.97583e-07 8.18607e-08 0)
(1.9073e-07 8.1639e-08 0)
(1.86155e-07 8.20047e-08 0)
(1.83176e-07 8.25944e-08 0)
(1.81271e-07 8.33407e-08 0)
(1.77511e-07 8.19089e-08 0)
(2.49215e-07 9.8658e-08 -8.30167e-21)
(2.07256e-07 7.79846e-08 0)
(1.80427e-07 6.45228e-08 0)
(1.62762e-07 5.71859e-08 0)
(1.51164e-07 5.29166e-08 0)
(1.43473e-07 5.0883e-08 0)
(1.38354e-07 4.99771e-08 0)
(1.3497e-07 4.97988e-08 0)
(1.32769e-07 4.99193e-08 0)
(1.31335e-07 5.02129e-08 0)
(1.28657e-07 4.91791e-08 0)
(1.73315e-07 8.15634e-08 -6.25442e-21)
(1.37658e-07 5.60593e-08 0)
(1.17623e-07 4.04311e-08 0)
(1.05315e-07 3.24279e-08 0)
(9.76421e-08 2.79465e-08 0)
(9.27272e-08 2.58399e-08 0)
(8.95141e-08 2.48618e-08 0)
(8.74069e-08 2.45766e-08 0)
(8.60281e-08 2.45657e-08 0)
(8.51011e-08 2.46926e-08 0)
(8.33947e-08 2.41491e-08 0)
(1.01603e-07 6.00793e-08 -4.03442e-21)
(6.83999e-08 3.29575e-08 0)
(5.70488e-08 1.91548e-08 0)
(5.09986e-08 1.30193e-08 0)
(4.74641e-08 9.92369e-09 0)
(4.52694e-08 8.61547e-09 0)
(4.38383e-08 8.07041e-09 0)
(4.28956e-08 7.96065e-09 0)
(4.22631e-08 8.00145e-09 0)
(4.18155e-08 8.1054e-09 0)
(4.09737e-08 7.96565e-09 0)
(3.40474e-08 2.39049e-08 -1.45561e-21)
(0 0 0)
(0 0 0)
(0 0 0)
(0 0 0)
(0 0 0)
(0 0 0)
(0 0 0)
(0 0 0)
(0 0 0)
(0 0 0)
(7.43118e-07 2.15339e-07 -9.76645e-21)
(6.89075e-07 2.49856e-07 0)
(6.51401e-07 2.74368e-07 0)
(6.24057e-07 2.9421e-07 0)
(6.0445e-07 3.10423e-07 0)
(5.90617e-07 3.24347e-07 0)
(5.81152e-07 3.36565e-07 0)
(5.75067e-07 3.47586e-07 0)
(5.71597e-07 3.57717e-07 0)
(5.70183e-07 3.67164e-07 0)
(5.70843e-07 3.77401e-07 0)
(6.78999e-07 1.97378e-07 -1.09332e-20)
(6.21749e-07 2.24617e-07 0)
(5.82143e-07 2.43736e-07 0)
(5.53557e-07 2.59348e-07 0)
(5.33106e-07 2.72074e-07 0)
(5.18644e-07 2.83049e-07 0)
(5.08652e-07 2.92685e-07 0)
(5.02076e-07 3.01412e-07 0)
(4.98086e-07 3.09434e-07 0)
(4.96102e-07 3.17001e-07 0)
(4.86469e-07 3.17299e-07 0)
(6.12267e-07 1.79733e-07 -1.17812e-20)
(5.53424e-07 1.98852e-07 0)
(5.12942e-07 2.12158e-07 0)
(4.83883e-07 2.23346e-07 0)
(4.6317e-07 2.32533e-07 0)
(4.48531e-07 2.40592e-07 0)
(4.38363e-07 2.47725e-07 0)
(4.31563e-07 2.5425e-07 0)
(4.27275e-07 2.6026e-07 0)
(4.24872e-07 2.65992e-07 0)
(4.16259e-07 2.65351e-07 0)
(5.4319e-07 1.62563e-07 -1.21746e-20)
(4.84503e-07 1.73085e-07 0)
(4.44297e-07 1.80372e-07 0)
(4.15612e-07 1.8709e-07 0)
(3.9528e-07 1.92803e-07 0)
(3.8096e-07 1.98081e-07 0)
(3.71009e-07 2.02887e-07 0)
(3.643e-07 2.07406e-07 0)
(3.59978e-07 2.11615e-07 0)
(3.57408e-07 2.15693e-07 0)
(3.4999e-07 2.14435e-07 0)
(4.72018e-07 1.45966e-07 -1.20231e-20)
(4.15273e-07 1.47813e-07 0)
(3.76555e-07 1.49118e-07 0)
(3.49151e-07 1.51494e-07 0)
(3.29893e-07 1.53931e-07 0)
(3.16424e-07 1.56665e-07 0)
(3.07103e-07 1.59402e-07 0)
(3.00809e-07 1.62176e-07 0)
(2.96716e-07 1.64842e-07 0)
(2.94197e-07 1.67505e-07 0)
(2.88027e-07 1.6592e-07 0)
(3.99084e-07 1.29942e-07 -1.12965e-20)
(3.4596e-07 1.23433e-07 0)
(3.0995e-07 1.19061e-07 0)
(2.84777e-07 1.17442e-07 0)
(2.67323e-07 1.16969e-07 0)
(2.55253e-07 1.17529e-07 0)
(2.46973e-07 1.18555e-07 0)
(2.41401e-07 1.19922e-07 0)
(2.37769e-07 1.21367e-07 0)
(2.35485e-07 1.22906e-07 0)
(2.30549e-07 1.21272e-07 0)
(3.24606e-07 1.14324e-07 -1.00224e-20)
(2.76588e-07 1.00181e-07 0)
(2.44538e-07 9.07434e-08 0)
(2.22597e-07 8.57519e-08 0)
(2.07704e-07 8.29483e-08 0)
(1.97583e-07 8.18607e-08 0)
(1.9073e-07 8.1639e-08 0)
(1.86155e-07 8.20047e-08 0)
(1.83176e-07 8.25944e-08 0)
(1.81271e-07 8.33407e-08 0)
(1.77511e-07 8.19089e-08 0)
(2.49215e-07 9.8658e-08 -8.30167e-21)
(2.07256e-07 7.79846e-08 0)
(1.80427e-07 6.45228e-08 0)
(1.62762e-07 5.71859e-08 0)
(1.51164e-07 5.29166e-08 0)
(1.43473e-07 5.0883e-08 0)
(1.38354e-07 4.99771e-08 0)
(1.3497e-07 4.97988e-08 0)
(1.32769e-07 4.99193e-08 0)
(1.31335e-07 5.02129e-08 0)
(1.28657e-07 4.91791e-08 0)
(1.73315e-07 8.15634e-08 -6.25442e-21)
(1.37658e-07 5.60593e-08 0)
(1.17623e-07 4.04311e-08 0)
(1.05315e-07 3.24279e-08 0)
(9.76421e-08 2.79465e-08 0)
(9.27272e-08 2.58399e-08 0)
(8.95141e-08 2.48618e-08 0)
(8.74069e-08 2.45766e-08 0)
(8.60281e-08 2.45657e-08 0)
(8.51011e-08 2.46926e-08 0)
(8.33947e-08 2.41491e-08 0)
(1.01603e-07 6.00793e-08 -4.03442e-21)
(6.83999e-08 3.29575e-08 0)
(5.70488e-08 1.91548e-08 0)
(5.09986e-08 1.30193e-08 0)
(4.74641e-08 9.92369e-09 0)
(4.52694e-08 8.61547e-09 0)
(4.38383e-08 8.07041e-09 0)
(4.28956e-08 7.96065e-09 0)
(4.22631e-08 8.00145e-09 0)
(4.18155e-08 8.1054e-09 0)
(4.09737e-08 7.96565e-09 0)
(3.40474e-08 2.39049e-08 -1.45561e-21)
(0 0 0)
(0 0 0)
(0 0 0)
(0 0 0)
(0 0 0)
(0 0 0)
(0 0 0)
(0 0 0)
(0 0 0)
(0 0 0)
(1.20539e-06 3.55146e-07 -2.44261e-21)
(1.21429e-06 3.89592e-07 -1.59542e-21)
(1.21366e-06 4.33887e-07 -1.74055e-21)
(1.21334e-06 4.74971e-07 -1.88556e-21)
(1.21444e-06 5.12754e-07 -2.03017e-21)
(1.21735e-06 5.47613e-07 -2.17442e-21)
(1.22225e-06 5.80005e-07 -2.31837e-21)
(1.2291e-06 6.10393e-07 -2.46207e-21)
(1.23784e-06 6.39166e-07 -2.6056e-21)
(1.24828e-06 6.6669e-07 -2.74901e-21)
(1.26032e-06 6.93115e-07 -2.853e-21)
(1.17854e-06 3.41795e-07 -3.42512e-21)
(1.1753e-06 3.88024e-07 0)
(1.17264e-06 4.32041e-07 0)
(1.17141e-06 4.7252e-07 0)
(1.17201e-06 5.09455e-07 0)
(1.17458e-06 5.43294e-07 0)
(1.17911e-06 5.7454e-07 0)
(1.1855e-06 6.03699e-07 0)
(1.19363e-06 6.31186e-07 0)
(1.20332e-06 6.57396e-07 0)
(1.21515e-06 6.82655e-07 0)
(1.14213e-06 3.36117e-07 -3.53949e-21)
(1.13491e-06 3.83367e-07 0)
(1.12911e-06 4.26982e-07 0)
(1.12553e-06 4.6661e-07 0)
(1.12433e-06 5.02458e-07 0)
(1.12548e-06 5.35086e-07 0)
(1.12879e-06 5.65044e-07 0)
(1.13405e-06 5.92868e-07 0)
(1.14108e-06 6.18991e-07 0)
(1.14964e-06 6.43829e-07 0)
(1.16117e-06 6.67975e-07 0)
(1.10354e-06 3.26917e-07 -3.6651e-21)
(1.09151e-06 3.75742e-07 0)
(1.08194e-06 4.18806e-07 0)
(1.07537e-06 4.57269e-07 0)
(1.07179e-06 4.91678e-07 0)
(1.07097e-06 5.22782e-07 0)
(1.07259e-06 5.51195e-07 0)
(1.07634e-06 5.7748e-07 0)
(1.08195e-06 6.02077e-07 0)
(1.08911e-06 6.25415e-07 0)
(1.10033e-06 6.48481e-07 0)
(1.06207e-06 3.15041e-07 -3.89244e-21)
(1.0444e-06 3.65262e-07 0)
(1.03066e-06 4.07527e-07 0)
(1.02076e-06 4.44537e-07 0)
(1.0145e-06 4.77203e-07 0)
(1.01144e-06 5.06498e-07 0)
(1.01113e-06 5.3311e-07 0)
(1.01316e-06 5.57631e-07 0)
(1.01718e-06 5.80512e-07 0)
(1.02282e-06 6.0218e-07 0)
(1.03374e-06 6.24167e-07 0)
(1.01734e-06 3.01064e-07 -4.31262e-21)
(9.93369e-07 3.51972e-07 0)
(9.75183e-07 3.93012e-07 0)
(9.61843e-07 4.28219e-07 0)
(9.52818e-07 4.5883e-07 0)
(9.47467e-07 4.86041e-07 0)
(9.45186e-07 5.10609e-07 0)
(9.4545e-07 5.33156e-07 0)
(9.47863e-07 5.54139e-07 0)
(9.51965e-07 5.73978e-07 0)
(9.62679e-07 5.94898e-07 0)
(9.69186e-07 2.85508e-07 -4.98941e-21)
(9.38526e-07 3.35994e-07 0)
(9.1581e-07 3.75221e-07 0)
(8.99053e-07 4.08231e-07 0)
(8.87346e-07 4.36494e-07 0)
(8.79784e-07 4.61383e-07 0)
(8.75609e-07 4.83707e-07 0)
(8.74189e-07 5.04105e-07 0)
(8.75062e-07 5.23039e-07 0)
(8.77701e-07 5.4091e-07 0)
(8.88311e-07 5.60788e-07 0)
(9.17585e-07 2.68798e-07 -5.93883e-21)
(8.80193e-07 3.17497e-07 0)
(8.53052e-07 3.54196e-07 0)
(8.33052e-07 3.84571e-07 0)
(8.18852e-07 4.10195e-07 0)
(8.09265e-07 4.32556e-07 0)
(8.03367e-07 4.52475e-07 0)
(8.00422e-07 4.70594e-07 0)
(7.99897e-07 4.87366e-07 0)
(8.01217e-07 5.03162e-07 0)
(8.11833e-07 5.22037e-07 0)
(8.6261e-07 2.51319e-07 -7.12083e-21)
(8.18825e-07 2.96739e-07 0)
(7.87574e-07 3.30132e-07 0)
(7.64641e-07 3.5742e-07 0)
(7.48236e-07 3.80134e-07 0)
(7.36887e-07 3.99796e-07 0)
(7.29501e-07 4.17195e-07 0)
(7.25244e-07 4.32952e-07 0)
(7.23509e-07 4.47493e-07 0)
(7.23692e-07 4.61149e-07 0)
(7.34425e-07 4.79047e-07 0)
(8.04394e-07 2.33402e-07 -8.44218e-21)
(7.5494e-07 2.74054e-07 0)
(7.20109e-07 3.03364e-07 0)
(6.94686e-07 3.27124e-07 0)
(6.76451e-07 3.46685e-07 0)
(6.63666e-07 3.63518e-07 0)
(6.55075e-07 3.78331e-07 0)
(6.49757e-07 3.91698e-07 0)
(6.47032e-07 4.03997e-07 0)
(6.46304e-07 4.15472e-07 0)
(6.57205e-07 4.32388e-07 0)
(1.20539e-06 3.55146e-07 -2.44261e-21)
(1.21429e-06 3.89592e-07 -1.59542e-21)
(1.21366e-06 4.33887e-07 -1.74055e-21)
(1.21334e-06 4.74971e-07 -1.88556e-21)
(1.21444e-06 5.12754e-07 -2.03017e-21)
(1.21735e-06 5.47613e-07 -2.17442e-21)
(1.22225e-06 5.80005e-07 -2.31837e-21)
(1.2291e-06 6.10393e-07 -2.46207e-21)
(1.23784e-06 6.39166e-07 -2.6056e-21)
(1.24828e-06 6.6669e-07 -2.74901e-21)
(1.26032e-06 6.93115e-07 -2.853e-21)
(1.17854e-06 3.41795e-07 -3.42512e-21)
(1.1753e-06 3.88024e-07 0)
(1.17264e-06 4.32041e-07 0)
(1.17141e-06 4.7252e-07 0)
(1.17201e-06 5.09455e-07 0)
(1.17458e-06 5.43294e-07 0)
(1.17911e-06 5.7454e-07 0)
(1.1855e-06 6.03699e-07 0)
(1.19363e-06 6.31186e-07 0)
(1.20332e-06 6.57396e-07 0)
(1.21515e-06 6.82655e-07 0)
(1.14213e-06 3.36117e-07 -3.53949e-21)
(1.13491e-06 3.83367e-07 0)
(1.12911e-06 4.26982e-07 0)
(1.12553e-06 4.6661e-07 0)
(1.12433e-06 5.02458e-07 0)
(1.12548e-06 5.35086e-07 0)
(1.12879e-06 5.65044e-07 0)
(1.13405e-06 5.92868e-07 0)
(1.14108e-06 6.18991e-07 0)
(1.14964e-06 6.43829e-07 0)
(1.16117e-06 6.67975e-07 0)
(1.10354e-06 3.26917e-07 -3.6651e-21)
(1.09151e-06 3.75742e-07 0)
(1.08194e-06 4.18806e-07 0)
(1.07537e-06 4.57269e-07 0)
(1.07179e-06 4.91678e-07 0)
(1.07097e-06 5.22782e-07 0)
(1.07259e-06 5.51195e-07 0)
(1.07634e-06 5.7748e-07 0)
(1.08195e-06 6.02077e-07 0)
(1.08911e-06 6.25415e-07 0)
(1.10033e-06 6.48481e-07 0)
(1.06207e-06 3.15041e-07 -3.89244e-21)
(1.0444e-06 3.65262e-07 0)
(1.03066e-06 4.07527e-07 0)
(1.02076e-06 4.44537e-07 0)
(1.0145e-06 4.77203e-07 0)
(1.01144e-06 5.06498e-07 0)
(1.01113e-06 5.3311e-07 0)
(1.01316e-06 5.57631e-07 0)
(1.01718e-06 5.80512e-07 0)
(1.02282e-06 6.0218e-07 0)
(1.03374e-06 6.24167e-07 0)
(1.01734e-06 3.01064e-07 -4.31262e-21)
(9.93369e-07 3.51972e-07 0)
(9.75183e-07 3.93012e-07 0)
(9.61843e-07 4.28219e-07 0)
(9.52818e-07 4.5883e-07 0)
(9.47467e-07 4.86041e-07 0)
(9.45186e-07 5.10609e-07 0)
(9.4545e-07 5.33156e-07 0)
(9.47863e-07 5.54139e-07 0)
(9.51965e-07 5.73978e-07 0)
(9.62679e-07 5.94898e-07 0)
(9.69186e-07 2.85508e-07 -4.98941e-21)
(9.38526e-07 3.35994e-07 0)
(9.1581e-07 3.75221e-07 0)
(8.99053e-07 4.08231e-07 0)
(8.87346e-07 4.36494e-07 0)
(8.79784e-07 4.61383e-07 0)
(8.75609e-07 4.83707e-07 0)
(8.74189e-07 5.04105e-07 0)
(8.75062e-07 5.23039e-07 0)
(8.77701e-07 5.4091e-07 0)
(8.88311e-07 5.60788e-07 0)
(9.17585e-07 2.68798e-07 -5.93883e-21)
(8.80193e-07 3.17497e-07 0)
(8.53052e-07 3.54196e-07 0)
(8.33052e-07 3.84571e-07 0)
(8.18852e-07 4.10195e-07 0)
(8.09265e-07 4.32556e-07 0)
(8.03367e-07 4.52475e-07 0)
(8.00422e-07 4.70594e-07 0)
(7.99897e-07 4.87366e-07 0)
(8.01217e-07 5.03162e-07 0)
(8.11833e-07 5.22037e-07 0)
(8.6261e-07 2.51319e-07 -7.12083e-21)
(8.18825e-07 2.96739e-07 0)
(7.87574e-07 3.30132e-07 0)
(7.64641e-07 3.5742e-07 0)
(7.48236e-07 3.80134e-07 0)
(7.36887e-07 3.99796e-07 0)
(7.29501e-07 4.17195e-07 0)
(7.25244e-07 4.32952e-07 0)
(7.23509e-07 4.47493e-07 0)
(7.23692e-07 4.61149e-07 0)
(7.34425e-07 4.79047e-07 0)
(8.04394e-07 2.33402e-07 -8.44218e-21)
(7.5494e-07 2.74054e-07 0)
(7.20109e-07 3.03364e-07 0)
(6.94686e-07 3.27124e-07 0)
(6.76451e-07 3.46685e-07 0)
(6.63666e-07 3.63518e-07 0)
(6.55075e-07 3.78331e-07 0)
(6.49757e-07 3.91698e-07 0)
(6.47032e-07 4.03997e-07 0)
(6.46304e-07 4.15472e-07 0)
(6.57205e-07 4.32388e-07 0)
(1.27396e-06 7.18775e-07 -2.87756e-21)
(1.28897e-06 7.44021e-07 -2.86209e-21)
(1.30512e-06 7.6888e-07 -2.84671e-21)
(1.32231e-06 7.93474e-07 -2.8314e-21)
(1.34042e-06 8.17907e-07 -2.81616e-21)
(1.35935e-06 8.42261e-07 -2.80101e-21)
(1.37901e-06 8.66609e-07 -2.78593e-21)
(1.39932e-06 8.91008e-07 -2.77091e-21)
(1.4202e-06 9.15509e-07 -2.75596e-21)
(1.44159e-06 9.40155e-07 -2.74107e-21)
(1.46343e-06 9.6498e-07 -2.72625e-21)
(1.48565e-06 9.90016e-07 -2.71148e-21)
(1.50819e-06 1.01529e-06 -2.69676e-21)
(1.53101e-06 1.04081e-06 -2.68211e-21)
(1.55403e-06 1.06659e-06 -2.66752e-21)
(1.57722e-06 1.09264e-06 -2.65299e-21)
(1.6005e-06 1.11894e-06 -2.63853e-21)
(1.6238e-06 1.14546e-06 -2.62414e-21)
(1.64707e-06 1.17213e-06 -2.60983e-21)
(1.65496e-06 1.18872e-06 1.86303e-22)
(1.22969e-06 7.07537e-07 0)
(1.24595e-06 7.32244e-07 0)
(1.26313e-06 7.56616e-07 0)
(1.28115e-06 7.80784e-07 0)
(1.29993e-06 8.04846e-07 0)
(1.31939e-06 8.28882e-07 0)
(1.33946e-06 8.52961e-07 0)
(1.36009e-06 8.77137e-07 0)
(1.38121e-06 9.01457e-07 0)
(1.40277e-06 9.25962e-07 0)
(1.42471e-06 9.50685e-07 0)
(1.447e-06 9.75653e-07 0)
(1.46959e-06 1.00089e-06 0)
(1.49242e-06 1.02641e-06 0)
(1.51547e-06 1.05223e-06 0)
(1.53867e-06 1.07834e-06 0)
(1.562e-06 1.10473e-06 0)
(1.58541e-06 1.13138e-06 0)
(1.60886e-06 1.15821e-06 0)
(1.63221e-06 1.18509e-06 2.99586e-21)
(1.17708e-06 6.92352e-07 0)
(1.19527e-06 7.16883e-07 0)
(1.21413e-06 7.41096e-07 0)
(1.23359e-06 7.65132e-07 0)
(1.25361e-06 7.89093e-07 0)
(1.27413e-06 8.13055e-07 0)
(1.29513e-06 8.3709e-07 0)
(1.31654e-06 8.61251e-07 0)
(1.33835e-06 8.85585e-07 0)
(1.36051e-06 9.10131e-07 0)
(1.38298e-06 9.34923e-07 0)
(1.40573e-06 9.59987e-07 0)
(1.42874e-06 9.85348e-07 0)
(1.45197e-06 1.01102e-06 0)
(1.47539e-06 1.03702e-06 0)
(1.49897e-06 1.06334e-06 0)
(1.52268e-06 1.08999e-06 0)
(1.54649e-06 1.11693e-06 0)
(1.57035e-06 1.14412e-06 0)
(1.59402e-06 1.17142e-06 3.02247e-21)
(1.11794e-06 6.72658e-07 0)
(1.13854e-06 6.97425e-07 0)
(1.15955e-06 7.21867e-07 0)
(1.18089e-06 7.46121e-07 0)
(1.20258e-06 7.70299e-07 0)
(1.22458e-06 7.94478e-07 0)
(1.24689e-06 8.18734e-07 0)
(1.26946e-06 8.43122e-07 0)
(1.29231e-06 8.67693e-07 0)
(1.31539e-06 8.92487e-07 0)
(1.33871e-06 9.17539e-07 0)
(1.36223e-06 9.42878e-07 0)
(1.38595e-06 9.6853e-07 0)
(1.40984e-06 9.94515e-07 0)
(1.4339e-06 1.02085e-06 0)
(1.45809e-06 1.04754e-06 0)
(1.4824e-06 1.07459e-06 0)
(1.50681e-06 1.10199e-06 0)
(1.53126e-06 1.12974e-06 0)
(1.55543e-06 1.15771e-06 3.07519e-21)
(1.05335e-06 6.48428e-07 0)
(1.07674e-06 6.73818e-07 0)
(1.10027e-06 6.98856e-07 0)
(1.12387e-06 7.23664e-07 0)
(1.14758e-06 7.48371e-07 0)
(1.17139e-06 7.73051e-07 0)
(1.19532e-06 7.97791e-07 0)
(1.21937e-06 8.22648e-07 0)
(1.24354e-06 8.47679e-07 0)
(1.26783e-06 8.72928e-07 0)
(1.29225e-06 8.98434e-07 0)
(1.31679e-06 9.2423e-07 0)
(1.34145e-06 9.50345e-07 0)
(1.36622e-06 9.76804e-07 0)
(1.39111e-06 1.00363e-06 0)
(1.41611e-06 1.03084e-06 0)
(1.4412e-06 1.05845e-06 0)
(1.46636e-06 1.08648e-06 0)
(1.49155e-06 1.11494e-06 0)
(1.51639e-06 1.14377e-06 3.15335e-21)
(9.84492e-07 6.19538e-07 0)
(1.01097e-06 6.45949e-07 0)
(1.0373e-06 6.71962e-07 0)
(1.06342e-06 6.97669e-07 0)
(1.08942e-06 7.23224e-07 0)
(1.1153e-06 7.48701e-07 0)
(1.14111e-06 7.74196e-07 0)
(1.16686e-06 7.99774e-07 0)
(1.19259e-06 8.25497e-07 0)
(1.2183e-06 8.51416e-07 0)
(1.24402e-06 8.77576e-07 0)
(1.26977e-06 9.04015e-07 0)
(1.29555e-06 9.30767e-07 0)
(1.32137e-06 9.57865e-07 0)
(1.34725e-06 9.85338e-07 0)
(1.37319e-06 1.01322e-06 0)
(1.39918e-06 1.04153e-06 0)
(1.42522e-06 1.07033e-06 0)
(1.45128e-06 1.09964e-06 0)
(1.47693e-06 1.12943e-06 3.25559e-21)
(9.12488e-07 5.86098e-07 0)
(9.42238e-07 6.13909e-07 0)
(9.71567e-07 6.41262e-07 0)
(1.0004e-06 6.68201e-07 0)
(1.02889e-06 6.94914e-07 0)
(1.05703e-06 7.21472e-07 0)
(1.0849e-06 7.47988e-07 0)
(1.11254e-06 7.74531e-07 0)
(1.13998e-06 8.01175e-07 0)
(1.16728e-06 8.27976e-07 0)
(1.19446e-06 8.54988e-07 0)
(1.22155e-06 8.82254e-07 0)
(1.24859e-06 9.09817e-07 0)
(1.27559e-06 9.37714e-07 0)
(1.30257e-06 9.65986e-07 0)
(1.32956e-06 9.94672e-07 0)
(1.35655e-06 1.02382e-06 0)
(1.38357e-06 1.05349e-06 0)
(1.41058e-06 1.08374e-06 0)
(1.43717e-06 1.11458e-06 3.38024e-21)
(8.38445e-07 5.48302e-07 0)
(8.71546e-07 5.77867e-07 0)
(9.03981e-07 6.06897e-07 0)
(9.35647e-07 6.35386e-07 0)
(9.66735e-07 6.6355e-07 0)
(9.97259e-07 6.91469e-07 0)
(1.02732e-06 7.19261e-07 0)
(1.05697e-06 7.4701e-07 0)
(1.08626e-06 7.74797e-07 0)
(1.11526e-06 8.02689e-07 0)
(1.14401e-06 8.30745e-07 0)
(1.17255e-06 8.59019e-07 0)
(1.20094e-06 8.87558e-07 0)
(1.22919e-06 9.1641e-07 0)
(1.25736e-06 9.4562e-07 0)
(1.28547e-06 9.75241e-07 0)
(1.31353e-06 1.00533e-06 0)
(1.34158e-06 1.03597e-06 0)
(1.36962e-06 1.06723e-06 0)
(1.39727e-06 1.09915e-06 3.52523e-21)
(7.63459e-07 5.06512e-07 0)
(7.99879e-07 5.38147e-07 0)
(8.35429e-07 5.69142e-07 0)
(8.6996e-07 5.99466e-07 0)
(9.03698e-07 6.29337e-07 0)
(9.36669e-07 6.5886e-07 0)
(9.68985e-07 6.8816e-07 0)
(1.00071e-06 7.17335e-07 0)
(1.03193e-06 7.46473e-07 0)
(1.0627e-06 7.75653e-07 0)
(1.09309e-06 8.0494e-07 0)
(1.12315e-06 8.34395e-07 0)
(1.15295e-06 8.64074e-07 0)
(1.18252e-06 8.94028e-07 0)
(1.21192e-06 9.24312e-07 0)
(1.24119e-06 9.54984e-07 0)
(1.27037e-06 9.86111e-07 0)
(1.2995e-06 1.01779e-06 0)
(1.3286e-06 1.0501e-06 0)
(1.35739e-06 1.08312e-06 3.68833e-21)
(6.88518e-07 4.61242e-07 0)
(7.28084e-07 4.95172e-07 0)
(7.66628e-07 5.28334e-07 0)
(8.03996e-07 5.60741e-07 0)
(8.4038e-07 5.92556e-07 0)
(8.75823e-07 6.2391e-07 0)
(9.10431e-07 6.5493e-07 0)
(9.44283e-07 6.85729e-07 0)
(9.77464e-07 7.16406e-07 0)
(1.01005e-06 7.4705e-07 0)
(1.04212e-06 7.77735e-07 0)
(1.07374e-06 8.08529e-07 0)
(1.10498e-06 8.39493e-07 0)
(1.1359e-06 8.70685e-07 0)
(1.16655e-06 9.02164e-07 0)
(1.19701e-06 9.33992e-07 0)
(1.22732e-06 9.66242e-07 0)
(1.25753e-06 9.99009e-07 0)
(1.28772e-06 1.03239e-06 0)
(1.31772e-06 1.06651e-06 3.86691e-21)
(6.22033e-07 4.2005e-07 0)
(6.6394e-07 4.55952e-07 0)
(7.04718e-07 4.90878e-07 0)
(7.44282e-07 5.25044e-07 0)
(7.82749e-07 5.58546e-07 0)
(8.20173e-07 5.91519e-07 0)
(8.5664e-07 6.24082e-07 0)
(8.92228e-07 6.5635e-07 0)
(9.27023e-07 6.88424e-07 0)
(9.61106e-07 7.20395e-07 0)
(9.94558e-07 7.52342e-07 0)
(1.02745e-06 7.84335e-07 0)
(1.05987e-06 8.16437e-07 0)
(1.09188e-06 8.48709e-07 0)
(1.12355e-06 8.81208e-07 0)
(1.15495e-06 9.13997e-07 0)
(1.18615e-06 9.47145e-07 0)
(1.21721e-06 9.80745e-07 0)
(1.24824e-06 1.01489e-06 0)
(1.27924e-06 1.04974e-06 4.0167e-21)
(1.27396e-06 7.18775e-07 -2.87756e-21)
(1.28897e-06 7.44021e-07 -2.86209e-21)
(1.30512e-06 7.6888e-07 -2.84671e-21)
(1.32231e-06 7.93474e-07 -2.8314e-21)
(1.34042e-06 8.17907e-07 -2.81616e-21)
(1.35935e-06 8.42261e-07 -2.80101e-21)
(1.37901e-06 8.66609e-07 -2.78593e-21)
(1.39932e-06 8.91008e-07 -2.77091e-21)
(1.4202e-06 9.15509e-07 -2.75596e-21)
(1.44159e-06 9.40155e-07 -2.74107e-21)
(1.46343e-06 9.6498e-07 -2.72625e-21)
(1.48565e-06 9.90016e-07 -2.71148e-21)
(1.50819e-06 1.01529e-06 -2.69676e-21)
(1.53101e-06 1.04081e-06 -2.68211e-21)
(1.55403e-06 1.06659e-06 -2.66752e-21)
(1.57722e-06 1.09264e-06 -2.65299e-21)
(1.6005e-06 1.11894e-06 -2.63853e-21)
(1.6238e-06 1.14546e-06 -2.62414e-21)
(1.64707e-06 1.17213e-06 -2.60983e-21)
(1.65496e-06 1.18872e-06 1.86303e-22)
(1.22969e-06 7.07537e-07 0)
(1.24595e-06 7.32244e-07 0)
(1.26313e-06 7.56616e-07 0)
(1.28115e-06 7.80784e-07 0)
(1.29993e-06 8.04846e-07 0)
(1.31939e-06 8.28882e-07 0)
(1.33946e-06 8.52961e-07 0)
(1.36009e-06 8.77137e-07 0)
(1.38121e-06 9.01457e-07 0)
(1.40277e-06 9.25962e-07 0)
(1.42471e-06 9.50685e-07 0)
(1.447e-06 9.75653e-07 0)
(1.46959e-06 1.00089e-06 0)
(1.49242e-06 1.02641e-06 0)
(1.51547e-06 1.05223e-06 0)
(1.53867e-06 1.07834e-06 0)
(1.562e-06 1.10473e-06 0)
(1.58541e-06 1.13138e-06 0)
(1.60886e-06 1.15821e-06 0)
(1.63221e-06 1.18509e-06 2.99586e-21)
(1.17708e-06 6.92352e-07 0)
(1.19527e-06 7.16883e-07 0)
(1.21413e-06 7.41096e-07 0)
(1.23359e-06 7.65132e-07 0)
(1.25361e-06 7.89093e-07 0)
(1.27413e-06 8.13055e-07 0)
(1.29513e-06 8.3709e-07 0)
(1.31654e-06 8.61251e-07 0)
(1.33835e-06 8.85585e-07 0)
(1.36051e-06 9.10131e-07 0)
(1.38298e-06 9.34923e-07 0)
(1.40573e-06 9.59987e-07 0)
(1.42874e-06 9.85348e-07 0)
(1.45197e-06 1.01102e-06 0)
(1.47539e-06 1.03702e-06 0)
(1.49897e-06 1.06334e-06 0)
(1.52268e-06 1.08999e-06 0)
(1.54649e-06 1.11693e-06 0)
(1.57035e-06 1.14412e-06 0)
(1.59402e-06 1.17142e-06 3.02247e-21)
(1.11794e-06 6.72658e-07 0)
(1.13854e-06 6.97425e-07 0)
(1.15955e-06 7.21867e-07 0)
(1.18089e-06 7.46121e-07 0)
(1.20258e-06 7.70299e-07 0)
(1.22458e-06 7.94478e-07 0)
(1.24689e-06 8.18734e-07 0)
(1.26946e-06 8.43122e-07 0)
(1.29231e-06 8.67693e-07 0)
(1.31539e-06 8.92487e-07 0)
(1.33871e-06 9.17539e-07 0)
(1.36223e-06 9.42878e-07 0)
(1.38595e-06 9.6853e-07 0)
(1.40984e-06 9.94515e-07 0)
(1.4339e-06 1.02085e-06 0)
(1.45809e-06 1.04754e-06 0)
(1.4824e-06 1.07459e-06 0)
(1.50681e-06 1.10199e-06 0)
(1.53126e-06 1.12974e-06 0)
(1.55543e-06 1.15771e-06 3.07519e-21)
(1.05335e-06 6.48428e-07 0)
(1.07674e-06 6.73818e-07 0)
(1.10027e-06 6.98856e-07 0)
(1.12387e-06 7.23664e-07 0)
(1.14758e-06 7.48371e-07 0)
(1.17139e-06 7.73051e-07 0)
(1.19532e-06 7.97791e-07 0)
(1.21937e-06 8.22648e-07 0)
(1.24354e-06 8.47679e-07 0)
(1.26783e-06 8.72928e-07 0)
(1.29225e-06 8.98434e-07 0)
(1.31679e-06 9.2423e-07 0)
(1.34145e-06 9.50345e-07 0)
(1.36622e-06 9.76804e-07 0)
(1.39111e-06 1.00363e-06 0)
(1.41611e-06 1.03084e-06 0)
(1.4412e-06 1.05845e-06 0)
(1.46636e-06 1.08648e-06 0)
(1.49155e-06 1.11494e-06 0)
(1.51639e-06 1.14377e-06 3.15335e-21)
(9.84492e-07 6.19538e-07 0)
(1.01097e-06 6.45949e-07 0)
(1.0373e-06 6.71962e-07 0)
(1.06342e-06 6.97669e-07 0)
(1.08942e-06 7.23224e-07 0)
(1.1153e-06 7.48701e-07 0)
(1.14111e-06 7.74196e-07 0)
(1.16686e-06 7.99774e-07 0)
(1.19259e-06 8.25497e-07 0)
(1.2183e-06 8.51416e-07 0)
(1.24402e-06 8.77576e-07 0)
(1.26977e-06 9.04015e-07 0)
(1.29555e-06 9.30767e-07 0)
(1.32137e-06 9.57865e-07 0)
(1.34725e-06 9.85338e-07 0)
(1.37319e-06 1.01322e-06 0)
(1.39918e-06 1.04153e-06 0)
(1.42522e-06 1.07033e-06 0)
(1.45128e-06 1.09964e-06 0)
(1.47693e-06 1.12943e-06 3.25559e-21)
(9.12488e-07 5.86098e-07 0)
(9.42238e-07 6.13909e-07 0)
(9.71567e-07 6.41262e-07 0)
(1.0004e-06 6.68201e-07 0)
(1.02889e-06 6.94914e-07 0)
(1.05703e-06 7.21472e-07 0)
(1.0849e-06 7.47988e-07 0)
(1.11254e-06 7.74531e-07 0)
(1.13998e-06 8.01175e-07 0)
(1.16728e-06 8.27976e-07 0)
(1.19446e-06 8.54988e-07 0)
(1.22155e-06 8.82254e-07 0)
(1.24859e-06 9.09817e-07 0)
(1.27559e-06 9.37714e-07 0)
(1.30257e-06 9.65986e-07 0)
(1.32956e-06 9.94672e-07 0)
(1.35655e-06 1.02382e-06 0)
(1.38357e-06 1.05349e-06 0)
(1.41058e-06 1.08374e-06 0)
(1.43717e-06 1.11458e-06 3.38024e-21)
(8.38445e-07 5.48302e-07 0)
(8.71546e-07 5.77867e-07 0)
(9.03981e-07 6.06897e-07 0)
(9.35647e-07 6.35386e-07 0)
(9.66735e-07 6.6355e-07 0)
(9.97259e-07 6.91469e-07 0)
(1.02732e-06 7.19261e-07 0)
(1.05697e-06 7.4701e-07 0)
(1.08626e-06 7.74797e-07 0)
(1.11526e-06 8.02689e-07 0)
(1.14401e-06 8.30745e-07 0)
(1.17255e-06 8.59019e-07 0)
(1.20094e-06 8.87558e-07 0)
(1.22919e-06 9.1641e-07 0)
(1.25736e-06 9.4562e-07 0)
(1.28547e-06 9.75241e-07 0)
(1.31353e-06 1.00533e-06 0)
(1.34158e-06 1.03597e-06 0)
(1.36962e-06 1.06723e-06 0)
(1.39727e-06 1.09915e-06 3.52523e-21)
(7.63459e-07 5.06512e-07 0)
(7.99879e-07 5.38147e-07 0)
(8.35429e-07 5.69142e-07 0)
(8.6996e-07 5.99466e-07 0)
(9.03698e-07 6.29337e-07 0)
(9.36669e-07 6.5886e-07 0)
(9.68985e-07 6.8816e-07 0)
(1.00071e-06 7.17335e-07 0)
(1.03193e-06 7.46473e-07 0)
(1.0627e-06 7.75653e-07 0)
(1.09309e-06 8.0494e-07 0)
(1.12315e-06 8.34395e-07 0)
(1.15295e-06 8.64074e-07 0)
(1.18252e-06 8.94028e-07 0)
(1.21192e-06 9.24312e-07 0)
(1.24119e-06 9.54984e-07 0)
(1.27037e-06 9.86111e-07 0)
(1.2995e-06 1.01779e-06 0)
(1.3286e-06 1.0501e-06 0)
(1.35739e-06 1.08312e-06 3.68833e-21)
(6.88518e-07 4.61242e-07 0)
(7.28084e-07 4.95172e-07 0)
(7.66628e-07 5.28334e-07 0)
(8.03996e-07 5.60741e-07 0)
(8.4038e-07 5.92556e-07 0)
(8.75823e-07 6.2391e-07 0)
(9.10431e-07 6.5493e-07 0)
(9.44283e-07 6.85729e-07 0)
(9.77464e-07 7.16406e-07 0)
(1.01005e-06 7.4705e-07 0)
(1.04212e-06 7.77735e-07 0)
(1.07374e-06 8.08529e-07 0)
(1.10498e-06 8.39493e-07 0)
(1.1359e-06 8.70685e-07 0)
(1.16655e-06 9.02164e-07 0)
(1.19701e-06 9.33992e-07 0)
(1.22732e-06 9.66242e-07 0)
(1.25753e-06 9.99009e-07 0)
(1.28772e-06 1.03239e-06 0)
(1.31772e-06 1.06651e-06 3.86691e-21)
(6.22033e-07 4.2005e-07 0)
(6.6394e-07 4.55952e-07 0)
(7.04718e-07 4.90878e-07 0)
(7.44282e-07 5.25044e-07 0)
(7.82749e-07 5.58546e-07 0)
(8.20173e-07 5.91519e-07 0)
(8.5664e-07 6.24082e-07 0)
(8.92228e-07 6.5635e-07 0)
(9.27023e-07 6.88424e-07 0)
(9.61106e-07 7.20395e-07 0)
(9.94558e-07 7.52342e-07 0)
(1.02745e-06 7.84335e-07 0)
(1.05987e-06 8.16437e-07 0)
(1.09188e-06 8.48709e-07 0)
(1.12355e-06 8.81208e-07 0)
(1.15495e-06 9.13997e-07 0)
(1.18615e-06 9.47145e-07 0)
(1.21721e-06 9.80745e-07 0)
(1.24824e-06 1.01489e-06 0)
(1.27924e-06 1.04974e-06 4.0167e-21)
(5.23432e-07 3.51388e-07 0)
(5.73758e-07 3.91754e-07 0)
(6.16464e-07 4.28481e-07 0)
(6.58029e-07 4.64196e-07 0)
(6.98435e-07 4.99218e-07 0)
(7.37751e-07 5.33609e-07 0)
(7.7602e-07 5.67482e-07 0)
(8.13312e-07 6.0094e-07 0)
(8.49693e-07 6.3408e-07 0)
(8.8524e-07 6.66991e-07 0)
(9.20027e-07 6.99754e-07 0)
(9.54132e-07 7.32444e-07 0)
(9.87629e-07 7.65123e-07 0)
(1.02059e-06 7.97851e-07 0)
(1.0531e-06 8.30682e-07 0)
(1.08522e-06 8.63671e-07 0)
(1.11703e-06 8.96871e-07 0)
(1.1486e-06 9.30345e-07 0)
(1.18003e-06 9.64169e-07 0)
(1.2114e-06 9.98417e-07 0)
(1.24282e-06 1.03326e-06 4.08307e-21)
(4.88167e-07 3.30685e-07 0)
(5.36835e-07 3.7051e-07 0)
(5.79236e-07 4.07292e-07 0)
(6.20645e-07 4.43254e-07 0)
(6.6101e-07 4.78639e-07 0)
(7.00375e-07 5.13476e-07 0)
(7.38756e-07 5.47847e-07 0)
(7.76206e-07 5.81828e-07 0)
(8.12773e-07 6.15496e-07 0)
(8.48519e-07 6.48923e-07 0)
(8.83509e-07 6.82176e-07 0)
(9.1781e-07 7.15316e-07 0)
(9.51491e-07 7.48398e-07 0)
(9.84622e-07 7.81472e-07 0)
(1.01728e-06 8.14585e-07 0)
(1.04953e-06 8.4778e-07 0)
(1.08144e-06 8.81104e-07 0)
(1.11312e-06 9.14605e-07 0)
(1.14463e-06 9.48339e-07 0)
(1.17609e-06 9.8236e-07 0)
(1.2076e-06 1.01679e-06 4.0993e-21)
(4.56894e-07 3.10774e-07 0)
(5.03762e-07 3.50029e-07 0)
(5.45416e-07 3.86708e-07 0)
(5.86295e-07 4.22769e-07 0)
(6.26273e-07 4.58394e-07 0)
(6.65379e-07 4.93575e-07 0)
(7.03594e-07 5.28359e-07 0)
(7.40953e-07 5.62797e-07 0)
(7.77484e-07 5.96942e-07 0)
(8.13236e-07 6.30845e-07 0)
(8.48259e-07 6.64559e-07 0)
(8.82611e-07 6.98129e-07 0)
(9.16352e-07 7.316e-07 0)
(9.49548e-07 7.65011e-07 0)
(9.82265e-07 7.98397e-07 0)
(1.01457e-06 8.31794e-07 0)
(1.04655e-06 8.65232e-07 0)
(1.07827e-06 8.98747e-07 0)
(1.10983e-06 9.32374e-07 0)
(1.14135e-06 9.66137e-07 0)
(1.17292e-06 1.0001e-06 4.11014e-21)
(4.29029e-07 2.9181e-07 0)
(4.73991e-07 3.30367e-07 0)
(5.14641e-07 3.66801e-07 0)
(5.54716e-07 4.0284e-07 0)
(5.94043e-07 4.38599e-07 0)
(6.32638e-07 4.7403e-07 0)
(6.70454e-07 5.09149e-07 0)
(7.07508e-07 5.43977e-07 0)
(7.4381e-07 5.78542e-07 0)
(7.79393e-07 6.12876e-07 0)
(8.14296e-07 6.47012e-07 0)
(8.48564e-07 6.80983e-07 0)
(8.82251e-07 7.14819e-07 0)
(9.15413e-07 7.48548e-07 0)
(9.48111e-07 7.82193e-07 0)
(9.80411e-07 8.15778e-07 0)
(1.01239e-06 8.4932e-07 0)
(1.04411e-06 8.82838e-07 0)
(1.07568e-06 9.1634e-07 0)
(1.10724e-06 9.49826e-07 0)
(1.13883e-06 9.83311e-07 4.11515e-21)
(4.04089e-07 2.73849e-07 0)
(4.47105e-07 3.1164e-07 0)
(4.86559e-07 3.47719e-07 0)
(5.25622e-07 3.83626e-07 0)
(5.64094e-07 4.19412e-07 0)
(6.01975e-07 4.54997e-07 0)
(6.39199e-07 4.90364e-07 0)
(6.75767e-07 5.25505e-07 0)
(7.11673e-07 5.60423e-07 0)
(7.46936e-07 5.95131e-07 0)
(7.81582e-07 6.29643e-07 0)
(8.15648e-07 6.63976e-07 0)
(8.49175e-07 6.98144e-07 0)
(8.82214e-07 7.32165e-07 0)
(9.14817e-07 7.66048e-07 0)
(9.47047e-07 7.99804e-07 0)
(9.7897e-07 8.33435e-07 0)
(1.01066e-06 8.66942e-07 0)
(1.04221e-06 9.00305e-07 0)
(1.07374e-06 9.33513e-07 0)
(1.10531e-06 9.66529e-07 4.11396e-21)
(3.81567e-07 2.56888e-07 0)
(4.22654e-07 2.93858e-07 0)
(4.60794e-07 3.29499e-07 0)
(4.98702e-07 3.65184e-07 0)
(5.36168e-07 4.00907e-07 0)
(5.7318e-07 4.36559e-07 0)
(6.09659e-07 4.72094e-07 0)
(6.45592e-07 5.07475e-07 0)
(6.80962e-07 5.42682e-07 0)
(7.15775e-07 5.77705e-07 0)
(7.50047e-07 6.12541e-07 0)
(7.83804e-07 6.47189e-07 0)
(8.17079e-07 6.81653e-07 0)
(8.49914e-07 7.15932e-07 0)
(8.82357e-07 7.50026e-07 0)
(9.1446e-07 7.83932e-07 0)
(9.46284e-07 8.17636e-07 0)
(9.77902e-07 8.51121e-07 0)
(1.00938e-06 8.84349e-07 0)
(1.04085e-06 9.17287e-07 0)
(1.07236e-06 9.49843e-07 4.10714e-21)
(3.61027e-07 2.40893e-07 0)
(4.00228e-07 2.7702e-07 0)
(4.3698e-07 3.12166e-07 0)
(4.73638e-07 3.4756e-07 0)
(5.09988e-07 3.83146e-07 0)
(5.46015e-07 4.1879e-07 0)
(5.81629e-07 4.54418e-07 0)
(6.1681e-07 4.89968e-07 0)
(6.51529e-07 5.25397e-07 0)
(6.85786e-07 5.60675e-07 0)
(7.19584e-07 5.9578e-07 0)
(7.52943e-07 6.30697e-07 0)
(7.85886e-07 6.65412e-07 0)
(8.18449e-07 6.99913e-07 0)
(8.50669e-07 7.34189e-07 0)
(8.82595e-07 7.6822e-07 0)
(9.14278e-07 8.01982e-07 0)
(9.45783e-07 8.3544e-07 0)
(9.77172e-07 8.68539e-07 0)
(1.00855e-06 9.01221e-07 0)
(1.03997e-06 9.33347e-07 4.09517e-21)
(3.42062e-07 2.25804e-07 0)
(3.79438e-07 2.61088e-07 0)
(4.14763e-07 2.95706e-07 0)
(4.5011e-07 3.30761e-07 0)
(4.85272e-07 3.66153e-07 0)
(5.20228e-07 4.01727e-07 0)
(5.54888e-07 4.37385e-07 0)
(5.89226e-07 4.7304e-07 0)
(6.23205e-07 5.08629e-07 0)
(6.56818e-07 5.44104e-07 0)
(6.90063e-07 5.79423e-07 0)
(7.22948e-07 6.14557e-07 0)
(7.55493e-07 6.49479e-07 0)
(7.87723e-07 6.84164e-07 0)
(8.19671e-07 7.18587e-07 0)
(8.51376e-07 7.5272e-07 0)
(8.8288e-07 7.86523e-07 0)
(9.14241e-07 8.1995e-07 0)
(9.45508e-07 8.52928e-07 0)
(9.76769e-07 8.85384e-07 0)
(1.00807e-06 9.17136e-07 4.07857e-21)
(3.24311e-07 2.11554e-07 0)
(3.59927e-07 2.46017e-07 0)
(3.93807e-07 2.80097e-07 0)
(4.27807e-07 3.14783e-07 0)
(4.61732e-07 3.4994e-07 0)
(4.95559e-07 3.85395e-07 0)
(5.29201e-07 4.21027e-07 0)
(5.62626e-07 4.5673e-07 0)
(5.95797e-07 4.92423e-07 0)
(6.287e-07 5.28037e-07 0)
(6.61326e-07 5.63517e-07 0)
(6.9368e-07 5.98818e-07 0)
(7.25772e-07 6.33901e-07 0)
(7.57623e-07 6.68729e-07 0)
(7.89255e-07 7.03267e-07 0)
(8.20703e-07 7.37475e-07 0)
(8.51998e-07 7.71305e-07 0)
(8.83187e-07 8.04699e-07 0)
(9.1431e-07 8.37571e-07 0)
(9.45433e-07 8.69834e-07 0)
(9.76595e-07 9.01279e-07 4.05816e-21)
(3.07446e-07 1.98076e-07 0)
(3.4136e-07 2.31757e-07 0)
(3.73792e-07 2.65304e-07 0)
(4.06426e-07 2.99608e-07 0)
(4.39083e-07 3.34502e-07 0)
(4.71742e-07 3.698e-07 0)
(5.0432e-07 4.05361e-07 0)
(5.36785e-07 4.41064e-07 0)
(5.69097e-07 4.76807e-07 0)
(6.01241e-07 5.12508e-07 0)
(6.33202e-07 5.48098e-07 0)
(6.64979e-07 5.83517e-07 0)
(6.96578e-07 6.18715e-07 0)
(7.28012e-07 6.53646e-07 0)
(7.59297e-07 6.88264e-07 0)
(7.90458e-07 7.22521e-07 0)
(8.21521e-07 7.56362e-07 0)
(8.52517e-07 7.89722e-07 0)
(8.83477e-07 8.22506e-07 0)
(9.14446e-07 8.5462e-07 0)
(9.45446e-07 8.85835e-07 4.03479e-21)
(2.91167e-07 1.85311e-07 0)
(3.23428e-07 2.18258e-07 0)
(3.54411e-07 2.51292e-07 0)
(3.8567e-07 2.85212e-07 0)
(4.1704e-07 3.19828e-07 0)
(4.48507e-07 3.54941e-07 0)
(4.79992e-07 3.90395e-07 0)
(5.11466e-07 4.26053e-07 0)
(5.42887e-07 4.618e-07 0)
(5.74238e-07 4.97539e-07 0)
(6.05502e-07 5.33189e-07 0)
(6.36673e-07 5.68678e-07 0)
(6.67751e-07 6.03947e-07 0)
(6.98741e-07 6.3894e-07 0)
(7.29656e-07 6.73604e-07 0)
(7.60511e-07 7.07885e-07 0)
(7.91323e-07 7.41722e-07 0)
(8.22113e-07 7.75047e-07 0)
(8.52897e-07 8.07763e-07 0)
(8.83699e-07 8.39774e-07 0)
(9.14526e-07 8.70843e-07 4.00947e-21)
(2.75189e-07 1.73207e-07 0)
(3.05829e-07 2.05477e-07 0)
(3.35366e-07 2.38025e-07 0)
(3.65243e-07 2.71569e-07 0)
(3.95319e-07 3.05899e-07 0)
(4.25581e-07 3.40807e-07 0)
(4.55958e-07 3.76124e-07 0)
(4.86423e-07 4.11699e-07 0)
(5.16937e-07 4.47408e-07 0)
(5.47478e-07 4.8314e-07 0)
(5.78028e-07 5.18803e-07 0)
(6.08576e-07 5.54318e-07 0)
(6.39117e-07 5.89614e-07 0)
(6.69652e-07 6.2463e-07 0)
(7.00184e-07 6.59306e-07 0)
(7.30721e-07 6.93584e-07 0)
(7.61272e-07 7.27403e-07 0)
(7.91846e-07 7.60692e-07 0)
(8.22447e-07 7.93359e-07 0)
(8.53079e-07 8.25313e-07 0)
(8.83729e-07 8.56324e-07 3.98341e-21)
(2.5924e-07 1.61732e-07 0)
(2.88273e-07 1.93384e-07 0)
(3.1636e-07 2.25478e-07 0)
(3.44854e-07 2.58658e-07 0)
(3.73631e-07 2.92699e-07 0)
(4.02684e-07 3.27385e-07 0)
(4.31951e-07 3.62538e-07 0)
(4.61404e-07 3.97998e-07 0)
(4.91007e-07 4.33628e-07 0)
(5.20737e-07 4.6931e-07 0)
(5.50571e-07 5.04944e-07 0)
(5.80495e-07 5.4044e-07 0)
(6.10499e-07 5.75723e-07 0)
(6.40576e-07 6.10723e-07 0)
(6.70724e-07 6.45378e-07 0)
(7.00942e-07 6.79628e-07 0)
(7.3123e-07 7.13412e-07 0)
(7.61587e-07 7.46664e-07 0)
(7.92005e-07 7.793e-07 0)
(8.22467e-07 8.1124e-07 0)
(8.52943e-07 8.42278e-07 3.95783e-21)
(2.43042e-07 1.5086e-07 0)
(2.70463e-07 1.81951e-07 0)
(2.97092e-07 2.13624e-07 0)
(3.24199e-07 2.46454e-07 0)
(3.5168e-07 2.80204e-07 0)
(3.7953e-07 3.14655e-07 0)
(4.07693e-07 3.4962e-07 0)
(4.36146e-07 3.84931e-07 0)
(4.64851e-07 4.20446e-07 0)
(4.93783e-07 4.56039e-07 0)
(5.22916e-07 4.91601e-07 0)
(5.52232e-07 5.27038e-07 0)
(5.81712e-07 5.62267e-07 0)
(6.11345e-07 5.97216e-07 0)
(6.4112e-07 6.31819e-07 0)
(6.71028e-07 6.66016e-07 0)
(7.01062e-07 6.99748e-07 0)
(7.31208e-07 7.32957e-07 0)
(7.61449e-07 7.65575e-07 0)
(7.91749e-07 7.97539e-07 0)
(8.22065e-07 8.28681e-07 3.93383e-21)
(2.26309e-07 1.40596e-07 0)
(2.52092e-07 1.71177e-07 0)
(2.77251e-07 2.02455e-07 0)
(3.02968e-07 2.34943e-07 0)
(3.29159e-07 2.68398e-07 0)
(3.5582e-07 3.02596e-07 0)
(3.82901e-07 3.37348e-07 0)
(4.10379e-07 3.72479e-07 0)
(4.38214e-07 4.07841e-07 0)
(4.6638e-07 4.43305e-07 0)
(4.94845e-07 4.78755e-07 0)
(5.23584e-07 5.14093e-07 0)
(5.52573e-07 5.49231e-07 0)
(5.81791e-07 5.84095e-07 0)
(6.11219e-07 6.18616e-07 0)
(6.40841e-07 6.52735e-07 0)
(6.70638e-07 6.86399e-07 0)
(7.0059e-07 7.19559e-07 0)
(7.30668e-07 7.52164e-07 0)
(7.60823e-07 7.84179e-07 0)
(7.90996e-07 8.15488e-07 3.91258e-21)
(2.08725e-07 1.30936e-07 0)
(2.32825e-07 1.61048e-07 0)
(2.56498e-07 1.91949e-07 0)
(2.80826e-07 2.24097e-07 0)
(3.05741e-07 2.57247e-07 0)
(3.31239e-07 2.91173e-07 0)
(3.57274e-07 3.25683e-07 0)
(3.83817e-07 3.606e-07 0)
(4.10831e-07 3.95774e-07 0)
(4.38281e-07 4.31069e-07 0)
(4.6613e-07 4.66368e-07 0)
(4.94346e-07 5.0157e-07 0)
(5.22895e-07 5.36584e-07 0)
(5.51748e-07 5.71331e-07 0)
(5.80876e-07 6.05744e-07 0)
(6.10251e-07 6.39763e-07 0)
(6.39847e-07 6.73342e-07 0)
(6.69632e-07 7.06441e-07 0)
(6.9957e-07 7.39034e-07 0)
(7.29603e-07 7.71111e-07 0)
(7.59661e-07 8.02631e-07 3.89512e-21)
(1.89953e-07 1.21937e-07 0)
(2.12307e-07 1.51601e-07 0)
(2.34477e-07 1.82125e-07 0)
(2.57422e-07 2.1392e-07 0)
(2.81087e-07 2.46741e-07 0)
(3.05462e-07 2.80364e-07 0)
(3.30502e-07 3.14596e-07 0)
(3.56174e-07 3.49259e-07 0)
(3.82434e-07 3.84202e-07 0)
(4.0924e-07 4.19287e-07 0)
(4.36548e-07 4.54395e-07 0)
(4.64316e-07 4.89423e-07 0)
(4.925e-07 5.24278e-07 0)
(5.2106e-07 5.58879e-07 0)
(5.49956e-07 5.93159e-07 0)
(5.79147e-07 6.27061e-07 0)
(6.08595e-07 6.60539e-07 0)
(6.38258e-07 6.93567e-07 0)
(6.68093e-07 7.26138e-07 0)
(6.98035e-07 7.58275e-07 0)
(7.28009e-07 7.90019e-07 3.88193e-21)
(1.69573e-07 1.13577e-07 0)
(1.90107e-07 1.42796e-07 0)
(2.10766e-07 1.7293e-07 0)
(2.32347e-07 2.04347e-07 0)
(2.54805e-07 2.36809e-07 0)
(2.78118e-07 2.70092e-07 0)
(3.02238e-07 3.04006e-07 0)
(3.27124e-07 3.38375e-07 0)
(3.52724e-07 3.73044e-07 0)
(3.78986e-07 4.07879e-07 0)
(4.05855e-07 4.42759e-07 0)
(4.33279e-07 4.77579e-07 0)
(4.61202e-07 5.12245e-07 0)
(4.89571e-07 5.46676e-07 0)
(5.18332e-07 5.80804e-07 0)
(5.47431e-07 6.14573e-07 0)
(5.76815e-07 6.4794e-07 0)
(6.06428e-07 6.80887e-07 0)
(6.36215e-07 7.13423e-07 0)
(6.66109e-07 7.45599e-07 0)
(6.96036e-07 7.77543e-07 3.87349e-21)
(1.47194e-07 1.0601e-07 0)
(1.65827e-07 1.34748e-07 0)
(1.8498e-07 1.64438e-07 0)
(2.05235e-07 1.9542e-07 0)
(2.26548e-07 2.27462e-07 0)
(2.48883e-07 2.60346e-07 0)
(2.72183e-07 2.93883e-07 0)
(2.96394e-07 3.27899e-07 0)
(3.21452e-07 3.62242e-07 0)
(3.47293e-07 3.96777e-07 0)
(3.73851e-07 4.31382e-07 0)
(4.0106e-07 4.65953e-07 0)
(4.28851e-07 5.00397e-07 0)
(4.57159e-07 5.34632e-07 0)
(4.85913e-07 5.68589e-07 0)
(5.15044e-07 6.02213e-07 0)
(5.4448e-07 6.35464e-07 0)
(5.74147e-07 6.68326e-07 0)
(6.03972e-07 7.00817e-07 0)
(6.33877e-07 7.33005e-07 0)
(6.63796e-07 7.65067e-07 3.86849e-21)
(1.22082e-07 9.90997e-08 2.35842e-21)
(1.38708e-07 1.27268e-07 2.38304e-21)
(1.56397e-07 1.56455e-07 2.3816e-21)
(1.75408e-07 1.86943e-07 2.38026e-21)
(1.95684e-07 2.1851e-07 2.37903e-21)
(2.17172e-07 2.50942e-07 2.37791e-21)
(2.39798e-07 2.84052e-07 2.37691e-21)
(2.6349e-07 3.17668e-07 2.37601e-21)
(2.88171e-07 3.51642e-07 2.37522e-21)
(3.1376e-07 3.85836e-07 2.37453e-21)
(3.40178e-07 4.20132e-07 2.37394e-21)
(3.67346e-07 4.54424e-07 2.37344e-21)
(3.95182e-07 4.8862e-07 2.37302e-21)
(4.23606e-07 5.22638e-07 2.3727e-21)
(4.52536e-07 5.56411e-07 2.37246e-21)
(4.81885e-07 5.89884e-07 2.37229e-21)
(5.11562e-07 6.23019e-07 2.37221e-21)
(5.41467e-07 6.55799e-07 2.3722e-21)
(5.71495e-07 6.88245e-07 2.37224e-21)
(6.01516e-07 7.20424e-07 2.37232e-21)
(6.32062e-07 7.47633e-07 3.1194e-21)
(5.23432e-07 3.51388e-07 0)
(5.73758e-07 3.91754e-07 0)
(6.16464e-07 4.28481e-07 0)
(6.58029e-07 4.64196e-07 0)
(6.98435e-07 4.99218e-07 0)
(7.37751e-07 5.33609e-07 0)
(7.7602e-07 5.67482e-07 0)
(8.13312e-07 6.0094e-07 0)
(8.49693e-07 6.3408e-07 0)
(8.8524e-07 6.66991e-07 0)
(9.20027e-07 6.99754e-07 0)
(9.54132e-07 7.32444e-07 0)
(9.87629e-07 7.65123e-07 0)
(1.02059e-06 7.97851e-07 0)
(1.0531e-06 8.30682e-07 0)
(1.08522e-06 8.63671e-07 0)
(1.11703e-06 8.96871e-07 0)
(1.1486e-06 9.30345e-07 0)
(1.18003e-06 9.64169e-07 0)
(1.2114e-06 9.98417e-07 0)
(1.24282e-06 1.03326e-06 4.08307e-21)
(4.88167e-07 3.30685e-07 0)
(5.36835e-07 3.7051e-07 0)
(5.79236e-07 4.07292e-07 0)
(6.20645e-07 4.43254e-07 0)
(6.6101e-07 4.78639e-07 0)
(7.00375e-07 5.13476e-07 0)
(7.38756e-07 5.47847e-07 0)
(7.76206e-07 5.81828e-07 0)
(8.12773e-07 6.15496e-07 0)
(8.48519e-07 6.48923e-07 0)
(8.83509e-07 6.82176e-07 0)
(9.1781e-07 7.15316e-07 0)
(9.51491e-07 7.48398e-07 0)
(9.84622e-07 7.81472e-07 0)
(1.01728e-06 8.14585e-07 0)
(1.04953e-06 8.4778e-07 0)
(1.08144e-06 8.81104e-07 0)
(1.11312e-06 9.14605e-07 0)
(1.14463e-06 9.48339e-07 0)
(1.17609e-06 9.8236e-07 0)
(1.2076e-06 1.01679e-06 4.0993e-21)
(4.56894e-07 3.10774e-07 0)
(5.03762e-07 3.50029e-07 0)
(5.45416e-07 3.86708e-07 0)
(5.86295e-07 4.22769e-07 0)
(6.26273e-07 4.58394e-07 0)
(6.65379e-07 4.93575e-07 0)
(7.03594e-07 5.28359e-07 0)
(7.40953e-07 5.62797e-07 0)
(7.77484e-07 5.96942e-07 0)
(8.13236e-07 6.30845e-07 0)
(8.48259e-07 6.64559e-07 0)
(8.82611e-07 6.98129e-07 0)
(9.16352e-07 7.316e-07 0)
(9.49548e-07 7.65011e-07 0)
(9.82265e-07 7.98397e-07 0)
(1.01457e-06 8.31794e-07 0)
(1.04655e-06 8.65232e-07 0)
(1.07827e-06 8.98747e-07 0)
(1.10983e-06 9.32374e-07 0)
(1.14135e-06 9.66137e-07 0)
(1.17292e-06 1.0001e-06 4.11014e-21)
(4.29029e-07 2.9181e-07 0)
(4.73991e-07 3.30367e-07 0)
(5.14641e-07 3.66801e-07 0)
(5.54716e-07 4.0284e-07 0)
(5.94043e-07 4.38599e-07 0)
(6.32638e-07 4.7403e-07 0)
(6.70454e-07 5.09149e-07 0)
(7.07508e-07 5.43977e-07 0)
(7.4381e-07 5.78542e-07 0)
(7.79393e-07 6.12876e-07 0)
(8.14296e-07 6.47012e-07 0)
(8.48564e-07 6.80983e-07 0)
(8.82251e-07 7.14819e-07 0)
(9.15413e-07 7.48548e-07 0)
(9.48111e-07 7.82193e-07 0)
(9.80411e-07 8.15778e-07 0)
(1.01239e-06 8.4932e-07 0)
(1.04411e-06 8.82838e-07 0)
(1.07568e-06 9.1634e-07 0)
(1.10724e-06 9.49826e-07 0)
(1.13883e-06 9.83311e-07 4.11515e-21)
(4.04089e-07 2.73849e-07 0)
(4.47105e-07 3.1164e-07 0)
(4.86559e-07 3.47719e-07 0)
(5.25622e-07 3.83626e-07 0)
(5.64094e-07 4.19412e-07 0)
(6.01975e-07 4.54997e-07 0)
(6.39199e-07 4.90364e-07 0)
(6.75767e-07 5.25505e-07 0)
(7.11673e-07 5.60423e-07 0)
(7.46936e-07 5.95131e-07 0)
(7.81582e-07 6.29643e-07 0)
(8.15648e-07 6.63976e-07 0)
(8.49175e-07 6.98144e-07 0)
(8.82214e-07 7.32165e-07 0)
(9.14817e-07 7.66048e-07 0)
(9.47047e-07 7.99804e-07 0)
(9.7897e-07 8.33435e-07 0)
(1.01066e-06 8.66942e-07 0)
(1.04221e-06 9.00305e-07 0)
(1.07374e-06 9.33513e-07 0)
(1.10531e-06 9.66529e-07 4.11396e-21)
(3.81567e-07 2.56888e-07 0)
(4.22654e-07 2.93858e-07 0)
(4.60794e-07 3.29499e-07 0)
(4.98702e-07 3.65184e-07 0)
(5.36168e-07 4.00907e-07 0)
(5.7318e-07 4.36559e-07 0)
(6.09659e-07 4.72094e-07 0)
(6.45592e-07 5.07475e-07 0)
(6.80962e-07 5.42682e-07 0)
(7.15775e-07 5.77705e-07 0)
(7.50047e-07 6.12541e-07 0)
(7.83804e-07 6.47189e-07 0)
(8.17079e-07 6.81653e-07 0)
(8.49914e-07 7.15932e-07 0)
(8.82357e-07 7.50026e-07 0)
(9.1446e-07 7.83932e-07 0)
(9.46284e-07 8.17636e-07 0)
(9.77902e-07 8.51121e-07 0)
(1.00938e-06 8.84349e-07 0)
(1.04085e-06 9.17287e-07 0)
(1.07236e-06 9.49843e-07 4.10714e-21)
(3.61027e-07 2.40893e-07 0)
(4.00228e-07 2.7702e-07 0)
(4.3698e-07 3.12166e-07 0)
(4.73638e-07 3.4756e-07 0)
(5.09988e-07 3.83146e-07 0)
(5.46015e-07 4.1879e-07 0)
(5.81629e-07 4.54418e-07 0)
(6.1681e-07 4.89968e-07 0)
(6.51529e-07 5.25397e-07 0)
(6.85786e-07 5.60675e-07 0)
(7.19584e-07 5.9578e-07 0)
(7.52943e-07 6.30697e-07 0)
(7.85886e-07 6.65412e-07 0)
(8.18449e-07 6.99913e-07 0)
(8.50669e-07 7.34189e-07 0)
(8.82595e-07 7.6822e-07 0)
(9.14278e-07 8.01982e-07 0)
(9.45783e-07 8.3544e-07 0)
(9.77172e-07 8.68539e-07 0)
(1.00855e-06 9.01221e-07 0)
(1.03997e-06 9.33347e-07 4.09517e-21)
(3.42062e-07 2.25804e-07 0)
(3.79438e-07 2.61088e-07 0)
(4.14763e-07 2.95706e-07 0)
(4.5011e-07 3.30761e-07 0)
(4.85272e-07 3.66153e-07 0)
(5.20228e-07 4.01727e-07 0)
(5.54888e-07 4.37385e-07 0)
(5.89226e-07 4.7304e-07 0)
(6.23205e-07 5.08629e-07 0)
(6.56818e-07 5.44104e-07 0)
(6.90063e-07 5.79423e-07 0)
(7.22948e-07 6.14557e-07 0)
(7.55493e-07 6.49479e-07 0)
(7.87723e-07 6.84164e-07 0)
(8.19671e-07 7.18587e-07 0)
(8.51376e-07 7.5272e-07 0)
(8.8288e-07 7.86523e-07 0)
(9.14241e-07 8.1995e-07 0)
(9.45508e-07 8.52928e-07 0)
(9.76769e-07 8.85384e-07 0)
(1.00807e-06 9.17136e-07 4.07857e-21)
(3.24311e-07 2.11554e-07 0)
(3.59927e-07 2.46017e-07 0)
(3.93807e-07 2.80097e-07 0)
(4.27807e-07 3.14783e-07 0)
(4.61732e-07 3.4994e-07 0)
(4.95559e-07 3.85395e-07 0)
(5.29201e-07 4.21027e-07 0)
(5.62626e-07 4.5673e-07 0)
(5.95797e-07 4.92423e-07 0)
(6.287e-07 5.28037e-07 0)
(6.61326e-07 5.63517e-07 0)
(6.9368e-07 5.98818e-07 0)
(7.25772e-07 6.33901e-07 0)
(7.57623e-07 6.68729e-07 0)
(7.89255e-07 7.03267e-07 0)
(8.20703e-07 7.37475e-07 0)
(8.51998e-07 7.71305e-07 0)
(8.83187e-07 8.04699e-07 0)
(9.1431e-07 8.37571e-07 0)
(9.45433e-07 8.69834e-07 0)
(9.76595e-07 9.01279e-07 4.05816e-21)
(3.07446e-07 1.98076e-07 0)
(3.4136e-07 2.31757e-07 0)
(3.73792e-07 2.65304e-07 0)
(4.06426e-07 2.99608e-07 0)
(4.39083e-07 3.34502e-07 0)
(4.71742e-07 3.698e-07 0)
(5.0432e-07 4.05361e-07 0)
(5.36785e-07 4.41064e-07 0)
(5.69097e-07 4.76807e-07 0)
(6.01241e-07 5.12508e-07 0)
(6.33202e-07 5.48098e-07 0)
(6.64979e-07 5.83517e-07 0)
(6.96578e-07 6.18715e-07 0)
(7.28012e-07 6.53646e-07 0)
(7.59297e-07 6.88264e-07 0)
(7.90458e-07 7.22521e-07 0)
(8.21521e-07 7.56362e-07 0)
(8.52517e-07 7.89722e-07 0)
(8.83477e-07 8.22506e-07 0)
(9.14446e-07 8.5462e-07 0)
(9.45446e-07 8.85835e-07 4.03479e-21)
(2.91167e-07 1.85311e-07 0)
(3.23428e-07 2.18258e-07 0)
(3.54411e-07 2.51292e-07 0)
(3.8567e-07 2.85212e-07 0)
(4.1704e-07 3.19828e-07 0)
(4.48507e-07 3.54941e-07 0)
(4.79992e-07 3.90395e-07 0)
(5.11466e-07 4.26053e-07 0)
(5.42887e-07 4.618e-07 0)
(5.74238e-07 4.97539e-07 0)
(6.05502e-07 5.33189e-07 0)
(6.36673e-07 5.68678e-07 0)
(6.67751e-07 6.03947e-07 0)
(6.98741e-07 6.3894e-07 0)
(7.29656e-07 6.73604e-07 0)
(7.60511e-07 7.07885e-07 0)
(7.91323e-07 7.41722e-07 0)
(8.22113e-07 7.75047e-07 0)
(8.52897e-07 8.07763e-07 0)
(8.83699e-07 8.39774e-07 0)
(9.14526e-07 8.70843e-07 4.00947e-21)
(2.75189e-07 1.73207e-07 0)
(3.05829e-07 2.05477e-07 0)
(3.35366e-07 2.38025e-07 0)
(3.65243e-07 2.71569e-07 0)
(3.95319e-07 3.05899e-07 0)
(4.25581e-07 3.40807e-07 0)
(4.55958e-07 3.76124e-07 0)
(4.86423e-07 4.11699e-07 0)
(5.16937e-07 4.47408e-07 0)
(5.47478e-07 4.8314e-07 0)
(5.78028e-07 5.18803e-07 0)
(6.08576e-07 5.54318e-07 0)
(6.39117e-07 5.89614e-07 0)
(6.69652e-07 6.2463e-07 0)
(7.00184e-07 6.59306e-07 0)
(7.30721e-07 6.93584e-07 0)
(7.61272e-07 7.27403e-07 0)
(7.91846e-07 7.60692e-07 0)
(8.22447e-07 7.93359e-07 0)
(8.53079e-07 8.25313e-07 0)
(8.83729e-07 8.56324e-07 3.98341e-21)
(2.5924e-07 1.61732e-07 0)
(2.88273e-07 1.93384e-07 0)
(3.1636e-07 2.25478e-07 0)
(3.44854e-07 2.58658e-07 0)
(3.73631e-07 2.92699e-07 0)
(4.02684e-07 3.27385e-07 0)
(4.31951e-07 3.62538e-07 0)
(4.61404e-07 3.97998e-07 0)
(4.91007e-07 4.33628e-07 0)
(5.20737e-07 4.6931e-07 0)
(5.50571e-07 5.04944e-07 0)
(5.80495e-07 5.4044e-07 0)
(6.10499e-07 5.75723e-07 0)
(6.40576e-07 6.10723e-07 0)
(6.70724e-07 6.45378e-07 0)
(7.00942e-07 6.79628e-07 0)
(7.3123e-07 7.13412e-07 0)
(7.61587e-07 7.46664e-07 0)
(7.92005e-07 7.793e-07 0)
(8.22467e-07 8.1124e-07 0)
(8.52943e-07 8.42278e-07 3.95783e-21)
(2.43042e-07 1.5086e-07 0)
(2.70463e-07 1.81951e-07 0)
(2.97092e-07 2.13624e-07 0)
(3.24199e-07 2.46454e-07 0)
(3.5168e-07 2.80204e-07 0)
(3.7953e-07 3.14655e-07 0)
(4.07693e-07 3.4962e-07 0)
(4.36146e-07 3.84931e-07 0)
(4.64851e-07 4.20446e-07 0)
(4.93783e-07 4.56039e-07 0)
(5.22916e-07 4.91601e-07 0)
(5.52232e-07 5.27038e-07 0)
(5.81712e-07 5.62267e-07 0)
(6.11345e-07 5.97216e-07 0)
(6.4112e-07 6.31819e-07 0)
(6.71028e-07 6.66016e-07 0)
(7.01062e-07 6.99748e-07 0)
(7.31208e-07 7.32957e-07 0)
(7.61449e-07 7.65575e-07 0)
(7.91749e-07 7.97539e-07 0)
(8.22065e-07 8.28681e-07 3.93383e-21)
(2.26309e-07 1.40596e-07 0)
(2.52092e-07 1.71177e-07 0)
(2.77251e-07 2.02455e-07 0)
(3.02968e-07 2.34943e-07 0)
(3.29159e-07 2.68398e-07 0)
(3.5582e-07 3.02596e-07 0)
(3.82901e-07 3.37348e-07 0)
(4.10379e-07 3.72479e-07 0)
(4.38214e-07 4.07841e-07 0)
(4.6638e-07 4.43305e-07 0)
(4.94845e-07 4.78755e-07 0)
(5.23584e-07 5.14093e-07 0)
(5.52573e-07 5.49231e-07 0)
(5.81791e-07 5.84095e-07 0)
(6.11219e-07 6.18616e-07 0)
(6.40841e-07 6.52735e-07 0)
(6.70638e-07 6.86399e-07 0)
(7.0059e-07 7.19559e-07 0)
(7.30668e-07 7.52164e-07 0)
(7.60823e-07 7.84179e-07 0)
(7.90996e-07 8.15488e-07 3.91258e-21)
(2.08725e-07 1.30936e-07 0)
(2.32825e-07 1.61048e-07 0)
(2.56498e-07 1.91949e-07 0)
(2.80826e-07 2.24097e-07 0)
(3.05741e-07 2.57247e-07 0)
(3.31239e-07 2.91173e-07 0)
(3.57274e-07 3.25683e-07 0)
(3.83817e-07 3.606e-07 0)
(4.10831e-07 3.95774e-07 0)
(4.38281e-07 4.31069e-07 0)
(4.6613e-07 4.66368e-07 0)
(4.94346e-07 5.0157e-07 0)
(5.22895e-07 5.36584e-07 0)
(5.51748e-07 5.71331e-07 0)
(5.80876e-07 6.05744e-07 0)
(6.10251e-07 6.39763e-07 0)
(6.39847e-07 6.73342e-07 0)
(6.69632e-07 7.06441e-07 0)
(6.9957e-07 7.39034e-07 0)
(7.29603e-07 7.71111e-07 0)
(7.59661e-07 8.02631e-07 3.89512e-21)
(1.89953e-07 1.21937e-07 0)
(2.12307e-07 1.51601e-07 0)
(2.34477e-07 1.82125e-07 0)
(2.57422e-07 2.1392e-07 0)
(2.81087e-07 2.46741e-07 0)
(3.05462e-07 2.80364e-07 0)
(3.30502e-07 3.14596e-07 0)
(3.56174e-07 3.49259e-07 0)
(3.82434e-07 3.84202e-07 0)
(4.0924e-07 4.19287e-07 0)
(4.36548e-07 4.54395e-07 0)
(4.64316e-07 4.89423e-07 0)
(4.925e-07 5.24278e-07 0)
(5.2106e-07 5.58879e-07 0)
(5.49956e-07 5.93159e-07 0)
(5.79147e-07 6.27061e-07 0)
(6.08595e-07 6.60539e-07 0)
(6.38258e-07 6.93567e-07 0)
(6.68093e-07 7.26138e-07 0)
(6.98035e-07 7.58275e-07 0)
(7.28009e-07 7.90019e-07 3.88193e-21)
(1.69573e-07 1.13577e-07 0)
(1.90107e-07 1.42796e-07 0)
(2.10766e-07 1.7293e-07 0)
(2.32347e-07 2.04347e-07 0)
(2.54805e-07 2.36809e-07 0)
(2.78118e-07 2.70092e-07 0)
(3.02238e-07 3.04006e-07 0)
(3.27124e-07 3.38375e-07 0)
(3.52724e-07 3.73044e-07 0)
(3.78986e-07 4.07879e-07 0)
(4.05855e-07 4.42759e-07 0)
(4.33279e-07 4.77579e-07 0)
(4.61202e-07 5.12245e-07 0)
(4.89571e-07 5.46676e-07 0)
(5.18332e-07 5.80804e-07 0)
(5.47431e-07 6.14573e-07 0)
(5.76815e-07 6.4794e-07 0)
(6.06428e-07 6.80887e-07 0)
(6.36215e-07 7.13423e-07 0)
(6.66109e-07 7.45599e-07 0)
(6.96036e-07 7.77543e-07 3.87349e-21)
(1.47194e-07 1.0601e-07 0)
(1.65827e-07 1.34748e-07 0)
(1.8498e-07 1.64438e-07 0)
(2.05235e-07 1.9542e-07 0)
(2.26548e-07 2.27462e-07 0)
(2.48883e-07 2.60346e-07 0)
(2.72183e-07 2.93883e-07 0)
(2.96394e-07 3.27899e-07 0)
(3.21452e-07 3.62242e-07 0)
(3.47293e-07 3.96777e-07 0)
(3.73851e-07 4.31382e-07 0)
(4.0106e-07 4.65953e-07 0)
(4.28851e-07 5.00397e-07 0)
(4.57159e-07 5.34632e-07 0)
(4.85913e-07 5.68589e-07 0)
(5.15044e-07 6.02213e-07 0)
(5.4448e-07 6.35464e-07 0)
(5.74147e-07 6.68326e-07 0)
(6.03972e-07 7.00817e-07 0)
(6.33877e-07 7.33005e-07 0)
(6.63796e-07 7.65067e-07 3.86849e-21)
(1.22082e-07 9.90997e-08 2.35842e-21)
(1.38708e-07 1.27268e-07 2.38304e-21)
(1.56397e-07 1.56455e-07 2.3816e-21)
(1.75408e-07 1.86943e-07 2.38026e-21)
(1.95684e-07 2.1851e-07 2.37903e-21)
(2.17172e-07 2.50942e-07 2.37791e-21)
(2.39798e-07 2.84052e-07 2.37691e-21)
(2.6349e-07 3.17668e-07 2.37601e-21)
(2.88171e-07 3.51642e-07 2.37522e-21)
(3.1376e-07 3.85836e-07 2.37453e-21)
(3.40178e-07 4.20132e-07 2.37394e-21)
(3.67346e-07 4.54424e-07 2.37344e-21)
(3.95182e-07 4.8862e-07 2.37302e-21)
(4.23606e-07 5.22638e-07 2.3727e-21)
(4.52536e-07 5.56411e-07 2.37246e-21)
(4.81885e-07 5.89884e-07 2.37229e-21)
(5.11562e-07 6.23019e-07 2.37221e-21)
(5.41467e-07 6.55799e-07 2.3722e-21)
(5.71495e-07 6.88245e-07 2.37224e-21)
(6.01516e-07 7.20424e-07 2.37232e-21)
(6.32062e-07 7.47633e-07 3.1194e-21)
(0 0 0)
(3.91632e-08 7.37915e-09 0)
(7.9688e-08 2.23763e-08 0)
(1.22791e-07 4.57315e-08 0)
(1.69141e-07 7.65211e-08 0)
(2.19302e-07 1.13857e-07 0)
(2.73534e-07 1.5655e-07 0)
(3.31911e-07 2.03319e-07 0)
(3.943e-07 2.52804e-07 0)
(4.60424e-07 3.0378e-07 0)
(0 0 0)
(3.70007e-08 6.60788e-09 0)
(7.52703e-08 2.01741e-08 0)
(1.15841e-07 4.14903e-08 0)
(1.5927e-07 6.98247e-08 0)
(2.06059e-07 1.0446e-07 0)
(2.56455e-07 1.44382e-07 0)
(3.10551e-07 1.8848e-07 0)
(3.68256e-07 2.35528e-07 0)
(4.29311e-07 2.84479e-07 0)
(0 0 0)
(3.50443e-08 5.8056e-09 0)
(7.12985e-08 1.80247e-08 0)
(1.09637e-07 3.74741e-08 0)
(1.50508e-07 6.3565e-08 0)
(1.94342e-07 9.57117e-08 0)
(2.41358e-07 1.33034e-07 0)
(2.91654e-07 1.74561e-07 0)
(3.452e-07 2.1919e-07 0)
(4.01767e-07 2.66013e-07 0)
(0 0 0)
(3.32392e-08 4.96257e-09 0)
(6.76585e-08 1.59007e-08 0)
(1.04005e-07 3.36387e-08 0)
(1.42626e-07 5.76929e-08 0)
(1.83889e-07 8.75765e-08 0)
(2.27974e-07 1.22516e-07 0)
(2.74961e-07 1.61645e-07 0)
(3.24851e-07 2.03962e-07 0)
(3.77399e-07 2.48619e-07 0)
(0 0 0)
(3.15501e-08 4.07095e-09 0)
(6.42684e-08 1.37645e-08 0)
(9.87965e-08 2.99029e-08 0)
(1.35393e-07 5.20796e-08 0)
(1.74365e-07 7.9882e-08 0)
(2.1586e-07 1.12619e-07 0)
(2.59935e-07 1.49511e-07 0)
(3.06616e-07 1.89648e-07 0)
(3.55642e-07 2.3222e-07 0)
(0 0 0)
(2.99526e-08 3.12916e-09 0)
(6.10752e-08 1.16024e-08 0)
(9.39227e-08 2.62355e-08 0)
(1.28677e-07 4.66787e-08 0)
(1.65589e-07 7.25735e-08 0)
(2.04775e-07 1.03293e-07 0)
(2.46265e-07 1.38118e-07 0)
(2.90101e-07 1.76216e-07 0)
(3.36012e-07 2.16801e-07 0)
(0 0 0)
(2.84232e-08 2.13495e-09 0)
(5.80273e-08 9.39714e-09 0)
(8.92951e-08 2.25941e-08 0)
(1.22341e-07 4.14181e-08 0)
(1.57369e-07 6.555e-08 0)
(1.94466e-07 9.44121e-08 0)
(2.33641e-07 1.27333e-07 0)
(2.74939e-07 1.63547e-07 0)
(3.18092e-07 2.02281e-07 0)
(0 0 0)
(2.69459e-08 1.08929e-09 0)
(5.50897e-08 7.14218e-09 0)
(8.48541e-08 1.89593e-08 0)
(1.16294e-07 3.62632e-08 0)
(1.49572e-07 5.87622e-08 0)
(1.8475e-07 8.59154e-08 0)
(2.21819e-07 1.17086e-07 0)
(2.60825e-07 1.51561e-07 0)
(3.01509e-07 1.88583e-07 0)
(0 0 0)
(2.55055e-08 -8.22547e-12 0)
(5.22301e-08 4.82913e-09 0)
(8.05445e-08 1.53086e-08 0)
(1.1045e-07 3.11743e-08 0)
(1.42077e-07 5.21525e-08 0)
(1.75462e-07 7.77295e-08 0)
(2.10587e-07 1.07293e-07 0)
(2.47495e-07 1.40173e-07 0)
(2.85941e-07 1.75627e-07 0)
(0 0 0)
(2.40907e-08 -1.15686e-09 0)
(4.94241e-08 2.45389e-09 0)
(7.63247e-08 1.16294e-08 0)
(1.04745e-07 2.61284e-08 0)
(1.34785e-07 4.56864e-08 0)
(1.66464e-07 6.98073e-08 0)
(1.99761e-07 9.78967e-08 0)
(2.34714e-07 1.29315e-07 0)
(2.711e-07 1.63341e-07 0)
(0 0 0)
(2.26922e-08 -2.35737e-09 0)
(4.66517e-08 1.11923e-11 0)
(7.21588e-08 7.90956e-09 0)
(9.91186e-08 2.11051e-08 0)
(1.27609e-07 3.9334e-08 0)
(1.57636e-07 6.21094e-08 0)
(1.89179e-07 8.88475e-08 0)
(2.22275e-07 1.18933e-07 0)
(2.56726e-07 1.51662e-07 0)
(0 0 0)
(2.13044e-08 -3.61152e-09 0)
(4.38999e-08 -2.50405e-09 0)
(6.80204e-08 4.14064e-09 0)
(9.35248e-08 1.60921e-08 0)
(1.20474e-07 3.30777e-08 0)
(1.48866e-07 5.46108e-08 0)
(1.78689e-07 8.01127e-08 0)
(2.09982e-07 1.08985e-07 0)
(2.42576e-07 1.40543e-07 0)
(0 0 0)
(1.99262e-08 -4.92424e-09 0)
(4.11635e-08 -5.09841e-09 0)
(6.38912e-08 3.16914e-10 0)
(8.79235e-08 1.1085e-08 0)
(1.1331e-07 2.69122e-08 0)
(1.40051e-07 4.73028e-08 0)
(1.68149e-07 7.16776e-08 0)
(1.9765e-07 9.94497e-08 0)
(2.28417e-07 1.29953e-07 0)
(0 0 0)
(1.85657e-08 -6.3057e-09 0)
(3.84521e-08 -7.78292e-09 0)
(5.97672e-08 -3.56806e-09 0)
(8.2285e-08 6.08296e-09 0)
(1.06054e-07 2.08392e-08 0)
(1.31088e-07 4.01861e-08 0)
(1.57414e-07 6.35384e-08 0)
(1.8509e-07 9.03169e-08 0)
(2.14013e-07 1.19874e-07 0)
(0 0 0)
(1.72435e-08 -7.77749e-09 0)
(3.57931e-08 -1.05709e-08 0)
(5.56581e-08 -7.50957e-09 0)
(7.65874e-08 1.1073e-09 0)
(9.86441e-08 1.48896e-08 0)
(1.21872e-07 3.32939e-08 0)
(1.46332e-07 5.5725e-08 0)
(1.72103e-07 8.161e-08 0)
(1.99117e-07 1.10321e-07 0)
(0 0 0)
(1.60158e-08 -9.37744e-09 0)
(3.326e-08 -1.34881e-08 0)
(5.16068e-08 -1.15098e-08 0)
(7.08236e-08 -3.82496e-09 0)
(9.10181e-08 9.09094e-09 0)
(1.12286e-07 2.66557e-08 0)
(1.34736e-07 4.8263e-08 0)
(1.58468e-07 7.33466e-08 0)
(1.83459e-07 1.013e-07 0)
(0 0 0)
(1.49869e-08 -1.11897e-08 0)
(3.09691e-08 -1.65565e-08 0)
(4.76774e-08 -1.55205e-08 0)
(6.49886e-08 -8.62223e-09 0)
(8.31034e-08 3.55366e-09 0)
(1.02196e-07 2.03847e-08 0)
(1.22431e-07 4.12585e-08 0)
(1.4394e-07 6.56199e-08 0)
(1.66738e-07 9.28871e-08 0)
(0 0 0)
(1.44758e-08 -1.33328e-08 0)
(2.91979e-08 -1.98175e-08 0)
(4.40114e-08 -1.95202e-08 0)
(5.90883e-08 -1.32376e-08 0)
(7.47983e-08 -1.6703e-09 0)
(9.1415e-08 1.45251e-08 0)
(1.09162e-07 3.4742e-08 0)
(1.282e-07 5.84442e-08 0)
(1.48582e-07 8.50797e-08 0)
(0 0 0)
(1.50877e-08 -1.61021e-08 0)
(2.82849e-08 -2.32103e-08 0)
(4.07537e-08 -2.32524e-08 0)
(5.31087e-08 -1.73537e-08 0)
(6.59857e-08 -6.26618e-09 0)
(7.97489e-08 9.36927e-09 0)
(9.46753e-08 2.89756e-08 0)
(1.10943e-07 5.20484e-08 0)
(1.28635e-07 7.80713e-08 0)
(7.7085e-09 -7.17837e-09 9.28248e-22)
(2.01132e-08 -1.97514e-08 1.86659e-21)
(2.9315e-08 -2.66294e-08 1.88291e-21)
(3.81383e-08 -2.66002e-08 1.90995e-21)
(4.6945e-08 -2.08574e-08 1.9477e-21)
(5.63865e-08 -1.01203e-08 1.99591e-21)
(6.68168e-08 5.03321e-09 2.05437e-21)
(7.85075e-08 2.40604e-08 2.12273e-21)
(9.16334e-08 4.64885e-08 2.20057e-21)
(1.06265e-07 7.18268e-08 2.28741e-21)
(0 0 0)
(3.91632e-08 7.37915e-09 0)
(7.9688e-08 2.23763e-08 0)
(1.22791e-07 4.57315e-08 0)
(1.69141e-07 7.65211e-08 0)
(2.19302e-07 1.13857e-07 0)
(2.73534e-07 1.5655e-07 0)
(3.31911e-07 2.03319e-07 0)
(3.943e-07 2.52804e-07 0)
(4.60424e-07 3.0378e-07 0)
(0 0 0)
(3.70007e-08 6.60788e-09 0)
(7.52703e-08 2.01741e-08 0)
(1.15841e-07 4.14903e-08 0)
(1.5927e-07 6.98247e-08 0)
(2.06059e-07 1.0446e-07 0)
(2.56455e-07 1.44382e-07 0)
(3.10551e-07 1.8848e-07 0)
(3.68256e-07 2.35528e-07 0)
(4.29311e-07 2.84479e-07 0)
(0 0 0)
(3.50443e-08 5.8056e-09 0)
(7.12985e-08 1.80247e-08 0)
(1.09637e-07 3.74741e-08 0)
(1.50508e-07 6.3565e-08 0)
(1.94342e-07 9.57117e-08 0)
(2.41358e-07 1.33034e-07 0)
(2.91654e-07 1.74561e-07 0)
(3.452e-07 2.1919e-07 0)
(4.01767e-07 2.66013e-07 0)
(0 0 0)
(3.32392e-08 4.96257e-09 0)
(6.76585e-08 1.59007e-08 0)
(1.04005e-07 3.36387e-08 0)
(1.42626e-07 5.76929e-08 0)
(1.83889e-07 8.75765e-08 0)
(2.27974e-07 1.22516e-07 0)
(2.74961e-07 1.61645e-07 0)
(3.24851e-07 2.03962e-07 0)
(3.77399e-07 2.48619e-07 0)
(0 0 0)
(3.15501e-08 4.07095e-09 0)
(6.42684e-08 1.37645e-08 0)
(9.87965e-08 2.99029e-08 0)
(1.35393e-07 5.20796e-08 0)
(1.74365e-07 7.9882e-08 0)
(2.1586e-07 1.12619e-07 0)
(2.59935e-07 1.49511e-07 0)
(3.06616e-07 1.89648e-07 0)
(3.55642e-07 2.3222e-07 0)
(0 0 0)
(2.99526e-08 3.12916e-09 0)
(6.10752e-08 1.16024e-08 0)
(9.39227e-08 2.62355e-08 0)
(1.28677e-07 4.66787e-08 0)
(1.65589e-07 7.25735e-08 0)
(2.04775e-07 1.03293e-07 0)
(2.46265e-07 1.38118e-07 0)
(2.90101e-07 1.76216e-07 0)
(3.36012e-07 2.16801e-07 0)
(0 0 0)
(2.84232e-08 2.13495e-09 0)
(5.80273e-08 9.39714e-09 0)
(8.92951e-08 2.25941e-08 0)
(1.22341e-07 4.14181e-08 0)
(1.57369e-07 6.555e-08 0)
(1.94466e-07 9.44121e-08 0)
(2.33641e-07 1.27333e-07 0)
(2.74939e-07 1.63547e-07 0)
(3.18092e-07 2.02281e-07 0)
(0 0 0)
(2.69459e-08 1.08929e-09 0)
(5.50897e-08 7.14218e-09 0)
(8.48541e-08 1.89593e-08 0)
(1.16294e-07 3.62632e-08 0)
(1.49572e-07 5.87622e-08 0)
(1.8475e-07 8.59154e-08 0)
(2.21819e-07 1.17086e-07 0)
(2.60825e-07 1.51561e-07 0)
(3.01509e-07 1.88583e-07 0)
(0 0 0)
(2.55055e-08 -8.22547e-12 0)
(5.22301e-08 4.82913e-09 0)
(8.05445e-08 1.53086e-08 0)
(1.1045e-07 3.11743e-08 0)
(1.42077e-07 5.21525e-08 0)
(1.75462e-07 7.77295e-08 0)
(2.10587e-07 1.07293e-07 0)
(2.47495e-07 1.40173e-07 0)
(2.85941e-07 1.75627e-07 0)
(0 0 0)
(2.40907e-08 -1.15686e-09 0)
(4.94241e-08 2.45389e-09 0)
(7.63247e-08 1.16294e-08 0)
(1.04745e-07 2.61284e-08 0)
(1.34785e-07 4.56864e-08 0)
(1.66464e-07 6.98073e-08 0)
(1.99761e-07 9.78967e-08 0)
(2.34714e-07 1.29315e-07 0)
(2.711e-07 1.63341e-07 0)
(0 0 0)
(2.26922e-08 -2.35737e-09 0)
(4.66517e-08 1.11923e-11 0)
(7.21588e-08 7.90956e-09 0)
(9.91186e-08 2.11051e-08 0)
(1.27609e-07 3.9334e-08 0)
(1.57636e-07 6.21094e-08 0)
(1.89179e-07 8.88475e-08 0)
(2.22275e-07 1.18933e-07 0)
(2.56726e-07 1.51662e-07 0)
(0 0 0)
(2.13044e-08 -3.61152e-09 0)
(4.38999e-08 -2.50405e-09 0)
(6.80204e-08 4.14064e-09 0)
(9.35248e-08 1.60921e-08 0)
(1.20474e-07 3.30777e-08 0)
(1.48866e-07 5.46108e-08 0)
(1.78689e-07 8.01127e-08 0)
(2.09982e-07 1.08985e-07 0)
(2.42576e-07 1.40543e-07 0)
(0 0 0)
(1.99262e-08 -4.92424e-09 0)
(4.11635e-08 -5.09841e-09 0)
(6.38912e-08 3.16914e-10 0)
(8.79235e-08 1.1085e-08 0)
(1.1331e-07 2.69122e-08 0)
(1.40051e-07 4.73028e-08 0)
(1.68149e-07 7.16776e-08 0)
(1.9765e-07 9.94497e-08 0)
(2.28417e-07 1.29953e-07 0)
(0 0 0)
(1.85657e-08 -6.3057e-09 0)
(3.84521e-08 -7.78292e-09 0)
(5.97672e-08 -3.56806e-09 0)
(8.2285e-08 6.08296e-09 0)
(1.06054e-07 2.08392e-08 0)
(1.31088e-07 4.01861e-08 0)
(1.57414e-07 6.35384e-08 0)
(1.8509e-07 9.03169e-08 0)
(2.14013e-07 1.19874e-07 0)
(0 0 0)
(1.72435e-08 -7.77749e-09 0)
(3.57931e-08 -1.05709e-08 0)
(5.56581e-08 -7.50957e-09 0)
(7.65874e-08 1.1073e-09 0)
(9.86441e-08 1.48896e-08 0)
(1.21872e-07 3.32939e-08 0)
(1.46332e-07 5.5725e-08 0)
(1.72103e-07 8.161e-08 0)
(1.99117e-07 1.10321e-07 0)
(0 0 0)
(1.60158e-08 -9.37744e-09 0)
(3.326e-08 -1.34881e-08 0)
(5.16068e-08 -1.15098e-08 0)
(7.08236e-08 -3.82496e-09 0)
(9.10181e-08 9.09094e-09 0)
(1.12286e-07 2.66557e-08 0)
(1.34736e-07 4.8263e-08 0)
(1.58468e-07 7.33466e-08 0)
(1.83459e-07 1.013e-07 0)
(0 0 0)
(1.49869e-08 -1.11897e-08 0)
(3.09691e-08 -1.65565e-08 0)
(4.76774e-08 -1.55205e-08 0)
(6.49886e-08 -8.62223e-09 0)
(8.31034e-08 3.55366e-09 0)
(1.02196e-07 2.03847e-08 0)
(1.22431e-07 4.12585e-08 0)
(1.4394e-07 6.56199e-08 0)
(1.66738e-07 9.28871e-08 0)
(0 0 0)
(1.44758e-08 -1.33328e-08 0)
(2.91979e-08 -1.98175e-08 0)
(4.40114e-08 -1.95202e-08 0)
(5.90883e-08 -1.32376e-08 0)
(7.47983e-08 -1.6703e-09 0)
(9.1415e-08 1.45251e-08 0)
(1.09162e-07 3.4742e-08 0)
(1.282e-07 5.84442e-08 0)
(1.48582e-07 8.50797e-08 0)
(0 0 0)
(1.50877e-08 -1.61021e-08 0)
(2.82849e-08 -2.32103e-08 0)
(4.07537e-08 -2.32524e-08 0)
(5.31087e-08 -1.73537e-08 0)
(6.59857e-08 -6.26618e-09 0)
(7.97489e-08 9.36927e-09 0)
(9.46753e-08 2.89756e-08 0)
(1.10943e-07 5.20484e-08 0)
(1.28635e-07 7.80713e-08 0)
(7.7085e-09 -7.17837e-09 9.28248e-22)
(2.01132e-08 -1.97514e-08 1.86659e-21)
(2.9315e-08 -2.66294e-08 1.88291e-21)
(3.81383e-08 -2.66002e-08 1.90995e-21)
(4.6945e-08 -2.08574e-08 1.9477e-21)
(5.63865e-08 -1.01203e-08 1.99591e-21)
(6.68168e-08 5.03321e-09 2.05437e-21)
(7.85075e-08 2.40604e-08 2.12273e-21)
(9.16334e-08 4.64885e-08 2.20057e-21)
(1.06265e-07 7.18268e-08 2.28741e-21)
)
;

boundaryField
{
    left
    {
        type            calculated;
    }
    right
    {
        type            calculated;
    }
    down
    {
        type            calculated;
    }
    up
    {
        type            calculated;
    }
    hole
    {
        type            calculated;
    }
    frontAndBack
    {
        type            empty;
    }
}


// ************************************************************************* //
