/*--------------------------------*- C++ -*----------------------------------*\
  =========                 |
  \\      /  F ield         | OpenFOAM: The Open Source CFD Toolbox
   \\    /   O peration     | Website:  https://openfoam.org
    \\  /    A nd           | Version:  9
     \\/     M anipulation  |
\*---------------------------------------------------------------------------*/
FoamFile
{
    format      ascii;
    class       volSymmTensorField;
    location    "15";
    object      epsilon;
}
// * * * * * * * * * * * * * * * * * * * * * * * * * * * * * * * * * * * * * //

dimensions      [0 0 0 0 0 0 0];

internalField   nonuniform List<symmTensor> 
1000
(
(6.24554e-06 -8.24804e-06 5.55004e-19 1.31513e-06 6.14179e-19 1.67029e-33)
(8.7041e-06 -6.33801e-06 -1.30651e-20 -1.57024e-06 7.30111e-21 0)
(9.8842e-06 -4.85885e-06 1.52315e-20 -2.91825e-06 -2.91666e-21 0)
(1.05512e-05 -3.7402e-06 3.91367e-21 -3.87457e-06 -2.78674e-21 0)
(1.08692e-05 -2.83875e-06 -1.65333e-20 -4.4002e-06 1.20674e-21 0)
(1.09768e-05 -2.13581e-06 -1.79345e-21 -4.73726e-06 1.9592e-21 0)
(1.09649e-05 -1.56369e-06 -1.50068e-20 -4.9199e-06 -8.05493e-21 0)
(1.08655e-05 -1.10921e-06 1.03033e-20 -5.01276e-06 4.81519e-21 0)
(1.07365e-05 -7.31209e-07 -5.30315e-21 -5.0468e-06 -6.04342e-21 0)
(1.05483e-05 -4.16809e-07 0 -5.0515e-06 0 0)
(8.44959e-06 -9.28379e-06 5.16977e-19 4.93651e-07 6.7224e-19 9.12201e-35)
(1.04331e-05 -6.5465e-06 0 -2.20373e-06 0 0)
(1.1214e-05 -4.66628e-06 1.21784e-20 -3.29185e-06 5.80584e-21 0)
(1.15828e-05 -3.32602e-06 -2.0896e-20 -4.08929e-06 -1.11448e-20 0)
(1.16738e-05 -2.29675e-06 -8.88056e-21 -4.48825e-06 -5.35695e-21 0)
(1.16013e-05 -1.53126e-06 6.17583e-21 -4.73587e-06 6.30223e-21 0)
(1.14444e-05 -9.31231e-07 6.92188e-21 -4.84833e-06 4.64024e-21 0)
(1.12316e-05 -4.7579e-07 1.62813e-20 -4.89819e-06 9.50401e-21 0)
(1.09926e-05 -1.06135e-07 0 -4.882e-06 0 0)
(1.07396e-05 1.89442e-07 0 -4.88985e-06 0 0)
(1.09007e-05 -9.81635e-06 5.15206e-19 -7.02705e-07 7.71058e-19 0)
(1.22146e-05 -6.50803e-06 0 -2.90651e-06 0 0)
(1.2476e-05 -4.33789e-06 1.16065e-20 -3.62945e-06 6.00799e-21 0)
(1.24868e-05 -2.82231e-06 -3.48781e-21 -4.18758e-06 1.22868e-21 0)
(1.23132e-05 -1.70574e-06 -1.70957e-22 -4.42305e-06 7.58232e-23 0)
(1.20376e-05 -9.03976e-07 -5.75778e-21 -4.55385e-06 -5.9634e-21 0)
(1.17234e-05 -2.99338e-07 7.87738e-21 -4.58201e-06 3.64502e-21 0)
(1.13881e-05 1.41839e-07 -5.84393e-21 -4.57709e-06 -4.31743e-21 0)
(1.10484e-05 4.85278e-07 -4.77009e-22 -4.51429e-06 8.11666e-22 0)
(1.07203e-05 7.64251e-07 -1.23708e-21 -4.50831e-06 -5.32606e-22 0)
(1.35746e-05 -9.86289e-06 5.09417e-19 -2.18855e-06 9.21709e-19 -5.89421e-35)
(1.39673e-05 -6.26209e-06 6.60791e-21 -3.59453e-06 -6.80193e-22 0)
(1.36555e-05 -3.88893e-06 -5.30146e-21 -3.90903e-06 -2.9963e-21 0)
(1.32602e-05 -2.25891e-06 -3.36857e-21 -4.17282e-06 6.52726e-22 0)
(1.27883e-05 -1.10267e-06 6.01281e-21 -4.21422e-06 5.81656e-21 0)
(1.22943e-05 -2.9677e-07 -7.24694e-21 -4.21206e-06 -4.7935e-21 0)
(1.18157e-05 2.87061e-07 -6.26091e-21 -4.15081e-06 -4.45775e-21 0)
(1.13598e-05 6.98088e-07 -1.39547e-20 -4.09028e-06 -1.02143e-20 0)
(1.09256e-05 1.00135e-06 -1.99498e-21 -3.98958e-06 -2.44129e-21 0)
(1.05327e-05 1.24811e-06 3.41488e-21 -3.9655e-06 3.0237e-21 0)
(1.63711e-05 -9.53928e-06 4.817e-19 -3.91808e-06 1.05175e-18 -1.22919e-33)
(1.56724e-05 -5.77751e-06 3.46925e-25 -4.34534e-06 1.6926e-26 0)
(1.47471e-05 -3.31208e-06 -1.71758e-20 -4.15388e-06 -8.41781e-21 0)
(1.3897e-05 -1.65277e-06 1.56716e-21 -4.06576e-06 -5.71641e-23 0)
(1.31012e-05 -5.13515e-07 -2.19745e-21 -3.87892e-06 2.21659e-22 0)
(1.2378e-05 2.52122e-07 5.21255e-21 -3.72931e-06 4.81841e-21 0)
(1.17349e-05 7.83789e-07 -5.88433e-22 -3.57593e-06 1.69632e-22 0)
(1.11636e-05 1.14242e-06 5.51065e-21 -3.46182e-06 3.68576e-21 0)
(1.06475e-05 1.38945e-06 -1.17913e-21 -3.33388e-06 -2.5427e-21 0)
(1.01985e-05 1.59058e-06 -2.17771e-21 -3.29528e-06 -1.76075e-21 0)
(1.8993e-05 -8.9789e-06 3.95057e-19 -5.62665e-06 1.10133e-18 -1.43775e-33)
(1.73588e-05 -4.97002e-06 3.17077e-25 -5.10362e-06 6.76577e-26 0)
(1.57382e-05 -2.57485e-06 -1.72813e-25 -4.32839e-06 -2.78015e-26 0)
(1.4396e-05 -9.95525e-07 1.3865e-21 -3.84829e-06 1.72521e-22 0)
(1.32593e-05 4.53682e-08 -7.44181e-21 -3.42174e-06 -4.53155e-21 0)
(1.23056e-05 7.14084e-07 8.5207e-23 -3.12385e-06 -4.36895e-25 0)
(1.15066e-05 1.15629e-06 5.53663e-21 -2.88789e-06 3.75461e-21 0)
(1.08318e-05 1.43865e-06 1.17684e-20 -2.72988e-06 8.61726e-21 0)
(1.02487e-05 1.6155e-06 2.13176e-21 -2.58832e-06 1.56634e-21 0)
(9.75514e-06 1.7598e-06 -3.71993e-21 -2.54145e-06 -2.93387e-21 0)
(2.14e-05 -7.65207e-06 2.86186e-19 -7.16065e-06 9.50534e-19 -3.01206e-33)
(1.88758e-05 -3.74358e-06 4.94728e-21 -5.73786e-06 2.00145e-21 0)
(1.65181e-05 -1.62769e-06 5.26924e-21 -4.34317e-06 2.41637e-21 0)
(1.46826e-05 -2.90494e-07 -1.13787e-21 -3.47075e-06 -3.38784e-22 0)
(1.32252e-05 5.47751e-07 5.37913e-21 -2.83008e-06 3.59988e-21 0)
(1.20696e-05 1.05252e-06 -4.94743e-21 -2.41175e-06 -3.41588e-21 0)
(1.11448e-05 1.36621e-06 1.41271e-21 -2.12192e-06 9.88037e-23 0)
(1.03927e-05 1.55067e-06 -4.41735e-21 -1.94205e-06 -2.90098e-21 0)
(9.76551e-06 1.64876e-06 -3.08147e-22 -1.80616e-06 3.51775e-23 0)
(9.24282e-06 1.73057e-06 -2.23904e-21 -1.76125e-06 -1.46451e-21 0)
(2.36602e-05 -5.59977e-06 1.48441e-19 -8.30829e-06 6.16803e-19 -9.83942e-35)
(2.0087e-05 -2.15451e-06 -1.32849e-20 -5.9619e-06 -4.81651e-21 0)
(1.69982e-05 -5.10183e-07 1.03458e-22 -4.04159e-06 5.72296e-23 0)
(1.47188e-05 4.02464e-07 1.66232e-21 -2.852e-06 8.19238e-22 0)
(1.30092e-05 9.2956e-07 1.22947e-20 -2.0925e-06 6.14945e-21 0)
(1.17113e-05 1.21365e-06 -7.27468e-22 -1.62222e-06 -2.23793e-22 0)
(1.07103e-05 1.37491e-06 1.81082e-26 -1.33225e-06 3.73579e-27 0)
(9.91764e-06 1.45563e-06 -4.32128e-21 -1.16548e-06 -2.28672e-21 0)
(9.27364e-06 1.48087e-06 1.0551e-22 -1.05854e-06 5.43116e-24 0)
(8.73921e-06 1.50616e-06 3.24034e-22 -1.02745e-06 1.60075e-22 0)
(2.55051e-05 -2.5461e-06 2.32014e-21 -9.13091e-06 -8.27719e-20 -1.97215e-34)
(2.06673e-05 -2.09482e-07 -1.46046e-20 -5.48013e-06 -6.01192e-21 0)
(1.6899e-05 5.65662e-07 1.5327e-21 -3.23058e-06 1.33416e-21 0)
(1.43252e-05 8.76053e-07 1.44077e-21 -1.90823e-06 1.07147e-21 0)
(1.25343e-05 1.01894e-06 -6.01959e-22 -1.21956e-06 -3.71775e-22 0)
(1.12197e-05 1.07375e-06 4.78298e-21 -8.19669e-07 1.75628e-21 0)
(1.02288e-05 1.09582e-06 2.62555e-22 -6.06592e-07 8.14521e-23 0)
(9.44942e-06 1.09649e-06 7.71673e-21 -4.95603e-07 2.96277e-21 0)
(8.82044e-06 1.07623e-06 1.70367e-21 -4.37909e-07 6.60644e-22 0)
(8.29144e-06 1.06665e-06 9.53345e-22 -4.28818e-07 3.84024e-22 0)
(2.72901e-05 2.1704e-06 -1.61553e-20 -8.43578e-06 -6.22315e-19 -2.71137e-33)
(2.01581e-05 2.55276e-06 -1.15315e-21 -3.59975e-06 -1.82583e-21 0)
(1.61931e-05 1.55238e-06 5.08051e-21 -1.68927e-06 2.17431e-21 0)
(1.37392e-05 1.07496e-06 2.6045e-22 -7.47051e-07 3.45951e-22 0)
(1.2078e-05 8.19534e-07 9.06132e-27 -3.82843e-07 8.79349e-27 0)
(1.08623e-05 7.15359e-07 4.85363e-21 -1.93731e-07 8.7925e-22 0)
(9.93457e-06 6.65015e-07 7.61568e-23 -1.15546e-07 2.36346e-23 0)
(9.19232e-06 6.43522e-07 3.71848e-21 -8.17799e-08 7.05812e-22 0)
(8.58425e-06 6.21915e-07 -4.16188e-23 -7.11209e-08 -3.36149e-24 0)
(8.05894e-06 6.09034e-07 -6.2626e-23 -7.54012e-08 -1.30725e-23 0)
(-2.73597e-08 2.07086e-08 3.30918e-20 -7.4698e-09 2.84678e-20 1.83454e-34)
(3.14749e-08 -6.7373e-08 -2.77952e-22 -1.15316e-08 2.35269e-20 1.40412e-36)
(3.19087e-07 -2.14768e-07 -3.5494e-21 -1.50571e-07 1.25381e-20 1.76427e-35)
(7.71871e-07 -3.32806e-07 -1.97652e-24 -3.57596e-07 1.63877e-20 0)
(1.29313e-06 -4.05705e-07 -4.75459e-22 -5.87603e-07 1.07138e-20 -1.43356e-36)
(1.83784e-06 -4.47353e-07 -4.86831e-21 -8.24113e-07 1.58172e-20 3.00928e-35)
(2.36988e-06 -4.63862e-07 1.09606e-21 -1.0525e-06 2.15848e-20 1.44218e-36)
(2.87711e-06 -4.65342e-07 -3.23143e-21 -1.26829e-06 1.81833e-20 2.74736e-35)
(3.3426e-06 -4.53056e-07 2.61529e-21 -1.46695e-06 1.79137e-20 -1.09595e-35)
(3.77408e-06 -4.43267e-07 5.01107e-21 -1.64601e-06 8.85027e-21 -1.65198e-35)
(5.42093e-08 -7.28187e-08 3.37626e-20 -2.70318e-08 8.27661e-21 5.35824e-35)
(3.39279e-07 -3.98965e-07 3.92883e-21 -6.00192e-09 4.31107e-21 0)
(8.58254e-07 -7.58719e-07 -3.67695e-21 -2.21882e-07 -3.69425e-21 0)
(1.43487e-06 -1.03369e-06 3.55282e-23 -5.12973e-07 -3.05862e-21 0)
(2.01324e-06 -1.20283e-06 0 -8.03014e-07 0 0)
(2.56164e-06 -1.29774e-06 -5.58012e-21 -1.07633e-06 -8.28645e-22 0)
(3.06705e-06 -1.33198e-06 9.39629e-22 -1.32236e-06 4.8049e-21 0)
(3.53182e-06 -1.32954e-06 7.01667e-23 -1.54263e-06 2.58531e-22 0)
(3.94147e-06 -1.29258e-06 -3.00492e-21 -1.73635e-06 -8.73937e-21 0)
(4.32181e-06 -1.26309e-06 2.20451e-21 -1.90107e-06 3.42365e-22 0)
(8.59281e-08 -3.62544e-07 3.98688e-20 1.03582e-07 7.81629e-21 -2.41973e-36)
(6.31111e-07 -9.97211e-07 4.01796e-21 3.17188e-08 4.25832e-21 0)
(1.36325e-06 -1.44263e-06 4.20273e-21 -3.03751e-07 8.80693e-22 0)
(2.08135e-06 -1.74126e-06 2.16009e-22 -7.19819e-07 -2.94975e-21 0)
(2.7423e-06 -1.90586e-06 0 -1.10328e-06 0 0)
(3.32408e-06 -1.98318e-06 -6.24388e-21 -1.43999e-06 -1.63043e-21 0)
(3.82977e-06 -1.99239e-06 -8.51683e-21 -1.72304e-06 -2.38586e-21 0)
(4.27446e-06 -1.96038e-06 5.63407e-21 -1.96157e-06 3.44656e-21 0)
(4.64414e-06 -1.89079e-06 3.41731e-23 -2.15627e-06 1.10086e-22 0)
(4.98906e-06 -1.83226e-06 -5.0675e-21 -2.31466e-06 -3.20561e-21 0)
(1.34002e-07 -8.16059e-07 7.0106e-20 4.12945e-07 1.55855e-20 -5.43895e-35)
(1.0305e-06 -1.71371e-06 9.89833e-22 7.09287e-08 -3.57562e-21 0)
(1.95998e-06 -2.18202e-06 4.61788e-21 -4.13875e-07 9.03255e-22 0)
(2.80677e-06 -2.44497e-06 0 -9.52927e-07 0 0)
(3.5408e-06 -2.55367e-06 -7.87123e-21 -1.42236e-06 2.93254e-21 0)
(4.15503e-06 -2.57368e-06 9.33856e-23 -1.82e-06 7.26022e-21 0)
(4.6632e-06 -2.52964e-06 -3.90669e-22 -2.14116e-06 -3.90078e-21 0)
(5.09247e-06 -2.44832e-06 -1.12597e-21 -2.40165e-06 -6.02177e-21 0)
(5.42725e-06 -2.3353e-06 2.57093e-21 -2.60297e-06 8.34503e-22 0)
(5.74266e-06 -2.23977e-06 4.79907e-21 -2.76139e-06 1.80068e-21 0)
(2.57417e-07 -1.45662e-06 8.12117e-20 8.43297e-07 3.9048e-20 1.84348e-34)
(1.59203e-06 -2.4934e-06 -8.10425e-21 6.20368e-08 5.43115e-21 0)
(2.71936e-06 -2.91447e-06 -4.91616e-21 -6.25344e-07 -1.44688e-21 0)
(3.67615e-06 -3.08969e-06 -1.32687e-21 -1.29832e-06 5.32062e-21 0)
(4.45879e-06 -3.10105e-06 -5.20753e-23 -1.8459e-06 3.28253e-22 0)
(5.08485e-06 -3.03248e-06 7.5812e-21 -2.2924e-06 -2.03622e-21 0)
(5.58029e-06 -2.91256e-06 3.3024e-21 -2.63974e-06 8.66953e-22 0)
(5.98307e-06 -2.76569e-06 0 -2.91206e-06 0 0)
(6.27632e-06 -2.60064e-06 -3.52553e-21 -3.11213e-06 -4.643e-21 0)
(6.55707e-06 -2.46029e-06 1.40662e-21 -3.26451e-06 3.4129e-22 0)
(5.25334e-07 -2.29729e-06 1.5051e-19 1.32592e-06 6.3876e-20 -3.38591e-34)
(2.33476e-06 -3.28348e-06 3.30535e-21 2.35325e-09 -6.44479e-21 0)
(3.64896e-06 -3.57307e-06 -4.05956e-21 -9.15507e-07 -4.38042e-21 0)
(4.68839e-06 -3.61577e-06 8.92477e-22 -1.71952e-06 -2.47745e-21 0)
(5.4891e-06 -3.5041e-06 8.5879e-21 -2.32924e-06 2.87434e-21 0)
(6.10049e-06 -3.33136e-06 -8.286e-21 -2.8072e-06 9.24594e-22 0)
(6.56257e-06 -3.126e-06 -9.4777e-24 -3.16561e-06 2.20099e-22 0)
(6.92226e-06 -2.90791e-06 -6.45419e-21 -3.43708e-06 -4.44781e-21 0)
(7.16349e-06 -2.6893e-06 1.35347e-23 -3.6278e-06 8.6404e-23 0)
(7.39961e-06 -2.50188e-06 -7.04873e-21 -3.76686e-06 -3.22265e-21 0)
(1.01391e-06 -3.33113e-06 2.7152e-19 1.76157e-06 1.45287e-19 -4.05869e-34)
(3.26373e-06 -4.05292e-06 1.82977e-22 -1.26342e-07 -2.77197e-22 0)
(4.73131e-06 -4.11874e-06 -1.34133e-25 -1.27552e-06 2.29008e-25 0)
(5.81636e-06 -3.98475e-06 -8.77135e-21 -2.19901e-06 -6.1493e-21 0)
(6.60155e-06 -3.72969e-06 -1.49033e-21 -2.853e-06 3.98528e-21 0)
(7.16954e-06 -3.44429e-06 -8.03963e-21 -3.34454e-06 -3.27223e-21 0)
(7.57565e-06 -3.15113e-06 1.44535e-20 -3.69773e-06 6.44409e-21 0)
(7.87344e-06 -2.86294e-06 -1.88802e-24 -3.95487e-06 1.72881e-22 0)
(8.05132e-06 -2.59438e-06 2.84616e-21 -4.12648e-06 -1.3505e-23 0)
(8.23018e-06 -2.3614e-06 -3.85589e-21 -4.24448e-06 -1.83607e-21 0)
(1.79431e-06 -4.51404e-06 4.20418e-19 2.04714e-06 2.63199e-19 -8.76554e-34)
(4.37708e-06 -4.77093e-06 4.71228e-21 -3.37357e-07 -5.6302e-21 0)
(5.93187e-06 -4.52675e-06 -1.82052e-21 -1.67585e-06 2.42522e-21 0)
(7.01319e-06 -4.17668e-06 1.11343e-21 -2.68908e-06 -1.73443e-21 0)
(7.74582e-06 -3.76401e-06 9.93529e-26 -3.3629e-06 -1.94859e-25 0)
(8.24149e-06 -3.3643e-06 9.3333e-21 -3.84853e-06 7.87556e-22 0)
(8.57066e-06 -2.98765e-06 7.03234e-22 -4.18193e-06 -3.04082e-21 0)
(8.78933e-06 -2.63706e-06 -2.36575e-22 -4.41221e-06 2.50268e-21 0)
(8.89584e-06 -2.32714e-06 3.10785e-23 -4.56021e-06 1.24998e-21 0)
(9.00458e-06 -2.05453e-06 2.94582e-21 -4.64875e-06 2.75505e-21 0)
(2.91972e-06 -5.78932e-06 5.42171e-19 2.10732e-06 4.28102e-19 1.24159e-33)
(5.66108e-06 -5.41165e-06 -1.52514e-21 -6.36198e-07 1.03229e-20 0)
(7.21262e-06 -4.78611e-06 -1.76094e-25 -2.09221e-06 1.84501e-25 0)
(8.22999e-06 -4.18996e-06 1.20726e-20 -3.15189e-06 2.83234e-21 0)
(8.86978e-06 -3.61132e-06 9.22047e-21 -3.81545e-06 4.60255e-21 0)
(9.26425e-06 -3.10128e-06 8.3203e-21 -4.27499e-06 4.15434e-21 0)
(9.49647e-06 -2.64925e-06 -9.13378e-22 -4.57275e-06 2.61323e-21 0)
(9.6202e-06 -2.24915e-06 -1.00213e-20 -4.76772e-06 -5.59947e-21 0)
(9.64951e-06 -1.90827e-06 6.15775e-21 -4.88471e-06 1.45623e-21 0)
(9.67971e-06 -1.60349e-06 2.76025e-21 -4.9516e-06 1.64037e-21 0)
(4.41679e-06 -7.04501e-06 6.31209e-19 1.84384e-06 5.84831e-19 1.82014e-34)
(7.10909e-06 -5.94656e-06 -3.05889e-21 -1.05161e-06 2.25299e-21 0)
(8.54059e-06 -4.8991e-06 -5.92705e-21 -2.51178e-06 -2.76115e-21 0)
(9.41965e-06 -4.03943e-06 2.5694e-20 -3.55392e-06 6.0149e-21 0)
(9.92149e-06 -3.29384e-06 1.5762e-22 -4.16916e-06 -1.78714e-22 0)
(1.01845e-05 -2.6805e-06 -8.18435e-21 -4.57821e-06 -4.64553e-21 0)
(1.03006e-05 -2.16409e-06 -8.77729e-21 -4.82637e-06 -1.38115e-21 0)
(1.03151e-05 -1.72877e-06 -3.30508e-21 -4.97138e-06 -1.97649e-21 0)
(1.02705e-05 -1.37565e-06 3.74414e-22 -5.06523e-06 -2.73672e-21 0)
(1.01963e-05 -1.06933e-06 1.64729e-21 -5.07356e-06 3.46058e-21 0)
(4.16261e-06 -4.11031e-07 3.90681e-21 -1.81258e-06 5.40669e-21 -4.65424e-37)
(4.50113e-06 -3.66565e-07 2.84519e-21 -1.9514e-06 -4.42357e-21 7.53046e-36)
(4.81207e-06 -3.27922e-07 -2.93808e-21 -2.08021e-06 -1.65846e-20 8.98518e-36)
(5.09165e-06 -2.92843e-07 -2.00046e-21 -2.19675e-06 -1.78863e-20 5.76006e-37)
(5.34384e-06 -2.60328e-07 -5.14389e-21 -2.30159e-06 -2.18318e-20 -4.39685e-35)
(5.5698e-06 -2.31219e-07 -8.04571e-22 -2.39607e-06 -2.43668e-20 0)
(5.77235e-06 -2.0453e-07 -8.7184e-22 -2.48061e-06 -2.79791e-20 0)
(5.95287e-06 -1.80464e-07 7.44445e-22 -2.55624e-06 -2.91609e-20 -8.7884e-37)
(6.11351e-06 -1.58404e-07 5.41038e-22 -2.62355e-06 -3.35177e-20 2.51043e-35)
(6.25546e-06 -1.38202e-07 2.55211e-21 -2.6832e-06 -3.24751e-20 -1.75127e-36)
(6.38017e-06 -1.19416e-07 3.55177e-21 -2.73568e-06 -3.71317e-20 8.6796e-35)
(6.4885e-06 -1.01778e-07 -2.37584e-21 -2.7814e-06 -4.13341e-20 -3.05425e-35)
(6.58123e-06 -8.49398e-08 3.6997e-21 -2.82067e-06 -4.06904e-20 9.58812e-35)
(6.65883e-06 -6.86548e-08 -6.32892e-21 -2.8537e-06 -5.02316e-20 1.98939e-36)
(6.72152e-06 -5.27162e-08 -3.59527e-22 -2.88058e-06 -4.33552e-20 -3.48065e-35)
(6.76965e-06 -3.71017e-08 -6.14745e-22 -2.90143e-06 -4.58009e-20 8.40171e-45)
(6.80306e-06 -2.20358e-08 -2.41998e-21 -2.91619e-06 -4.86141e-20 3.842e-37)
(6.82301e-06 -8.37163e-09 1.46784e-21 -2.92508e-06 -4.45393e-20 -2.77906e-37)
(6.8294e-06 2.09245e-09 6.04676e-22 -2.92779e-06 -4.96399e-20 1.09844e-34)
(6.8272e-06 4.55552e-09 -1.10184e-19 -2.92386e-06 -5.50278e-20 2.62872e-34)
(4.63466e-06 -1.17591e-06 5.3912e-21 -2.04959e-06 6.63286e-21 0)
(4.88559e-06 -1.05816e-06 3.49661e-21 -2.15564e-06 9.5796e-22 0)
(5.12554e-06 -9.5449e-07 2.63385e-22 -2.25332e-06 -1.51619e-21 0)
(5.34073e-06 -8.57767e-07 7.94014e-21 -2.34297e-06 7.16296e-21 0)
(5.53887e-06 -7.67153e-07 -1.52658e-21 -2.42296e-06 -3.60295e-22 0)
(5.71772e-06 -6.85283e-07 -6.474e-21 -2.49638e-06 -6.56714e-21 0)
(5.88056e-06 -6.09512e-07 3.3032e-21 -2.56227e-06 1.22161e-21 0)
(6.02717e-06 -5.40711e-07 0 -2.62215e-06 0 0)
(6.15946e-06 -4.7724e-07 1.57414e-21 -2.676e-06 5.57079e-22 0)
(6.27781e-06 -4.18854e-07 3.2364e-21 -2.72454e-06 1.24642e-21 0)
(6.38342e-06 -3.64433e-07 9.70527e-21 -2.76797e-06 5.01301e-21 0)
(6.47676e-06 -3.13348e-07 4.37648e-23 -2.80666e-06 5.01026e-23 0)
(6.55855e-06 -2.64757e-07 1.26183e-21 -2.84077e-06 -9.80496e-22 0)
(6.62921e-06 -2.18078e-07 1.85088e-21 -2.87039e-06 2.12018e-21 0)
(6.68903e-06 -1.7285e-07 1.89879e-21 -2.89546e-06 2.18066e-21 0)
(6.73837e-06 -1.29058e-07 -1.88096e-21 -2.91572e-06 -2.17112e-21 0)
(6.77693e-06 -8.72236e-08 -1.8916e-21 -2.93047e-06 -2.19564e-21 0)
(6.80517e-06 -4.91676e-08 -3.79877e-21 -2.93853e-06 -4.43505e-21 0)
(6.82087e-06 -1.76448e-08 -2.87466e-23 -2.93711e-06 -3.14989e-23 0)
(6.82475e-06 -9.06829e-10 -1.02145e-19 -2.92175e-06 1.86088e-21 -2.24323e-34)
(5.22992e-06 -1.7017e-06 1.47494e-21 -2.43698e-06 2.01946e-21 0)
(5.38776e-06 -1.54131e-06 2.01246e-21 -2.50001e-06 7.18139e-22 0)
(5.55129e-06 -1.39748e-06 -4.67529e-21 -2.55296e-06 -5.89461e-21 0)
(5.69457e-06 -1.26395e-06 -4.19661e-22 -2.6032e-06 1.07674e-21 0)
(5.83189e-06 -1.13677e-06 8.53031e-21 -2.64606e-06 7.10798e-21 0)
(5.95632e-06 -1.02134e-06 -6.77579e-21 -2.6871e-06 -6.4757e-21 0)
(6.07291e-06 -9.13359e-07 -1.8036e-21 -2.72406e-06 -2.0916e-21 0)
(6.17923e-06 -8.14724e-07 3.44711e-21 -2.75894e-06 3.92599e-21 0)
(6.27749e-06 -7.23165e-07 1.74214e-23 -2.79124e-06 -2.54971e-21 0)
(6.36698e-06 -6.38649e-07 -3.64743e-21 -2.82159e-06 -4.10698e-21 0)
(6.44875e-06 -5.59783e-07 3.49505e-21 -2.84996e-06 3.92123e-21 0)
(6.52278e-06 -4.85887e-07 5.4006e-21 -2.87653e-06 6.06247e-21 0)
(6.58958e-06 -4.15944e-07 4.13233e-23 -2.90124e-06 4.5604e-23 0)
(6.64932e-06 -3.49249e-07 -1.84913e-21 -2.92396e-06 -2.08767e-21 0)
(6.70207e-06 -2.85179e-07 1.83049e-21 -2.94425e-06 2.07909e-21 0)
(6.74786e-06 -2.23498e-07 2.69843e-28 -2.9613e-06 3.00889e-28 0)
(6.78573e-06 -1.64352e-07 -1.88588e-21 -2.97346e-06 -2.16889e-21 0)
(6.8152e-06 -1.08678e-07 2.53963e-22 -2.97809e-06 1.56701e-21 0)
(6.8315e-06 -5.81978e-08 -6.20845e-21 -2.96965e-06 -7.96558e-22 0)
(6.83423e-06 -1.51834e-08 -1.01024e-19 -2.94194e-06 -1.43522e-21 -1.66789e-37)
(5.91273e-06 -2.0727e-06 0 -2.85994e-06 0 0)
(5.97409e-06 -1.889e-06 2.15128e-21 -2.8834e-06 7.83768e-22 0)
(6.06014e-06 -1.71964e-06 1.68378e-21 -2.89395e-06 1.9268e-21 0)
(6.1283e-06 -1.56517e-06 1.84793e-21 -2.90729e-06 2.14243e-21 0)
(6.20166e-06 -1.41485e-06 0 -2.91379e-06 0 0)
(6.26747e-06 -1.27841e-06 2.50421e-22 -2.92253e-06 -1.08211e-21 0)
(6.33371e-06 -1.14919e-06 -5.53193e-21 -2.92992e-06 -3.39901e-21 0)
(6.39535e-06 -1.03059e-06 -3.52953e-21 -2.93865e-06 -3.84095e-21 0)
(6.45532e-06 -9.19751e-07 -1.98505e-21 -2.94789e-06 -9.16277e-22 0)
(6.51172e-06 -8.17047e-07 -1.32254e-23 -2.95825e-06 2.45749e-21 0)
(6.56555e-06 -7.20967e-07 -1.7473e-21 -2.96954e-06 5.40905e-22 0)
(6.61618e-06 -6.30899e-07 3.65313e-21 -2.98177e-06 1.5665e-21 0)
(6.66385e-06 -5.45766e-07 3.46934e-21 -2.99468e-06 1.70371e-22 0)
(6.70835e-06 -4.64777e-07 8.31788e-23 -3.0079e-06 1.31376e-21 0)
(6.74936e-06 -3.87143e-07 1.48302e-22 -3.02067e-06 1.39266e-21 0)
(6.78652e-06 -3.12272e-07 -1.8646e-21 -3.03178e-06 -2.10086e-21 0)
(6.81819e-06 -2.39778e-07 -3.98232e-28 -3.03905e-06 -4.4892e-28 0)
(6.8435e-06 -1.69191e-07 3.97468e-21 -3.03934e-06 5.84059e-21 0)
(6.85635e-06 -1.01129e-07 -2.00673e-22 -3.02644e-06 -1.53632e-21 0)
(6.85695e-06 -3.06675e-08 -1.09576e-19 -2.99399e-06 -9.76533e-21 3.21066e-34)
(6.65336e-06 -2.26478e-06 1.63985e-22 -3.33273e-06 2.69118e-21 0)
(6.61465e-06 -2.08032e-06 -2.33741e-21 -3.31566e-06 -1.02161e-21 0)
(6.62282e-06 -1.90049e-06 -5.87777e-21 -3.28027e-06 -4.79472e-21 0)
(6.61384e-06 -1.74213e-06 3.86995e-21 -3.25514e-06 2.63638e-21 0)
(6.62216e-06 -1.58307e-06 1.00713e-20 -3.22301e-06 6.6203e-21 0)
(6.62711e-06 -1.43933e-06 -1.84977e-21 -3.19694e-06 -1.93641e-21 0)
(6.64081e-06 -1.30111e-06 0 -3.17212e-06 0 0)
(6.65507e-06 -1.17356e-06 1.80143e-21 -3.15176e-06 1.87758e-21 0)
(6.67391e-06 -1.05337e-06 -5.80011e-21 -3.13505e-06 -2.47796e-21 0)
(6.69419e-06 -9.41397e-07 -3.76188e-21 -3.1225e-06 -2.775e-21 0)
(6.71692e-06 -8.36221e-07 2.1248e-22 -3.11391e-06 -2.14403e-21 0)
(6.74087e-06 -7.37368e-07 -1.89423e-21 -3.10912e-06 -3.21027e-21 0)
(6.76603e-06 -6.43813e-07 -1.96177e-22 -3.10778e-06 3.37306e-21 0)
(6.79179e-06 -5.54694e-07 3.70349e-21 -3.1093e-06 5.23054e-21 0)
(6.81751e-06 -4.69057e-07 1.80507e-21 -3.11275e-06 7.69167e-22 0)
(6.84247e-06 -3.85836e-07 -6.66666e-23 -3.11671e-06 -1.30467e-21 0)
(6.8647e-06 -3.04075e-07 3.49919e-21 -3.11882e-06 1.43835e-21 0)
(6.88311e-06 -2.21747e-07 1.72109e-21 -3.11594e-06 6.903e-22 0)
(6.89151e-06 -1.3879e-07 7.06085e-21 -3.1022e-06 5.57926e-21 0)
(6.89048e-06 -4.42651e-08 -9.61487e-20 -3.0718e-06 3.71252e-21 -3.14678e-34)
(7.41964e-06 -2.28794e-06 1.37768e-21 -3.80212e-06 1.89547e-21 0)
(7.27997e-06 -2.12646e-06 3.31559e-23 -3.75052e-06 7.28065e-23 0)
(7.21267e-06 -1.95056e-06 -4.2495e-21 -3.67187e-06 -2.94757e-21 0)
(7.12667e-06 -1.80391e-06 -1.0205e-20 -3.6113e-06 -7.64463e-21 0)
(7.07115e-06 -1.64905e-06 3.98701e-21 -3.54345e-06 2.71852e-21 0)
(7.0153e-06 -1.50966e-06 3.75201e-21 -3.48429e-06 3.73049e-21 0)
(6.97631e-06 -1.37314e-06 -1.83831e-21 -3.42885e-06 -1.83057e-21 0)
(6.94255e-06 -1.24611e-06 -2.95993e-22 -3.38013e-06 8.21502e-22 0)
(6.91908e-06 -1.1253e-06 8.06786e-21 -3.3377e-06 4.808e-21 0)
(6.9017e-06 -1.01186e-06 -5.39083e-21 -3.30188e-06 -5.50862e-21 0)
(6.89136e-06 -9.04667e-07 -1.91755e-21 -3.27259e-06 -1.98396e-21 0)
(6.8864e-06 -8.03385e-07 5.21041e-21 -3.24964e-06 7.73568e-21 0)
(6.88656e-06 -7.07148e-07 -7.62133e-21 -3.23268e-06 -2.26666e-21 0)
(6.89094e-06 -6.15068e-07 -5.42743e-21 -3.22113e-06 -5.80692e-21 0)
(6.89869e-06 -5.261e-07 1.46742e-23 -3.21408e-06 -1.17357e-21 0)
(6.90889e-06 -4.38776e-07 -7.31599e-21 -3.2102e-06 -5.60122e-21 0)
(6.91958e-06 -3.51695e-07 -5.32466e-23 -3.20739e-06 -5.01086e-23 0)
(6.92961e-06 -2.61493e-07 7.18916e-21 -3.20296e-06 6.87814e-21 0)
(6.93384e-06 -1.67726e-07 1.11641e-22 -3.19222e-06 1.42024e-21 0)
(6.93248e-06 -5.48328e-08 -9.59822e-20 -3.17022e-06 -1.19931e-21 2.24848e-36)
(8.17445e-06 -2.14213e-06 -1.44357e-21 -4.24395e-06 -1.85454e-21 0)
(7.93824e-06 -2.02935e-06 1.99526e-21 -4.16725e-06 1.82354e-21 0)
(7.80278e-06 -1.87239e-06 2.46379e-21 -4.05269e-06 1.28727e-21 0)
(7.64343e-06 -1.75224e-06 -1.94665e-21 -3.96092e-06 -1.82776e-21 0)
(7.52783e-06 -1.61542e-06 -4.61336e-21 -3.86234e-06 -2.30445e-21 0)
(7.41367e-06 -1.4915e-06 2.25223e-21 -3.77215e-06 1.12003e-21 0)
(7.32321e-06 -1.36714e-06 6.37366e-21 -3.68772e-06 4.10318e-21 0)
(7.24233e-06 -1.24923e-06 -1.02544e-20 -3.61127e-06 -6.8891e-21 0)
(7.17662e-06 -1.13556e-06 -6.32534e-21 -3.54338e-06 -4.1688e-21 0)
(7.1214e-06 -1.0274e-06 9.92787e-21 -3.48424e-06 6.72671e-21 0)
(7.07733e-06 -9.24308e-07 -4.04991e-21 -3.43405e-06 -1.93633e-21 0)
(7.04255e-06 -8.26137e-07 5.36288e-21 -3.39261e-06 5.50091e-21 0)
(7.01651e-06 -7.32309e-07 5.77707e-21 -3.35966e-06 3.76529e-21 0)
(6.99811e-06 -6.41986e-07 -3.36897e-21 -3.33469e-06 -4.69936e-21 0)
(6.98644e-06 -5.54111e-07 -2.20374e-21 -3.31696e-06 1.14451e-21 0)
(6.98044e-06 -4.66929e-07 1.04236e-22 -3.30541e-06 9.62478e-23 0)
(6.97855e-06 -3.78737e-07 -8.91368e-21 -3.29847e-06 -7.42242e-21 0)
(6.9795e-06 -2.85189e-07 1.76937e-21 -3.29416e-06 1.9901e-21 0)
(6.98005e-06 -1.85668e-07 3.50911e-21 -3.2894e-06 2.74654e-21 0)
(6.97933e-06 -6.15905e-08 -9.68095e-20 -3.28046e-06 -1.90128e-21 9.0753e-37)
(8.87846e-06 -1.83811e-06 1.72488e-23 -4.61956e-06 5.91005e-23 0)
(8.55694e-06 -1.79911e-06 -2.06283e-21 -4.53007e-06 -1.8165e-21 0)
(8.36481e-06 -1.67732e-06 4.43687e-22 -4.3947e-06 -4.82098e-22 0)
(8.14011e-06 -1.59362e-06 0 -4.27722e-06 0 0)
(7.97049e-06 -1.48718e-06 0 -4.15742e-06 0 0)
(7.80475e-06 -1.38739e-06 -6.17814e-21 -4.04324e-06 -4.84153e-21 0)
(7.66682e-06 -1.2848e-06 5.49586e-21 -3.93616e-06 5.13141e-21 0)
(7.54247e-06 -1.18436e-06 1.15878e-20 -3.8367e-06 1.01169e-20 0)
(7.43643e-06 -1.08569e-06 -8.76442e-21 -3.74645e-06 -8.42856e-21 0)
(7.3446e-06 -9.8977e-07 -7.67856e-21 -3.66582e-06 -6.5452e-21 0)
(7.26717e-06 -8.96916e-07 3.54052e-21 -3.59545e-06 3.52576e-21 0)
(7.20242e-06 -8.07232e-07 -3.47579e-22 -3.53551e-06 6.99569e-22 0)
(7.14965e-06 -7.20545e-07 6.06263e-21 -3.4861e-06 2.99525e-21 0)
(7.10773e-06 -6.36228e-07 9.44133e-21 -3.44705e-06 6.53338e-21 0)
(7.07579e-06 -5.5337e-07 1.28836e-22 -3.41802e-06 1.17837e-22 0)
(7.05278e-06 -4.70153e-07 4.30137e-21 -3.39844e-06 -1.17973e-21 0)
(7.03774e-06 -3.84779e-07 0 -3.38753e-06 0 0)
(7.02933e-06 -2.92361e-07 -3.61796e-21 -3.38421e-06 -1.59652e-21 0)
(7.02678e-06 -1.92259e-07 1.74071e-21 -3.38734e-06 7.35897e-22 0)
(7.0276e-06 -6.43661e-08 -9.25508e-20 -3.39459e-06 -4.46351e-22 2.37255e-36)
(9.5018e-06 -1.40522e-06 -1.34794e-23 -4.90175e-06 -5.16867e-23 0)
(9.10708e-06 -1.45354e-06 2.56179e-21 -4.80822e-06 1.53111e-21 0)
(8.87528e-06 -1.39203e-06 -2.54794e-21 -4.68326e-06 -1.55201e-21 0)
(8.60007e-06 -1.3519e-06 -2.50774e-21 -4.54991e-06 -1.51157e-21 0)
(8.38166e-06 -1.28857e-06 6.88413e-21 -4.41651e-06 4.69823e-21 0)
(8.17191e-06 -1.21888e-06 4.90492e-21 -4.28263e-06 2.92871e-21 0)
(7.99059e-06 -1.14301e-06 -6.51406e-21 -4.1556e-06 -4.36189e-21 0)
(7.82734e-06 -1.06382e-06 8.68005e-22 -4.0362e-06 -9.19046e-22 0)
(7.68456e-06 -9.83494e-07 1.47836e-21 -3.92656e-06 1.37278e-21 0)
(7.55922e-06 -9.03237e-07 -8.0539e-22 -3.82751e-06 1.08347e-21 0)
(7.45082e-06 -8.2408e-07 -6.61529e-21 -3.73981e-06 -3.62711e-21 0)
(7.35788e-06 -7.46461e-07 5.91688e-23 -3.66392e-06 5.71502e-23 0)
(7.27956e-06 -6.70516e-07 -3.02287e-21 -3.60016e-06 -4.12217e-21 0)
(7.2148e-06 -5.95845e-07 -1.02183e-22 -3.54872e-06 -9.3569e-23 0)
(7.16293e-06 -5.21699e-07 3.86459e-21 -3.50973e-06 1.88086e-21 0)
(7.12296e-06 -4.46341e-07 -7.70489e-23 -3.48317e-06 -6.73932e-23 0)
(7.09481e-06 -3.68002e-07 4.70701e-21 -3.46922e-06 6.32336e-21 0)
(7.077e-06 -2.81687e-07 -1.77938e-21 -3.46783e-06 -7.95483e-22 0)
(7.07162e-06 -1.86733e-07 -8.33143e-21 -3.4799e-06 -8.25321e-21 0)
(7.07421e-06 -6.29263e-08 -1.01781e-19 -3.50482e-06 -6.90923e-21 1.76499e-34)
(9.99875e-06 -8.49502e-07 -3.26836e-22 -5.08624e-06 -1.64702e-22 0)
(9.58942e-06 -9.56084e-07 -2.74739e-21 -4.97164e-06 -1.61927e-21 0)
(9.32431e-06 -9.80757e-07 2.22945e-21 -4.88508e-06 1.75167e-21 0)
(9.02957e-06 -9.90454e-07 -5.83341e-21 -4.76344e-06 -5.3184e-21 0)
(8.77154e-06 -9.85151e-07 -6.00278e-21 -4.63701e-06 -4.99514e-21 0)
(8.52771e-06 -9.6241e-07 3.55011e-21 -4.50174e-06 3.67234e-21 0)
(8.30729e-06 -9.27536e-07 3.08496e-21 -4.36559e-06 3.68611e-21 0)
(8.1073e-06 -8.82534e-07 5.38018e-21 -4.23273e-06 4.8552e-21 0)
(7.92876e-06 -8.30535e-07 -6.31456e-21 -4.10659e-06 -4.71775e-21 0)
(7.77018e-06 -7.73867e-07 1.53117e-23 -3.9898e-06 1.29624e-22 0)
(7.63094e-06 -7.14407e-07 -7.599e-23 -3.8841e-06 -3.86439e-22 0)
(7.50979e-06 -6.53494e-07 -4.93652e-21 -3.79084e-06 -4.83212e-21 0)
(7.40588e-06 -5.91929e-07 0 -3.71098e-06 0 0)
(7.31816e-06 -5.29903e-07 -4.47788e-21 -3.64529e-06 -1.45258e-21 0)
(7.24615e-06 -4.6711e-07 -2.07992e-23 -3.59451e-06 -8.92569e-23 0)
(7.18891e-06 -4.02205e-07 -5.77966e-21 -3.55935e-06 -2.81221e-21 0)
(7.14723e-06 -3.33685e-07 1.58173e-21 -3.54099e-06 1.67094e-21 0)
(7.11961e-06 -2.56928e-07 3.64531e-21 -3.54053e-06 1.66653e-21 0)
(7.11118e-06 -1.71338e-07 4.53583e-23 -3.56112e-06 -3.74277e-24 0)
(7.11575e-06 -5.79166e-08 -9.93241e-20 -3.60396e-06 -3.06911e-21 7.37391e-37)
(1.0243e-05 -3.90839e-07 2.82477e-21 -5.10328e-06 2.48717e-21 0)
(9.86968e-06 -4.47516e-07 -2.61498e-21 -5.00677e-06 -1.64373e-21 0)
(9.58276e-06 -5.52833e-07 -1.51408e-21 -4.94575e-06 -1.25769e-21 0)
(9.29001e-06 -6.025e-07 2.51254e-21 -4.84685e-06 1.53572e-21 0)
(9.01891e-06 -6.37432e-07 -4.9681e-21 -4.73112e-06 -2.25573e-21 0)
(8.7617e-06 -6.53006e-07 -3.35014e-21 -4.60433e-06 -1.58122e-21 0)
(8.52453e-06 -6.53329e-07 -4.17383e-21 -4.4717e-06 -3.0302e-21 0)
(8.30588e-06 -6.41074e-07 5.04601e-22 -4.33886e-06 -3.50692e-22 0)
(8.10756e-06 -6.18653e-07 8.4386e-21 -4.20978e-06 5.3797e-21 0)
(7.92874e-06 -5.886e-07 -2.89966e-22 -4.08781e-06 -3.1231e-22 0)
(7.76945e-06 -5.5288e-07 4.51094e-21 -3.97546e-06 2.55442e-21 0)
(7.62888e-06 -5.13143e-07 -2.22311e-22 -3.87472e-06 -2.52308e-22 0)
(7.50657e-06 -4.70523e-07 1.64696e-35 -3.78717e-06 1.67497e-35 0)
(7.40177e-06 -4.2561e-07 -1.9834e-21 -3.71419e-06 -9.87667e-22 0)
(7.31441e-06 -3.78493e-07 1.93891e-21 -3.65719e-06 9.43515e-22 0)
(7.24376e-06 -3.28358e-07 -8.69083e-23 -3.61758e-06 -1.25817e-22 0)
(7.19148e-06 -2.74142e-07 3.10114e-22 -3.59754e-06 -8.19014e-22 0)
(7.15601e-06 -2.12253e-07 1.74767e-23 -3.59914e-06 5.84105e-23 0)
(7.14489e-06 -1.42272e-07 -1.79837e-23 -3.62743e-06 2.32959e-23 0)
(7.15044e-06 -4.80534e-08 -9.5484e-20 -3.68536e-06 -5.17672e-22 -8.49831e-37)
(1.00413e-05 5.98907e-08 2.62449e-21 -4.91876e-06 2.07618e-21 0)
(9.79198e-06 -5.54991e-09 0 -4.9451e-06 0 0)
(9.53217e-06 -1.34351e-07 -2.04635e-21 -4.89791e-06 -1.80463e-21 0)
(9.27249e-06 -2.18705e-07 2.67557e-35 -4.82265e-06 2.16738e-35 0)
(9.0249e-06 -2.85116e-07 6.13355e-36 -4.72348e-06 4.45025e-36 0)
(8.78588e-06 -3.3215e-07 2.9086e-35 -4.61044e-06 2.1637e-35 0)
(8.5616e-06 -3.62514e-07 4.46054e-35 -4.48879e-06 3.60663e-35 0)
(8.35122e-06 -3.78938e-07 -1.79282e-21 -4.36428e-06 -1.68227e-21 0)
(8.1573e-06 -3.83586e-07 0 -4.24114e-06 0 0)
(7.97972e-06 -3.78863e-07 1.71307e-21 -4.12306e-06 1.66228e-21 0)
(7.81926e-06 -3.66667e-07 -2.44821e-36 -4.01291e-06 -4.12717e-36 0)
(7.67572e-06 -3.48688e-07 -1.64781e-21 -3.91308e-06 -1.6557e-21 0)
(7.54925e-06 -3.26151e-07 1.62066e-21 -3.82559e-06 1.65664e-21 0)
(7.4396e-06 -2.99879e-07 2.3293e-35 -3.75223e-06 1.69717e-35 0)
(7.34723e-06 -2.7019e-07 -1.57729e-21 -3.69491e-06 -1.66603e-21 0)
(7.27187e-06 -2.36828e-07 -1.39878e-35 -3.65556e-06 -1.29452e-35 0)
(7.21584e-06 -1.9905e-07 1.54908e-21 -3.63705e-06 1.68574e-21 0)
(7.17787e-06 -1.54606e-07 1.54093e-21 -3.64208e-06 1.70043e-21 0)
(7.16729e-06 -1.0354e-07 -1.6643e-35 -3.67723e-06 -1.45242e-35 0)
(7.17541e-06 -3.4591e-08 -9.49977e-20 -3.74591e-06 -1.47476e-35 5.604e-49)
(9.8665e-06 5.11964e-07 4.82705e-22 -4.72763e-06 8.40313e-22 0)
(9.6538e-06 4.08576e-07 -1.67432e-21 -4.79125e-06 -1.02858e-21 0)
(9.44713e-06 2.56524e-07 -3.73138e-21 -4.78234e-06 -2.84009e-21 0)
(9.21822e-06 1.44189e-07 0 -4.73699e-06 0 0)
(8.99821e-06 5.12188e-08 1.90881e-22 -4.6638e-06 7.61614e-22 0)
(8.77814e-06 -2.27434e-08 -1.61736e-21 -4.57159e-06 -2.21689e-22 0)
(8.56846e-06 -7.92173e-08 -3.59615e-21 -4.46687e-06 -2.68162e-21 0)
(8.36798e-06 -1.21148e-07 -5.31527e-21 -4.35558e-06 -3.5775e-21 0)
(8.18063e-06 -1.50242e-07 1.7562e-21 -4.24255e-06 1.69529e-21 0)
(8.00668e-06 -1.68779e-07 -3.51714e-21 -4.13186e-06 -1.77404e-21 0)
(7.84766e-06 -1.78494e-07 -1.75627e-21 -4.0269e-06 -8.64486e-22 0)
(7.70383e-06 -1.8106e-07 -3.5067e-21 -3.93051e-06 -1.68759e-21 0)
(7.57584e-06 -1.77766e-07 -3.50031e-21 -3.84519e-06 -1.65095e-21 0)
(7.46389e-06 -1.6962e-07 -1.74695e-21 -3.7732e-06 -8.10024e-22 0)
(7.36882e-06 -1.57214e-07 -3.48778e-21 -3.71693e-06 -1.59589e-21 0)
(7.29084e-06 -1.4082e-07 -3.48215e-21 -3.6788e-06 -1.57952e-21 0)
(7.23275e-06 -1.2008e-07 -1.55271e-21 -3.66238e-06 -1.68692e-21 0)
(7.19341e-06 -9.44175e-08 -1.73609e-21 -3.67044e-06 -7.87964e-22 0)
(7.18339e-06 -6.35595e-08 -1.73363e-21 -3.71042e-06 -7.96545e-22 0)
(7.19278e-06 -2.0861e-08 -9.64401e-20 -3.78693e-06 -8.12971e-22 4.19024e-49)
(9.61569e-06 8.62405e-07 9.56684e-21 -4.52247e-06 8.07277e-21 0)
(9.45156e-06 7.5663e-07 1.51662e-21 -4.62451e-06 9.92781e-22 0)
(9.29195e-06 5.97398e-07 -5.54934e-21 -4.64549e-06 -4.62985e-21 0)
(9.09758e-06 4.71779e-07 5.68115e-35 -4.62601e-06 4.74019e-35 0)
(8.90831e-06 3.61393e-07 2.20131e-21 -4.57575e-06 2.57507e-21 0)
(8.71202e-06 2.68148e-07 -3.02352e-36 -4.5028e-06 -1.77604e-36 0)
(8.52199e-06 1.91125e-07 1.66252e-21 -4.41464e-06 9.47725e-22 0)
(8.33675e-06 1.28255e-07 -3.57943e-21 -4.31715e-06 -3.46086e-21 0)
(8.16127e-06 7.82656e-08 7.10322e-35 -4.21555e-06 5.93992e-35 0)
(7.99617e-06 3.92875e-08 3.43321e-21 -4.11411e-06 3.41715e-21 0)
(7.84358e-06 9.82082e-09 -1.6965e-21 -4.01653e-06 -8.6226e-22 0)
(7.70417e-06 -1.1673e-08 -1.99499e-35 -3.92592e-06 -1.59005e-35 0)
(7.57906e-06 -2.6461e-08 -8.50428e-35 -3.84507e-06 -7.83961e-35 0)
(7.4688e-06 -3.57168e-08 1.70297e-21 -3.77658e-06 8.10749e-22 0)
(7.37459e-06 -4.01832e-08 -5.06248e-35 -3.72307e-06 -4.31969e-35 0)
(7.2971e-06 -4.08982e-08 -3.13305e-21 -3.68746e-06 -3.37244e-21 0)
(7.23905e-06 -3.72986e-08 2.24102e-35 -3.67318e-06 1.70441e-35 0)
(7.20044e-06 -3.14235e-08 1.38795e-21 -3.68396e-06 2.58936e-21 0)
(7.19196e-06 -2.05737e-08 -1.70219e-21 -3.72856e-06 -8.0044e-22 0)
(7.20216e-06 -5.63859e-09 -9.6262e-20 -3.80922e-06 -8.17755e-22 0)
(9.3138e-06 1.15366e-06 2.63424e-21 -4.2962e-06 1.8446e-21 0)
(9.19339e-06 1.04634e-06 3.3518e-21 -4.42415e-06 2.7772e-21 0)
(9.07902e-06 8.87996e-07 2.86368e-21 -4.47102e-06 1.91966e-21 0)
(8.92131e-06 7.56533e-07 4.60027e-36 -4.47714e-06 5.8073e-36 0)
(8.7654e-06 6.36122e-07 4.91405e-21 -4.4506e-06 3.70017e-21 0)
(8.59649e-06 5.30187e-07 -2.97377e-22 -4.39884e-06 -8.31406e-22 0)
(8.42993e-06 4.38358e-07 -2.35398e-22 -4.3294e-06 -8.33109e-22 0)
(8.26399e-06 3.59463e-07 3.19162e-21 -4.24808e-06 1.82394e-21 0)
(8.10451e-06 2.92713e-07 1.73986e-21 -4.1603e-06 1.73888e-21 0)
(7.95241e-06 2.36727e-07 3.3344e-21 -4.07051e-06 2.60268e-21 0)
(7.81031e-06 1.90313e-07 3.27663e-21 -3.9826e-06 1.70996e-21 0)
(7.67926e-06 1.52162e-07 -1.48274e-24 -3.89996e-06 -8.75182e-22 0)
(7.56069e-06 1.21064e-07 1.68471e-21 -3.82557e-06 -6.33586e-23 0)
(7.45559e-06 9.58757e-08 1.65915e-21 -3.76231e-06 8.07686e-22 0)
(7.36506e-06 7.54866e-08 4.90734e-21 -3.7129e-06 3.28968e-21 0)
(7.29087e-06 5.89318e-08 1.66602e-21 -3.68074e-06 7.90174e-22 0)
(7.23356e-06 4.53872e-08 0 -3.66878e-06 0 0)
(7.19973e-06 3.27596e-08 4.88482e-21 -3.68328e-06 3.2651e-21 0)
(7.18143e-06 2.4894e-08 4.93913e-21 -3.72288e-06 2.83705e-21 0)
(7.20473e-06 7.79758e-09 -9.12351e-20 -3.80918e-06 1.6355e-21 0)
(8.98213e-06 1.37753e-06 -1.42695e-21 -4.07e-06 -1.02353e-21 0)
(8.9015e-06 1.27668e-06 -1.26003e-21 -4.21738e-06 -9.05379e-22 0)
(8.82723e-06 1.12755e-06 -1.89501e-21 -4.28506e-06 -1.80491e-21 0)
(8.70481e-06 9.97827e-07 0 -4.31239e-06 0 0)
(8.58152e-06 8.74047e-07 1.84226e-21 -4.30636e-06 1.7955e-21 0)
(8.44108e-06 7.61294e-07 3.27202e-21 -4.27381e-06 2.70427e-21 0)
(8.29976e-06 6.59648e-07 -3.2755e-21 -4.22206e-06 -2.68333e-21 0)
(8.15565e-06 5.69057e-07 -1.75084e-21 -4.15672e-06 -1.76673e-21 0)
(8.01509e-06 4.89229e-07 1.72066e-21 -4.0832e-06 1.75657e-21 0)
(7.87918e-06 4.19381e-07 1.56666e-21 -4.00594e-06 8.59988e-22 0)
(7.75089e-06 3.58677e-07 -2.60909e-37 -3.92895e-06 -3.06177e-36 0)
(7.63153e-06 3.06098e-07 1.597e-21 -3.85566e-06 8.27726e-22 0)
(7.52287e-06 2.60559e-07 5.56359e-36 -3.78922e-06 5.92519e-36 0)
(7.42596e-06 2.2097e-07 -1.61695e-21 -3.73253e-06 -8.01292e-22 0)
(7.34257e-06 1.8596e-07 5.43025e-36 -3.68853e-06 5.86956e-36 0)
(7.27348e-06 1.54554e-07 1.62933e-21 -3.6603e-06 7.85786e-22 0)
(7.22238e-06 1.24308e-07 -1.55049e-21 -3.65157e-06 -1.68699e-21 0)
(7.18873e-06 9.47045e-08 -3.36442e-37 -3.667e-06 3.04848e-36 0)
(7.18281e-06 6.16684e-08 -5.64922e-36 -3.71094e-06 -2.74445e-36 0)
(7.19363e-06 2.15701e-08 -9.47496e-20 -3.78837e-06 -1.71203e-34 2.79468e-49)
(8.63282e-06 1.54502e-06 2.05303e-21 -3.84741e-06 1.88741e-21 0)
(8.58682e-06 1.45434e-06 1.16108e-21 -4.00623e-06 8.60051e-22 0)
(8.54736e-06 1.31863e-06 -1.83493e-21 -4.0892e-06 -1.79271e-21 0)
(8.45812e-06 1.1951e-06 2.57526e-35 -4.13384e-06 2.15342e-35 0)
(8.366e-06 1.07279e-06 -2.71565e-36 -4.14555e-06 -2.76948e-36 0)
(8.25412e-06 9.57825e-07 1.38259e-21 -4.13062e-06 8.86753e-22 0)
(8.13882e-06 8.5073e-07 1.42241e-21 -4.09572e-06 8.79261e-22 0)
(8.01806e-06 7.52416e-07 -1.7213e-21 -4.04618e-06 -1.77996e-21 0)
(7.89837e-06 6.63075e-07 0 -3.9872e-06 0 0)
(7.78095e-06 5.82511e-07 3.18224e-21 -3.92313e-06 2.60415e-21 0)
(7.66898e-06 5.1026e-07 -2.18737e-35 -3.85793e-06 -1.7744e-35 0)
(7.56393e-06 4.4561e-07 -7.27203e-23 -3.79504e-06 -9.27702e-22 0)
(7.46773e-06 3.87663e-07 1.60316e-21 -3.7376e-06 1.73233e-21 0)
(7.38161e-06 3.35328e-07 1.57795e-21 -3.68847e-06 7.91834e-22 0)
(7.30739e-06 2.87296e-07 -1.56874e-21 -3.6506e-06 -1.71103e-21 0)
(7.24594e-06 2.41904e-07 1.5954e-21 -3.62677e-06 7.78588e-22 0)
(7.20067e-06 1.97356e-07 1.54583e-21 -3.62077e-06 1.68623e-21 0)
(7.17068e-06 1.50221e-07 1.53939e-21 -3.63543e-06 1.67092e-21 0)
(7.16588e-06 9.9567e-08 -1.10972e-35 -3.67693e-06 -5.43861e-36 0)
(7.17684e-06 3.49532e-08 -9.50507e-20 -3.74999e-06 -1.67442e-35 5.60713e-49)
(8.27602e-06 1.66122e-06 1.00817e-21 -3.6354e-06 7.8044e-22 0)
(8.25946e-06 1.58352e-06 1.08055e-21 -3.79967e-06 8.15705e-22 0)
(8.24964e-06 1.46416e-06 1.14887e-21 -3.89302e-06 8.35746e-22 0)
(8.19053e-06 1.3501e-06 0 -3.95058e-06 0 0)
(8.12728e-06 1.23287e-06 1.26685e-21 -3.97652e-06 8.53673e-22 0)
(8.04303e-06 1.11926e-06 0 -3.97659e-06 0 0)
(7.9536e-06 1.01019e-06 1.36134e-21 -3.95672e-06 8.49421e-22 0)
(7.85684e-06 9.07426e-07 0 -3.92187e-06 0 0)
(7.75919e-06 8.11614e-07 0 -3.8769e-06 0 0)
(7.66185e-06 7.23112e-07 0 -3.82596e-06 0 0)
(7.56806e-06 6.41829e-07 1.48925e-21 -3.77283e-06 8.09945e-22 0)
(7.47934e-06 5.67373e-07 0 -3.72084e-06 0 0)
(7.39772e-06 4.99047e-07 0 -3.67302e-06 0 0)
(7.32443e-06 4.35854e-07 1.54337e-21 -3.63209e-06 7.79731e-22 0)
(7.26133e-06 3.76456e-07 0 -3.60077e-06 0 0)
(7.20912e-06 3.19016e-07 0 -3.58167e-06 0 0)
(7.17102e-06 2.61404e-07 0 -3.57786e-06 0 0)
(7.1461e-06 1.99645e-07 1.57928e-21 -3.59242e-06 7.71215e-22 0)
(7.14292e-06 1.32795e-07 1.58472e-21 -3.62993e-06 7.79267e-22 0)
(7.15315e-06 4.64285e-08 -9.38898e-20 -3.69398e-06 7.93017e-22 -4.68287e-64)
(7.9175e-06 1.73358e-06 -2.79306e-21 -3.43575e-06 -2.52821e-21 0)
(7.92542e-06 1.66994e-06 0 -3.59985e-06 0 0)
(7.94056e-06 1.56777e-06 -1.08718e-21 -3.69901e-06 -7.94096e-22 0)
(7.90853e-06 1.46478e-06 0 -3.7655e-06 0 0)
(7.87182e-06 1.35487e-06 -1.21026e-21 -3.80249e-06 -8.1631e-22 0)
(7.81396e-06 1.24506e-06 -1.26352e-21 -3.81508e-06 -8.19015e-22 0)
(7.74983e-06 1.13668e-06 0 -3.80846e-06 0 0)
(7.67721e-06 1.03213e-06 0 -3.78711e-06 0 0)
(7.60221e-06 9.32471e-07 0 -3.75545e-06 0 0)
(7.52598e-06 8.38531e-07 -1.42426e-21 -3.71733e-06 -7.98028e-22 0)
(7.45167e-06 7.50564e-07 -1.4526e-21 -3.67628e-06 -7.89217e-22 0)
(7.38079e-06 6.68483e-07 -1.47683e-21 -3.63542e-06 -7.80445e-22 0)
(7.31533e-06 5.91812e-07 0 -3.59757e-06 0 0)
(7.25651e-06 5.19659e-07 0 -3.56524e-06 0 0)
(7.20605e-06 4.50789e-07 0 -3.54085e-06 0 0)
(7.16457e-06 3.83166e-07 -1.53966e-21 -3.52657e-06 -7.57077e-22 0)
(7.13473e-06 3.147e-07 0 -3.52496e-06 0 0)
(7.11559e-06 2.40663e-07 -1.55641e-21 -3.53826e-06 -7.59586e-22 0)
(7.11422e-06 1.59991e-07 -1.5629e-21 -3.57026e-06 -7.66457e-22 0)
(7.12336e-06 5.56156e-08 -9.75838e-20 -3.62355e-06 -7.77896e-22 4.24797e-49)
(7.5605e-06 1.76756e-06 -5.12994e-21 -3.2496e-06 -5.14179e-21 0)
(7.58877e-06 1.71791e-06 -9.70236e-22 -3.40925e-06 -7.31892e-22 0)
(7.62498e-06 1.63261e-06 1.09843e-36 -3.51042e-06 3.60908e-36 0)
(7.61723e-06 1.54131e-06 6.60892e-37 -3.58233e-06 3.65129e-36 0)
(7.60483e-06 1.43992e-06 1.63259e-21 -3.6274e-06 1.78555e-21 0)
(7.572e-06 1.33552e-06 -2.84832e-21 -3.65009e-06 -2.57978e-21 0)
(7.5324e-06 1.22976e-06 -2.89011e-21 -3.65481e-06 -2.58569e-21 0)
(7.48373e-06 1.12551e-06 0 -3.64555e-06 0 0)
(7.43165e-06 1.02417e-06 1.59541e-21 -3.62624e-06 1.79797e-21 0)
(7.37715e-06 9.2696e-07 1.9024e-22 -3.60035e-06 1.01855e-21 0)
(7.32318e-06 8.34433e-07 4.41218e-36 -3.57109e-06 -8.40248e-37 0)
(7.2712e-06 7.46777e-07 -3.01149e-21 -3.5413e-06 -2.53139e-21 0)
(7.22307e-06 6.63731e-07 -1.55064e-21 -3.51352e-06 -1.7579e-21 0)
(7.17993e-06 5.84556e-07 -1.4917e-21 -3.48996e-06 -7.49219e-22 0)
(7.14328e-06 5.08119e-07 1.53351e-21 -3.47265e-06 1.72536e-21 0)
(7.11364e-06 4.32384e-07 -1.51986e-21 -3.46334e-06 -7.43502e-22 0)
(7.09299e-06 3.55228e-07 1.05113e-35 -3.46379e-06 5.1083e-36 0)
(7.08043e-06 2.71603e-07 1.52001e-21 -3.47559e-06 1.65527e-21 0)
(7.08099e-06 1.80415e-07 0 -3.501e-06 0 0)
(7.08869e-06 6.25037e-08 -9.66314e-20 -3.54147e-06 -1.74005e-34 2.85019e-49)
(7.20602e-06 1.768e-06 1.54697e-21 -3.07569e-06 1.62425e-21 0)
(7.25144e-06 1.73125e-06 3.98026e-36 -3.2276e-06 2.08698e-36 0)
(7.30577e-06 1.66149e-06 -1.56839e-21 -3.32777e-06 -1.72316e-21 0)
(7.32007e-06 1.58153e-06 0 -3.4023e-06 0 0)
(7.33024e-06 1.48903e-06 1.57364e-21 -3.45305e-06 1.77743e-21 0)
(7.32129e-06 1.39093e-06 1.57172e-21 -3.4838e-06 1.7922e-21 0)
(7.3055e-06 1.28911e-06 -1.56833e-21 -3.49823e-06 -1.80039e-21 0)
(7.28052e-06 1.18678e-06 -1.56297e-21 -3.49981e-06 -1.80322e-21 0)
(7.25141e-06 1.08556e-06 1.55672e-21 -3.49191e-06 1.80154e-21 0)
(7.21899e-06 9.86993e-07 -3.46939e-35 -3.47761e-06 -2.86138e-35 0)
(7.18593e-06 8.91862e-07 -1.98308e-35 -3.45974e-06 -1.3834e-35 0)
(7.15353e-06 8.00585e-07 5.63932e-37 -3.44081e-06 6.95952e-36 0)
(7.12351e-06 7.13101e-07 2.56329e-35 -3.42302e-06 2.306e-35 0)
(7.09688e-06 6.28838e-07 3.09868e-35 -3.40826e-06 2.5591e-35 0)
(7.07488e-06 5.46821e-07 1.0255e-35 -3.39812e-06 5.01146e-36 0)
(7.05788e-06 4.65105e-07 -5.1742e-36 -3.39384e-06 -2.50257e-36 0)
(7.04715e-06 3.81667e-07 -1.51287e-21 -3.39639e-06 -1.68129e-21 0)
(7.0417e-06 2.91375e-07 -1.05185e-35 -3.40644e-06 -5.03852e-36 0)
(7.0444e-06 1.93125e-07 -2.09617e-35 -3.42466e-06 -1.61768e-35 0)
(7.05062e-06 6.66996e-08 -9.73045e-20 -3.45139e-06 -5.10499e-36 0)
(6.85347e-06 1.73797e-06 -4.61381e-21 -2.91268e-06 -4.9008e-21 0)
(6.91404e-06 1.71233e-06 -8.27456e-36 -3.05461e-06 -7.95127e-36 0)
(6.9846e-06 1.65614e-06 -1.67875e-36 -3.15166e-06 1.21008e-36 0)
(7.0195e-06 1.58663e-06 2.7687e-36 -3.22675e-06 3.19947e-36 0)
(7.05107e-06 1.50282e-06 1.51371e-21 -3.28133e-06 1.76805e-21 0)
(7.06521e-06 1.41141e-06 -1.51675e-21 -3.3185e-06 -1.78649e-21 0)
(7.07275e-06 1.31445e-06 -1.51837e-21 -3.34129e-06 -1.79764e-21 0)
(7.07127e-06 1.21531e-06 0 -3.35257e-06 0 0)
(7.06516e-06 1.11578e-06 1.51673e-21 -3.35521e-06 1.80273e-21 0)
(7.05501e-06 1.0176e-06 1.51455e-21 -3.35181e-06 1.79837e-21 0)
(7.04316e-06 9.21713e-07 -9.44831e-36 -3.34481e-06 -4.86491e-36 0)
(7.03075e-06 8.28723e-07 -1.50935e-21 -3.33637e-06 -1.77904e-21 0)
(7.01928e-06 7.38732e-07 -1.50688e-21 -3.32834e-06 -1.76489e-21 0)
(7.00963e-06 6.51344e-07 5.27914e-36 -3.32226e-06 9.55142e-36 0)
(7.00277e-06 5.65764e-07 1.50334e-21 -3.31927e-06 1.72846e-21 0)
(6.99891e-06 4.8026e-07 5.17609e-36 -3.3201e-06 5.87668e-36 0)
(6.99858e-06 3.93005e-07 0 -3.32489e-06 0 0)
(7.00073e-06 2.99107e-07 1.5029e-21 -3.33338e-06 1.6492e-21 0)
(7.00592e-06 1.97554e-07 -2.08665e-35 -3.34443e-06 -1.60329e-35 0)
(7.01076e-06 6.80146e-08 -9.8005e-20 -3.35714e-06 -4.9656e-36 0)
(6.5012e-06 1.67932e-06 -8.70025e-23 -2.75706e-06 -4.42654e-23 0)
(6.57615e-06 1.66253e-06 -9.2007e-22 -2.88789e-06 -6.19966e-22 0)
(6.66219e-06 1.61754e-06 -1.43023e-21 -2.98073e-06 -1.6862e-21 0)
(6.71715e-06 1.5572e-06 0 -3.05527e-06 0 0)
(6.76971e-06 1.4815e-06 1.45331e-21 -3.11263e-06 1.75773e-21 0)
(6.80671e-06 1.3969e-06 2.64082e-21 -3.15527e-06 2.4567e-21 0)
(6.83747e-06 1.30544e-06 -2.70043e-21 -3.18554e-06 -2.47694e-21 0)
(6.85949e-06 1.2106e-06 -4.0335e-21 -3.20578e-06 -3.17666e-21 0)
(6.87645e-06 1.1142e-06 1.47622e-21 -3.2183e-06 1.80171e-21 0)
(6.88871e-06 1.01808e-06 1.36124e-21 -3.22526e-06 6.92392e-22 0)
(6.89825e-06 9.23272e-07 -1.37747e-37 -3.22867e-06 -3.70202e-36 0)
(6.90598e-06 8.30496e-07 1.42316e-21 -3.23033e-06 6.93481e-22 0)
(6.9132e-06 7.39976e-07 -2.89543e-21 -3.23175e-06 -1.38757e-21 0)
(6.92066e-06 6.51481e-07 -1.46844e-21 -3.23414e-06 -6.94298e-22 0)
(6.92906e-06 5.64413e-07 -2.97139e-21 -3.23822e-06 -1.39035e-21 0)
(6.9385e-06 4.77349e-07 1.49992e-21 -3.24422e-06 6.96463e-22 0)
(6.94883e-06 3.8877e-07 -1.49176e-21 -3.25154e-06 -1.67844e-21 0)
(6.95887e-06 2.94358e-07 -5.24038e-36 -3.25895e-06 -2.41018e-36 0)
(6.96702e-06 1.93287e-07 -1.55433e-35 -3.26349e-06 -1.34899e-35 0)
(6.97087e-06 6.62683e-08 -9.87012e-20 -3.26293e-06 -2.41312e-36 0)
(6.14675e-06 1.59175e-06 1.39425e-21 -2.60739e-06 1.5721e-21 0)
(6.23671e-06 1.5813e-06 9.33158e-22 -2.72692e-06 5.8541e-22 0)
(6.33871e-06 1.54504e-06 -1.36078e-21 -2.81528e-06 -1.66851e-21 0)
(6.41422e-06 1.4925e-06 -4.08673e-37 -2.88889e-06 4.39501e-36 0)
(6.4882e-06 1.42427e-06 -9.20123e-36 -2.94862e-06 -3.46086e-36 0)
(6.54845e-06 1.34651e-06 1.1927e-21 -2.99622e-06 6.43222e-22 0)
(6.60278e-06 1.26121e-06 4.08024e-21 -3.03347e-06 4.22482e-21 0)
(6.6486e-06 1.17177e-06 -1.42731e-21 -3.06214e-06 -1.79573e-21 0)
(6.68888e-06 1.07999e-06 -2.87191e-21 -3.08403e-06 -3.5971e-21 0)
(6.72372e-06 9.87693e-07 2.81551e-21 -3.10083e-06 2.46183e-21 0)
(6.75471e-06 8.95927e-07 -1.44865e-35 -3.11415e-06 -6.8731e-36 0)
(6.78256e-06 8.05444e-07 2.88862e-21 -3.12542e-06 2.44934e-21 0)
(6.80835e-06 7.16536e-07 1.4616e-21 -3.13584e-06 1.76407e-21 0)
(6.83271e-06 6.29106e-07 1.47653e-21 -3.14631e-06 6.75443e-22 0)
(6.85614e-06 5.42749e-07 -1.47186e-21 -3.15722e-06 -1.72629e-21 0)
(6.87864e-06 4.56417e-07 -1.44633e-21 -3.1684e-06 -2.72585e-21 0)
(6.89957e-06 3.69002e-07 1.48119e-21 -3.1786e-06 1.67675e-21 0)
(6.91762e-06 2.77094e-07 1.48506e-21 -3.18573e-06 1.64664e-21 0)
(6.92928e-06 1.80206e-07 1.03995e-35 -3.1851e-06 7.8957e-36 0)
(6.93273e-06 6.13867e-08 -9.93636e-20 -3.17301e-06 1.67605e-34 2.93078e-49)
(5.78749e-06 1.47412e-06 -7.32028e-36 -2.45739e-06 -7.03507e-36 0)
(5.89456e-06 1.46747e-06 9.61786e-22 -2.5669e-06 5.51057e-22 0)
(6.01425e-06 1.43751e-06 1.05698e-35 -2.65192e-06 5.81836e-36 0)
(6.11194e-06 1.39148e-06 0 -2.72551e-06 0 0)
(6.20864e-06 1.33016e-06 -1.18918e-35 -2.78827e-06 -6.11752e-36 0)
(6.29326e-06 1.25943e-06 -1.22037e-21 -2.84131e-06 -6.09968e-22 0)
(6.37203e-06 1.18104e-06 1.27184e-21 -2.88584e-06 6.19526e-22 0)
(6.44232e-06 1.09826e-06 2.63568e-21 -2.92307e-06 1.25504e-21 0)
(6.50637e-06 1.01274e-06 0 -2.95431e-06 0 0)
(6.56404e-06 9.26203e-07 -1.39422e-21 -2.9808e-06 -6.39913e-22 0)
(6.61652e-06 8.39625e-07 -1.95157e-35 -3.00376e-06 -2.45326e-35 0)
(6.66434e-06 7.53719e-07 -1.45147e-21 -3.02429e-06 -6.49248e-22 0)
(6.70835e-06 6.68773e-07 2.94761e-21 -3.04329e-06 1.30665e-21 0)
(6.74907e-06 5.84774e-07 1.49249e-21 -3.06141e-06 6.57218e-22 0)
(6.78689e-06 5.01484e-07 3.01595e-21 -3.07882e-06 1.32191e-21 0)
(6.82177e-06 4.18248e-07 -1.52071e-21 -3.09507e-06 -6.64445e-22 0)
(6.85281e-06 3.34447e-07 0 -3.1085e-06 0 0)
(6.87861e-06 2.47878e-07 1.57362e-35 -3.11638e-06 6.83739e-36 0)
(6.89432e-06 1.58592e-07 3.61453e-35 -3.11254e-06 2.90191e-35 0)
(6.89816e-06 5.3418e-08 -9.9957e-20 -3.09182e-06 -4.04822e-36 5.89656e-49)
(5.42054e-06 1.32151e-06 -1.16367e-21 -2.30961e-06 -1.49775e-21 0)
(5.54853e-06 1.31647e-06 4.10346e-36 -2.41096e-06 5.41747e-36 0)
(5.68902e-06 1.29085e-06 6.04674e-36 -2.49424e-06 8.19682e-36 0)
(5.81167e-06 1.25048e-06 -1.57502e-36 -2.5691e-06 4.71873e-36 0)
(5.93335e-06 1.19599e-06 1.27376e-21 -2.63583e-06 1.72172e-21 0)
(6.04417e-06 1.13289e-06 -1.29755e-21 -2.69493e-06 -1.74989e-21 0)
(6.14878e-06 1.06261e-06 -1.32001e-21 -2.74705e-06 -1.76925e-21 0)
(6.24457e-06 9.88169e-07 0 -2.79294e-06 0 0)
(6.3331e-06 9.10966e-07 1.35958e-21 -2.8334e-06 1.78616e-21 0)
(6.41397e-06 8.32547e-07 1.37694e-21 -2.86928e-06 1.78553e-21 0)
(6.48802e-06 7.53734e-07 -1.43525e-35 -2.90142e-06 -1.83409e-35 0)
(6.55557e-06 6.75129e-07 -1.40734e-21 -2.93061e-06 -1.76989e-21 0)
(6.61726e-06 5.96951e-07 -1.42058e-21 -2.95751e-06 -1.7561e-21 0)
(6.67354e-06 5.19198e-07 0 -2.98259e-06 0 0)
(6.72472e-06 4.41729e-07 1.44365e-21 -3.00587e-06 1.71907e-21 0)
(6.77083e-06 3.64238e-07 0 -3.02681e-06 0 0)
(6.81094e-06 2.86599e-07 -2.1284e-35 -3.04363e-06 -8.97734e-36 0)
(6.84372e-06 2.07994e-07 1.4692e-21 -3.05327e-06 1.64577e-21 0)
(6.86374e-06 1.29271e-07 2.07098e-35 -3.04867e-06 1.55507e-35 0)
(6.86882e-06 4.25995e-08 -1.00457e-19 -3.02324e-06 -1.69107e-34 2.96302e-49)
(5.04396e-06 1.13065e-06 9.92406e-22 -2.15048e-06 4.61661e-22 0)
(5.19838e-06 1.12546e-06 0 -2.24818e-06 0 0)
(5.36419e-06 1.10277e-06 5.91877e-36 -2.33371e-06 4.50382e-36 0)
(5.51576e-06 1.06778e-06 0 -2.41331e-06 0 0)
(5.66558e-06 1.02056e-06 -2.08886e-36 -2.48685e-06 -2.93281e-36 0)
(5.80514e-06 9.6618e-07 5.1056e-36 -2.55432e-06 -6.2671e-36 0)
(5.93753e-06 9.05633e-07 0 -2.61584e-06 0 0)
(6.06025e-06 8.41555e-07 0 -2.67172e-06 0 0)
(6.17419e-06 7.7505e-07 0 -2.72235e-06 0 0)
(6.27879e-06 7.07399e-07 -9.70625e-36 -2.76821e-06 -8.15195e-36 0)
(6.37453e-06 6.39215e-07 4.59889e-37 -2.80979e-06 -4.00994e-36 0)
(6.46156e-06 5.70929e-07 5.22914e-36 -2.84762e-06 2.10598e-36 0)
(6.54032e-06 5.02634e-07 0 -2.88213e-06 0 0)
(6.61115e-06 4.34265e-07 0 -2.91363e-06 0 0)
(6.67431e-06 3.65698e-07 0 -2.94213e-06 0 0)
(6.72993e-06 2.96858e-07 5.39039e-36 -2.96715e-06 2.19437e-36 0)
(6.77732e-06 2.28057e-07 0 -2.98713e-06 0 0)
(6.81542e-06 1.59824e-07 3.05588e-35 -2.99918e-06 3.04711e-35 0)
(6.83937e-06 9.40617e-08 -5.44695e-36 -2.99643e-06 -2.21603e-36 0)
(6.84634e-06 2.95451e-08 -1.00827e-19 -2.97132e-06 -3.39733e-34 3.07353e-63)
(4.65628e-06 8.87816e-07 -2.04023e-21 -1.99852e-06 -2.86358e-21 0)
(4.84454e-06 8.82008e-07 -1.15995e-22 -2.09617e-06 1.08471e-21 0)
(5.04158e-06 8.62195e-07 -2.51009e-36 -2.18677e-06 1.08312e-36 0)
(5.22709e-06 8.33545e-07 -2.37965e-36 -2.27327e-06 1.35698e-36 0)
(5.40903e-06 7.95336e-07 1.1612e-21 -2.3551e-06 1.69145e-21 0)
(5.58045e-06 7.51916e-07 -2.59736e-21 -2.43183e-06 -2.24426e-21 0)
(5.74297e-06 7.03813e-07 -2.67475e-21 -2.50318e-06 -2.28142e-21 0)
(5.89431e-06 6.5314e-07 0 -2.56909e-06 0 0)
(6.03479e-06 6.00655e-07 1.29554e-21 -2.62961e-06 1.76544e-21 0)
(6.16377e-06 5.47315e-07 -2.08539e-22 -2.68491e-06 1.19036e-21 0)
(6.28143e-06 4.93499e-07 -5.3302e-37 -2.73523e-06 4.09965e-36 0)
(6.38775e-06 4.39448e-07 -2.93699e-21 -2.78082e-06 -2.35134e-21 0)
(6.48298e-06 3.8511e-07 -1.39175e-21 -2.82194e-06 -1.74193e-21 0)
(6.56732e-06 3.30312e-07 -1.58431e-21 -2.85879e-06 -6.1372e-22 0)
(6.64095e-06 2.74858e-07 1.42567e-21 -2.89137e-06 1.70758e-21 0)
(6.70404e-06 2.18704e-07 -1.59309e-21 -2.91939e-06 -6.26729e-22 0)
(6.75624e-06 1.6236e-07 6.13115e-36 -2.94179e-06 -1.20719e-36 0)
(6.79705e-06 1.07191e-07 1.45918e-21 -2.95633e-06 1.64377e-21 0)
(6.82309e-06 5.62682e-08 -2.22317e-35 -2.95743e-06 -8.82167e-36 0)
(6.83157e-06 1.54643e-08 -1.01071e-19 -2.9376e-06 -4.41747e-36 0)
(4.25847e-06 5.97057e-07 -2.66436e-22 -1.8144e-06 1.04748e-21 0)
(4.49015e-06 5.90961e-07 -1.26099e-21 -1.92204e-06 -4.1262e-22 0)
(4.72592e-06 5.75116e-07 3.17982e-22 -2.02623e-06 -1.14448e-21 0)
(4.95144e-06 5.54427e-07 0 -2.12701e-06 0 0)
(5.17028e-06 5.27435e-07 2.55713e-21 -2.22327e-06 2.15093e-21 0)
(5.37712e-06 4.97457e-07 1.15435e-21 -2.31436e-06 1.70545e-21 0)
(5.57245e-06 4.64565e-07 -2.72524e-21 -2.39969e-06 -2.24358e-21 0)
(5.75426e-06 4.30227e-07 -1.23531e-21 -2.47898e-06 -1.7437e-21 0)
(5.92253e-06 3.94847e-07 1.27144e-21 -2.55207e-06 1.75215e-21 0)
(6.07662e-06 3.59024e-07 -8.83821e-36 -2.61892e-06 -1.18876e-35 0)
(6.21654e-06 3.22918e-07 1.61317e-21 -2.67955e-06 5.7524e-22 0)
(6.34217e-06 2.86593e-07 4.6904e-36 -2.73404e-06 6.00947e-36 0)
(6.45354e-06 2.49881e-07 -6.39572e-36 -2.78246e-06 1.86679e-36 0)
(6.55066e-06 2.12514e-07 -1.62704e-21 -2.82484e-06 -6.06431e-22 0)
(6.63343e-06 1.74209e-07 -6.26424e-36 -2.86113e-06 1.63962e-36 0)
(6.70187e-06 1.34811e-07 4.33645e-36 -2.89113e-06 9.4525e-36 0)
(6.75559e-06 9.48067e-08 -1.45028e-21 -2.91429e-06 -1.6611e-21 0)
(6.79481e-06 5.57378e-08 1.61779e-21 -2.92965e-06 6.28931e-22 0)
(6.81807e-06 2.14323e-08 1.61634e-21 -2.93456e-06 6.29986e-22 0)
(6.8255e-06 2.94514e-09 -9.95335e-20 -2.9243e-06 6.27784e-22 0)
(3.85278e-06 2.03813e-07 -2.10025e-21 -1.67264e-06 4.36849e-21 5.25419e-36)
(4.13862e-06 2.01091e-07 -8.88472e-22 -1.79287e-06 -5.44072e-22 -1.39485e-51)
(4.42144e-06 1.9472e-07 -9.49186e-22 -1.91131e-06 -5.687e-21 6.09375e-51)
(4.69305e-06 1.87288e-07 -7.72903e-36 -2.02562e-06 -9.00072e-21 0)
(4.95374e-06 1.77735e-07 1.06346e-21 -2.1351e-06 -1.20151e-20 0)
(5.19954e-06 1.67335e-07 1.11623e-21 -2.23856e-06 -1.63757e-20 -2.66345e-50)
(5.43031e-06 1.56011e-07 -1.16577e-21 -2.33562e-06 -2.38889e-20 6.54214e-50)
(5.64435e-06 1.44289e-07 -1.21172e-21 -2.42574e-06 -2.77219e-20 -2.64109e-64)
(5.84158e-06 1.3227e-07 1.25406e-21 -2.50877e-06 -2.77722e-20 1.30551e-49)
(6.02146e-06 1.2015e-07 -5.48249e-35 -2.58456e-06 -3.27054e-20 9.6466e-50)
(6.18401e-06 1.07955e-07 0 -2.65308e-06 -3.55927e-20 0)
(6.32909e-06 9.5681e-08 7.60355e-35 -2.71428e-06 -3.81651e-20 1.1257e-49)
(6.45659e-06 8.32297e-08 1.63622e-35 -2.76813e-06 -4.04218e-20 2.38452e-49)
(6.56626e-06 7.046e-08 1.15342e-35 -2.81455e-06 -4.23586e-20 2.49878e-49)
(6.65757e-06 5.72141e-08 1.63877e-35 -2.85333e-06 -4.39713e-20 2.59391e-49)
(6.73007e-06 4.33705e-08 2.13373e-35 -2.8843e-06 -4.52414e-20 2.66883e-49)
(6.7827e-06 2.90593e-08 -1.4561e-21 -2.90707e-06 -4.78305e-20 1.36191e-49)
(6.81596e-06 1.48484e-08 -8.02558e-35 -2.92169e-06 -4.67303e-20 0)
(6.82898e-06 2.71583e-09 0 -2.92771e-06 -4.69876e-20 0)
(6.82805e-06 -1.53948e-09 -1.01167e-19 -2.92532e-06 -4.69256e-20 0)
(7.61928e-06 5.66151e-07 2.94726e-21 -8.49616e-08 5.7829e-22 0)
(7.84496e-06 1.00538e-06 -3.93216e-22 -4.21614e-07 -1.28794e-22 0)
(8.26572e-06 1.45488e-06 -2.71857e-21 -9.70988e-07 -1.5174e-21 0)
(8.7483e-06 1.72356e-06 3.33921e-22 -1.65099e-06 2.30333e-22 0)
(9.25501e-06 1.81914e-06 -9.66805e-22 -2.38674e-06 -6.72745e-22 0)
(9.71101e-06 1.72706e-06 1.02173e-21 -3.11276e-06 1.11922e-21 0)
(1.00763e-05 1.46373e-06 3.46407e-21 -3.77494e-06 2.47155e-21 0)
(1.03123e-05 1.05284e-06 -1.57748e-21 -4.32937e-06 -1.16925e-21 0)
(1.04069e-05 5.3756e-07 -2.3289e-21 -4.75261e-06 -1.79926e-21 0)
(1.03311e-05 -5.25937e-08 0 -4.97443e-06 0 0)
(7.2168e-06 5.08574e-07 9.10645e-23 -9.09239e-08 2.661e-23 0)
(7.4324e-06 9.15443e-07 3.47554e-21 -4.04574e-07 1.34166e-21 0)
(7.82295e-06 1.35859e-06 3.74662e-21 -8.91305e-07 2.07022e-21 0)
(8.27868e-06 1.66122e-06 3.48215e-21 -1.49481e-06 2.32946e-21 0)
(8.7772e-06 1.82532e-06 -8.57973e-22 -2.15759e-06 -6.09225e-22 0)
(9.25407e-06 1.82893e-06 -4.34177e-21 -2.8269e-06 -3.57604e-21 0)
(9.67376e-06 1.6804e-06 -3.78029e-21 -3.45739e-06 -2.71524e-21 0)
(9.99192e-06 1.39033e-06 5.62162e-21 -4.00654e-06 4.42057e-21 0)
(1.01848e-05 9.95225e-07 -1.61567e-21 -4.45894e-06 -1.04743e-21 0)
(1.02019e-05 4.22756e-07 2.60615e-21 -4.77209e-06 2.08186e-21 0)
(6.85533e-06 4.47052e-07 -1.65232e-22 -1.0126e-07 -5.86225e-23 0)
(7.06443e-06 8.28363e-07 -3.03439e-21 -4.07087e-07 -1.13319e-21 0)
(7.42614e-06 1.26083e-06 -3.11062e-21 -8.54374e-07 -1.67258e-21 0)
(7.84494e-06 1.58013e-06 4.3655e-21 -1.40293e-06 2.87845e-21 0)
(8.30994e-06 1.78518e-06 3.89301e-21 -2.00846e-06 2.92595e-21 0)
(8.76663e-06 1.84938e-06 4.18031e-21 -2.62936e-06 3.4189e-21 0)
(9.1886e-06 1.77716e-06 -2.1491e-23 -3.22954e-06 3.24186e-24 0)
(9.5429e-06 1.57236e-06 -3.35378e-21 -3.77217e-06 -3.11882e-21 0)
(9.80831e-06 1.28409e-06 -5.42526e-24 -4.23942e-06 8.68711e-24 0)
(9.9673e-06 8.23658e-07 8.59626e-22 -4.59516e-06 2.52533e-22 0)
(6.52519e-06 3.78575e-07 0 -1.12749e-07 0 0)
(6.7329e-06 7.37871e-07 9.96054e-22 -4.15155e-07 2.84101e-22 0)
(7.07467e-06 1.15985e-06 -1.1166e-21 -8.28237e-07 -7.31769e-22 0)
(7.46496e-06 1.49243e-06 -2.95349e-21 -1.32457e-06 -2.04087e-21 0)
(7.90273e-06 1.73437e-06 2.17792e-21 -1.8707e-06 1.64617e-21 0)
(8.34119e-06 1.85635e-06 -3.24854e-21 -2.43461e-06 -2.63093e-21 0)
(8.75753e-06 1.85851e-06 -1.2771e-21 -2.98806e-06 -1.30372e-21 0)
(9.1256e-06 1.73324e-06 3.76626e-21 -3.50266e-06 3.2219e-21 0)
(9.41401e-06 1.52345e-06 -1.62198e-23 -3.96289e-06 5.50489e-24 0)
(9.65124e-06 1.14414e-06 5.15383e-21 -4.35492e-06 4.46028e-21 0)
(6.21578e-06 3.01974e-07 1.12493e-21 -1.24328e-07 1.52769e-22 0)
(6.42419e-06 6.41588e-07 1.58697e-21 -4.29474e-07 6.09687e-22 0)
(6.7496e-06 1.05049e-06 0 -8.20133e-07 0 0)
(7.11287e-06 1.38713e-06 -1.81194e-21 -1.27753e-06 -1.20558e-21 0)
(7.52112e-06 1.6509e-06 -1.42668e-21 -1.77656e-06 -1.04808e-21 0)
(7.93549e-06 1.81201e-06 7.5821e-22 -2.29323e-06 6.25851e-22 0)
(8.33763e-06 1.86998e-06 -1.78404e-21 -2.80499e-06 -1.46843e-21 0)
(8.71209e-06 1.81394e-06 -1.26274e-21 -3.28961e-06 -8.95007e-22 0)
(9.01427e-06 1.68068e-06 -1.14358e-21 -3.72682e-06 -8.8086e-22 0)
(9.30118e-06 1.39807e-06 -5.71134e-21 -4.11164e-06 -4.4724e-21 0)
(5.92467e-06 2.18772e-07 -2.15568e-21 -1.35603e-07 -2.42254e-22 0)
(6.13615e-06 5.42982e-07 1.32838e-21 -4.45789e-07 4.59106e-22 0)
(6.4502e-06 9.41245e-07 3.89287e-21 -8.18613e-07 1.8941e-21 0)
(6.79149e-06 1.2808e-06 -1.27684e-21 -1.24177e-06 -7.82162e-22 0)
(7.17336e-06 1.56194e-06 -1.93881e-21 -1.69658e-06 -1.46597e-21 0)
(7.56307e-06 1.75481e-06 1.3923e-21 -2.16603e-06 1.18236e-21 0)
(7.94449e-06 1.85714e-06 1.59468e-21 -2.633e-06 1.36679e-21 0)
(8.31255e-06 1.85607e-06 7.78227e-22 -3.08321e-06 7.36962e-22 0)
(8.61371e-06 1.77933e-06 3.07276e-21 -3.49615e-06 2.473e-21 0)
(8.92695e-06 1.57966e-06 -2.11554e-21 -3.86839e-06 -1.88831e-21 0)
(5.64533e-06 1.27741e-07 0 -1.46631e-07 0 0)
(5.8611e-06 4.39259e-07 -5.68752e-22 -4.64645e-07 -3.97892e-22 0)
(6.16674e-06 8.27642e-07 1.45662e-21 -8.2595e-07 7.47916e-22 0)
(6.48921e-06 1.16741e-06 1.21962e-21 -1.22279e-06 7.21419e-22 0)
(6.8471e-06 1.4599e-06 -3.9561e-21 -1.64141e-06 -2.82462e-21 0)
(7.21313e-06 1.6764e-06 -1.38547e-21 -2.07029e-06 -1.10413e-21 0)
(7.57309e-06 1.81376e-06 3.80221e-21 -2.49605e-06 3.26381e-21 0)
(7.93027e-06 1.86005e-06 -2.45324e-21 -2.90982e-06 -2.22155e-21 0)
(8.22464e-06 1.83234e-06 1.10941e-21 -3.29183e-06 7.68227e-22 0)
(8.54556e-06 1.70523e-06 6.73948e-21 -3.63758e-06 6.00013e-21 0)
(5.37546e-06 2.9959e-08 9.25488e-22 -1.57043e-07 6.39124e-24 0)
(5.59653e-06 3.32055e-07 -1.8684e-22 -4.84017e-07 -1.41361e-22 0)
(5.89653e-06 7.13066e-07 6.03419e-24 -8.37006e-07 6.56396e-24 0)
(6.20329e-06 1.0531e-06 3.98459e-22 -1.21152e-06 3.36205e-22 0)
(6.53976e-06 1.35414e-06 -2.28184e-21 -1.59788e-06 -1.77409e-21 0)
(6.88303e-06 1.58881e-06 1.34593e-22 -1.98931e-06 1.01182e-24 0)
(7.22074e-06 1.75275e-06 -1.54764e-23 -2.37631e-06 -1.38551e-23 0)
(7.56265e-06 1.83634e-06 -4.7149e-21 -2.75462e-06 -4.249e-21 0)
(7.84687e-06 1.84763e-06 -4.31586e-21 -3.10684e-06 -3.63679e-21 0)
(8.16488e-06 1.78079e-06 2.64347e-21 -3.42388e-06 2.53647e-21 0)
(5.11132e-06 -7.50538e-08 1.22343e-22 -1.67169e-07 9.27624e-23 0)
(5.33832e-06 2.20197e-07 -4.58851e-22 -5.04428e-07 2.28178e-22 0)
(5.63458e-06 5.95824e-07 -1.05498e-21 -8.52548e-07 -4.11066e-22 0)
(5.92798e-06 9.36091e-07 3.40303e-21 -1.2092e-06 1.89405e-21 0)
(6.24546e-06 1.2434e-06 9.53507e-22 -1.5681e-06 8.4188e-22 0)
(6.56765e-06 1.49208e-06 -4.47332e-21 -1.92628e-06 -3.58976e-21 0)
(6.88428e-06 1.67679e-06 3.4331e-21 -2.27756e-06 3.00554e-21 0)
(7.2091e-06 1.79067e-06 2.25983e-21 -2.62083e-06 2.1468e-21 0)
(7.48148e-06 1.83419e-06 -4.15331e-21 -2.9423e-06 -3.51437e-21 0)
(7.78964e-06 1.81612e-06 -7.83044e-21 -3.22872e-06 -7.09209e-21 0)
(4.85085e-06 -1.8676e-07 1.80152e-22 -1.76921e-07 1.46523e-22 0)
(5.0842e-06 1.04289e-07 2.42869e-21 -5.25151e-07 7.49817e-22 0)
(5.37807e-06 4.77076e-07 2.76074e-21 -8.70456e-07 8.57189e-22 0)
(5.65976e-06 8.1841e-07 -2.18831e-21 -1.21182e-06 -1.1785e-21 0)
(5.96003e-06 1.13067e-06 2.4439e-21 -1.54621e-06 2.18713e-21 0)
(6.26238e-06 1.38992e-06 1.09717e-21 -1.87403e-06 9.75997e-22 0)
(6.55909e-06 1.59012e-06 2.75403e-21 -2.19249e-06 2.3861e-21 0)
(6.86605e-06 1.72733e-06 7.87475e-21 -2.50275e-06 7.19655e-21 0)
(7.1263e-06 1.79673e-06 2.35643e-21 -2.79477e-06 1.98283e-21 0)
(7.42136e-06 1.81741e-06 -2.58192e-21 -3.05163e-06 -2.65103e-21 0)
(4.59178e-06 -3.05371e-07 -2.9668e-22 -1.86618e-07 -2.56362e-22 0)
(4.83172e-06 -1.59814e-08 2.20932e-21 -5.46669e-07 -1.2977e-22 0)
(5.12396e-06 3.56524e-07 1.6527e-21 -8.90916e-07 3.83166e-22 0)
(5.39476e-06 6.99946e-07 -2.74362e-21 -1.21894e-06 -1.26598e-21 0)
(5.67904e-06 1.01626e-06 -3.16494e-21 -1.53114e-06 -2.32054e-21 0)
(5.9627e-06 1.2834e-06 4.0917e-21 -1.83096e-06 3.37536e-21 0)
(6.24092e-06 1.49499e-06 2.54658e-21 -2.11887e-06 2.2159e-21 0)
(6.53018e-06 1.64976e-06 2.11975e-21 -2.39774e-06 1.79938e-21 0)
(6.77859e-06 1.73956e-06 2.28855e-21 -2.66117e-06 1.88927e-21 0)
(7.0594e-06 1.79015e-06 -8.41303e-27 -2.89008e-06 -6.74161e-27 0)
(4.33265e-06 -4.30666e-07 -1.74478e-21 -1.9648e-07 1.39479e-22 0)
(4.57932e-06 -1.39951e-07 -2.2387e-21 -5.69224e-07 -5.89578e-22 0)
(4.86989e-06 2.35196e-07 -9.32555e-22 -9.13434e-07 -2.81008e-22 0)
(5.1296e-06 5.81989e-07 -9.88583e-22 -1.22886e-06 -4.85885e-22 0)
(5.39819e-06 9.0155e-07 -3.5568e-21 -1.51997e-06 -2.66793e-21 0)
(5.66379e-06 1.17387e-06 -2.26828e-21 -1.79328e-06 -1.77303e-21 0)
(5.92476e-06 1.39285e-06 1.83429e-21 -2.05254e-06 1.62778e-21 0)
(6.19711e-06 1.55972e-06 1.90897e-21 -2.30193e-06 1.88423e-21 0)
(6.43464e-06 1.6647e-06 3.50893e-21 -2.53823e-06 3.59196e-21 0)
(6.70159e-06 1.73753e-06 6.4183e-22 -2.7414e-06 7.7795e-22 0)
(4.07277e-06 -5.62842e-07 9.44318e-22 -2.07456e-07 -4.61601e-24 0)
(4.32595e-06 -2.67074e-07 9.88622e-22 -5.93773e-07 1.73571e-22 0)
(4.61349e-06 1.13981e-07 -6.12786e-22 -9.37908e-07 2.5558e-23 0)
(4.86058e-06 4.65538e-07 9.46649e-24 -1.2399e-06 8.21762e-24 0)
(5.11273e-06 7.87398e-07 -2.52432e-21 -1.50965e-06 -1.7503e-21 0)
(5.36046e-06 1.06215e-06 -1.07317e-21 -1.75696e-06 -9.09769e-22 0)
(5.60531e-06 1.28457e-06 1.55117e-21 -1.98877e-06 1.5188e-21 0)
(5.86202e-06 1.45838e-06 7.97215e-28 -2.21033e-06 6.28945e-28 0)
(6.09014e-06 1.57343e-06 1.57629e-27 -2.42097e-06 1.2e-27 0)
(6.34483e-06 1.66157e-06 9.24095e-22 -2.60087e-06 2.13916e-22 0)
(3.81245e-06 -7.01974e-07 0 -2.20808e-07 0 0)
(4.07128e-06 -3.951e-07 1.6734e-22 -6.22015e-07 1.70592e-22 0)
(4.35251e-06 -4.21702e-09 2.73082e-22 -9.65133e-07 2.66992e-22 0)
(4.58376e-06 3.53145e-07 9.00149e-22 -1.25162e-06 4.09401e-22 0)
(4.81746e-06 6.7533e-07 4.64943e-22 -1.49858e-06 4.02181e-22 0)
(5.04695e-06 9.48739e-07 1.49378e-23 -1.71968e-06 1.21244e-23 0)
(5.27669e-06 1.1699e-06 6.30388e-22 -1.92485e-06 4.88717e-22 0)
(5.51946e-06 1.34511e-06 -1.17013e-21 -2.1202e-06 -1.15429e-21 0)
(5.74025e-06 1.46487e-06 -1.53509e-21 -2.30687e-06 -1.09435e-21 0)
(5.98514e-06 1.56188e-06 2.15096e-21 -2.46607e-06 2.02531e-21 0)
(3.55491e-06 -8.48614e-07 0 -2.40792e-07 0 0)
(3.81663e-06 -5.2158e-07 0 -6.56648e-07 0 0)
(4.08407e-06 -1.16385e-07 -8.07617e-22 -9.93699e-07 -8.20891e-22 0)
(4.29346e-06 2.472e-07 0 -1.25875e-06 0 0)
(4.50516e-06 5.66654e-07 -2.77795e-21 -1.47907e-06 -1.9809e-21 0)
(4.71582e-06 8.3389e-07 1.19168e-21 -1.67258e-06 9.2307e-22 0)
(4.93177e-06 1.04831e-06 3.75028e-21 -1.85161e-06 3.36287e-21 0)
(5.16314e-06 1.219e-06 2.59048e-21 -2.02254e-06 2.8824e-21 0)
(5.37963e-06 1.33779e-06 -1.2424e-21 -2.18752e-06 -1.32019e-21 0)
(5.61836e-06 1.43738e-06 -4.60023e-21 -2.32917e-06 -4.71046e-21 0)
(3.30581e-06 -1.00269e-06 -5.24705e-23 -2.71963e-07 -7.34073e-23 0)
(3.56398e-06 -6.36884e-07 2.06118e-21 -7.0249e-07 -4.27472e-22 0)
(3.80428e-06 -2.12755e-07 5.05749e-22 -1.02603e-06 5.50883e-22 0)
(3.98282e-06 1.54065e-07 2.09022e-23 -1.26291e-06 1.65237e-23 0)
(4.16767e-06 4.63725e-07 -1.7054e-21 -1.45219e-06 -1.12325e-21 0)
(4.35883e-06 7.16777e-07 -3.83285e-21 -1.6168e-06 -3.08163e-21 0)
(4.56293e-06 9.16797e-07 4.24714e-21 -1.77035e-06 3.7083e-21 0)
(4.78635e-06 1.07575e-06 7.56449e-22 -1.91894e-06 4.68529e-22 0)
(5.00271e-06 1.18711e-06 2.52122e-21 -2.06481e-06 1.48915e-21 0)
(5.23993e-06 1.28288e-06 1.16762e-21 -2.19216e-06 1.36153e-21 0)
(3.08365e-06 -1.16223e-06 -5.94137e-22 -3.35123e-07 4.19671e-22 0)
(3.31908e-06 -7.32679e-07 -1.92467e-21 -7.67264e-07 5.92474e-22 0)
(3.50416e-06 -2.8641e-07 7.34302e-22 -1.05242e-06 8.68814e-22 0)
(3.6377e-06 7.66245e-08 3.08282e-22 -1.24398e-06 -4.36037e-22 0)
(3.79059e-06 3.66869e-07 1.51906e-21 -1.39431e-06 1.14435e-21 0)
(3.96345e-06 5.95678e-07 -2.88743e-21 -1.52839e-06 -2.26827e-21 0)
(4.15993e-06 7.72578e-07 2.43858e-23 -1.6585e-06 1.79055e-23 0)
(4.38112e-06 9.12035e-07 2.676e-21 -1.78861e-06 2.56087e-21 0)
(4.60356e-06 1.00934e-06 -8.89179e-22 -1.92012e-06 -4.57685e-22 0)
(4.8459e-06 1.09493e-06 -9.31453e-22 -2.03858e-06 -4.54018e-22 0)
(2.91547e-06 -1.30589e-06 3.77405e-30 -4.43546e-07 -5.62172e-30 0)
(3.08193e-06 -7.64679e-07 1.48624e-22 -8.5737e-07 4.64187e-22 0)
(3.17026e-06 -3.06142e-07 8.25118e-22 -1.07747e-06 -1.39457e-21 0)
(3.24209e-06 2.79986e-08 -3.76042e-22 -1.21311e-06 -3.41507e-22 0)
(3.35984e-06 2.76328e-07 -2.00776e-21 -1.32088e-06 -1.47236e-21 0)
(3.5179e-06 4.6359e-07 0 -1.42589e-06 0 0)
(3.71365e-06 6.04646e-07 -1.58251e-21 -1.53615e-06 -8.09359e-22 0)
(3.94055e-06 7.14751e-07 8.37602e-22 -1.65234e-06 1.033e-21 0)
(4.17731e-06 7.9044e-07 1.79726e-21 -1.77403e-06 2.33548e-21 0)
(4.43296e-06 8.59045e-07 -9.75233e-22 -1.88825e-06 -1.37656e-21 0)
(2.91338e-06 -1.37267e-06 -1.89128e-21 -7.07935e-07 2.19437e-21 0)
(2.8341e-06 -7.14762e-07 1.11854e-21 -9.71422e-07 -8.44461e-22 0)
(2.75521e-06 -2.67322e-07 1.61096e-21 -1.04219e-06 -1.25725e-23 0)
(2.7518e-06 2.82859e-09 -5.73655e-22 -1.09035e-06 1.48748e-22 0)
(2.84364e-06 1.87625e-07 -1.10917e-21 -1.15431e-06 -7.8894e-22 0)
(3.00113e-06 3.17067e-07 -7.16423e-22 -1.23733e-06 -3.37163e-22 0)
(3.21035e-06 4.11422e-07 0 -1.33815e-06 0 0)
(3.45653e-06 4.8399e-07 -9.74085e-22 -1.45134e-06 -3.69523e-22 0)
(3.71957e-06 5.32199e-07 1.05861e-21 -1.57419e-06 3.78048e-22 0)
(3.99945e-06 5.78139e-07 -6.14371e-27 -1.69504e-06 -2.0879e-27 0)
(3.23348e-06 -7.92904e-07 1.24531e-22 -1.14852e-06 1.69296e-20 -6.05271e-35)
(2.48128e-06 -3.22116e-07 1.8622e-21 -1.04837e-06 1.68738e-20 6.08052e-35)
(2.21951e-06 -1.06035e-07 7.51595e-24 -9.70231e-07 1.89051e-20 -5.92417e-35)
(2.13886e-06 -2.82274e-09 1.10175e-21 -9.46438e-07 1.84134e-20 -1.8987e-35)
(2.22738e-06 6.34077e-08 2.49077e-22 -9.85833e-07 1.79022e-20 1.86834e-35)
(2.40239e-06 1.07666e-07 -8.39864e-22 -1.0606e-06 1.65943e-20 1.76209e-35)
(2.6428e-06 1.3959e-07 4.54881e-22 -1.16235e-06 1.73635e-20 -2.5617e-38)
(2.92442e-06 1.64308e-07 -6.55242e-22 -1.28078e-06 1.68695e-20 1.63386e-35)
(3.228e-06 1.80428e-07 1.06512e-21 -1.40986e-06 1.79441e-20 6.19753e-38)
(3.54562e-06 1.96976e-07 -1.62111e-21 -1.54236e-06 1.20902e-20 2.03061e-35)
)
;

boundaryField
{
    left
    {
        type            calculated;
        value           nonuniform List<symmTensor> 
30
(
(7.58157e-06 2.42704e-07 2.94726e-21 -8.49616e-08 5.7829e-22 0)
(7.17651e-06 2.15777e-07 9.10645e-23 -9.09239e-08 2.661e-23 0)
(6.81214e-06 1.79902e-07 -1.65232e-22 -1.0126e-07 -5.86225e-23 0)
(6.47838e-06 1.31397e-07 0 -1.12749e-07 0 0)
(6.16525e-06 7.07826e-08 1.12493e-21 -1.24328e-07 1.52769e-22 0)
(5.87032e-06 -2.50429e-11 -2.15568e-21 -1.35603e-07 -2.42254e-22 0)
(5.5872e-06 -8.15696e-08 0 -1.46631e-07 0 0)
(5.31364e-06 -1.72288e-07 9.25488e-22 -1.57043e-07 6.39124e-24 0)
(5.04585e-06 -2.72297e-07 1.22343e-22 -1.67169e-07 9.27624e-23 0)
(4.78182e-06 -3.80741e-07 1.80152e-22 -1.76921e-07 1.46523e-22 0)
(4.51921e-06 -4.97637e-07 -2.9668e-22 -1.86618e-07 -2.56362e-22 0)
(4.25646e-06 -6.2261e-07 -1.74478e-21 -1.9648e-07 1.39479e-22 0)
(3.99259e-06 -7.5581e-07 9.44318e-22 -2.07456e-07 -4.61601e-24 0)
(3.72755e-06 -8.97804e-07 0 -2.20808e-07 0 0)
(3.46389e-06 -1.04979e-06 0 -2.40792e-07 0 0)
(3.20708e-06 -1.21569e-06 -5.24705e-23 -2.71963e-07 -7.34073e-23 0)
(2.97773e-06 -1.39721e-06 -5.94137e-22 -3.35123e-07 4.19671e-22 0)
(2.8201e-06 -1.59627e-06 3.77405e-30 -4.43546e-07 -5.62172e-30 0)
(2.94973e-06 -1.76739e-06 -1.89128e-21 -7.07935e-07 2.19437e-21 0)
(3.82743e-06 -1.48319e-06 6.9732e-23 -1.14852e-06 1.69296e-20 -6.05271e-35)
(2.86283e-05 5.10749e-06 8.36365e-21 -8.43578e-06 -6.22315e-19 -2.71137e-33)
(1.95609e-05 3.08275e-06 -1.15315e-21 -3.59975e-06 -1.82583e-21 0)
(1.57059e-05 1.1966e-06 5.08051e-21 -1.68927e-06 2.17431e-21 0)
(1.34761e-05 5.55715e-07 2.6045e-22 -7.47051e-07 3.45951e-22 0)
(1.19327e-05 2.72627e-07 9.06132e-27 -3.82843e-07 8.79349e-27 0)
(1.07831e-05 2.08773e-07 4.85363e-21 -1.93731e-07 8.7925e-22 0)
(9.88635e-06 2.0206e-07 7.61568e-23 -1.15546e-07 2.36346e-23 0)
(9.15829e-06 2.23565e-07 3.71848e-21 -8.17799e-08 7.05812e-22 0)
(8.555e-06 2.36568e-07 -4.16188e-23 -7.11209e-08 -3.36149e-24 0)
(8.02683e-06 2.53167e-07 -6.2626e-23 -7.54012e-08 -1.30725e-23 0)
)
;
    }
    right
    {
        type            calculated;
        value           nonuniform List<symmTensor> 
30
(
(6.82567e-06 1.11187e-09 -2.11418e-19 -2.92386e-06 -5.50278e-20 2.62872e-34)
(6.82477e-06 1.10996e-09 -2.03504e-19 -2.92175e-06 1.86088e-21 -2.24323e-34)
(6.83343e-06 1.12402e-09 -2.0219e-19 -2.94194e-06 -1.43522e-21 -1.66789e-37)
(6.85577e-06 1.15657e-09 -2.10314e-19 -2.99399e-06 -9.76533e-21 3.21066e-34)
(6.88917e-06 1.20609e-09 -1.96268e-19 -3.0718e-06 3.71252e-21 -3.14678e-34)
(6.9314e-06 1.2686e-09 -1.95346e-19 -3.17022e-06 -1.19931e-21 2.24848e-36)
(6.97872e-06 1.33997e-09 -1.95348e-19 -3.28046e-06 -1.90128e-21 9.0753e-37)
(7.0277e-06 1.41211e-09 -1.90254e-19 -3.39459e-06 -4.46351e-22 2.37255e-36)
(7.075e-06 1.48287e-09 -1.98692e-19 -3.50482e-06 -6.90923e-21 1.76499e-34)
(7.11755e-06 1.54579e-09 -1.95536e-19 -3.60396e-06 -3.06911e-21 7.37391e-37)
(7.15249e-06 1.59835e-09 -1.91113e-19 -3.68536e-06 -5.17672e-22 -8.49831e-37)
(7.17847e-06 1.63666e-09 -1.90189e-19 -3.74591e-06 -1.47476e-35 5.604e-49)
(7.19608e-06 1.66258e-09 -1.91342e-19 -3.78693e-06 -8.12971e-22 4.19024e-49)
(7.20564e-06 1.67733e-09 -1.91016e-19 -3.80922e-06 -8.17755e-22 0)
(7.20563e-06 1.67798e-09 -1.86006e-19 -3.80918e-06 1.6355e-21 0)
(7.19669e-06 1.66427e-09 -1.89692e-19 -3.78837e-06 -1.71203e-34 2.79468e-49)
(7.18023e-06 1.63929e-09 -1.90295e-19 -3.74999e-06 -1.67442e-35 5.60713e-49)
(7.15619e-06 1.60322e-09 -1.89564e-19 -3.69398e-06 7.93017e-22 -4.68287e-64)
(7.12596e-06 1.558e-09 -1.93793e-19 -3.62355e-06 -7.77896e-22 4.24797e-49)
(7.09073e-06 1.50691e-09 -1.93459e-19 -3.54147e-06 -1.74005e-34 2.85019e-49)
(7.05207e-06 1.44925e-09 -1.94807e-19 -3.45139e-06 -5.10499e-36 0)
(7.01163e-06 1.3884e-09 -1.96209e-19 -3.35714e-06 -4.9656e-36 0)
(6.97119e-06 1.32823e-09 -1.97603e-19 -3.26293e-06 -2.41312e-36 0)
(6.9326e-06 1.27046e-09 -1.98929e-19 -3.17301e-06 1.67605e-34 2.93078e-49)
(6.89776e-06 1.21905e-09 -2.00117e-19 -3.09182e-06 -4.04822e-36 5.89656e-49)
(6.86832e-06 1.17518e-09 -2.01117e-19 -3.02324e-06 -1.69107e-34 2.96302e-49)
(6.84604e-06 1.14233e-09 -2.01859e-19 -2.97132e-06 -3.39733e-34 3.07353e-63)
(6.83157e-06 1.12005e-09 -2.02347e-19 -2.9376e-06 -4.41747e-36 0)
(6.82586e-06 1.11208e-09 -2.00889e-19 -2.9243e-06 6.27784e-22 0)
(6.8263e-06 1.11277e-09 -2.0254e-19 -2.92532e-06 -4.69256e-20 0)
)
;
    }
    down
    {
        type            calculated;
        value           nonuniform List<symmTensor> 
30
(
(-2.73597e-08 1.77874e-09 3.30918e-20 1.02034e-08 4.28402e-20 1.83454e-34)
(3.14749e-08 1.73043e-09 -2.77952e-22 -1.49908e-08 3.96461e-20 1.40412e-36)
(3.19087e-07 1.49098e-09 -3.5494e-21 -1.38148e-07 2.87939e-20 1.76427e-35)
(7.71871e-07 1.11279e-09 -1.97652e-24 -3.32032e-07 3.27615e-20 0)
(1.29313e-06 6.75812e-10 -4.75459e-22 -5.55241e-07 2.71763e-20 -1.43356e-36)
(1.83784e-06 2.21207e-10 -4.86831e-21 -7.88486e-07 3.23408e-20 3.00928e-35)
(2.36988e-06 -2.2266e-10 1.09606e-21 -1.01631e-06 3.81466e-20 1.44218e-36)
(2.87711e-06 -6.46149e-10 -3.23143e-21 -1.23351e-06 3.4766e-20 2.74736e-35)
(3.3426e-06 -9.24081e-10 2.61529e-21 -1.43287e-06 3.31459e-20 -1.09595e-35)
(3.77408e-06 -6.7138e-10 5.01107e-21 -1.61785e-06 1.64535e-20 -1.65198e-35)
(4.16261e-06 -4.44107e-10 3.90681e-21 -1.78441e-06 6.12692e-21 -4.65424e-37)
(4.50113e-06 -2.46184e-10 2.84519e-21 -1.92954e-06 -9.69995e-21 7.53046e-36)
(4.81207e-06 -6.39878e-11 -2.93808e-21 -2.06284e-06 -2.73759e-20 8.98518e-36)
(5.09165e-06 9.93871e-11 -2.00046e-21 -2.18269e-06 -3.36456e-20 5.76006e-37)
(5.34384e-06 2.46523e-10 -5.14389e-21 -2.29081e-06 -4.20801e-20 -4.39685e-35)
(5.5698e-06 3.79222e-10 -8.04571e-22 -2.38768e-06 -4.86441e-20 0)
(5.77235e-06 4.97429e-10 -8.7184e-22 -2.47451e-06 -5.58745e-20 0)
(5.95287e-06 6.02376e-10 7.44445e-22 -2.5519e-06 -6.02869e-20 -8.7884e-37)
(6.11351e-06 6.96343e-10 5.41038e-22 -2.62077e-06 -6.75239e-20 2.51043e-35)
(6.25546e-06 7.79522e-10 2.55211e-21 -2.68162e-06 -6.90312e-20 -1.75127e-36)
(6.38017e-06 8.51904e-10 3.55177e-21 -2.73508e-06 -7.59324e-20 8.6796e-35)
(6.4885e-06 9.15562e-10 -2.37584e-21 -2.78153e-06 -8.20884e-20 -3.05425e-35)
(6.58123e-06 9.69536e-10 3.6997e-21 -2.82128e-06 -8.31208e-20 9.58812e-35)
(6.65883e-06 1.01522e-09 -6.32892e-21 -2.85455e-06 -9.40689e-20 1.98939e-36)
(6.72152e-06 1.05177e-09 -3.59527e-22 -2.88142e-06 -8.83338e-20 -3.48065e-35)
(6.76965e-06 1.08025e-09 -6.14745e-22 -2.90205e-06 -9.16593e-20 8.40171e-45)
(6.80306e-06 1.09957e-09 -2.41998e-21 -2.91638e-06 -9.50893e-20 3.842e-37)
(6.82301e-06 1.11143e-09 1.46784e-21 -2.92493e-06 -9.13861e-20 -2.77906e-37)
(6.8294e-06 1.11469e-09 6.04676e-22 -2.92767e-06 -9.66217e-20 1.09844e-34)
(6.8272e-06 1.11423e-09 -1.10184e-19 -2.92672e-06 -1.01651e-19 2.62872e-34)
)
;
    }
    up
    {
        type            calculated;
        value           nonuniform List<symmTensor> 
30
(
(3.23348e-06 -9.43804e-10 1.24531e-22 -1.38611e-06 3.51772e-20 -6.05271e-35)
(2.48128e-06 -3.15257e-10 1.8622e-21 -1.06401e-06 3.52386e-20 6.08052e-35)
(2.21951e-06 -9.70411e-11 7.51595e-24 -9.5192e-07 3.70387e-20 -5.92417e-35)
(2.13886e-06 -2.91781e-11 1.10175e-21 -9.17387e-07 3.63403e-20 -1.8987e-35)
(2.22738e-06 -1.03536e-10 2.49077e-22 -9.55292e-07 3.56298e-20 1.86834e-35)
(2.40239e-06 -2.50079e-10 -8.39864e-22 -1.03023e-06 3.41358e-20 1.76209e-35)
(2.6428e-06 -4.49805e-10 4.54881e-22 -1.13317e-06 3.47333e-20 -2.5617e-38)
(2.92442e-06 -6.85826e-10 -6.55242e-22 -1.25377e-06 3.40825e-20 1.63386e-35)
(3.228e-06 -9.3926e-10 1.06512e-21 -1.38376e-06 3.48137e-20 6.19753e-38)
(3.54562e-06 -8.04936e-10 -1.62111e-21 -1.51991e-06 2.37424e-20 2.03061e-35)
(3.85278e-06 -6.24348e-10 -2.10025e-21 -1.65159e-06 1.04715e-20 5.25419e-36)
(4.13862e-06 -4.5797e-10 -8.88472e-22 -1.77413e-06 4.06427e-22 -1.39485e-51)
(4.42144e-06 -2.92352e-10 -9.49186e-22 -1.89537e-06 -9.82442e-21 6.09375e-51)
(4.69305e-06 -1.33976e-10 -7.72903e-36 -2.01181e-06 -1.80166e-20 0)
(4.95374e-06 1.98745e-11 1.06346e-21 -2.12357e-06 -2.5706e-20 0)
(5.19954e-06 1.62429e-10 1.11623e-21 -2.22895e-06 -3.44691e-20 -2.66345e-50)
(5.43031e-06 2.97398e-10 -1.16577e-21 -2.32788e-06 -4.61105e-20 6.54214e-50)
(5.64435e-06 4.21925e-10 -1.21172e-21 -2.41964e-06 -5.37675e-20 -2.64109e-64)
(5.84158e-06 5.37891e-10 1.25406e-21 -2.50419e-06 -5.7336e-20 1.30551e-49)
(6.02146e-06 6.42788e-10 -5.48249e-35 -2.5813e-06 -6.54734e-20 9.6466e-50)
(6.18401e-06 7.3761e-10 0 -2.65099e-06 -7.12539e-20 0)
(6.32909e-06 8.22977e-10 7.60355e-35 -2.71319e-06 -7.6404e-20 1.1257e-49)
(6.45659e-06 8.97113e-10 1.63622e-35 -2.76785e-06 -8.09219e-20 2.38452e-49)
(6.56626e-06 9.6062e-10 1.15342e-35 -2.81486e-06 -8.47994e-20 2.49878e-49)
(6.65757e-06 1.01432e-09 1.63877e-35 -2.85401e-06 -8.8028e-20 2.59391e-49)
(6.73007e-06 1.057e-09 2.13373e-35 -2.88509e-06 -9.05709e-20 2.66883e-49)
(6.7827e-06 1.08761e-09 -1.4561e-21 -2.90765e-06 -9.40939e-20 1.36191e-49)
(6.81596e-06 1.10742e-09 -8.02558e-35 -2.92191e-06 -9.35517e-20 0)
(6.82898e-06 1.11427e-09 0 -2.92749e-06 -9.40668e-20 0)
(6.82805e-06 1.11375e-09 -1.01167e-19 -2.92709e-06 -9.39427e-20 0)
)
;
    }
    hole
    {
        type            calculated;
        value           nonuniform List<symmTensor> 
20
(
(4.03502e-06 -8.72535e-06 1.12132e-18 2.86935e-06 1.22682e-18 1.67029e-33)
(6.14251e-06 -1.01487e-05 1.05379e-18 2.01162e-06 1.35318e-18 9.12201e-35)
(8.66772e-06 -1.10353e-05 1.03303e-18 6.50267e-07 1.54603e-18 0)
(1.17329e-05 -1.12609e-05 1.02975e-18 -1.30895e-06 1.85084e-18 -5.60012e-35)
(1.49613e-05 -1.10114e-05 9.70134e-19 -3.67112e-06 2.11124e-18 -1.22919e-33)
(1.77072e-05 -1.07716e-05 8.04916e-19 -5.89797e-06 2.2123e-18 -1.43448e-33)
(2.03104e-05 -9.67981e-06 5.53761e-19 -7.84159e-06 1.89928e-18 -3.01206e-33)
(2.28497e-05 -7.75443e-06 2.70092e-19 -9.4883e-06 1.22838e-18 -9.83942e-35)
(2.50491e-05 -4.60589e-06 -7.68041e-21 -1.13862e-05 -1.67265e-19 -1.97215e-34)
(2.70316e-05 -1.19388e-06 -4.07992e-20 -1.22578e-05 -1.24951e-18 -2.71137e-33)
(4.59364e-09 2.12706e-09 7.54388e-20 -8.97935e-09 3.01317e-20 1.83454e-34)
(4.29384e-09 2.8028e-09 7.76818e-20 -8.43149e-09 1.34749e-20 5.35824e-35)
(-8.94806e-08 -6.49838e-08 8.49821e-20 2.289e-07 1.679e-20 -2.41973e-36)
(-2.62738e-07 -3.04873e-07 1.28536e-19 7.32842e-07 3.20646e-20 -5.43895e-35)
(-4.38375e-07 -7.97341e-07 1.77594e-19 1.42444e-06 7.46042e-20 1.84064e-34)
(-5.14676e-07 -1.59324e-06 3.17237e-19 2.1961e-06 1.40738e-19 -3.38591e-34)
(-3.74161e-07 -2.69467e-06 5.41042e-19 2.90977e-06 2.96224e-19 -4.06722e-34)
(9.47764e-08 -4.05172e-06 8.15611e-19 3.42374e-06 5.27259e-19 -8.76554e-34)
(9.82316e-07 -5.5881e-06 1.07087e-18 3.62864e-06 8.44896e-19 1.24159e-33)
(2.33362e-06 -7.15643e-06 1.26645e-18 3.41793e-06 1.17204e-18 1.82014e-34)
)
;
    }
    frontAndBack
    {
        type            empty;
    }
}


// ************************************************************************* //
