/*--------------------------------*- C++ -*----------------------------------*\
  =========                 |
  \\      /  F ield         | OpenFOAM: The Open Source CFD Toolbox
   \\    /   O peration     | Website:  https://openfoam.org
    \\  /    A nd           | Version:  9
     \\/     M anipulation  |
\*---------------------------------------------------------------------------*/
FoamFile
{
    format      ascii;
    class       pointVectorField;
    location    "15";
    object      pointD;
}
// * * * * * * * * * * * * * * * * * * * * * * * * * * * * * * * * * * * * * //

dimensions      [0 1 0 0 0 0 0];

internalField   nonuniform List<vector> 
2142
(
(1.11357e-05 3.27069e-06 -8.59466e-20)
(1.032e-05 3.78504e-06 0)
(9.7506e-06 4.15145e-06 0)
(9.33602e-06 4.44938e-06 0)
(9.0377e-06 4.69338e-06 0)
(8.82601e-06 4.90363e-06 0)
(8.6798e-06 5.08857e-06 0)
(8.58425e-06 5.25579e-06 0)
(8.52783e-06 5.4098e-06 0)
(8.50219e-06 5.5537e-06 0)
(8.50681e-06 5.70994e-06 0)
(1.01858e-05 2.99727e-06 -8.60492e-20)
(9.3126e-06 3.40718e-06 0)
(8.71502e-06 3.69184e-06 0)
(8.28234e-06 3.92602e-06 0)
(7.97183e-06 4.11709e-06 0)
(7.75113e-06 4.28253e-06 0)
(7.59729e-06 4.42814e-06 0)
(7.49462e-06 4.56035e-06 0)
(7.43062e-06 4.68215e-06 0)
(7.39666e-06 4.79725e-06 0)
(7.24863e-06 4.80281e-06 0)
(9.19147e-06 2.72837e-06 -9.09937e-20)
(8.28721e-06 3.02198e-06 0)
(7.67984e-06 3.21779e-06 0)
(7.24086e-06 3.38515e-06 0)
(6.92695e-06 3.52257e-06 0)
(6.70394e-06 3.64356e-06 0)
(6.54769e-06 3.75095e-06 0)
(6.44186e-06 3.84941e-06 0)
(6.37356e-06 3.94033e-06 0)
(6.3335e-06 4.02723e-06 0)
(6.20077e-06 4.01805e-06 0)
(8.15243e-06 2.46792e-06 -1.00998e-19)
(7.25455e-06 2.6345e-06 0)
(6.65364e-06 2.74041e-06 0)
(6.22055e-06 2.84008e-06 0)
(5.91264e-06 2.92494e-06 0)
(5.69455e-06 3.00334e-06 0)
(5.54169e-06 3.07506e-06 0)
(5.43736e-06 3.14261e-06 0)
(5.36871e-06 3.20573e-06 0)
(5.3263e-06 3.26705e-06 0)
(5.21158e-06 3.24789e-06 0)
(7.07975e-06 2.22395e-06 -1.12862e-19)
(6.22096e-06 2.25452e-06 0)
(5.64146e-06 2.27168e-06 0)
(5.2274e-06 2.30497e-06 0)
(4.93549e-06 2.33995e-06 0)
(4.73014e-06 2.37913e-06 0)
(4.5868e-06 2.41894e-06 0)
(4.48883e-06 2.4594e-06 0)
(4.42381e-06 2.49859e-06 0)
(4.38242e-06 2.53789e-06 0)
(4.28659e-06 2.51315e-06 0)
(6.0011e-06 1.99132e-06 -1.18892e-19)
(5.18644e-06 1.88967e-06 0)
(4.64597e-06 1.82121e-06 0)
(4.2647e-06 1.79273e-06 0)
(3.99961e-06 1.78306e-06 0)
(3.81532e-06 1.78849e-06 0)
(3.68777e-06 1.80179e-06 0)
(3.60092e-06 1.82029e-06 0)
(3.54315e-06 1.84044e-06 0)
(3.50566e-06 1.86222e-06 0)
(3.42868e-06 1.8362e-06 0)
(4.91052e-06 1.75545e-06 -1.09743e-19)
(4.1466e-06 1.53885e-06 0)
(3.66612e-06 1.39413e-06 0)
(3.33314e-06 1.31376e-06 0)
(3.10672e-06 1.26869e-06 0)
(2.95208e-06 1.24862e-06 0)
(2.84642e-06 1.24274e-06 0)
(2.77501e-06 1.24571e-06 0)
(2.72758e-06 1.25261e-06 0)
(2.6963e-06 1.26208e-06 0)
(2.63748e-06 1.23883e-06 0)
(3.79385e-06 1.50403e-06 -8.13897e-20)
(3.10563e-06 1.19549e-06 0)
(2.70431e-06 9.93704e-07 0)
(2.43585e-06 8.78146e-07 0)
(2.25943e-06 8.12021e-07 0)
(2.14196e-06 7.77742e-07 0)
(2.06299e-06 7.61813e-07 0)
(2.01014e-06 7.56622e-07 0)
(1.97507e-06 7.56514e-07 0)
(1.95153e-06 7.59155e-07 0)
(1.90959e-06 7.41959e-07 0)
(2.63676e-06 1.23015e-06 -2.72321e-20)
(2.06255e-06 8.50034e-07 0)
(1.76271e-06 6.22645e-07 0)
(1.57529e-06 4.97059e-07 0)
(1.45822e-06 4.29849e-07 0)
(1.38297e-06 3.95207e-07 0)
(1.33331e-06 3.79085e-07 0)
(1.30033e-06 3.72862e-07 0)
(1.27833e-06 3.71284e-07 0)
(1.26311e-06 3.71799e-07 0)
(1.23641e-06 3.62387e-07 0)
(1.51937e-06 9.05918e-07 3.60488e-20)
(1.02697e-06 4.95812e-07 0)
(8.54913e-07 2.97351e-07 0)
(7.62546e-07 1.98799e-07 0)
(7.08451e-07 1.53236e-07 0)
(6.74579e-07 1.31557e-07 0)
(6.52395e-07 1.2284e-07 0)
(6.3755e-07 1.2013e-07 0)
(6.27433e-07 1.20058e-07 0)
(6.20082e-07 1.20874e-07 0)
(6.06941e-07 1.18146e-07 0)
(4.98992e-07 3.62245e-07 3.17754e-20)
(0 0 0)
(0 0 0)
(0 0 0)
(0 0 0)
(0 0 0)
(0 0 0)
(0 0 0)
(0 0 0)
(0 0 0)
(0 0 0)
(1.11357e-05 3.27069e-06 -8.59466e-20)
(1.032e-05 3.78504e-06 0)
(9.7506e-06 4.15145e-06 0)
(9.33602e-06 4.44938e-06 0)
(9.0377e-06 4.69338e-06 0)
(8.82601e-06 4.90363e-06 0)
(8.6798e-06 5.08857e-06 0)
(8.58425e-06 5.25579e-06 0)
(8.52783e-06 5.4098e-06 0)
(8.50219e-06 5.5537e-06 0)
(8.50681e-06 5.70994e-06 0)
(1.01858e-05 2.99727e-06 -8.60492e-20)
(9.3126e-06 3.40718e-06 0)
(8.71502e-06 3.69184e-06 0)
(8.28234e-06 3.92602e-06 0)
(7.97183e-06 4.11709e-06 0)
(7.75113e-06 4.28253e-06 0)
(7.59729e-06 4.42814e-06 0)
(7.49462e-06 4.56035e-06 0)
(7.43062e-06 4.68215e-06 0)
(7.39666e-06 4.79725e-06 0)
(7.24863e-06 4.80281e-06 0)
(9.19147e-06 2.72837e-06 -9.09937e-20)
(8.28721e-06 3.02198e-06 0)
(7.67984e-06 3.21779e-06 0)
(7.24086e-06 3.38515e-06 0)
(6.92695e-06 3.52257e-06 0)
(6.70394e-06 3.64356e-06 0)
(6.54769e-06 3.75095e-06 0)
(6.44186e-06 3.84941e-06 0)
(6.37356e-06 3.94033e-06 0)
(6.3335e-06 4.02723e-06 0)
(6.20077e-06 4.01805e-06 0)
(8.15243e-06 2.46792e-06 -1.00998e-19)
(7.25455e-06 2.6345e-06 0)
(6.65364e-06 2.74041e-06 0)
(6.22055e-06 2.84008e-06 0)
(5.91264e-06 2.92494e-06 0)
(5.69455e-06 3.00334e-06 0)
(5.54169e-06 3.07506e-06 0)
(5.43736e-06 3.14261e-06 0)
(5.36871e-06 3.20573e-06 0)
(5.3263e-06 3.26705e-06 0)
(5.21158e-06 3.24789e-06 0)
(7.07975e-06 2.22395e-06 -1.12862e-19)
(6.22096e-06 2.25452e-06 0)
(5.64146e-06 2.27168e-06 0)
(5.2274e-06 2.30497e-06 0)
(4.93549e-06 2.33995e-06 0)
(4.73014e-06 2.37913e-06 0)
(4.5868e-06 2.41894e-06 0)
(4.48883e-06 2.4594e-06 0)
(4.42381e-06 2.49859e-06 0)
(4.38242e-06 2.53789e-06 0)
(4.28659e-06 2.51315e-06 0)
(6.0011e-06 1.99132e-06 -1.18892e-19)
(5.18644e-06 1.88967e-06 0)
(4.64597e-06 1.82121e-06 0)
(4.2647e-06 1.79273e-06 0)
(3.99961e-06 1.78306e-06 0)
(3.81532e-06 1.78849e-06 0)
(3.68777e-06 1.80179e-06 0)
(3.60092e-06 1.82029e-06 0)
(3.54315e-06 1.84044e-06 0)
(3.50566e-06 1.86222e-06 0)
(3.42868e-06 1.8362e-06 0)
(4.91052e-06 1.75545e-06 -1.09743e-19)
(4.1466e-06 1.53885e-06 0)
(3.66612e-06 1.39413e-06 0)
(3.33314e-06 1.31376e-06 0)
(3.10672e-06 1.26869e-06 0)
(2.95208e-06 1.24862e-06 0)
(2.84642e-06 1.24274e-06 0)
(2.77501e-06 1.24571e-06 0)
(2.72758e-06 1.25261e-06 0)
(2.6963e-06 1.26208e-06 0)
(2.63748e-06 1.23883e-06 0)
(3.79385e-06 1.50403e-06 -8.13897e-20)
(3.10563e-06 1.19549e-06 0)
(2.70431e-06 9.93704e-07 0)
(2.43585e-06 8.78146e-07 0)
(2.25943e-06 8.12021e-07 0)
(2.14196e-06 7.77742e-07 0)
(2.06299e-06 7.61813e-07 0)
(2.01014e-06 7.56622e-07 0)
(1.97507e-06 7.56514e-07 0)
(1.95153e-06 7.59155e-07 0)
(1.90959e-06 7.41959e-07 0)
(2.63676e-06 1.23015e-06 -2.72321e-20)
(2.06255e-06 8.50034e-07 0)
(1.76271e-06 6.22645e-07 0)
(1.57529e-06 4.97059e-07 0)
(1.45822e-06 4.29849e-07 0)
(1.38297e-06 3.95207e-07 0)
(1.33331e-06 3.79085e-07 0)
(1.30033e-06 3.72862e-07 0)
(1.27833e-06 3.71284e-07 0)
(1.26311e-06 3.71799e-07 0)
(1.23641e-06 3.62387e-07 0)
(1.51937e-06 9.05918e-07 3.60488e-20)
(1.02697e-06 4.95812e-07 0)
(8.54913e-07 2.97351e-07 0)
(7.62546e-07 1.98799e-07 0)
(7.08451e-07 1.53236e-07 0)
(6.74579e-07 1.31557e-07 0)
(6.52395e-07 1.2284e-07 0)
(6.3755e-07 1.2013e-07 0)
(6.27433e-07 1.20058e-07 0)
(6.20082e-07 1.20874e-07 0)
(6.06941e-07 1.18146e-07 0)
(4.98992e-07 3.62245e-07 3.17754e-20)
(0 0 0)
(0 0 0)
(0 0 0)
(0 0 0)
(0 0 0)
(0 0 0)
(0 0 0)
(0 0 0)
(0 0 0)
(0 0 0)
(1.8053e-05 5.36103e-06 -2.83809e-21)
(1.81818e-05 5.87896e-06 -1.38835e-21)
(1.8166e-05 6.54489e-06 -1.5241e-21)
(1.81554e-05 7.16273e-06 -1.66394e-21)
(1.81662e-05 7.73145e-06 -1.80312e-21)
(1.82045e-05 8.25686e-06 -1.94058e-21)
(1.82725e-05 8.74572e-06 -2.07607e-21)
(1.83699e-05 9.20495e-06 -2.20968e-21)
(1.84955e-05 9.64029e-06 -2.24305e-21)
(1.86466e-05 1.00572e-05 -1.68675e-21)
(1.88216e-05 1.04578e-05 -6.3802e-22)
(1.76518e-05 5.16028e-06 -4.41243e-21)
(1.75967e-05 5.85559e-06 0)
(1.75507e-05 6.51727e-06 0)
(1.75262e-05 7.12597e-06 0)
(1.75292e-05 7.68193e-06 0)
(1.75619e-05 8.19198e-06 0)
(1.7624e-05 8.66362e-06 0)
(1.7714e-05 9.10436e-06 0)
(1.78301e-05 9.52037e-06 0)
(1.79697e-05 9.91749e-06 0)
(1.81413e-05 1.03005e-05 0)
(1.71056e-05 5.0752e-06 -4.5636e-21)
(1.69908e-05 5.78579e-06 0)
(1.68976e-05 6.44133e-06 0)
(1.68379e-05 7.03725e-06 0)
(1.6814e-05 7.57692e-06 0)
(1.68252e-05 8.06882e-06 0)
(1.68687e-05 8.52113e-06 0)
(1.69416e-05 8.94182e-06 0)
(1.7041e-05 9.33729e-06 0)
(1.71633e-05 9.71375e-06 0)
(1.73303e-05 1.008e-05 0)
(1.65268e-05 4.93764e-06 -5.39729e-21)
(1.63399e-05 5.67141e-06 0)
(1.61904e-05 6.31848e-06 0)
(1.60861e-05 6.89692e-06 0)
(1.60263e-05 7.41508e-06 0)
(1.6008e-05 7.88418e-06 0)
(1.60262e-05 8.31334e-06 0)
(1.60763e-05 8.71091e-06 0)
(1.61544e-05 9.08345e-06 0)
(1.62557e-05 9.43731e-06 0)
(1.64179e-05 9.78726e-06 0)
(1.5905e-05 4.76026e-06 -8.26664e-21)
(1.56339e-05 5.51412e-06 0)
(1.5422e-05 6.14901e-06 0)
(1.52679e-05 6.70566e-06 0)
(1.51679e-05 7.19773e-06 0)
(1.51161e-05 7.63975e-06 0)
(1.51055e-05 8.04189e-06 0)
(1.51299e-05 8.41299e-06 0)
(1.51843e-05 8.75973e-06 0)
(1.52629e-05 9.08848e-06 0)
(1.54208e-05 9.42213e-06 0)
(1.52345e-05 4.55162e-06 -1.44814e-20)
(1.48695e-05 5.31467e-06 0)
(1.45913e-05 5.93095e-06 0)
(1.43856e-05 6.46056e-06 0)
(1.42445e-05 6.92184e-06 0)
(1.41585e-05 7.33262e-06 0)
(1.41185e-05 7.70409e-06 0)
(1.41167e-05 8.04553e-06 0)
(1.41472e-05 8.36374e-06 0)
(1.4203e-05 8.66494e-06 0)
(1.43578e-05 8.98249e-06 0)
(1.45131e-05 4.3194e-06 -2.49087e-20)
(1.40485e-05 5.07491e-06 0)
(1.37027e-05 5.66374e-06 0)
(1.3446e-05 6.16039e-06 0)
(1.3265e-05 6.58643e-06 0)
(1.31461e-05 6.96237e-06 0)
(1.3078e-05 7.30012e-06 0)
(1.30512e-05 7.60925e-06 0)
(1.30588e-05 7.8966e-06 0)
(1.3093e-05 8.16816e-06 0)
(1.32463e-05 8.46996e-06 0)
(1.37404e-05 4.07003e-06 -3.96616e-20)
(1.31758e-05 4.79754e-06 0)
(1.2764e-05 5.34814e-06 0)
(1.2459e-05 5.80517e-06 0)
(1.22409e-05 6.19154e-06 0)
(1.20919e-05 6.52945e-06 0)
(1.19983e-05 6.831e-06 0)
(1.1949e-05 7.10579e-06 0)
(1.19359e-05 7.36054e-06 0)
(1.19505e-05 7.60079e-06 0)
(1.21041e-05 7.88741e-06 0)
(1.29177e-05 3.80919e-06 -5.80872e-20)
(1.22582e-05 4.48641e-06 0)
(1.17851e-05 4.9871e-06 0)
(1.14364e-05 5.39763e-06 0)
(1.11856e-05 5.74015e-06 0)
(1.10105e-05 6.03737e-06 0)
(1.08949e-05 6.30089e-06 0)
(1.08262e-05 6.54001e-06 0)
(1.07953e-05 6.76104e-06 0)
(1.07931e-05 6.96894e-06 0)
(1.09486e-05 7.24072e-06 0)
(1.20472e-05 3.54228e-06 -7.78005e-20)
(1.13036e-05 4.14708e-06 0)
(1.07771e-05 4.58588e-06 0)
(1.03912e-05 4.94309e-06 0)
(1.01132e-05 5.23791e-06 0)
(9.91691e-06 5.49233e-06 0)
(9.78351e-06 5.71671e-06 0)
(9.69919e-06 5.91961e-06 0)
(9.65371e-06 6.10664e-06 0)
(9.63814e-06 6.28145e-06 0)
(9.79628e-06 6.53829e-06 0)
(1.8053e-05 5.36103e-06 -2.83809e-21)
(1.81818e-05 5.87896e-06 -1.38835e-21)
(1.8166e-05 6.54489e-06 -1.5241e-21)
(1.81554e-05 7.16273e-06 -1.66394e-21)
(1.81662e-05 7.73145e-06 -1.80312e-21)
(1.82045e-05 8.25686e-06 -1.94058e-21)
(1.82725e-05 8.74572e-06 -2.07607e-21)
(1.83699e-05 9.20495e-06 -2.20968e-21)
(1.84955e-05 9.64029e-06 -2.24305e-21)
(1.86466e-05 1.00572e-05 -1.68675e-21)
(1.88216e-05 1.04578e-05 -6.3802e-22)
(1.76518e-05 5.16028e-06 -4.41243e-21)
(1.75967e-05 5.85559e-06 0)
(1.75507e-05 6.51727e-06 0)
(1.75262e-05 7.12597e-06 0)
(1.75292e-05 7.68193e-06 0)
(1.75619e-05 8.19198e-06 0)
(1.7624e-05 8.66362e-06 0)
(1.7714e-05 9.10436e-06 0)
(1.78301e-05 9.52037e-06 0)
(1.79697e-05 9.91749e-06 0)
(1.81413e-05 1.03005e-05 0)
(1.71056e-05 5.0752e-06 -4.5636e-21)
(1.69908e-05 5.78579e-06 0)
(1.68976e-05 6.44133e-06 0)
(1.68379e-05 7.03725e-06 0)
(1.6814e-05 7.57692e-06 0)
(1.68252e-05 8.06882e-06 0)
(1.68687e-05 8.52113e-06 0)
(1.69416e-05 8.94182e-06 0)
(1.7041e-05 9.33729e-06 0)
(1.71633e-05 9.71375e-06 0)
(1.73303e-05 1.008e-05 0)
(1.65268e-05 4.93764e-06 -5.39729e-21)
(1.63399e-05 5.67141e-06 0)
(1.61904e-05 6.31848e-06 0)
(1.60861e-05 6.89692e-06 0)
(1.60263e-05 7.41508e-06 0)
(1.6008e-05 7.88418e-06 0)
(1.60262e-05 8.31334e-06 0)
(1.60763e-05 8.71091e-06 0)
(1.61544e-05 9.08345e-06 0)
(1.62557e-05 9.43731e-06 0)
(1.64179e-05 9.78726e-06 0)
(1.5905e-05 4.76026e-06 -8.26664e-21)
(1.56339e-05 5.51412e-06 0)
(1.5422e-05 6.14901e-06 0)
(1.52679e-05 6.70566e-06 0)
(1.51679e-05 7.19773e-06 0)
(1.51161e-05 7.63975e-06 0)
(1.51055e-05 8.04189e-06 0)
(1.51299e-05 8.41299e-06 0)
(1.51843e-05 8.75973e-06 0)
(1.52629e-05 9.08848e-06 0)
(1.54208e-05 9.42213e-06 0)
(1.52345e-05 4.55162e-06 -1.44814e-20)
(1.48695e-05 5.31467e-06 0)
(1.45913e-05 5.93095e-06 0)
(1.43856e-05 6.46056e-06 0)
(1.42445e-05 6.92184e-06 0)
(1.41585e-05 7.33262e-06 0)
(1.41185e-05 7.70409e-06 0)
(1.41167e-05 8.04553e-06 0)
(1.41472e-05 8.36374e-06 0)
(1.4203e-05 8.66494e-06 0)
(1.43578e-05 8.98249e-06 0)
(1.45131e-05 4.3194e-06 -2.49087e-20)
(1.40485e-05 5.07491e-06 0)
(1.37027e-05 5.66374e-06 0)
(1.3446e-05 6.16039e-06 0)
(1.3265e-05 6.58643e-06 0)
(1.31461e-05 6.96237e-06 0)
(1.3078e-05 7.30012e-06 0)
(1.30512e-05 7.60925e-06 0)
(1.30588e-05 7.8966e-06 0)
(1.3093e-05 8.16816e-06 0)
(1.32463e-05 8.46996e-06 0)
(1.37404e-05 4.07003e-06 -3.96616e-20)
(1.31758e-05 4.79754e-06 0)
(1.2764e-05 5.34814e-06 0)
(1.2459e-05 5.80517e-06 0)
(1.22409e-05 6.19154e-06 0)
(1.20919e-05 6.52945e-06 0)
(1.19983e-05 6.831e-06 0)
(1.1949e-05 7.10579e-06 0)
(1.19359e-05 7.36054e-06 0)
(1.19505e-05 7.60079e-06 0)
(1.21041e-05 7.88741e-06 0)
(1.29177e-05 3.80919e-06 -5.80872e-20)
(1.22582e-05 4.48641e-06 0)
(1.17851e-05 4.9871e-06 0)
(1.14364e-05 5.39763e-06 0)
(1.11856e-05 5.74015e-06 0)
(1.10105e-05 6.03737e-06 0)
(1.08949e-05 6.30089e-06 0)
(1.08262e-05 6.54001e-06 0)
(1.07953e-05 6.76104e-06 0)
(1.07931e-05 6.96894e-06 0)
(1.09486e-05 7.24072e-06 0)
(1.20472e-05 3.54228e-06 -7.78005e-20)
(1.13036e-05 4.14708e-06 0)
(1.07771e-05 4.58588e-06 0)
(1.03912e-05 4.94309e-06 0)
(1.01132e-05 5.23791e-06 0)
(9.91691e-06 5.49233e-06 0)
(9.78351e-06 5.71671e-06 0)
(9.69919e-06 5.91961e-06 0)
(9.65371e-06 6.10664e-06 0)
(9.63814e-06 6.28145e-06 0)
(9.79628e-06 6.53829e-06 0)
(1.90205e-05 1.08471e-05 3.55928e-22)
(1.92401e-05 1.12303e-05 1.25062e-21)
(1.94767e-05 1.16078e-05 2.05606e-21)
(1.97287e-05 1.19813e-05 2.77372e-21)
(1.99946e-05 1.23525e-05 3.41162e-21)
(2.02727e-05 1.27225e-05 3.97613e-21)
(2.05618e-05 1.30924e-05 4.47387e-21)
(2.08606e-05 1.34631e-05 4.91043e-21)
(2.1168e-05 1.38352e-05 5.29105e-21)
(2.1483e-05 1.42095e-05 5.61994e-21)
(2.18047e-05 1.45865e-05 5.90084e-21)
(2.21321e-05 1.49666e-05 6.13654e-21)
(2.24644e-05 1.53502e-05 6.32936e-21)
(2.28008e-05 1.57375e-05 6.48082e-21)
(2.31404e-05 1.61288e-05 6.59215e-21)
(2.34823e-05 1.6524e-05 6.6642e-21)
(2.38256e-05 1.69229e-05 6.69875e-21)
(2.41695e-05 1.73252e-05 6.69831e-21)
(2.45126e-05 1.77298e-05 6.66736e-21)
(2.4626e-05 1.79818e-05 -1.72773e-21)
(1.83536e-05 1.06781e-05 0)
(1.85918e-05 1.10532e-05 0)
(1.88438e-05 1.14233e-05 0)
(1.91083e-05 1.17905e-05 0)
(1.93842e-05 1.21561e-05 0)
(1.96703e-05 1.25213e-05 0)
(1.99657e-05 1.28872e-05 0)
(2.02693e-05 1.32545e-05 0)
(2.05803e-05 1.36239e-05 0)
(2.08979e-05 1.39961e-05 0)
(2.12213e-05 1.43715e-05 0)
(2.15498e-05 1.47506e-05 0)
(2.18828e-05 1.51337e-05 0)
(2.22195e-05 1.5521e-05 0)
(2.25593e-05 1.59127e-05 0)
(2.29016e-05 1.63089e-05 0)
(2.32457e-05 1.67093e-05 0)
(2.35911e-05 1.71134e-05 0)
(2.3937e-05 1.75204e-05 0)
(2.42815e-05 1.79281e-05 -1.01726e-20)
(1.7563e-05 1.04499e-05 0)
(1.783e-05 1.08223e-05 0)
(1.81071e-05 1.119e-05 0)
(1.83931e-05 1.15551e-05 0)
(1.86875e-05 1.19192e-05 0)
(1.89896e-05 1.22833e-05 0)
(1.92987e-05 1.26485e-05 0)
(1.96141e-05 1.30155e-05 0)
(1.99354e-05 1.33852e-05 0)
(2.02619e-05 1.3758e-05 0)
(2.05931e-05 1.41345e-05 0)
(2.09286e-05 1.4515e-05 0)
(2.12679e-05 1.49e-05 0)
(2.16104e-05 1.52896e-05 0)
(2.19559e-05 1.5684e-05 0)
(2.23037e-05 1.60834e-05 0)
(2.26535e-05 1.64875e-05 0)
(2.30048e-05 1.68961e-05 0)
(2.33568e-05 1.73084e-05 0)
(2.37061e-05 1.77224e-05 -1.02559e-20)
(1.66761e-05 1.01541e-05 0)
(1.6979e-05 1.05299e-05 0)
(1.7288e-05 1.0901e-05 0)
(1.76022e-05 1.12693e-05 0)
(1.79215e-05 1.16366e-05 0)
(1.82456e-05 1.20039e-05 0)
(1.85741e-05 1.23724e-05 0)
(1.89069e-05 1.27429e-05 0)
(1.92436e-05 1.31161e-05 0)
(1.95839e-05 1.34926e-05 0)
(1.99277e-05 1.3873e-05 0)
(2.02746e-05 1.42577e-05 0)
(2.06244e-05 1.46471e-05 0)
(2.09768e-05 1.50414e-05 0)
(2.13317e-05 1.54409e-05 0)
(2.16886e-05 1.58458e-05 0)
(2.20473e-05 1.6256e-05 0)
(2.24074e-05 1.66716e-05 0)
(2.27683e-05 1.70922e-05 0)
(2.31249e-05 1.75163e-05 -1.03792e-20)
(1.57086e-05 9.79012e-06 0)
(1.60532e-05 1.01752e-05 0)
(1.63998e-05 1.05552e-05 0)
(1.67475e-05 1.09318e-05 0)
(1.7097e-05 1.13069e-05 0)
(1.7448e-05 1.16817e-05 0)
(1.78008e-05 1.20575e-05 0)
(1.81553e-05 1.2435e-05 0)
(1.85117e-05 1.28151e-05 0)
(1.887e-05 1.31985e-05 0)
(1.92301e-05 1.35858e-05 0)
(1.95921e-05 1.39773e-05 0)
(1.99559e-05 1.43737e-05 0)
(2.03214e-05 1.47751e-05 0)
(2.06886e-05 1.51821e-05 0)
(2.10574e-05 1.55948e-05 0)
(2.14276e-05 1.60135e-05 0)
(2.17989e-05 1.64385e-05 0)
(2.21707e-05 1.68699e-05 0)
(2.25371e-05 1.73067e-05 -1.05389e-20)
(1.46786e-05 9.3561e-06 0)
(1.50691e-05 9.75649e-06 0)
(1.54575e-05 1.0151e-05 0)
(1.58428e-05 1.05411e-05 0)
(1.62263e-05 1.09289e-05 0)
(1.6608e-05 1.13157e-05 0)
(1.69887e-05 1.17027e-05 0)
(1.73686e-05 1.20911e-05 0)
(1.77481e-05 1.24816e-05 0)
(1.81274e-05 1.28751e-05 0)
(1.85069e-05 1.32722e-05 0)
(1.88867e-05 1.36735e-05 0)
(1.9267e-05 1.40794e-05 0)
(1.96481e-05 1.44905e-05 0)
(2.00299e-05 1.49073e-05 0)
(2.04127e-05 1.53301e-05 0)
(2.07962e-05 1.57594e-05 0)
(2.11804e-05 1.61958e-05 0)
(2.1565e-05 1.664e-05 0)
(2.19434e-05 1.70913e-05 -1.07358e-20)
(1.36024e-05 8.85356e-06 0)
(1.40417e-05 9.27495e-06 0)
(1.44748e-05 9.68956e-06 0)
(1.49005e-05 1.00981e-05 0)
(1.5321e-05 1.05033e-05 0)
(1.57363e-05 1.09063e-05 0)
(1.61476e-05 1.13087e-05 0)
(1.65554e-05 1.17116e-05 0)
(1.69605e-05 1.2116e-05 0)
(1.73633e-05 1.25227e-05 0)
(1.77643e-05 1.29327e-05 0)
(1.81641e-05 1.33464e-05 0)
(1.8563e-05 1.37646e-05 0)
(1.89613e-05 1.41878e-05 0)
(1.93595e-05 1.46166e-05 0)
(1.97576e-05 1.50515e-05 0)
(2.0156e-05 1.54934e-05 0)
(2.05545e-05 1.59431e-05 0)
(2.09532e-05 1.64014e-05 0)
(2.13454e-05 1.68685e-05 -1.0972e-20)
(1.24966e-05 8.2853e-06 0)
(1.29859e-05 8.73303e-06 0)
(1.34652e-05 9.17284e-06 0)
(1.3933e-05 9.60465e-06 0)
(1.43922e-05 1.00317e-05 0)
(1.48429e-05 1.04551e-05 0)
(1.52868e-05 1.08767e-05 0)
(1.57244e-05 1.12977e-05 0)
(1.61568e-05 1.17194e-05 0)
(1.65848e-05 1.21426e-05 0)
(1.7009e-05 1.25683e-05 0)
(1.74303e-05 1.29972e-05 0)
(1.78491e-05 1.34302e-05 0)
(1.8266e-05 1.38678e-05 0)
(1.86816e-05 1.43107e-05 0)
(1.90962e-05 1.47598e-05 0)
(1.95103e-05 1.52159e-05 0)
(1.99241e-05 1.56801e-05 0)
(2.03379e-05 1.61537e-05 0)
(2.07456e-05 1.66372e-05 -1.12503e-20)
(1.13773e-05 7.65662e-06 0)
(1.19161e-05 8.13549e-06 0)
(1.24418e-05 8.60486e-06 0)
(1.29523e-05 9.06428e-06 0)
(1.34509e-05 9.51702e-06 0)
(1.3938e-05 9.96461e-06 0)
(1.44153e-05 1.04089e-05 0)
(1.48838e-05 1.08514e-05 0)
(1.53446e-05 1.12934e-05 0)
(1.57988e-05 1.17361e-05 0)
(1.62473e-05 1.21804e-05 0)
(1.6691e-05 1.26272e-05 0)
(1.71306e-05 1.30773e-05 0)
(1.75669e-05 1.35316e-05 0)
(1.80007e-05 1.39908e-05 0)
(1.84325e-05 1.44558e-05 0)
(1.88629e-05 1.49276e-05 0)
(1.92925e-05 1.54075e-05 0)
(1.97219e-05 1.5897e-05 0)
(2.01464e-05 1.63971e-05 -1.15732e-20)
(1.02591e-05 6.97508e-06 0)
(1.08448e-05 7.48856e-06 0)
(1.14152e-05 7.9906e-06 0)
(1.1968e-05 8.48144e-06 0)
(1.25059e-05 8.96347e-06 0)
(1.30297e-05 9.43867e-06 0)
(1.3541e-05 9.90893e-06 0)
(1.4041e-05 1.03759e-05 0)
(1.4531e-05 1.08412e-05 0)
(1.50121e-05 1.13059e-05 0)
(1.54854e-05 1.17713e-05 0)
(1.5952e-05 1.22384e-05 0)
(1.64129e-05 1.2708e-05 0)
(1.6869e-05 1.3181e-05 0)
(1.73213e-05 1.36583e-05 0)
(1.77704e-05 1.41408e-05 0)
(1.82174e-05 1.46296e-05 0)
(1.8663e-05 1.51261e-05 0)
(1.91081e-05 1.56318e-05 0)
(1.95505e-05 1.61485e-05 -1.1944e-20)
(9.26613e-06 6.35493e-06 0)
(9.88695e-06 6.8982e-06 0)
(1.04907e-05 7.42692e-06 0)
(1.10762e-05 7.94434e-06 0)
(1.16452e-05 8.45185e-06 0)
(1.21985e-05 8.95151e-06 0)
(1.27374e-05 9.44508e-06 0)
(1.32632e-05 9.93427e-06 0)
(1.37771e-05 1.04206e-05 0)
(1.42803e-05 1.09054e-05 0)
(1.4774e-05 1.13899e-05 0)
(1.52595e-05 1.1875e-05 0)
(1.57378e-05 1.23618e-05 0)
(1.621e-05 1.28512e-05 0)
(1.66771e-05 1.33439e-05 0)
(1.71401e-05 1.3841e-05 0)
(1.76002e-05 1.43434e-05 0)
(1.80583e-05 1.48525e-05 0)
(1.85157e-05 1.53698e-05 0)
(1.89726e-05 1.58979e-05 -1.22401e-20)
(1.90205e-05 1.08471e-05 3.55928e-22)
(1.92401e-05 1.12303e-05 1.25062e-21)
(1.94767e-05 1.16078e-05 2.05606e-21)
(1.97287e-05 1.19813e-05 2.77372e-21)
(1.99946e-05 1.23525e-05 3.41162e-21)
(2.02727e-05 1.27225e-05 3.97613e-21)
(2.05618e-05 1.30924e-05 4.47387e-21)
(2.08606e-05 1.34631e-05 4.91043e-21)
(2.1168e-05 1.38352e-05 5.29105e-21)
(2.1483e-05 1.42095e-05 5.61994e-21)
(2.18047e-05 1.45865e-05 5.90084e-21)
(2.21321e-05 1.49666e-05 6.13654e-21)
(2.24644e-05 1.53502e-05 6.32936e-21)
(2.28008e-05 1.57375e-05 6.48082e-21)
(2.31404e-05 1.61288e-05 6.59215e-21)
(2.34823e-05 1.6524e-05 6.6642e-21)
(2.38256e-05 1.69229e-05 6.69875e-21)
(2.41695e-05 1.73252e-05 6.69831e-21)
(2.45126e-05 1.77298e-05 6.66736e-21)
(2.4626e-05 1.79818e-05 -1.72773e-21)
(1.83536e-05 1.06781e-05 0)
(1.85918e-05 1.10532e-05 0)
(1.88438e-05 1.14233e-05 0)
(1.91083e-05 1.17905e-05 0)
(1.93842e-05 1.21561e-05 0)
(1.96703e-05 1.25213e-05 0)
(1.99657e-05 1.28872e-05 0)
(2.02693e-05 1.32545e-05 0)
(2.05803e-05 1.36239e-05 0)
(2.08979e-05 1.39961e-05 0)
(2.12213e-05 1.43715e-05 0)
(2.15498e-05 1.47506e-05 0)
(2.18828e-05 1.51337e-05 0)
(2.22195e-05 1.5521e-05 0)
(2.25593e-05 1.59127e-05 0)
(2.29016e-05 1.63089e-05 0)
(2.32457e-05 1.67093e-05 0)
(2.35911e-05 1.71134e-05 0)
(2.3937e-05 1.75204e-05 0)
(2.42815e-05 1.79281e-05 -1.01726e-20)
(1.7563e-05 1.04499e-05 0)
(1.783e-05 1.08223e-05 0)
(1.81071e-05 1.119e-05 0)
(1.83931e-05 1.15551e-05 0)
(1.86875e-05 1.19192e-05 0)
(1.89896e-05 1.22833e-05 0)
(1.92987e-05 1.26485e-05 0)
(1.96141e-05 1.30155e-05 0)
(1.99354e-05 1.33852e-05 0)
(2.02619e-05 1.3758e-05 0)
(2.05931e-05 1.41345e-05 0)
(2.09286e-05 1.4515e-05 0)
(2.12679e-05 1.49e-05 0)
(2.16104e-05 1.52896e-05 0)
(2.19559e-05 1.5684e-05 0)
(2.23037e-05 1.60834e-05 0)
(2.26535e-05 1.64875e-05 0)
(2.30048e-05 1.68961e-05 0)
(2.33568e-05 1.73084e-05 0)
(2.37061e-05 1.77224e-05 -1.02559e-20)
(1.66761e-05 1.01541e-05 0)
(1.6979e-05 1.05299e-05 0)
(1.7288e-05 1.0901e-05 0)
(1.76022e-05 1.12693e-05 0)
(1.79215e-05 1.16366e-05 0)
(1.82456e-05 1.20039e-05 0)
(1.85741e-05 1.23724e-05 0)
(1.89069e-05 1.27429e-05 0)
(1.92436e-05 1.31161e-05 0)
(1.95839e-05 1.34926e-05 0)
(1.99277e-05 1.3873e-05 0)
(2.02746e-05 1.42577e-05 0)
(2.06244e-05 1.46471e-05 0)
(2.09768e-05 1.50414e-05 0)
(2.13317e-05 1.54409e-05 0)
(2.16886e-05 1.58458e-05 0)
(2.20473e-05 1.6256e-05 0)
(2.24074e-05 1.66716e-05 0)
(2.27683e-05 1.70922e-05 0)
(2.31249e-05 1.75163e-05 -1.03792e-20)
(1.57086e-05 9.79012e-06 0)
(1.60532e-05 1.01752e-05 0)
(1.63998e-05 1.05552e-05 0)
(1.67475e-05 1.09318e-05 0)
(1.7097e-05 1.13069e-05 0)
(1.7448e-05 1.16817e-05 0)
(1.78008e-05 1.20575e-05 0)
(1.81553e-05 1.2435e-05 0)
(1.85117e-05 1.28151e-05 0)
(1.887e-05 1.31985e-05 0)
(1.92301e-05 1.35858e-05 0)
(1.95921e-05 1.39773e-05 0)
(1.99559e-05 1.43737e-05 0)
(2.03214e-05 1.47751e-05 0)
(2.06886e-05 1.51821e-05 0)
(2.10574e-05 1.55948e-05 0)
(2.14276e-05 1.60135e-05 0)
(2.17989e-05 1.64385e-05 0)
(2.21707e-05 1.68699e-05 0)
(2.25371e-05 1.73067e-05 -1.05389e-20)
(1.46786e-05 9.3561e-06 0)
(1.50691e-05 9.75649e-06 0)
(1.54575e-05 1.0151e-05 0)
(1.58428e-05 1.05411e-05 0)
(1.62263e-05 1.09289e-05 0)
(1.6608e-05 1.13157e-05 0)
(1.69887e-05 1.17027e-05 0)
(1.73686e-05 1.20911e-05 0)
(1.77481e-05 1.24816e-05 0)
(1.81274e-05 1.28751e-05 0)
(1.85069e-05 1.32722e-05 0)
(1.88867e-05 1.36735e-05 0)
(1.9267e-05 1.40794e-05 0)
(1.96481e-05 1.44905e-05 0)
(2.00299e-05 1.49073e-05 0)
(2.04127e-05 1.53301e-05 0)
(2.07962e-05 1.57594e-05 0)
(2.11804e-05 1.61958e-05 0)
(2.1565e-05 1.664e-05 0)
(2.19434e-05 1.70913e-05 -1.07358e-20)
(1.36024e-05 8.85356e-06 0)
(1.40417e-05 9.27495e-06 0)
(1.44748e-05 9.68956e-06 0)
(1.49005e-05 1.00981e-05 0)
(1.5321e-05 1.05033e-05 0)
(1.57363e-05 1.09063e-05 0)
(1.61476e-05 1.13087e-05 0)
(1.65554e-05 1.17116e-05 0)
(1.69605e-05 1.2116e-05 0)
(1.73633e-05 1.25227e-05 0)
(1.77643e-05 1.29327e-05 0)
(1.81641e-05 1.33464e-05 0)
(1.8563e-05 1.37646e-05 0)
(1.89613e-05 1.41878e-05 0)
(1.93595e-05 1.46166e-05 0)
(1.97576e-05 1.50515e-05 0)
(2.0156e-05 1.54934e-05 0)
(2.05545e-05 1.59431e-05 0)
(2.09532e-05 1.64014e-05 0)
(2.13454e-05 1.68685e-05 -1.0972e-20)
(1.24966e-05 8.2853e-06 0)
(1.29859e-05 8.73303e-06 0)
(1.34652e-05 9.17284e-06 0)
(1.3933e-05 9.60465e-06 0)
(1.43922e-05 1.00317e-05 0)
(1.48429e-05 1.04551e-05 0)
(1.52868e-05 1.08767e-05 0)
(1.57244e-05 1.12977e-05 0)
(1.61568e-05 1.17194e-05 0)
(1.65848e-05 1.21426e-05 0)
(1.7009e-05 1.25683e-05 0)
(1.74303e-05 1.29972e-05 0)
(1.78491e-05 1.34302e-05 0)
(1.8266e-05 1.38678e-05 0)
(1.86816e-05 1.43107e-05 0)
(1.90962e-05 1.47598e-05 0)
(1.95103e-05 1.52159e-05 0)
(1.99241e-05 1.56801e-05 0)
(2.03379e-05 1.61537e-05 0)
(2.07456e-05 1.66372e-05 -1.12503e-20)
(1.13773e-05 7.65662e-06 0)
(1.19161e-05 8.13549e-06 0)
(1.24418e-05 8.60486e-06 0)
(1.29523e-05 9.06428e-06 0)
(1.34509e-05 9.51702e-06 0)
(1.3938e-05 9.96461e-06 0)
(1.44153e-05 1.04089e-05 0)
(1.48838e-05 1.08514e-05 0)
(1.53446e-05 1.12934e-05 0)
(1.57988e-05 1.17361e-05 0)
(1.62473e-05 1.21804e-05 0)
(1.6691e-05 1.26272e-05 0)
(1.71306e-05 1.30773e-05 0)
(1.75669e-05 1.35316e-05 0)
(1.80007e-05 1.39908e-05 0)
(1.84325e-05 1.44558e-05 0)
(1.88629e-05 1.49276e-05 0)
(1.92925e-05 1.54075e-05 0)
(1.97219e-05 1.5897e-05 0)
(2.01464e-05 1.63971e-05 -1.15732e-20)
(1.02591e-05 6.97508e-06 0)
(1.08448e-05 7.48856e-06 0)
(1.14152e-05 7.9906e-06 0)
(1.1968e-05 8.48144e-06 0)
(1.25059e-05 8.96347e-06 0)
(1.30297e-05 9.43867e-06 0)
(1.3541e-05 9.90893e-06 0)
(1.4041e-05 1.03759e-05 0)
(1.4531e-05 1.08412e-05 0)
(1.50121e-05 1.13059e-05 0)
(1.54854e-05 1.17713e-05 0)
(1.5952e-05 1.22384e-05 0)
(1.64129e-05 1.2708e-05 0)
(1.6869e-05 1.3181e-05 0)
(1.73213e-05 1.36583e-05 0)
(1.77704e-05 1.41408e-05 0)
(1.82174e-05 1.46296e-05 0)
(1.8663e-05 1.51261e-05 0)
(1.91081e-05 1.56318e-05 0)
(1.95505e-05 1.61485e-05 -1.1944e-20)
(9.26613e-06 6.35493e-06 0)
(9.88695e-06 6.8982e-06 0)
(1.04907e-05 7.42692e-06 0)
(1.10762e-05 7.94434e-06 0)
(1.16452e-05 8.45185e-06 0)
(1.21985e-05 8.95151e-06 0)
(1.27374e-05 9.44508e-06 0)
(1.32632e-05 9.93427e-06 0)
(1.37771e-05 1.04206e-05 0)
(1.42803e-05 1.09054e-05 0)
(1.4774e-05 1.13899e-05 0)
(1.52595e-05 1.1875e-05 0)
(1.57378e-05 1.23618e-05 0)
(1.621e-05 1.28512e-05 0)
(1.66771e-05 1.33439e-05 0)
(1.71401e-05 1.3841e-05 0)
(1.76002e-05 1.43434e-05 0)
(1.80583e-05 1.48525e-05 0)
(1.85157e-05 1.53698e-05 0)
(1.89726e-05 1.58979e-05 -1.22401e-20)
(7.79506e-06 5.31903e-06 0)
(8.54287e-06 5.92945e-06 0)
(9.17578e-06 6.48534e-06 0)
(9.79142e-06 7.02612e-06 0)
(1.03896e-05 7.55657e-06 0)
(1.09713e-05 8.07758e-06 0)
(1.15372e-05 8.59089e-06 0)
(1.20885e-05 9.09798e-06 0)
(1.26261e-05 9.60034e-06 0)
(1.31511e-05 1.00993e-05 0)
(1.36648e-05 1.0596e-05 0)
(1.41683e-05 1.10917e-05 0)
(1.46626e-05 1.15872e-05 0)
(1.5149e-05 1.20835e-05 0)
(1.56285e-05 1.25812e-05 0)
(1.61023e-05 1.30814e-05 0)
(1.65713e-05 1.35846e-05 0)
(1.70369e-05 1.4092e-05 0)
(1.75002e-05 1.46046e-05 0)
(1.79628e-05 1.51236e-05 0)
(1.84258e-05 1.56515e-05 -1.23103e-20)
(7.26479e-06 5.00751e-06 0)
(7.98799e-06 5.61019e-06 0)
(8.61653e-06 6.16719e-06 0)
(9.22998e-06 6.71193e-06 0)
(9.82764e-06 7.24802e-06 0)
(1.04102e-05 7.77589e-06 0)
(1.09779e-05 8.29678e-06 0)
(1.15316e-05 8.81183e-06 0)
(1.2072e-05 9.32219e-06 0)
(1.26001e-05 9.82894e-06 0)
(1.31168e-05 1.03331e-05 0)
(1.36232e-05 1.08355e-05 0)
(1.41203e-05 1.13371e-05 0)
(1.46092e-05 1.18385e-05 0)
(1.50909e-05 1.23405e-05 0)
(1.55665e-05 1.28438e-05 0)
(1.60372e-05 1.33489e-05 0)
(1.65042e-05 1.38567e-05 0)
(1.69688e-05 1.4368e-05 0)
(1.74326e-05 1.48837e-05 0)
(1.7897e-05 1.54054e-05 -1.22635e-20)
(6.79401e-06 4.70746e-06 0)
(7.49046e-06 5.30199e-06 0)
(8.10799e-06 5.85775e-06 0)
(8.71368e-06 6.40425e-06 0)
(9.30569e-06 6.94416e-06 0)
(9.88447e-06 7.47738e-06 0)
(1.04498e-05 8.00463e-06 0)
(1.10022e-05 8.52667e-06 0)
(1.15421e-05 9.04428e-06 0)
(1.20703e-05 9.55826e-06 0)
(1.25876e-05 1.00694e-05 0)
(1.30948e-05 1.05783e-05 0)
(1.35928e-05 1.10858e-05 0)
(1.40826e-05 1.15923e-05 0)
(1.45653e-05 1.20984e-05 0)
(1.50418e-05 1.26047e-05 0)
(1.55133e-05 1.31116e-05 0)
(1.59811e-05 1.36197e-05 0)
(1.64463e-05 1.41295e-05 0)
(1.6911e-05 1.46413e-05 0)
(1.73763e-05 1.51563e-05 -1.22353e-20)
(6.3741e-06 4.42132e-06 0)
(7.04215e-06 5.00572e-06 0)
(7.6448e-06 5.55812e-06 0)
(8.23859e-06 6.10457e-06 0)
(8.821e-06 6.64674e-06 0)
(9.39226e-06 7.18394e-06 0)
(9.95171e-06 7.7164e-06 0)
(1.04996e-05 8.24444e-06 0)
(1.10362e-05 8.76848e-06 0)
(1.1562e-05 9.28902e-06 0)
(1.20775e-05 9.80656e-06 0)
(1.25834e-05 1.03216e-05 0)
(1.30807e-05 1.08346e-05 0)
(1.357e-05 1.13459e-05 0)
(1.40524e-05 1.1856e-05 0)
(1.45288e-05 1.23652e-05 0)
(1.50003e-05 1.28737e-05 0)
(1.54681e-05 1.33819e-05 0)
(1.59336e-05 1.38899e-05 0)
(1.63987e-05 1.43977e-05 0)
(1.68643e-05 1.49056e-05 -1.22269e-20)
(5.99784e-06 4.14999e-06 0)
(6.63685e-06 4.72322e-06 0)
(7.22172e-06 5.27061e-06 0)
(7.80049e-06 5.81534e-06 0)
(8.37021e-06 6.35817e-06 0)
(8.9309e-06 6.8979e-06 0)
(9.48159e-06 7.43428e-06 0)
(1.00223e-05 7.96719e-06 0)
(1.05531e-05 8.4967e-06 0)
(1.10741e-05 9.02298e-06 0)
(1.15858e-05 9.54627e-06 0)
(1.20888e-05 1.00668e-05 0)
(1.25836e-05 1.05849e-05 0)
(1.30712e-05 1.11007e-05 0)
(1.35522e-05 1.16144e-05 0)
(1.40276e-05 1.21262e-05 0)
(1.44983e-05 1.26362e-05 0)
(1.49656e-05 1.31443e-05 0)
(1.54306e-05 1.36503e-05 0)
(1.58954e-05 1.4154e-05 0)
(1.63608e-05 1.4655e-05 -1.2239e-20)
(5.65774e-06 3.89352e-06 0)
(6.26788e-06 4.45472e-06 0)
(6.83314e-06 4.99579e-06 0)
(7.39473e-06 5.53745e-06 0)
(7.94948e-06 6.0796e-06 0)
(8.49726e-06 6.62057e-06 0)
(9.03689e-06 7.15968e-06 0)
(9.56822e-06 7.69637e-06 0)
(1.0091e-05 8.23037e-06 0)
(1.06054e-05 8.76152e-06 0)
(1.11115e-05 9.28979e-06 0)
(1.16099e-05 9.8152e-06 0)
(1.21011e-05 1.03378e-05 0)
(1.25856e-05 1.08576e-05 0)
(1.30642e-05 1.13745e-05 0)
(1.35378e-05 1.18887e-05 0)
(1.40071e-05 1.23998e-05 0)
(1.44732e-05 1.29077e-05 0)
(1.49374e-05 1.34118e-05 0)
(1.54012e-05 1.39116e-05 0)
(1.58656e-05 1.44058e-05 -1.22696e-20)
(5.34728e-06 3.65147e-06 0)
(5.92915e-06 4.20024e-06 0)
(6.47366e-06 4.73413e-06 0)
(7.01658e-06 5.27167e-06 0)
(7.5547e-06 5.81199e-06 0)
(8.0878e-06 6.35307e-06 0)
(8.61456e-06 6.89378e-06 0)
(9.13471e-06 7.43321e-06 0)
(9.64782e-06 7.97071e-06 0)
(1.01539e-05 8.50584e-06 0)
(1.06531e-05 9.03829e-06 0)
(1.11456e-05 9.56784e-06 0)
(1.16318e-05 1.00943e-05 0)
(1.21123e-05 1.06175e-05 0)
(1.25876e-05 1.11373e-05 0)
(1.30585e-05 1.16535e-05 0)
(1.35257e-05 1.21656e-05 0)
(1.39902e-05 1.26732e-05 0)
(1.4453e-05 1.31754e-05 0)
(1.49155e-05 1.36716e-05 0)
(1.53787e-05 1.41594e-05 -1.23168e-20)
(5.0604e-06 3.42302e-06 0)
(5.61486e-06 3.95931e-06 0)
(6.13799e-06 4.48548e-06 0)
(6.6613e-06 5.01814e-06 0)
(7.18166e-06 5.55576e-06 0)
(7.69879e-06 6.09601e-06 0)
(8.21132e-06 6.63736e-06 0)
(8.71889e-06 7.17855e-06 0)
(9.22099e-06 7.71864e-06 0)
(9.7175e-06 8.25687e-06 0)
(1.02084e-05 8.79268e-06 0)
(1.06939e-05 9.32562e-06 0)
(1.11742e-05 9.85531e-06 0)
(1.16498e-05 1.03814e-05 0)
(1.2121e-05 1.09036e-05 0)
(1.25887e-05 1.14213e-05 0)
(1.30533e-05 1.19342e-05 0)
(1.35157e-05 1.24414e-05 0)
(1.39766e-05 1.2942e-05 0)
(1.44374e-05 1.34348e-05 0)
(1.48989e-05 1.39172e-05 -1.23791e-20)
(4.79173e-06 3.20722e-06 0)
(5.31969e-06 3.73132e-06 0)
(5.82115e-06 4.24957e-06 0)
(6.32426e-06 4.77687e-06 0)
(6.82609e-06 5.31115e-06 0)
(7.32633e-06 5.84979e-06 0)
(7.82364e-06 6.39095e-06 0)
(8.3176e-06 6.93305e-06 0)
(8.80763e-06 7.47484e-06 0)
(9.29356e-06 8.01533e-06 0)
(9.77527e-06 8.5537e-06 0)
(1.02528e-05 9.08929e-06 0)
(1.07264e-05 9.62153e-06 0)
(1.11963e-05 1.01499e-05 0)
(1.16629e-05 1.06739e-05 0)
(1.21267e-05 1.11929e-05 0)
(1.25883e-05 1.17063e-05 0)
(1.30481e-05 1.22131e-05 0)
(1.3507e-05 1.27122e-05 0)
(1.39658e-05 1.32023e-05 0)
(1.44252e-05 1.36802e-05 -1.24535e-20)
(4.53636e-06 3.0031e-06 0)
(5.03866e-06 3.51553e-06 0)
(5.51833e-06 4.02591e-06 0)
(6.00093e-06 4.54762e-06 0)
(6.48374e-06 5.07811e-06 0)
(6.96647e-06 5.61456e-06 0)
(7.44786e-06 6.15484e-06 0)
(7.92745e-06 6.69708e-06 0)
(8.40467e-06 7.2398e-06 0)
(8.87926e-06 7.78175e-06 0)
(9.35104e-06 8.32191e-06 0)
(9.82001e-06 8.8594e-06 0)
(1.02863e-05 9.3935e-06 0)
(1.075e-05 9.92352e-06 0)
(1.12114e-05 1.04488e-05 0)
(1.1671e-05 1.09687e-05 0)
(1.2129e-05 1.14824e-05 0)
(1.25861e-05 1.19888e-05 0)
(1.30425e-05 1.24867e-05 0)
(1.34991e-05 1.29747e-05 0)
(1.39561e-05 1.34492e-05 -1.25369e-20)
(4.28977e-06 2.80981e-06 0)
(4.76711e-06 3.31127e-06 0)
(5.22497e-06 3.81402e-06 0)
(5.68687e-06 4.33009e-06 0)
(6.15036e-06 4.85653e-06 0)
(6.6152e-06 5.39035e-06 0)
(7.0802e-06 5.92916e-06 0)
(7.54494e-06 6.47089e-06 0)
(8.00882e-06 7.01381e-06 0)
(8.47157e-06 7.55648e-06 0)
(8.93294e-06 8.09767e-06 0)
(9.39285e-06 8.63636e-06 0)
(9.85132e-06 9.17164e-06 0)
(1.03085e-05 9.70272e-06 0)
(1.07644e-05 1.02288e-05 0)
(1.12194e-05 1.07492e-05 0)
(1.16738e-05 1.12629e-05 0)
(1.21278e-05 1.17689e-05 0)
(1.25817e-05 1.22659e-05 0)
(1.30358e-05 1.27524e-05 0)
(1.34903e-05 1.32249e-05 -1.26257e-20)
(4.04773e-06 2.6266e-06 0)
(4.50056e-06 3.11791e-06 0)
(4.93659e-06 3.61342e-06 0)
(5.37769e-06 4.12392e-06 0)
(5.82169e-06 4.64618e-06 0)
(6.26841e-06 5.17703e-06 0)
(6.71678e-06 5.7139e-06 0)
(7.16639e-06 6.25453e-06 0)
(7.61667e-06 6.797e-06 0)
(8.06729e-06 7.33969e-06 0)
(8.51798e-06 7.88122e-06 0)
(8.9686e-06 8.42041e-06 0)
(9.41907e-06 8.95623e-06 0)
(9.8694e-06 9.48776e-06 0)
(1.03197e-05 1.00141e-05 0)
(1.077e-05 1.05346e-05 0)
(1.12205e-05 1.10481e-05 0)
(1.16713e-05 1.15537e-05 0)
(1.21225e-05 1.20501e-05 0)
(1.25741e-05 1.25358e-05 0)
(1.3026e-05 1.30075e-05 -1.2716e-20)
(3.8061e-06 2.453e-06 0)
(4.23461e-06 2.93501e-06 0)
(4.64875e-06 3.42373e-06 0)
(5.06897e-06 3.92882e-06 0)
(5.49341e-06 4.44682e-06 0)
(5.92193e-06 4.97443e-06 0)
(6.3536e-06 5.50895e-06 0)
(6.78802e-06 6.04795e-06 0)
(7.22464e-06 6.58936e-06 0)
(7.6631e-06 7.13142e-06 0)
(8.10309e-06 7.67262e-06 0)
(8.54438e-06 8.21164e-06 0)
(8.98683e-06 8.74736e-06 0)
(9.43034e-06 9.27876e-06 0)
(9.87488e-06 9.80495e-06 0)
(1.03204e-05 1.0325e-05 0)
(1.07671e-05 1.08381e-05 0)
(1.12147e-05 1.13433e-05 0)
(1.16632e-05 1.18393e-05 0)
(1.21123e-05 1.23249e-05 0)
(1.25617e-05 1.2797e-05 -1.28038e-20)
(3.56072e-06 2.28863e-06 0)
(3.96481e-06 2.7622e-06 0)
(4.35692e-06 3.2446e-06 0)
(4.75619e-06 3.74445e-06 0)
(5.16107e-06 4.25813e-06 0)
(5.57146e-06 4.78228e-06 0)
(5.98653e-06 5.31406e-06 0)
(6.40591e-06 5.85092e-06 0)
(6.82904e-06 6.3907e-06 0)
(7.25554e-06 6.93151e-06 0)
(7.68503e-06 7.47174e-06 0)
(8.11722e-06 8.00996e-06 0)
(8.55186e-06 8.54498e-06 0)
(8.98875e-06 9.07571e-06 0)
(9.42774e-06 9.6012e-06 0)
(9.86872e-06 1.01206e-05 0)
(1.03115e-05 1.0633e-05 0)
(1.07561e-05 1.11376e-05 0)
(1.1202e-05 1.16334e-05 0)
(1.16488e-05 1.21194e-05 0)
(1.20958e-05 1.25931e-05 -1.2885e-20)
(3.30727e-06 2.1336e-06 0)
(3.68653e-06 2.59947e-06 0)
(4.05639e-06 3.07591e-06 0)
(4.43467e-06 3.57064e-06 0)
(4.82007e-06 4.07992e-06 0)
(5.21253e-06 4.60032e-06 0)
(5.6113e-06 5.12894e-06 0)
(6.016e-06 5.66316e-06 0)
(6.42607e-06 6.20073e-06 0)
(6.84108e-06 6.73968e-06 0)
(7.26056e-06 7.2783e-06 0)
(7.68412e-06 7.81512e-06 0)
(8.11142e-06 8.34886e-06 0)
(8.54214e-06 8.87839e-06 0)
(8.97599e-06 9.40274e-06 0)
(9.41271e-06 9.92102e-06 0)
(9.85206e-06 1.04325e-05 0)
(1.02937e-05 1.09364e-05 0)
(1.07372e-05 1.1432e-05 0)
(1.11819e-05 1.19188e-05 0)
(1.16269e-05 1.23951e-05 -1.29557e-20)
(3.041e-06 1.98784e-06 0)
(3.39472e-06 2.44661e-06 0)
(3.74209e-06 2.91736e-06 0)
(4.09935e-06 3.40698e-06 0)
(4.46548e-06 3.91168e-06 0)
(4.84038e-06 4.42802e-06 0)
(5.22338e-06 4.95305e-06 0)
(5.61404e-06 5.4841e-06 0)
(6.01176e-06 6.01888e-06 0)
(6.41602e-06 6.55535e-06 0)
(6.82628e-06 7.09178e-06 0)
(7.24203e-06 7.62662e-06 0)
(7.66278e-06 8.15854e-06 0)
(8.08806e-06 8.68639e-06 0)
(8.51745e-06 9.20918e-06 0)
(8.95054e-06 9.72603e-06 0)
(9.38691e-06 1.02363e-05 0)
(9.82612e-06 1.07393e-05 0)
(1.02676e-05 1.12348e-05 0)
(1.07105e-05 1.17226e-05 0)
(1.11538e-05 1.2202e-05 -1.30119e-20)
(2.75676e-06 1.85224e-06 0)
(3.084e-06 2.30421e-06 0)
(3.40861e-06 2.76927e-06 0)
(3.74495e-06 3.25355e-06 0)
(4.09219e-06 3.7533e-06 0)
(4.45014e-06 4.26508e-06 0)
(4.81815e-06 4.78594e-06 0)
(5.19569e-06 5.31319e-06 0)
(5.58209e-06 5.84453e-06 0)
(5.97672e-06 6.37789e-06 0)
(6.37889e-06 6.91148e-06 0)
(6.78796e-06 7.44376e-06 0)
(7.20328e-06 7.97334e-06 0)
(7.62422e-06 8.49906e-06 0)
(8.05018e-06 9.0199e-06 0)
(8.48056e-06 9.53503e-06 0)
(8.91478e-06 1.00438e-05 0)
(9.35221e-06 1.05458e-05 0)
(9.7922e-06 1.1041e-05 0)
(1.02338e-05 1.15297e-05 0)
(1.06759e-05 1.20125e-05 -1.30516e-20)
(2.44822e-06 1.72647e-06 0)
(2.74783e-06 2.1717e-06 0)
(3.04955e-06 2.63083e-06 0)
(3.36526e-06 3.10939e-06 0)
(3.69425e-06 3.6037e-06 0)
(4.0362e-06 4.11035e-06 0)
(4.39037e-06 4.62642e-06 0)
(4.75611e-06 5.14924e-06 0)
(5.13262e-06 5.67649e-06 0)
(5.51911e-06 6.20611e-06 0)
(5.91475e-06 6.73629e-06 0)
(6.31871e-06 7.26546e-06 0)
(6.73017e-06 7.79225e-06 0)
(7.14831e-06 8.31545e-06 0)
(7.57232e-06 8.83404e-06 0)
(8.00137e-06 9.34721e-06 0)
(8.43468e-06 9.85436e-06 0)
(8.87142e-06 1.03552e-05 0)
(9.31074e-06 1.08499e-05 0)
(9.75165e-06 1.13391e-05 0)
(1.01931e-05 1.1825e-05 -1.30725e-20)
(2.10941e-06 1.61293e-06 0)
(2.38016e-06 2.05084e-06 0)
(2.65906e-06 2.50321e-06 0)
(2.95473e-06 2.97515e-06 0)
(3.26646e-06 3.46309e-06 0)
(3.59369e-06 3.96368e-06 0)
(3.93555e-06 4.47406e-06 0)
(4.29119e-06 4.99155e-06 0)
(4.65962e-06 5.51388e-06 0)
(5.03986e-06 6.03897e-06 0)
(5.4309e-06 6.56503e-06 0)
(5.83171e-06 7.09048e-06 0)
(6.24128e-06 7.61394e-06 0)
(6.65856e-06 8.13421e-06 0)
(7.08253e-06 8.65026e-06 0)
(7.51213e-06 9.16129e-06 0)
(7.94628e-06 9.66671e-06 0)
(8.38387e-06 1.01663e-05 0)
(8.8238e-06 1.06603e-05 0)
(9.26491e-06 1.11498e-05 0)
(9.70622e-06 1.16374e-05 -1.30787e-20)
(1.72914e-06 1.50956e-06 1.12837e-21)
(1.96944e-06 1.93879e-06 4.54693e-22)
(2.22621e-06 2.38349e-06 -2.0597e-22)
(2.5031e-06 2.8479e-06 -8.4896e-22)
(2.79925e-06 3.3286e-06 -1.46531e-21)
(3.11379e-06 3.82232e-06 -2.05095e-21)
(3.44559e-06 4.32621e-06 -2.60132e-21)
(3.79355e-06 4.83766e-06 -3.11436e-21)
(4.15642e-06 5.35438e-06 -3.58804e-21)
(4.53301e-06 5.87434e-06 -4.02174e-21)
(4.92206e-06 6.39574e-06 -4.41511e-21)
(5.32237e-06 6.917e-06 -4.76805e-21)
(5.7327e-06 7.43674e-06 -5.08023e-21)
(6.15182e-06 7.95376e-06 -5.35132e-21)
(6.57849e-06 8.46706e-06 -5.58077e-21)
(7.0114e-06 8.97583e-06 -5.76712e-21)
(7.4492e-06 9.47952e-06 -5.90948e-21)
(7.89039e-06 9.9779e-06 -6.00573e-21)
(8.33339e-06 1.04712e-05 -6.05836e-21)
(8.77626e-06 1.09606e-05 -6.07099e-21)
(9.22966e-06 1.13738e-05 -9.5734e-21)
(7.79506e-06 5.31903e-06 0)
(8.54287e-06 5.92945e-06 0)
(9.17578e-06 6.48534e-06 0)
(9.79142e-06 7.02612e-06 0)
(1.03896e-05 7.55657e-06 0)
(1.09713e-05 8.07758e-06 0)
(1.15372e-05 8.59089e-06 0)
(1.20885e-05 9.09798e-06 0)
(1.26261e-05 9.60034e-06 0)
(1.31511e-05 1.00993e-05 0)
(1.36648e-05 1.0596e-05 0)
(1.41683e-05 1.10917e-05 0)
(1.46626e-05 1.15872e-05 0)
(1.5149e-05 1.20835e-05 0)
(1.56285e-05 1.25812e-05 0)
(1.61023e-05 1.30814e-05 0)
(1.65713e-05 1.35846e-05 0)
(1.70369e-05 1.4092e-05 0)
(1.75002e-05 1.46046e-05 0)
(1.79628e-05 1.51236e-05 0)
(1.84258e-05 1.56515e-05 -1.23103e-20)
(7.26479e-06 5.00751e-06 0)
(7.98799e-06 5.61019e-06 0)
(8.61653e-06 6.16719e-06 0)
(9.22998e-06 6.71193e-06 0)
(9.82764e-06 7.24802e-06 0)
(1.04102e-05 7.77589e-06 0)
(1.09779e-05 8.29678e-06 0)
(1.15316e-05 8.81183e-06 0)
(1.2072e-05 9.32219e-06 0)
(1.26001e-05 9.82894e-06 0)
(1.31168e-05 1.03331e-05 0)
(1.36232e-05 1.08355e-05 0)
(1.41203e-05 1.13371e-05 0)
(1.46092e-05 1.18385e-05 0)
(1.50909e-05 1.23405e-05 0)
(1.55665e-05 1.28438e-05 0)
(1.60372e-05 1.33489e-05 0)
(1.65042e-05 1.38567e-05 0)
(1.69688e-05 1.4368e-05 0)
(1.74326e-05 1.48837e-05 0)
(1.7897e-05 1.54054e-05 -1.22635e-20)
(6.79401e-06 4.70746e-06 0)
(7.49046e-06 5.30199e-06 0)
(8.10799e-06 5.85775e-06 0)
(8.71368e-06 6.40425e-06 0)
(9.30569e-06 6.94416e-06 0)
(9.88447e-06 7.47738e-06 0)
(1.04498e-05 8.00463e-06 0)
(1.10022e-05 8.52667e-06 0)
(1.15421e-05 9.04428e-06 0)
(1.20703e-05 9.55826e-06 0)
(1.25876e-05 1.00694e-05 0)
(1.30948e-05 1.05783e-05 0)
(1.35928e-05 1.10858e-05 0)
(1.40826e-05 1.15923e-05 0)
(1.45653e-05 1.20984e-05 0)
(1.50418e-05 1.26047e-05 0)
(1.55133e-05 1.31116e-05 0)
(1.59811e-05 1.36197e-05 0)
(1.64463e-05 1.41295e-05 0)
(1.6911e-05 1.46413e-05 0)
(1.73763e-05 1.51563e-05 -1.22353e-20)
(6.3741e-06 4.42132e-06 0)
(7.04215e-06 5.00572e-06 0)
(7.6448e-06 5.55812e-06 0)
(8.23859e-06 6.10457e-06 0)
(8.821e-06 6.64674e-06 0)
(9.39226e-06 7.18394e-06 0)
(9.95171e-06 7.7164e-06 0)
(1.04996e-05 8.24444e-06 0)
(1.10362e-05 8.76848e-06 0)
(1.1562e-05 9.28902e-06 0)
(1.20775e-05 9.80656e-06 0)
(1.25834e-05 1.03216e-05 0)
(1.30807e-05 1.08346e-05 0)
(1.357e-05 1.13459e-05 0)
(1.40524e-05 1.1856e-05 0)
(1.45288e-05 1.23652e-05 0)
(1.50003e-05 1.28737e-05 0)
(1.54681e-05 1.33819e-05 0)
(1.59336e-05 1.38899e-05 0)
(1.63987e-05 1.43977e-05 0)
(1.68643e-05 1.49056e-05 -1.22269e-20)
(5.99784e-06 4.14999e-06 0)
(6.63685e-06 4.72322e-06 0)
(7.22172e-06 5.27061e-06 0)
(7.80049e-06 5.81534e-06 0)
(8.37021e-06 6.35817e-06 0)
(8.9309e-06 6.8979e-06 0)
(9.48159e-06 7.43428e-06 0)
(1.00223e-05 7.96719e-06 0)
(1.05531e-05 8.4967e-06 0)
(1.10741e-05 9.02298e-06 0)
(1.15858e-05 9.54627e-06 0)
(1.20888e-05 1.00668e-05 0)
(1.25836e-05 1.05849e-05 0)
(1.30712e-05 1.11007e-05 0)
(1.35522e-05 1.16144e-05 0)
(1.40276e-05 1.21262e-05 0)
(1.44983e-05 1.26362e-05 0)
(1.49656e-05 1.31443e-05 0)
(1.54306e-05 1.36503e-05 0)
(1.58954e-05 1.4154e-05 0)
(1.63608e-05 1.4655e-05 -1.2239e-20)
(5.65774e-06 3.89352e-06 0)
(6.26788e-06 4.45472e-06 0)
(6.83314e-06 4.99579e-06 0)
(7.39473e-06 5.53745e-06 0)
(7.94948e-06 6.0796e-06 0)
(8.49726e-06 6.62057e-06 0)
(9.03689e-06 7.15968e-06 0)
(9.56822e-06 7.69637e-06 0)
(1.0091e-05 8.23037e-06 0)
(1.06054e-05 8.76152e-06 0)
(1.11115e-05 9.28979e-06 0)
(1.16099e-05 9.8152e-06 0)
(1.21011e-05 1.03378e-05 0)
(1.25856e-05 1.08576e-05 0)
(1.30642e-05 1.13745e-05 0)
(1.35378e-05 1.18887e-05 0)
(1.40071e-05 1.23998e-05 0)
(1.44732e-05 1.29077e-05 0)
(1.49374e-05 1.34118e-05 0)
(1.54012e-05 1.39116e-05 0)
(1.58656e-05 1.44058e-05 -1.22696e-20)
(5.34728e-06 3.65147e-06 0)
(5.92915e-06 4.20024e-06 0)
(6.47366e-06 4.73413e-06 0)
(7.01658e-06 5.27167e-06 0)
(7.5547e-06 5.81199e-06 0)
(8.0878e-06 6.35307e-06 0)
(8.61456e-06 6.89378e-06 0)
(9.13471e-06 7.43321e-06 0)
(9.64782e-06 7.97071e-06 0)
(1.01539e-05 8.50584e-06 0)
(1.06531e-05 9.03829e-06 0)
(1.11456e-05 9.56784e-06 0)
(1.16318e-05 1.00943e-05 0)
(1.21123e-05 1.06175e-05 0)
(1.25876e-05 1.11373e-05 0)
(1.30585e-05 1.16535e-05 0)
(1.35257e-05 1.21656e-05 0)
(1.39902e-05 1.26732e-05 0)
(1.4453e-05 1.31754e-05 0)
(1.49155e-05 1.36716e-05 0)
(1.53787e-05 1.41594e-05 -1.23168e-20)
(5.0604e-06 3.42302e-06 0)
(5.61486e-06 3.95931e-06 0)
(6.13799e-06 4.48548e-06 0)
(6.6613e-06 5.01814e-06 0)
(7.18166e-06 5.55576e-06 0)
(7.69879e-06 6.09601e-06 0)
(8.21132e-06 6.63736e-06 0)
(8.71889e-06 7.17855e-06 0)
(9.22099e-06 7.71864e-06 0)
(9.7175e-06 8.25687e-06 0)
(1.02084e-05 8.79268e-06 0)
(1.06939e-05 9.32562e-06 0)
(1.11742e-05 9.85531e-06 0)
(1.16498e-05 1.03814e-05 0)
(1.2121e-05 1.09036e-05 0)
(1.25887e-05 1.14213e-05 0)
(1.30533e-05 1.19342e-05 0)
(1.35157e-05 1.24414e-05 0)
(1.39766e-05 1.2942e-05 0)
(1.44374e-05 1.34348e-05 0)
(1.48989e-05 1.39172e-05 -1.23791e-20)
(4.79173e-06 3.20722e-06 0)
(5.31969e-06 3.73132e-06 0)
(5.82115e-06 4.24957e-06 0)
(6.32426e-06 4.77687e-06 0)
(6.82609e-06 5.31115e-06 0)
(7.32633e-06 5.84979e-06 0)
(7.82364e-06 6.39095e-06 0)
(8.3176e-06 6.93305e-06 0)
(8.80763e-06 7.47484e-06 0)
(9.29356e-06 8.01533e-06 0)
(9.77527e-06 8.5537e-06 0)
(1.02528e-05 9.08929e-06 0)
(1.07264e-05 9.62153e-06 0)
(1.11963e-05 1.01499e-05 0)
(1.16629e-05 1.06739e-05 0)
(1.21267e-05 1.11929e-05 0)
(1.25883e-05 1.17063e-05 0)
(1.30481e-05 1.22131e-05 0)
(1.3507e-05 1.27122e-05 0)
(1.39658e-05 1.32023e-05 0)
(1.44252e-05 1.36802e-05 -1.24535e-20)
(4.53636e-06 3.0031e-06 0)
(5.03866e-06 3.51553e-06 0)
(5.51833e-06 4.02591e-06 0)
(6.00093e-06 4.54762e-06 0)
(6.48374e-06 5.07811e-06 0)
(6.96647e-06 5.61456e-06 0)
(7.44786e-06 6.15484e-06 0)
(7.92745e-06 6.69708e-06 0)
(8.40467e-06 7.2398e-06 0)
(8.87926e-06 7.78175e-06 0)
(9.35104e-06 8.32191e-06 0)
(9.82001e-06 8.8594e-06 0)
(1.02863e-05 9.3935e-06 0)
(1.075e-05 9.92352e-06 0)
(1.12114e-05 1.04488e-05 0)
(1.1671e-05 1.09687e-05 0)
(1.2129e-05 1.14824e-05 0)
(1.25861e-05 1.19888e-05 0)
(1.30425e-05 1.24867e-05 0)
(1.34991e-05 1.29747e-05 0)
(1.39561e-05 1.34492e-05 -1.25369e-20)
(4.28977e-06 2.80981e-06 0)
(4.76711e-06 3.31127e-06 0)
(5.22497e-06 3.81402e-06 0)
(5.68687e-06 4.33009e-06 0)
(6.15036e-06 4.85653e-06 0)
(6.6152e-06 5.39035e-06 0)
(7.0802e-06 5.92916e-06 0)
(7.54494e-06 6.47089e-06 0)
(8.00882e-06 7.01381e-06 0)
(8.47157e-06 7.55648e-06 0)
(8.93294e-06 8.09767e-06 0)
(9.39285e-06 8.63636e-06 0)
(9.85132e-06 9.17164e-06 0)
(1.03085e-05 9.70272e-06 0)
(1.07644e-05 1.02288e-05 0)
(1.12194e-05 1.07492e-05 0)
(1.16738e-05 1.12629e-05 0)
(1.21278e-05 1.17689e-05 0)
(1.25817e-05 1.22659e-05 0)
(1.30358e-05 1.27524e-05 0)
(1.34903e-05 1.32249e-05 -1.26257e-20)
(4.04773e-06 2.6266e-06 0)
(4.50056e-06 3.11791e-06 0)
(4.93659e-06 3.61342e-06 0)
(5.37769e-06 4.12392e-06 0)
(5.82169e-06 4.64618e-06 0)
(6.26841e-06 5.17703e-06 0)
(6.71678e-06 5.7139e-06 0)
(7.16639e-06 6.25453e-06 0)
(7.61667e-06 6.797e-06 0)
(8.06729e-06 7.33969e-06 0)
(8.51798e-06 7.88122e-06 0)
(8.9686e-06 8.42041e-06 0)
(9.41907e-06 8.95623e-06 0)
(9.8694e-06 9.48776e-06 0)
(1.03197e-05 1.00141e-05 0)
(1.077e-05 1.05346e-05 0)
(1.12205e-05 1.10481e-05 0)
(1.16713e-05 1.15537e-05 0)
(1.21225e-05 1.20501e-05 0)
(1.25741e-05 1.25358e-05 0)
(1.3026e-05 1.30075e-05 -1.2716e-20)
(3.8061e-06 2.453e-06 0)
(4.23461e-06 2.93501e-06 0)
(4.64875e-06 3.42373e-06 0)
(5.06897e-06 3.92882e-06 0)
(5.49341e-06 4.44682e-06 0)
(5.92193e-06 4.97443e-06 0)
(6.3536e-06 5.50895e-06 0)
(6.78802e-06 6.04795e-06 0)
(7.22464e-06 6.58936e-06 0)
(7.6631e-06 7.13142e-06 0)
(8.10309e-06 7.67262e-06 0)
(8.54438e-06 8.21164e-06 0)
(8.98683e-06 8.74736e-06 0)
(9.43034e-06 9.27876e-06 0)
(9.87488e-06 9.80495e-06 0)
(1.03204e-05 1.0325e-05 0)
(1.07671e-05 1.08381e-05 0)
(1.12147e-05 1.13433e-05 0)
(1.16632e-05 1.18393e-05 0)
(1.21123e-05 1.23249e-05 0)
(1.25617e-05 1.2797e-05 -1.28038e-20)
(3.56072e-06 2.28863e-06 0)
(3.96481e-06 2.7622e-06 0)
(4.35692e-06 3.2446e-06 0)
(4.75619e-06 3.74445e-06 0)
(5.16107e-06 4.25813e-06 0)
(5.57146e-06 4.78228e-06 0)
(5.98653e-06 5.31406e-06 0)
(6.40591e-06 5.85092e-06 0)
(6.82904e-06 6.3907e-06 0)
(7.25554e-06 6.93151e-06 0)
(7.68503e-06 7.47174e-06 0)
(8.11722e-06 8.00996e-06 0)
(8.55186e-06 8.54498e-06 0)
(8.98875e-06 9.07571e-06 0)
(9.42774e-06 9.6012e-06 0)
(9.86872e-06 1.01206e-05 0)
(1.03115e-05 1.0633e-05 0)
(1.07561e-05 1.11376e-05 0)
(1.1202e-05 1.16334e-05 0)
(1.16488e-05 1.21194e-05 0)
(1.20958e-05 1.25931e-05 -1.2885e-20)
(3.30727e-06 2.1336e-06 0)
(3.68653e-06 2.59947e-06 0)
(4.05639e-06 3.07591e-06 0)
(4.43467e-06 3.57064e-06 0)
(4.82007e-06 4.07992e-06 0)
(5.21253e-06 4.60032e-06 0)
(5.6113e-06 5.12894e-06 0)
(6.016e-06 5.66316e-06 0)
(6.42607e-06 6.20073e-06 0)
(6.84108e-06 6.73968e-06 0)
(7.26056e-06 7.2783e-06 0)
(7.68412e-06 7.81512e-06 0)
(8.11142e-06 8.34886e-06 0)
(8.54214e-06 8.87839e-06 0)
(8.97599e-06 9.40274e-06 0)
(9.41271e-06 9.92102e-06 0)
(9.85206e-06 1.04325e-05 0)
(1.02937e-05 1.09364e-05 0)
(1.07372e-05 1.1432e-05 0)
(1.11819e-05 1.19188e-05 0)
(1.16269e-05 1.23951e-05 -1.29557e-20)
(3.041e-06 1.98784e-06 0)
(3.39472e-06 2.44661e-06 0)
(3.74209e-06 2.91736e-06 0)
(4.09935e-06 3.40698e-06 0)
(4.46548e-06 3.91168e-06 0)
(4.84038e-06 4.42802e-06 0)
(5.22338e-06 4.95305e-06 0)
(5.61404e-06 5.4841e-06 0)
(6.01176e-06 6.01888e-06 0)
(6.41602e-06 6.55535e-06 0)
(6.82628e-06 7.09178e-06 0)
(7.24203e-06 7.62662e-06 0)
(7.66278e-06 8.15854e-06 0)
(8.08806e-06 8.68639e-06 0)
(8.51745e-06 9.20918e-06 0)
(8.95054e-06 9.72603e-06 0)
(9.38691e-06 1.02363e-05 0)
(9.82612e-06 1.07393e-05 0)
(1.02676e-05 1.12348e-05 0)
(1.07105e-05 1.17226e-05 0)
(1.11538e-05 1.2202e-05 -1.30119e-20)
(2.75676e-06 1.85224e-06 0)
(3.084e-06 2.30421e-06 0)
(3.40861e-06 2.76927e-06 0)
(3.74495e-06 3.25355e-06 0)
(4.09219e-06 3.7533e-06 0)
(4.45014e-06 4.26508e-06 0)
(4.81815e-06 4.78594e-06 0)
(5.19569e-06 5.31319e-06 0)
(5.58209e-06 5.84453e-06 0)
(5.97672e-06 6.37789e-06 0)
(6.37889e-06 6.91148e-06 0)
(6.78796e-06 7.44376e-06 0)
(7.20328e-06 7.97334e-06 0)
(7.62422e-06 8.49906e-06 0)
(8.05018e-06 9.0199e-06 0)
(8.48056e-06 9.53503e-06 0)
(8.91478e-06 1.00438e-05 0)
(9.35221e-06 1.05458e-05 0)
(9.7922e-06 1.1041e-05 0)
(1.02338e-05 1.15297e-05 0)
(1.06759e-05 1.20125e-05 -1.30516e-20)
(2.44822e-06 1.72647e-06 0)
(2.74783e-06 2.1717e-06 0)
(3.04955e-06 2.63083e-06 0)
(3.36526e-06 3.10939e-06 0)
(3.69425e-06 3.6037e-06 0)
(4.0362e-06 4.11035e-06 0)
(4.39037e-06 4.62642e-06 0)
(4.75611e-06 5.14924e-06 0)
(5.13262e-06 5.67649e-06 0)
(5.51911e-06 6.20611e-06 0)
(5.91475e-06 6.73629e-06 0)
(6.31871e-06 7.26546e-06 0)
(6.73017e-06 7.79225e-06 0)
(7.14831e-06 8.31545e-06 0)
(7.57232e-06 8.83404e-06 0)
(8.00137e-06 9.34721e-06 0)
(8.43468e-06 9.85436e-06 0)
(8.87142e-06 1.03552e-05 0)
(9.31074e-06 1.08499e-05 0)
(9.75165e-06 1.13391e-05 0)
(1.01931e-05 1.1825e-05 -1.30725e-20)
(2.10941e-06 1.61293e-06 0)
(2.38016e-06 2.05084e-06 0)
(2.65906e-06 2.50321e-06 0)
(2.95473e-06 2.97515e-06 0)
(3.26646e-06 3.46309e-06 0)
(3.59369e-06 3.96368e-06 0)
(3.93555e-06 4.47406e-06 0)
(4.29119e-06 4.99155e-06 0)
(4.65962e-06 5.51388e-06 0)
(5.03986e-06 6.03897e-06 0)
(5.4309e-06 6.56503e-06 0)
(5.83171e-06 7.09048e-06 0)
(6.24128e-06 7.61394e-06 0)
(6.65856e-06 8.13421e-06 0)
(7.08253e-06 8.65026e-06 0)
(7.51213e-06 9.16129e-06 0)
(7.94628e-06 9.66671e-06 0)
(8.38387e-06 1.01663e-05 0)
(8.8238e-06 1.06603e-05 0)
(9.26491e-06 1.11498e-05 0)
(9.70622e-06 1.16374e-05 -1.30787e-20)
(1.72914e-06 1.50956e-06 1.12837e-21)
(1.96944e-06 1.93879e-06 4.54693e-22)
(2.22621e-06 2.38349e-06 -2.0597e-22)
(2.5031e-06 2.8479e-06 -8.4896e-22)
(2.79925e-06 3.3286e-06 -1.46531e-21)
(3.11379e-06 3.82232e-06 -2.05095e-21)
(3.44559e-06 4.32621e-06 -2.60132e-21)
(3.79355e-06 4.83766e-06 -3.11436e-21)
(4.15642e-06 5.35438e-06 -3.58804e-21)
(4.53301e-06 5.87434e-06 -4.02174e-21)
(4.92206e-06 6.39574e-06 -4.41511e-21)
(5.32237e-06 6.917e-06 -4.76805e-21)
(5.7327e-06 7.43674e-06 -5.08023e-21)
(6.15182e-06 7.95376e-06 -5.35132e-21)
(6.57849e-06 8.46706e-06 -5.58077e-21)
(7.0114e-06 8.97583e-06 -5.76712e-21)
(7.4492e-06 9.47952e-06 -5.90948e-21)
(7.89039e-06 9.9779e-06 -6.00573e-21)
(8.33339e-06 1.04712e-05 -6.05836e-21)
(8.77626e-06 1.09606e-05 -6.07099e-21)
(9.22966e-06 1.13738e-05 -9.5734e-21)
(0 0 0)
(5.79493e-07 1.08751e-07 0)
(1.18012e-06 3.34519e-07 0)
(1.82039e-06 6.8836e-07 0)
(2.51019e-06 1.15575e-06 0)
(3.25778e-06 1.72264e-06 0)
(4.06673e-06 2.37047e-06 0)
(4.93789e-06 3.07946e-06 0)
(5.86899e-06 3.82873e-06 0)
(6.85583e-06 4.59958e-06 0)
(0 0 0)
(5.46883e-07 9.67008e-08 0)
(1.1134e-06 3.00385e-07 0)
(1.71528e-06 6.22987e-07 0)
(2.36082e-06 1.053e-06 0)
(3.05744e-06 1.57906e-06 0)
(3.80858e-06 2.18525e-06 0)
(4.61545e-06 2.85433e-06 0)
(5.47642e-06 3.56744e-06 0)
(6.38749e-06 4.3085e-06 0)
(0 0 0)
(5.17383e-07 8.42533e-08 0)
(1.05343e-06 2.67201e-07 0)
(1.62148e-06 5.61221e-07 0)
(2.22822e-06 9.57056e-07 0)
(2.88012e-06 1.44539e-06 0)
(3.58026e-06 2.01242e-06 0)
(4.32995e-06 2.64298e-06 0)
(5.12852e-06 3.32004e-06 0)
(5.97241e-06 4.02961e-06 0)
(0 0 0)
(4.90172e-07 7.12646e-08 0)
(9.98489e-07 2.34554e-07 0)
(1.53635e-06 5.02401e-07 0)
(2.10898e-06 8.67192e-07 0)
(2.72192e-06 1.32117e-06 0)
(3.37776e-06 1.85219e-06 0)
(4.07757e-06 2.44673e-06 0)
(4.82118e-06 3.08922e-06 0)
(5.6048e-06 3.76663e-06 0)
(0 0 0)
(4.64712e-07 5.75954e-08 0)
(9.4733e-07 2.01839e-07 0)
(1.45764e-06 4.45251e-07 0)
(1.99959e-06 7.81427e-07 0)
(2.57779e-06 1.20378e-06 0)
(3.19443e-06 1.70147e-06 0)
(3.85027e-06 2.26228e-06 0)
(4.54555e-06 2.87209e-06 0)
(5.27624e-06 3.51842e-06 0)
(0 0 0)
(4.40637e-07 4.32204e-08 0)
(8.99154e-07 1.68842e-07 0)
(1.38402e-06 3.89295e-07 0)
(1.89803e-06 6.99058e-07 0)
(2.44501e-06 1.09241e-06 0)
(3.02666e-06 1.5595e-06 0)
(3.64341e-06 2.0891e-06 0)
(4.29575e-06 2.66828e-06 0)
(4.97956e-06 3.28487e-06 0)
(0 0 0)
(4.17593e-07 2.80967e-08 0)
(8.53181e-07 1.35283e-07 0)
(1.31414e-06 3.33867e-07 0)
(1.80225e-06 6.18974e-07 0)
(2.32065e-06 9.85513e-07 0)
(2.87064e-06 1.42442e-06 0)
(3.45232e-06 1.92522e-06 0)
(4.06632e-06 2.47599e-06 0)
(4.70851e-06 3.06481e-06 0)
(0 0 0)
(3.95337e-07 1.22388e-08 0)
(8.08882e-07 1.01059e-07 0)
(1.24709e-06 2.78664e-07 0)
(1.71086e-06 5.40644e-07 0)
(2.20272e-06 8.82347e-07 0)
(2.72359e-06 1.2953e-06 0)
(3.27336e-06 1.76958e-06 0)
(3.85267e-06 2.2941e-06 0)
(4.45755e-06 2.85718e-06 0)
(0 0 0)
(3.73642e-07 -4.362e-09 0)
(7.65768e-07 6.60368e-08 0)
(1.18205e-06 2.23336e-07 0)
(1.62258e-06 4.63455e-07 0)
(2.08937e-06 7.82034e-07 0)
(2.58304e-06 1.17104e-06 0)
(3.10333e-06 1.62095e-06 0)
(3.65083e-06 2.12134e-06 0)
(4.22185e-06 2.66079e-06 0)
(0 0 0)
(3.52339e-07 -2.16956e-08 0)
(7.23474e-07 3.01536e-08 0)
(1.11837e-06 1.67689e-07 0)
(1.53639e-06 3.87055e-07 0)
(1.97913e-06 6.84046e-07 0)
(2.44692e-06 1.05092e-06 0)
(2.93946e-06 1.47845e-06 0)
(3.4573e-06 1.95671e-06 0)
(3.99709e-06 2.47458e-06 0)
(0 0 0)
(3.31288e-07 -3.97732e-08 0)
(6.81697e-07 -6.67094e-09 0)
(1.05552e-06 1.11537e-07 0)
(1.45143e-06 3.1113e-07 0)
(1.87067e-06 5.87928e-07 0)
(2.31338e-06 9.34348e-07 0)
(2.77929e-06 1.34135e-06 0)
(3.26895e-06 1.7994e-06 0)
(3.77937e-06 2.29766e-06 0)
(0 0 0)
(3.10405e-07 -5.86189e-08 0)
(6.40245e-07 -4.45115e-08 0)
(9.93108e-07 5.47518e-08 0)
(1.36698e-06 2.35491e-07 0)
(1.76285e-06 4.93406e-07 0)
(2.18076e-06 8.2094e-07 0)
(2.62056e-06 1.20915e-06 0)
(3.08283e-06 1.64878e-06 0)
(3.56504e-06 2.1293e-06 0)
(0 0 0)
(2.89676e-07 -7.83055e-08 0)
(5.99041e-07 -8.34648e-08 0)
(9.30858e-07 -2.75158e-09 0)
(1.28245e-06 1.60069e-07 0)
(1.65464e-06 4.00395e-07 0)
(2.04749e-06 7.10561e-07 0)
(2.46109e-06 1.08163e-06 0)
(2.89615e-06 1.50455e-06 0)
(3.3506e-06 1.96908e-06 0)
(0 0 0)
(2.6923e-07 -9.89805e-08 0)
(5.58241e-07 -1.23693e-07 0)
(8.68719e-07 -6.10687e-08 0)
(1.1974e-06 8.48489e-08 0)
(1.54508e-06 3.08919e-07 0)
(1.91203e-06 6.03214e-07 0)
(2.29873e-06 9.58727e-07 0)
(2.70605e-06 1.36655e-06 0)
(3.13246e-06 1.81672e-06 0)
(0 0 0)
(2.49384e-07 -1.20966e-07 0)
(5.1827e-07 -1.65389e-07 0)
(8.06853e-07 -1.20125e-07 0)
(1.1115e-06 1.01536e-08 0)
(1.43325e-06 2.19441e-07 0)
(1.77282e-06 4.994e-07 0)
(2.13119e-06 8.40897e-07 0)
(2.50956e-06 1.23513e-06 0)
(2.90695e-06 1.67245e-06 0)
(0 0 0)
(2.31002e-07 -1.4482e-07 0)
(4.80263e-07 -2.08939e-07 0)
(7.4594e-07 -1.79957e-07 0)
(1.0247e-06 -6.37722e-08 0)
(1.31825e-06 1.32364e-07 0)
(1.6281e-06 3.99555e-07 0)
(1.95593e-06 7.28515e-07 0)
(2.30333e-06 1.11056e-06 0)
(2.66993e-06 1.53637e-06 0)
(0 0 0)
(2.1569e-07 -1.71816e-07 0)
(4.46026e-07 -2.54675e-07 0)
(6.87003e-07 -2.39837e-07 0)
(9.36958e-07 -1.35536e-07 0)
(1.199e-06 4.93687e-08 0)
(1.47585e-06 3.05402e-07 0)
(1.77006e-06 6.23204e-07 0)
(2.08365e-06 9.94269e-07 0)
(2.41691e-06 1.40966e-06 0)
(0 0 0)
(2.08365e-07 -2.03723e-07 0)
(4.19866e-07 -3.03233e-07 0)
(6.32277e-07 -2.99468e-07 0)
(8.48431e-07 -2.04462e-07 0)
(1.07401e-06 -2.87829e-08 0)
(1.31328e-06 2.17597e-07 0)
(1.56968e-06 5.25418e-07 0)
(1.8457e-06 8.86468e-07 0)
(2.14218e-06 1.29228e-06 0)
(0 0 0)
(2.1834e-07 -2.4506e-07 0)
(4.07074e-07 -3.53714e-07 0)
(5.84101e-07 -3.54971e-07 0)
(7.59014e-07 -2.65729e-07 0)
(9.41582e-07 -9.7295e-08 0)
(1.13747e-06 1.40606e-07 0)
(1.35096e-06 4.39172e-07 0)
(1.58483e-06 7.90678e-07 0)
(1.84036e-06 1.1872e-06 0)
(1.15112e-07 -1.08869e-07 9.10581e-22)
(2.96103e-07 -2.99792e-07 1.83722e-21)
(4.24436e-07 -4.04618e-07 1.8483e-21)
(5.46181e-07 -4.04614e-07 1.85373e-21)
(6.67146e-07 -3.1762e-07 1.8707e-21)
(7.9741e-07 -1.54422e-07 1.89802e-21)
(9.42528e-07 7.62211e-08 1.93544e-21)
(1.10673e-06 3.66037e-07 1.98247e-21)
(1.29276e-06 7.07787e-07 2.02642e-21)
(1.50176e-06 1.09393e-06 1.75735e-21)
(0 0 0)
(5.79493e-07 1.08751e-07 0)
(1.18012e-06 3.34519e-07 0)
(1.82039e-06 6.8836e-07 0)
(2.51019e-06 1.15575e-06 0)
(3.25778e-06 1.72264e-06 0)
(4.06673e-06 2.37047e-06 0)
(4.93789e-06 3.07946e-06 0)
(5.86899e-06 3.82873e-06 0)
(6.85583e-06 4.59958e-06 0)
(0 0 0)
(5.46883e-07 9.67008e-08 0)
(1.1134e-06 3.00385e-07 0)
(1.71528e-06 6.22987e-07 0)
(2.36082e-06 1.053e-06 0)
(3.05744e-06 1.57906e-06 0)
(3.80858e-06 2.18525e-06 0)
(4.61545e-06 2.85433e-06 0)
(5.47642e-06 3.56744e-06 0)
(6.38749e-06 4.3085e-06 0)
(0 0 0)
(5.17383e-07 8.42533e-08 0)
(1.05343e-06 2.67201e-07 0)
(1.62148e-06 5.61221e-07 0)
(2.22822e-06 9.57056e-07 0)
(2.88012e-06 1.44539e-06 0)
(3.58026e-06 2.01242e-06 0)
(4.32995e-06 2.64298e-06 0)
(5.12852e-06 3.32004e-06 0)
(5.97241e-06 4.02961e-06 0)
(0 0 0)
(4.90172e-07 7.12646e-08 0)
(9.98489e-07 2.34554e-07 0)
(1.53635e-06 5.02401e-07 0)
(2.10898e-06 8.67192e-07 0)
(2.72192e-06 1.32117e-06 0)
(3.37776e-06 1.85219e-06 0)
(4.07757e-06 2.44673e-06 0)
(4.82118e-06 3.08922e-06 0)
(5.6048e-06 3.76663e-06 0)
(0 0 0)
(4.64712e-07 5.75954e-08 0)
(9.4733e-07 2.01839e-07 0)
(1.45764e-06 4.45251e-07 0)
(1.99959e-06 7.81427e-07 0)
(2.57779e-06 1.20378e-06 0)
(3.19443e-06 1.70147e-06 0)
(3.85027e-06 2.26228e-06 0)
(4.54555e-06 2.87209e-06 0)
(5.27624e-06 3.51842e-06 0)
(0 0 0)
(4.40637e-07 4.32204e-08 0)
(8.99154e-07 1.68842e-07 0)
(1.38402e-06 3.89295e-07 0)
(1.89803e-06 6.99058e-07 0)
(2.44501e-06 1.09241e-06 0)
(3.02666e-06 1.5595e-06 0)
(3.64341e-06 2.0891e-06 0)
(4.29575e-06 2.66828e-06 0)
(4.97956e-06 3.28487e-06 0)
(0 0 0)
(4.17593e-07 2.80967e-08 0)
(8.53181e-07 1.35283e-07 0)
(1.31414e-06 3.33867e-07 0)
(1.80225e-06 6.18974e-07 0)
(2.32065e-06 9.85513e-07 0)
(2.87064e-06 1.42442e-06 0)
(3.45232e-06 1.92522e-06 0)
(4.06632e-06 2.47599e-06 0)
(4.70851e-06 3.06481e-06 0)
(0 0 0)
(3.95337e-07 1.22388e-08 0)
(8.08882e-07 1.01059e-07 0)
(1.24709e-06 2.78664e-07 0)
(1.71086e-06 5.40644e-07 0)
(2.20272e-06 8.82347e-07 0)
(2.72359e-06 1.2953e-06 0)
(3.27336e-06 1.76958e-06 0)
(3.85267e-06 2.2941e-06 0)
(4.45755e-06 2.85718e-06 0)
(0 0 0)
(3.73642e-07 -4.362e-09 0)
(7.65768e-07 6.60368e-08 0)
(1.18205e-06 2.23336e-07 0)
(1.62258e-06 4.63455e-07 0)
(2.08937e-06 7.82034e-07 0)
(2.58304e-06 1.17104e-06 0)
(3.10333e-06 1.62095e-06 0)
(3.65083e-06 2.12134e-06 0)
(4.22185e-06 2.66079e-06 0)
(0 0 0)
(3.52339e-07 -2.16956e-08 0)
(7.23474e-07 3.01536e-08 0)
(1.11837e-06 1.67689e-07 0)
(1.53639e-06 3.87055e-07 0)
(1.97913e-06 6.84046e-07 0)
(2.44692e-06 1.05092e-06 0)
(2.93946e-06 1.47845e-06 0)
(3.4573e-06 1.95671e-06 0)
(3.99709e-06 2.47458e-06 0)
(0 0 0)
(3.31288e-07 -3.97732e-08 0)
(6.81697e-07 -6.67094e-09 0)
(1.05552e-06 1.11537e-07 0)
(1.45143e-06 3.1113e-07 0)
(1.87067e-06 5.87928e-07 0)
(2.31338e-06 9.34348e-07 0)
(2.77929e-06 1.34135e-06 0)
(3.26895e-06 1.7994e-06 0)
(3.77937e-06 2.29766e-06 0)
(0 0 0)
(3.10405e-07 -5.86189e-08 0)
(6.40245e-07 -4.45115e-08 0)
(9.93108e-07 5.47518e-08 0)
(1.36698e-06 2.35491e-07 0)
(1.76285e-06 4.93406e-07 0)
(2.18076e-06 8.2094e-07 0)
(2.62056e-06 1.20915e-06 0)
(3.08283e-06 1.64878e-06 0)
(3.56504e-06 2.1293e-06 0)
(0 0 0)
(2.89676e-07 -7.83055e-08 0)
(5.99041e-07 -8.34648e-08 0)
(9.30858e-07 -2.75158e-09 0)
(1.28245e-06 1.60069e-07 0)
(1.65464e-06 4.00395e-07 0)
(2.04749e-06 7.10561e-07 0)
(2.46109e-06 1.08163e-06 0)
(2.89615e-06 1.50455e-06 0)
(3.3506e-06 1.96908e-06 0)
(0 0 0)
(2.6923e-07 -9.89805e-08 0)
(5.58241e-07 -1.23693e-07 0)
(8.68719e-07 -6.10687e-08 0)
(1.1974e-06 8.48489e-08 0)
(1.54508e-06 3.08919e-07 0)
(1.91203e-06 6.03214e-07 0)
(2.29873e-06 9.58727e-07 0)
(2.70605e-06 1.36655e-06 0)
(3.13246e-06 1.81672e-06 0)
(0 0 0)
(2.49384e-07 -1.20966e-07 0)
(5.1827e-07 -1.65389e-07 0)
(8.06853e-07 -1.20125e-07 0)
(1.1115e-06 1.01536e-08 0)
(1.43325e-06 2.19441e-07 0)
(1.77282e-06 4.994e-07 0)
(2.13119e-06 8.40897e-07 0)
(2.50956e-06 1.23513e-06 0)
(2.90695e-06 1.67245e-06 0)
(0 0 0)
(2.31002e-07 -1.4482e-07 0)
(4.80263e-07 -2.08939e-07 0)
(7.4594e-07 -1.79957e-07 0)
(1.0247e-06 -6.37722e-08 0)
(1.31825e-06 1.32364e-07 0)
(1.6281e-06 3.99555e-07 0)
(1.95593e-06 7.28515e-07 0)
(2.30333e-06 1.11056e-06 0)
(2.66993e-06 1.53637e-06 0)
(0 0 0)
(2.1569e-07 -1.71816e-07 0)
(4.46026e-07 -2.54675e-07 0)
(6.87003e-07 -2.39837e-07 0)
(9.36958e-07 -1.35536e-07 0)
(1.199e-06 4.93687e-08 0)
(1.47585e-06 3.05402e-07 0)
(1.77006e-06 6.23204e-07 0)
(2.08365e-06 9.94269e-07 0)
(2.41691e-06 1.40966e-06 0)
(0 0 0)
(2.08365e-07 -2.03723e-07 0)
(4.19866e-07 -3.03233e-07 0)
(6.32277e-07 -2.99468e-07 0)
(8.48431e-07 -2.04462e-07 0)
(1.07401e-06 -2.87829e-08 0)
(1.31328e-06 2.17597e-07 0)
(1.56968e-06 5.25418e-07 0)
(1.8457e-06 8.86468e-07 0)
(2.14218e-06 1.29228e-06 0)
(0 0 0)
(2.1834e-07 -2.4506e-07 0)
(4.07074e-07 -3.53714e-07 0)
(5.84101e-07 -3.54971e-07 0)
(7.59014e-07 -2.65729e-07 0)
(9.41582e-07 -9.7295e-08 0)
(1.13747e-06 1.40606e-07 0)
(1.35096e-06 4.39172e-07 0)
(1.58483e-06 7.90678e-07 0)
(1.84036e-06 1.1872e-06 0)
(1.15112e-07 -1.08869e-07 9.10581e-22)
(2.96103e-07 -2.99792e-07 1.83722e-21)
(4.24436e-07 -4.04618e-07 1.8483e-21)
(5.46181e-07 -4.04614e-07 1.85373e-21)
(6.67146e-07 -3.1762e-07 1.8707e-21)
(7.9741e-07 -1.54422e-07 1.89802e-21)
(9.42528e-07 7.62211e-08 1.93544e-21)
(1.10673e-06 3.66037e-07 1.98247e-21)
(1.29276e-06 7.07787e-07 2.02642e-21)
(1.50176e-06 1.09393e-06 1.75735e-21)
)
;

boundaryField
{
    left
    {
        type            calculated;
    }
    right
    {
        type            calculated;
    }
    down
    {
        type            calculated;
    }
    up
    {
        type            calculated;
    }
    hole
    {
        type            calculated;
    }
    frontAndBack
    {
        type            empty;
    }
}


// ************************************************************************* //
