/*--------------------------------*- C++ -*----------------------------------*\
  =========                 |
  \\      /  F ield         | OpenFOAM: The Open Source CFD Toolbox
   \\    /   O peration     | Website:  https://openfoam.org
    \\  /    A nd           | Version:  9
     \\/     M anipulation  |
\*---------------------------------------------------------------------------*/
FoamFile
{
    format      ascii;
    class       volSymmTensorField;
    location    "5";
    object      epsilon;
}
// * * * * * * * * * * * * * * * * * * * * * * * * * * * * * * * * * * * * * //

dimensions      [0 0 0 0 0 0 0];

internalField   nonuniform List<symmTensor> 
1000
(
(2.10687e-06 -2.73255e-06 2.56339e-19 4.23998e-07 2.81868e-19 7.68168e-34)
(2.90628e-06 -2.10739e-06 -4.34062e-21 -5.20103e-07 2.43447e-21 0)
(3.29802e-06 -1.61402e-06 5.06444e-21 -9.71517e-07 -9.73426e-22 0)
(3.51762e-06 -1.24181e-06 1.30015e-21 -1.2884e-06 -9.30788e-22 0)
(3.62339e-06 -9.42373e-07 -5.49867e-21 -1.46402e-06 4.06499e-22 0)
(3.65884e-06 -7.08298e-07 -5.94583e-22 -1.5764e-06 6.54137e-22 0)
(3.65464e-06 -5.18093e-07 -4.99643e-21 -1.63719e-06 -2.6824e-21 0)
(3.62139e-06 -3.66877e-07 3.42892e-21 -1.66819e-06 1.60278e-21 0)
(3.57827e-06 -2.41197e-07 -1.76948e-21 -1.67945e-06 -2.01421e-21 0)
(3.51557e-06 -1.36645e-07 0 -1.68108e-06 0 0)
(2.85079e-06 -3.0386e-06 2.64506e-19 1.17083e-07 3.40949e-19 4.61437e-35)
(3.47084e-06 -2.17533e-06 0 -7.22829e-07 0 0)
(3.73628e-06 -1.55196e-06 4.0546e-21 -1.09489e-06 1.93254e-21 0)
(3.85918e-06 -1.10391e-06 -6.95735e-21 -1.35895e-06 -3.71198e-21 0)
(3.88969e-06 -7.62311e-07 -2.9572e-21 -1.49224e-06 -1.78388e-21 0)
(3.86567e-06 -5.06834e-07 2.05879e-21 -1.57508e-06 2.10042e-21 0)
(3.81323e-06 -3.07372e-07 2.30481e-21 -1.61236e-06 1.54524e-21 0)
(3.74235e-06 -1.55763e-07 5.41851e-21 -1.62917e-06 3.16342e-21 0)
(3.66267e-06 -3.29033e-08 0 -1.62372e-06 0 0)
(3.57849e-06 6.54166e-08 0 -1.6265e-06 0 0)
(3.68449e-06 -3.23205e-06 2.62195e-19 -2.89468e-07 3.92401e-19 0)
(4.05556e-06 -2.1726e-06 0 -9.52032e-07 0 0)
(4.15685e-06 -1.44431e-06 3.86473e-21 -1.2049e-06 1.99755e-21 0)
(4.16012e-06 -9.36918e-07 -1.15925e-21 -1.39229e-06 4.10899e-22 0)
(4.10176e-06 -5.65524e-07 -5.67644e-23 -1.46906e-06 2.53877e-23 0)
(4.01014e-06 -2.97918e-07 -1.91958e-21 -1.51388e-06 -1.9873e-21 0)
(3.90518e-06 -9.69151e-08 2.61992e-21 -1.52257e-06 1.21152e-21 0)
(3.79358e-06 4.98778e-08 -1.94567e-21 -1.52142e-06 -1.43745e-21 0)
(3.68038e-06 1.6397e-07 -1.56462e-22 -1.5004e-06 2.71741e-22 0)
(3.57127e-06 2.56706e-07 -4.10748e-22 -1.49869e-06 -1.76674e-22 0)
(4.57679e-06 -3.28515e-06 2.33022e-19 -7.7275e-07 4.20138e-19 -2.68455e-35)
(4.64587e-06 -2.09057e-06 2.21323e-21 -1.19906e-06 -2.28984e-22 0)
(4.55313e-06 -1.29286e-06 -1.76648e-21 -1.29945e-06 -9.9718e-22 0)
(4.41781e-06 -7.48993e-07 -1.11892e-21 -1.39e-06 2.17648e-22 0)
(4.25948e-06 -3.64092e-07 2.00424e-21 -1.39882e-06 1.93833e-21 0)
(4.09467e-06 -9.57715e-08 -2.41212e-21 -1.39987e-06 -1.59573e-21 0)
(3.93495e-06 9.82227e-08 -2.08399e-21 -1.37812e-06 -1.48366e-21 0)
(3.78325e-06 2.34791e-07 -4.64477e-21 -1.35871e-06 -3.39947e-21 0)
(3.63873e-06 3.35475e-07 -6.66301e-22 -1.325e-06 -8.14194e-22 0)
(3.5081e-06 4.17452e-07 1.13785e-21 -1.3174e-06 1.007e-21 0)
(5.48365e-06 -3.17304e-06 1.8112e-19 -1.30168e-06 3.9519e-19 -4.61751e-34)
(5.22259e-06 -1.91817e-06 1.15748e-25 -1.45242e-06 5.51584e-27 0)
(4.91515e-06 -1.09532e-06 -5.71875e-21 -1.37454e-06 -2.80325e-21 0)
(4.62766e-06 -5.44196e-07 5.19572e-22 -1.35232e-06 -1.98129e-23 0)
(4.36179e-06 -1.6697e-07 -7.281e-22 -1.28441e-06 7.7576e-23 0)
(4.12088e-06 8.71282e-08 1.73737e-21 -1.23793e-06 1.60556e-21 0)
(3.90684e-06 2.63297e-07 -1.94512e-22 -1.18548e-06 5.7873e-23 0)
(3.71697e-06 3.82243e-07 1.83303e-21 -1.14883e-06 1.2255e-21 0)
(3.54545e-06 4.64185e-07 -3.97412e-22 -1.10617e-06 -8.50552e-22 0)
(3.39629e-06 5.30974e-07 -7.25127e-22 -1.09397e-06 -5.86005e-22 0)
(6.37456e-06 -2.8898e-06 1.21886e-19 -1.84105e-06 3.40665e-19 -4.44852e-34)
(5.77189e-06 -1.64815e-06 1.05564e-25 -1.69539e-06 2.23076e-26 0)
(5.23689e-06 -8.48894e-07 -5.71102e-26 -1.42109e-06 -8.8359e-27 0)
(4.7882e-06 -3.26481e-07 4.59177e-22 -1.27676e-06 5.63837e-23 0)
(4.41109e-06 1.72541e-08 -2.47498e-21 -1.12861e-06 -1.50576e-21 0)
(4.0948e-06 2.39337e-07 2.82031e-23 -1.03546e-06 -2.67929e-25 0)
(3.82962e-06 3.85926e-07 1.84213e-21 -9.55494e-07 1.24816e-21 0)
(3.60581e-06 4.79756e-07 3.91725e-21 -9.0506e-07 2.86656e-21 0)
(3.41224e-06 5.38556e-07 7.09578e-22 -8.57897e-07 5.20969e-22 0)
(3.24845e-06 5.86564e-07 -1.23909e-21 -8.43153e-07 -9.76553e-22 0)
(7.18973e-06 -2.41738e-06 8.06008e-20 -2.34793e-06 2.65382e-19 -8.39938e-34)
(6.26163e-06 -1.26043e-06 1.65599e-21 -1.90234e-06 6.64789e-22 0)
(5.49031e-06 -5.46314e-07 1.75075e-21 -1.41854e-06 7.95896e-22 0)
(4.88048e-06 -9.82319e-08 -3.77443e-22 -1.15242e-06 -1.12748e-22 0)
(4.39833e-06 1.80003e-07 1.78967e-21 -9.30655e-07 1.19831e-21 0)
(4.01583e-06 3.493e-07 -1.64704e-21 -7.99694e-07 -1.13521e-21 0)
(3.70916e-06 4.54014e-07 4.68138e-22 -7.01078e-07 2.83803e-23 0)
(3.4598e-06 5.15809e-07 -1.47043e-21 -6.43787e-07 -9.64427e-22 0)
(3.25166e-06 5.48764e-07 -1.01561e-22 -5.98234e-07 1.30009e-23 0)
(3.07819e-06 5.76178e-07 -7.45043e-22 -5.84161e-07 -4.86641e-22 0)
(7.95335e-06 -1.75428e-06 4.24559e-20 -2.7852e-06 1.70265e-19 -2.71118e-35)
(6.67417e-06 -7.35194e-07 -4.41586e-21 -2.02234e-06 -1.59219e-21 0)
(5.65761e-06 -1.83082e-07 3.41972e-23 -1.32573e-06 1.87865e-23 0)
(4.89973e-06 1.27565e-07 5.51913e-22 -9.6013e-07 2.80244e-22 0)
(4.3298e-06 3.03853e-07 4.09185e-21 -6.89023e-07 2.03783e-21 0)
(3.8992e-06 4.00974e-07 -2.41757e-22 -5.41296e-07 -7.59208e-23 0)
(3.56613e-06 4.55802e-07 6.01679e-27 -4.40396e-07 1.1976e-27 0)
(3.30288e-06 4.83447e-07 -1.43875e-21 -3.87215e-07 -7.59989e-22 0)
(3.0888e-06 4.92468e-07 3.48602e-23 -3.50658e-07 1.4513e-24 0)
(2.91124e-06 5.01198e-07 1.07636e-22 -3.40978e-07 5.30352e-23 0)
(8.54302e-06 -8.1821e-07 1.16839e-20 -3.04185e-06 6.39285e-20 1.48987e-34)
(6.87527e-06 -7.09635e-08 -4.86436e-21 -1.92181e-06 -2.0444e-21 0)
(5.62593e-06 1.91799e-07 5.08239e-22 -1.05507e-06 4.33133e-22 0)
(4.77426e-06 2.90113e-07 4.77469e-22 -6.60341e-07 3.7796e-22 0)
(4.17483e-06 3.39496e-07 -1.99732e-22 -4.02851e-07 -1.22054e-22 0)
(3.73792e-06 3.56442e-07 1.59396e-21 -2.7873e-07 5.80374e-22 0)
(3.40749e-06 3.64826e-07 8.69557e-23 -2.01361e-07 2.68307e-23 0)
(3.14816e-06 3.64827e-07 2.57084e-21 -1.66197e-07 9.85881e-22 0)
(2.93881e-06 3.5855e-07 5.67607e-22 -1.45436e-07 2.19936e-22 0)
(2.76284e-06 3.5539e-07 3.18252e-22 -1.42771e-07 1.27881e-22 0)
(9.06804e-06 7.3962e-07 9.72413e-22 -2.80647e-06 -3.90088e-20 -1.72773e-34)
(6.70296e-06 8.25135e-07 -3.72465e-22 -1.26467e-06 -6.4619e-22 0)
(5.39026e-06 5.45222e-07 1.6897e-21 -5.29096e-07 7.18738e-22 0)
(4.57251e-06 3.5419e-07 8.68711e-23 -2.60939e-07 1.22122e-22 0)
(4.0226e-06 2.79861e-07 2.96778e-27 -1.22683e-07 2.76687e-27 0)
(3.61726e-06 2.38409e-07 1.61632e-21 -6.72756e-08 2.91534e-22 0)
(3.30943e-06 2.23618e-07 2.5022e-23 -3.77634e-08 7.39181e-24 0)
(3.06222e-06 2.15002e-07 1.23872e-21 -2.78915e-08 2.35573e-22 0)
(2.86018e-06 2.08238e-07 -1.36624e-23 -2.35215e-08 -9.86174e-25 0)
(2.68541e-06 2.03646e-07 -2.07959e-23 -2.5211e-08 -4.37421e-24 0)
(-7.46671e-09 8.51281e-09 3.44912e-20 -1.55871e-09 2.28466e-20 1.71988e-34)
(1.18407e-08 -2.07883e-08 -9.33032e-23 -2.76511e-09 2.027e-20 1.54979e-36)
(1.07348e-07 -6.98985e-08 -1.18382e-21 -4.90209e-08 1.65719e-20 1.93193e-35)
(2.58053e-07 -1.09231e-07 -2.14656e-24 -1.18012e-07 1.77975e-20 0)
(4.31688e-07 -1.33515e-07 -1.60422e-22 -1.9472e-07 1.58412e-20 -1.54537e-36)
(6.13251e-07 -1.47361e-07 -1.6221e-21 -2.73654e-07 1.74738e-20 3.22317e-35)
(7.90656e-07 -1.5282e-07 3.64382e-22 -3.49881e-07 1.93281e-20 1.5364e-36)
(9.59819e-07 -1.5329e-07 -1.07616e-21 -4.21879e-07 1.81313e-20 2.91374e-35)
(1.11502e-06 -1.4922e-07 8.69487e-22 -4.88148e-07 1.84351e-20 -1.26134e-35)
(1.25881e-06 -1.46076e-07 1.82445e-21 -5.47817e-07 1.7915e-20 -3.79518e-35)
(1.96665e-08 -2.2503e-08 3.53996e-20 -8.1781e-09 5.61654e-21 4.74604e-35)
(1.14263e-07 -1.31074e-07 1.30873e-21 -8.80391e-10 1.43646e-21 0)
(2.86954e-07 -2.51077e-07 -1.22483e-21 -7.27744e-08 -1.23092e-21 0)
(4.79096e-07 -3.42835e-07 1.14823e-23 -1.69853e-07 -1.01936e-21 0)
(6.71903e-07 -3.99318e-07 0 -2.66665e-07 0 0)
(8.54802e-07 -4.3102e-07 -1.85804e-21 -3.57899e-07 -2.75768e-22 0)
(1.02333e-06 -4.42508e-07 3.14045e-22 -4.40007e-07 1.60081e-21 0)
(1.17819e-06 -4.41823e-07 2.34347e-23 -5.13456e-07 8.61229e-23 0)
(1.31464e-06 -4.29633e-07 -1.00314e-21 -5.7802e-07 -2.911e-21 0)
(1.44136e-06 -4.19915e-07 7.33876e-22 -6.32906e-07 1.1397e-22 0)
(3.00567e-08 -1.18941e-07 3.7599e-20 3.51968e-08 7.44093e-21 -2.11685e-36)
(2.11235e-07 -3.30505e-07 1.33848e-21 1.17716e-08 1.41892e-21 0)
(4.5511e-07 -4.79188e-07 1.39984e-21 -1.00021e-07 2.93181e-22 0)
(6.9461e-07 -5.78861e-07 7.15608e-23 -2.38851e-07 -9.83067e-22 0)
(9.15073e-07 -6.33847e-07 0 -3.66879e-07 0 0)
(1.10904e-06 -6.59771e-07 -2.07962e-21 -4.79224e-07 -5.42981e-22 0)
(1.27752e-06 -6.63025e-07 -2.83669e-21 -5.73619e-07 -7.9459e-22 0)
(1.42567e-06 -6.52514e-07 1.87705e-21 -6.53136e-07 1.14802e-21 0)
(1.54883e-06 -6.29454e-07 1.1413e-23 -7.18019e-07 3.66695e-23 0)
(1.66378e-06 -6.1006e-07 -1.68838e-21 -7.70805e-07 -1.06764e-21 0)
(4.57008e-08 -2.70103e-07 4.7314e-20 1.38378e-07 1.1949e-20 -4.05338e-35)
(3.44042e-07 -5.69584e-07 3.29512e-22 2.49977e-08 -1.19184e-21 0)
(6.53954e-07 -7.25959e-07 1.53837e-21 -1.36704e-07 3.0069e-22 0)
(9.36497e-07 -8.13709e-07 0 -3.16624e-07 0 0)
(1.18126e-06 -8.50138e-07 -2.62125e-21 -4.73284e-07 9.7754e-22 0)
(1.38594e-06 -8.57013e-07 3.26588e-23 -6.05881e-07 2.41907e-21 0)
(1.55527e-06 -8.42513e-07 -1.31053e-22 -7.1296e-07 -1.2996e-21 0)
(1.69834e-06 -8.15536e-07 -3.76657e-22 -7.99819e-07 -2.00604e-21 0)
(1.80992e-06 -7.77965e-07 8.56492e-22 -8.66948e-07 2.77953e-22 0)
(1.91506e-06 -7.46193e-07 1.59883e-21 -9.1976e-07 5.99762e-22 0)
(8.63465e-08 -4.8365e-07 5.02265e-20 2.81828e-07 2.15581e-20 1.05956e-34)
(5.31078e-07 -8.29893e-07 -2.69992e-21 2.20057e-08 1.81089e-21 0)
(9.07212e-07 -9.70497e-07 -1.63807e-21 -2.074e-07 -4.81932e-22 0)
(1.22639e-06 -1.02906e-06 -4.4123e-22 -4.31895e-07 1.77314e-21 0)
(1.48725e-06 -1.03307e-06 -1.72896e-23 -6.14525e-07 1.09382e-22 0)
(1.69592e-06 -1.01035e-06 2.52522e-21 -7.63388e-07 -6.78674e-22 0)
(1.86105e-06 -9.70473e-07 1.10033e-21 -8.79215e-07 2.8878e-22 0)
(1.99532e-06 -9.21571e-07 0 -9.70009e-07 0 0)
(2.09307e-06 -8.666e-07 -1.17578e-21 -1.03671e-06 -1.5466e-21 0)
(2.18666e-06 -8.19837e-07 4.6859e-22 -1.0875e-06 1.13696e-22 0)
(1.75014e-07 -7.643e-07 7.22286e-20 4.43227e-07 3.14607e-20 -1.57884e-34)
(7.7868e-07 -1.09384e-06 1.10126e-21 2.19323e-09 -2.14853e-21 0)
(1.2174e-06 -1.1905e-06 -1.35331e-21 -3.0434e-07 -1.45975e-21 0)
(1.56401e-06 -1.2049e-06 2.96987e-22 -5.72427e-07 -8.25649e-22 0)
(1.83088e-06 -1.16778e-06 2.86209e-21 -7.75771e-07 9.57599e-22 0)
(2.03469e-06 -1.11019e-06 -2.76047e-21 -9.35106e-07 3.08205e-22 0)
(2.18869e-06 -1.04175e-06 -3.09575e-24 -1.0546e-06 7.333e-23 0)
(2.30858e-06 -9.69025e-07 -2.15138e-21 -1.14507e-06 -1.48176e-21 0)
(2.38896e-06 -8.96148e-07 4.54141e-24 -1.20863e-06 2.87817e-23 0)
(2.46765e-06 -8.3364e-07 -2.34874e-21 -1.25496e-06 -1.07356e-21 0)
(3.37451e-07 -1.10901e-06 1.11265e-19 5.88246e-07 6.0053e-20 -1.66707e-34)
(1.08898e-06 -1.35092e-06 6.09713e-23 -4.13775e-08 -9.24128e-23 0)
(1.57883e-06 -1.37288e-06 -4.46676e-26 -4.2497e-07 7.63262e-26 0)
(1.94051e-06 -1.3282e-06 -2.9244e-21 -7.32673e-07 -2.04926e-21 0)
(2.20216e-06 -1.24306e-06 -4.95613e-22 -9.50671e-07 1.32803e-21 0)
(2.39139e-06 -1.14778e-06 -2.67948e-21 -1.11441e-06 -1.09033e-21 0)
(2.52665e-06 -1.04998e-06 4.81685e-21 -1.23206e-06 2.1471e-21 0)
(2.62583e-06 -9.53837e-07 -5.54674e-25 -1.31768e-06 5.7596e-23 0)
(2.68504e-06 -8.64278e-07 9.47714e-22 -1.37481e-06 -4.45763e-24 0)
(2.74457e-06 -7.86552e-07 -1.28474e-21 -1.41406e-06 -6.11664e-22 0)
(5.97505e-07 -1.50499e-06 1.59648e-19 6.84651e-07 1.00763e-19 -3.35664e-34)
(1.46091e-06 -1.59107e-06 1.57062e-21 -1.11653e-07 -1.87734e-21 0)
(1.98008e-06 -1.50895e-06 -6.06219e-22 -5.58888e-07 8.08385e-22 0)
(2.34016e-06 -1.39191e-06 3.70549e-22 -8.96307e-07 -5.78106e-22 0)
(2.58412e-06 -1.25407e-06 3.30325e-26 -1.12085e-06 -6.49409e-26 0)
(2.74904e-06 -1.12063e-06 3.10914e-21 -1.28245e-06 2.62398e-22 0)
(2.8585e-06 -9.94995e-07 2.32708e-22 -1.3934e-06 -1.01331e-21 0)
(2.93119e-06 -8.78056e-07 -7.73256e-23 -1.46998e-06 8.33915e-22 0)
(2.96653e-06 -7.74728e-07 1.11772e-23 -1.51919e-06 4.16458e-22 0)
(3.00261e-06 -6.83813e-07 9.82335e-22 -1.54857e-06 9.17819e-22 0)
(9.74044e-07 -1.92905e-06 1.98749e-19 7.02153e-07 1.56917e-19 4.56395e-34)
(1.89185e-06 -1.80435e-06 -5.0513e-22 -2.1363e-07 3.4422e-21 0)
(2.40882e-06 -1.59472e-06 -5.86062e-26 -6.99199e-07 6.14916e-26 0)
(2.74655e-06 -1.39534e-06 4.02325e-21 -1.05098e-06 9.44373e-22 0)
(2.95914e-06 -1.20231e-06 3.0732e-21 -1.27177e-06 1.53415e-21 0)
(3.08999e-06 -1.03211e-06 2.77261e-21 -1.4244e-06 1.38447e-21 0)
(3.16699e-06 -8.81424e-07 -3.023e-22 -1.52337e-06 8.71072e-22 0)
(3.20792e-06 -7.4804e-07 -3.33878e-21 -1.58813e-06 -1.86559e-21 0)
(3.21748e-06 -6.34464e-07 2.04951e-21 -1.62697e-06 4.84854e-22 0)
(3.22733e-06 -5.32905e-07 9.19477e-22 -1.64911e-06 5.4642e-22 0)
(1.47731e-06 -2.35042e-06 2.31523e-19 6.19225e-07 2.14468e-19 6.67535e-35)
(2.37621e-06 -1.98028e-06 -1.01857e-21 -3.49459e-07 7.52264e-22 0)
(2.85182e-06 -1.62946e-06 -1.97583e-21 -8.38294e-07 -9.21176e-22 0)
(3.14298e-06 -1.34287e-06 8.55828e-21 -1.18411e-06 2.00453e-21 0)
(3.30921e-06 -1.09493e-06 5.23435e-23 -1.38891e-06 -5.96116e-23 0)
(3.39621e-06 -8.9059e-07 -2.72674e-21 -1.5248e-06 -1.54815e-21 0)
(3.43442e-06 -7.18758e-07 -2.9207e-21 -1.60724e-06 -4.59208e-22 0)
(3.43898e-06 -5.7382e-07 -1.10089e-21 -1.65539e-06 -6.58448e-22 0)
(3.42387e-06 -4.56315e-07 1.21212e-22 -1.68652e-06 -9.12561e-22 0)
(3.39896e-06 -3.54415e-07 5.51836e-22 -1.68917e-06 1.15342e-21 0)
(1.38827e-06 -1.35424e-07 1.83809e-21 -6.0331e-07 1.90404e-20 -1.12713e-35)
(1.50109e-06 -1.20673e-07 1.71954e-21 -6.49561e-07 1.77375e-20 -2.47176e-35)
(1.60474e-06 -1.07853e-07 -1.72835e-22 -6.92482e-07 1.54811e-20 -1.43918e-35)
(1.69793e-06 -9.62158e-08 1.62487e-22 -7.31318e-07 1.66585e-20 -6.30503e-37)
(1.78201e-06 -8.54257e-08 -8.72741e-22 -7.66256e-07 1.67962e-20 3.73881e-35)
(1.85736e-06 -7.5766e-08 5.69618e-22 -7.9775e-07 1.72511e-20 0)
(1.92491e-06 -6.6908e-08 5.36317e-22 -8.25937e-07 1.72115e-20 0)
(1.98512e-06 -5.89188e-08 1.05575e-21 -8.51155e-07 1.78538e-20 4.8379e-37)
(2.03871e-06 -5.15945e-08 9.59568e-22 -8.73602e-07 1.73237e-20 -1.26319e-35)
(2.08607e-06 -4.48846e-08 1.59717e-21 -8.93498e-07 1.84837e-20 8.18703e-37)
(2.12769e-06 -3.86421e-08 1.8869e-21 -9.11007e-07 1.76463e-20 -3.81855e-35)
(2.16386e-06 -3.27768e-08 -1.31232e-22 -9.26267e-07 1.68656e-20 1.27797e-35)
(2.19482e-06 -2.71739e-08 1.8397e-21 -9.39374e-07 1.76089e-20 -3.8498e-35)
(2.22074e-06 -2.17508e-08 -1.55656e-21 -9.50403e-07 1.48736e-20 -7.72505e-37)
(2.24169e-06 -1.64363e-08 3.76402e-22 -9.59382e-07 1.75203e-20 1.31634e-35)
(2.25777e-06 -1.12243e-08 2.27891e-22 -9.66349e-07 1.69787e-20 -3.11458e-45)
(2.26895e-06 -6.18974e-09 -4.39286e-22 -9.71283e-07 1.62309e-20 -1.4047e-37)
(2.27563e-06 -1.61854e-09 7.90003e-22 -9.74256e-07 1.76997e-20 1.00767e-37)
(2.27777e-06 1.88798e-09 4.29653e-22 -9.75167e-07 1.60379e-20 -3.97072e-35)
(2.27704e-06 2.7168e-09 1.39034e-20 -9.73848e-07 1.43741e-20 -2.92951e-35)
(1.5456e-06 -3.90932e-07 1.79702e-21 -6.82382e-07 2.20894e-21 0)
(1.62921e-06 -3.5173e-07 1.16402e-21 -7.1771e-07 3.18962e-22 0)
(1.70918e-06 -3.17201e-07 8.68602e-23 -7.50247e-07 -5.04918e-22 0)
(1.78091e-06 -2.84989e-07 2.64571e-21 -7.80113e-07 2.38518e-21 0)
(1.84697e-06 -2.54803e-07 -5.08065e-22 -8.06762e-07 -1.19965e-22 0)
(1.90661e-06 -2.2753e-07 -2.15777e-21 -8.31233e-07 -2.18672e-21 0)
(1.96092e-06 -2.02284e-07 1.09952e-21 -8.53193e-07 4.06776e-22 0)
(2.00982e-06 -1.79357e-07 0 -8.73156e-07 0 0)
(2.05396e-06 -1.58204e-07 5.23923e-22 -8.91114e-07 1.85507e-22 0)
(2.09346e-06 -1.38741e-07 1.07723e-21 -9.07302e-07 4.15067e-22 0)
(2.1287e-06 -1.20596e-07 3.23137e-21 -9.21793e-07 1.66937e-21 0)
(2.15987e-06 -1.03557e-07 1.45942e-23 -9.34704e-07 1.66842e-23 0)
(2.18718e-06 -8.73439e-08 4.18751e-22 -9.4609e-07 -3.26487e-22 0)
(2.21079e-06 -7.17617e-08 6.17238e-22 -9.55984e-07 7.06074e-22 0)
(2.23078e-06 -5.66559e-08 6.33228e-22 -9.6436e-07 7.26248e-22 0)
(2.24729e-06 -4.20206e-08 -6.27295e-22 -9.71131e-07 -7.23104e-22 0)
(2.26019e-06 -2.80311e-08 -6.30854e-22 -9.76068e-07 -7.31308e-22 0)
(2.26964e-06 -1.52955e-08 -1.26692e-21 -9.78766e-07 -1.47727e-21 0)
(2.27491e-06 -4.73553e-09 -9.58544e-24 -9.78293e-07 -1.04924e-23 0)
(2.27622e-06 8.82584e-10 1.64454e-20 -9.73145e-07 1.06733e-21 3.71666e-35)
(1.74404e-06 -5.66606e-07 4.91829e-22 -8.11559e-07 6.7256e-22 0)
(1.79663e-06 -5.13172e-07 6.70243e-22 -8.32564e-07 2.39156e-22 0)
(1.85114e-06 -4.65236e-07 -1.55896e-21 -8.50191e-07 -1.96294e-21 0)
(1.8989e-06 -4.20738e-07 -1.39131e-22 -8.66922e-07 3.58534e-22 0)
(1.94468e-06 -3.78344e-07 2.8427e-21 -8.81195e-07 2.36688e-21 0)
(1.98617e-06 -3.39865e-07 -2.25849e-21 -8.94866e-07 -2.15629e-21 0)
(2.02506e-06 -3.03864e-07 -6.01407e-22 -9.0718e-07 -6.96451e-22 0)
(2.06053e-06 -2.70975e-07 1.14942e-21 -9.18806e-07 1.30725e-21 0)
(2.09331e-06 -2.40441e-07 4.0419e-24 -9.29576e-07 -8.48935e-22 0)
(2.12318e-06 -2.12251e-07 -1.21625e-21 -9.39699e-07 -1.36754e-21 0)
(2.15048e-06 -1.8594e-07 1.16545e-21 -9.49166e-07 1.30572e-21 0)
(2.1752e-06 -1.61281e-07 1.80091e-21 -9.58034e-07 2.01877e-21 0)
(2.19752e-06 -1.37934e-07 1.37794e-23 -9.66288e-07 1.51864e-23 0)
(2.21748e-06 -1.15665e-07 -6.1664e-22 -9.73881e-07 -6.95234e-22 0)
(2.23511e-06 -9.42628e-08 6.10438e-22 -9.80666e-07 6.92405e-22 0)
(2.25043e-06 -7.36493e-08 8.99839e-29 -9.86372e-07 1.00211e-28 0)
(2.26311e-06 -5.38731e-08 -6.28935e-22 -9.90449e-07 -7.22389e-22 0)
(2.27299e-06 -3.52452e-08 8.57291e-23 -9.92007e-07 5.21944e-22 0)
(2.27845e-06 -1.83388e-08 -2.06534e-21 -9.89192e-07 -2.65315e-22 0)
(2.27939e-06 -3.91398e-09 1.69889e-20 -9.7992e-07 2.43153e-22 2.80456e-38)
(1.97173e-06 -6.90545e-07 0 -9.52595e-07 0 0)
(1.99217e-06 -6.29331e-07 7.16619e-22 -9.60426e-07 2.61046e-22 0)
(2.02086e-06 -5.72872e-07 5.61458e-22 -9.63926e-07 6.41647e-22 0)
(2.04357e-06 -5.21384e-07 6.1622e-22 -9.68361e-07 7.13423e-22 0)
(2.06803e-06 -4.71266e-07 0 -9.70513e-07 0 0)
(2.08997e-06 -4.25776e-07 8.27351e-23 -9.73418e-07 -3.60272e-22 0)
(2.11206e-06 -3.82687e-07 -1.84303e-21 -9.75873e-07 -1.13189e-21 0)
(2.13263e-06 -3.43134e-07 -1.17692e-21 -9.78778e-07 -1.27893e-21 0)
(2.15264e-06 -3.06163e-07 -6.61105e-22 -9.81858e-07 -3.05148e-22 0)
(2.17147e-06 -2.71902e-07 -2.72459e-24 -9.85316e-07 8.18181e-22 0)
(2.18945e-06 -2.39845e-07 -5.80932e-22 -9.89088e-07 1.80007e-22 0)
(2.20636e-06 -2.09787e-07 1.21643e-21 -9.93175e-07 5.21734e-22 0)
(2.2223e-06 -1.81369e-07 1.15422e-21 -9.97496e-07 5.68841e-23 0)
(2.23717e-06 -1.54327e-07 2.8657e-23 -1.00192e-06 4.37452e-22 0)
(2.25089e-06 -1.28396e-07 5.0392e-23 -1.0062e-06 4.63749e-22 0)
(2.26333e-06 -1.03378e-07 -6.21822e-22 -1.00993e-06 -6.9968e-22 0)
(2.27394e-06 -7.91421e-08 -1.32805e-28 -1.01238e-06 -1.49519e-28 0)
(2.28243e-06 -5.55285e-08 1.32655e-21 -1.0125e-06 1.9454e-21 0)
(2.28676e-06 -3.274e-08 -6.79391e-23 -1.0082e-06 -5.11757e-22 0)
(2.28699e-06 -9.12152e-09 1.45693e-20 -9.97368e-07 -2.28991e-21 -5.59693e-35)
(2.21874e-06 -7.5469e-07 5.57549e-23 -1.11022e-06 8.96256e-22 0)
(2.20582e-06 -6.93226e-07 -7.78759e-22 -1.10456e-06 -3.40285e-22 0)
(2.20854e-06 -6.33269e-07 -1.95931e-21 -1.09274e-06 -1.5968e-21 0)
(2.20553e-06 -5.80488e-07 1.28972e-21 -1.08436e-06 8.77996e-22 0)
(2.20831e-06 -5.27457e-07 3.35619e-21 -1.07365e-06 2.20473e-21 0)
(2.20995e-06 -4.79535e-07 -6.16824e-22 -1.06495e-06 -6.44795e-22 0)
(2.21453e-06 -4.33445e-07 0 -1.05666e-06 0 0)
(2.21929e-06 -3.9091e-07 6.007e-22 -1.04988e-06 6.25188e-22 0)
(2.22559e-06 -3.50823e-07 -1.93172e-21 -1.0443e-06 -8.25325e-22 0)
(2.23237e-06 -3.13471e-07 -1.25363e-21 -1.04012e-06 -9.24081e-22 0)
(2.23997e-06 -2.78381e-07 6.91921e-23 -1.03727e-06 -7.13768e-22 0)
(2.24798e-06 -2.45394e-07 -6.32517e-22 -1.03569e-06 -1.0689e-21 0)
(2.2564e-06 -2.14167e-07 -6.27993e-23 -1.03526e-06 1.12299e-21 0)
(2.26502e-06 -1.84414e-07 1.23592e-21 -1.03578e-06 1.74173e-21 0)
(2.27364e-06 -1.55813e-07 6.01043e-22 -1.03696e-06 2.56216e-22 0)
(2.28201e-06 -1.28009e-07 -2.31649e-23 -1.03831e-06 -4.34439e-22 0)
(2.28947e-06 -1.00679e-07 1.16505e-21 -1.03905e-06 4.79172e-22 0)
(2.29565e-06 -7.31421e-08 5.73014e-22 -1.03812e-06 2.29976e-22 0)
(2.29851e-06 -4.53736e-08 2.35288e-21 -1.03356e-06 1.85859e-21 0)
(2.29821e-06 -1.37027e-08 1.96913e-20 -1.02344e-06 2.39977e-21 5.78099e-35)
(2.4743e-06 -7.62352e-07 4.59681e-22 -1.26667e-06 6.3131e-22 0)
(2.42771e-06 -7.08582e-07 1.10776e-23 -1.24952e-06 2.42457e-23 0)
(2.40528e-06 -6.49946e-07 -1.41636e-21 -1.22329e-06 -9.8171e-22 0)
(2.37659e-06 -6.01079e-07 -3.40157e-21 -1.20309e-06 -2.54594e-21 0)
(2.35808e-06 -5.49461e-07 1.32877e-21 -1.18048e-06 9.05362e-22 0)
(2.33945e-06 -5.02996e-07 1.25117e-21 -1.16075e-06 1.24222e-21 0)
(2.32646e-06 -4.57481e-07 -6.13009e-22 -1.14227e-06 -6.09551e-22 0)
(2.31521e-06 -4.15127e-07 -9.79388e-23 -1.12603e-06 2.73449e-22 0)
(2.30739e-06 -3.74841e-07 2.688e-21 -1.11189e-06 1.60123e-21 0)
(2.30161e-06 -3.37005e-07 -1.79766e-21 -1.09996e-06 -1.83423e-21 0)
(2.29818e-06 -3.0125e-07 -6.39448e-22 -1.09021e-06 -6.60613e-22 0)
(2.29655e-06 -2.67458e-07 1.73922e-21 -1.08257e-06 2.57566e-21 0)
(2.29663e-06 -2.35341e-07 -2.5372e-21 -1.07694e-06 -7.55236e-22 0)
(2.29812e-06 -2.04604e-07 -1.80994e-21 -1.07311e-06 -1.9337e-21 0)
(2.30074e-06 -1.74896e-07 3.98866e-24 -1.07079e-06 -3.90725e-22 0)
(2.30418e-06 -1.45726e-07 -2.43795e-21 -1.06954e-06 -1.86554e-21 0)
(2.30779e-06 -1.16624e-07 -1.77505e-23 -1.06864e-06 -1.66893e-23 0)
(2.31118e-06 -8.64598e-08 2.39665e-21 -1.06721e-06 2.29101e-21 0)
(2.31265e-06 -5.50817e-08 3.82163e-23 -1.06368e-06 4.73027e-22 0)
(2.31226e-06 -1.7273e-08 2.05506e-20 -1.0564e-06 9.10275e-22 -4.39946e-37)
(2.72596e-06 -7.13514e-07 -4.81708e-22 -1.41382e-06 -6.17717e-22 0)
(2.64721e-06 -6.76028e-07 6.65316e-22 -1.38836e-06 6.07353e-22 0)
(2.60205e-06 -6.23739e-07 8.20888e-22 -1.35017e-06 4.28792e-22 0)
(2.54891e-06 -5.83738e-07 -6.49138e-22 -1.3196e-06 -6.08695e-22 0)
(2.51038e-06 -5.38158e-07 -1.53692e-21 -1.28675e-06 -7.67597e-22 0)
(2.47232e-06 -4.9687e-07 7.50289e-22 -1.2567e-06 3.73067e-22 0)
(2.44217e-06 -4.55431e-07 2.12389e-21 -1.22856e-06 1.36652e-21 0)
(2.41521e-06 -4.16129e-07 -3.41717e-21 -1.20309e-06 -2.29427e-21 0)
(2.39331e-06 -3.78236e-07 -2.10774e-21 -1.18047e-06 -1.38833e-21 0)
(2.37491e-06 -3.42172e-07 3.30822e-21 -1.16077e-06 2.24016e-21 0)
(2.36024e-06 -3.07792e-07 -1.34886e-21 -1.14405e-06 -6.44974e-22 0)
(2.34866e-06 -2.75046e-07 1.78841e-21 -1.13026e-06 1.83169e-21 0)
(2.34e-06 -2.43741e-07 1.92478e-21 -1.1193e-06 1.254e-21 0)
(2.33389e-06 -2.13596e-07 -1.12441e-21 -1.11101e-06 -1.56474e-21 0)
(2.33002e-06 -1.84259e-07 -7.32151e-22 -1.10514e-06 3.80796e-22 0)
(2.32806e-06 -1.55142e-07 3.47487e-23 -1.10133e-06 3.2054e-23 0)
(2.32747e-06 -1.25674e-07 -2.9708e-21 -1.09907e-06 -2.47217e-21 0)
(2.32784e-06 -9.43985e-08 5.90097e-22 -1.0977e-06 6.6283e-22 0)
(2.32809e-06 -6.11059e-08 1.16935e-21 -1.09619e-06 9.14957e-22 0)
(2.32792e-06 -1.95681e-08 2.11733e-20 -1.0933e-06 7.60247e-22 -1.89894e-37)
(2.96056e-06 -6.1179e-07 5.7885e-24 -1.53878e-06 1.96872e-23 0)
(2.8534e-06 -5.98968e-07 -6.87816e-22 -1.5091e-06 -6.05025e-22 0)
(2.78937e-06 -5.58463e-07 1.47198e-22 -1.464e-06 -1.60516e-22 0)
(2.71447e-06 -5.30644e-07 0 -1.42489e-06 0 0)
(2.65794e-06 -4.95226e-07 0 -1.385e-06 0 0)
(2.6027e-06 -4.62013e-07 -2.05942e-21 -1.34697e-06 -1.61236e-21 0)
(2.55674e-06 -4.27853e-07 1.83267e-21 -1.3113e-06 1.70875e-21 0)
(2.5153e-06 -3.94399e-07 3.86341e-21 -1.27818e-06 3.36891e-21 0)
(2.47996e-06 -3.61524e-07 -2.92268e-21 -1.24812e-06 -2.80656e-21 0)
(2.44936e-06 -3.29554e-07 -2.55978e-21 -1.22127e-06 -2.17952e-21 0)
(2.42356e-06 -2.986e-07 1.1807e-21 -1.19784e-06 1.17399e-21 0)
(2.402e-06 -2.68694e-07 -1.15012e-22 -1.17789e-06 2.32818e-22 0)
(2.38442e-06 -2.3978e-07 2.01905e-21 -1.16145e-06 9.97731e-22 0)
(2.37047e-06 -2.11648e-07 3.14578e-21 -1.14848e-06 2.1759e-21 0)
(2.35984e-06 -1.83992e-07 4.29501e-23 -1.13885e-06 3.92414e-23 0)
(2.3522e-06 -1.56206e-07 1.42964e-21 -1.13238e-06 -3.9221e-22 0)
(2.34723e-06 -1.27687e-07 0 -1.12881e-06 0 0)
(2.34448e-06 -9.67976e-08 -1.20461e-21 -1.12779e-06 -5.31988e-22 0)
(2.34371e-06 -6.33238e-08 5.79536e-22 -1.12894e-06 2.45247e-22 0)
(2.34406e-06 -2.05293e-08 2.35136e-20 -1.13149e-06 1.25737e-21 -5.30279e-37)
(3.16806e-06 -4.67001e-07 -4.53873e-24 -1.63249e-06 -1.7222e-23 0)
(3.03659e-06 -4.83375e-07 8.53382e-22 -1.60154e-06 5.09993e-22 0)
(2.95937e-06 -4.63059e-07 -8.48819e-22 -1.55996e-06 -5.16941e-22 0)
(2.86769e-06 -4.49825e-07 -8.35427e-22 -1.51561e-06 -5.03463e-22 0)
(2.79493e-06 -4.28816e-07 2.29396e-21 -1.47121e-06 1.56477e-21 0)
(2.72505e-06 -4.05666e-07 1.634e-21 -1.42665e-06 9.75454e-22 0)
(2.66464e-06 -3.80437e-07 -2.17053e-21 -1.38436e-06 -1.4527e-21 0)
(2.61025e-06 -3.54085e-07 2.87732e-22 -1.34461e-06 -3.05828e-22 0)
(2.56268e-06 -3.27341e-07 4.9296e-22 -1.3081e-06 4.57116e-22 0)
(2.52092e-06 -3.00608e-07 -2.66777e-22 -1.27513e-06 3.60533e-22 0)
(2.48481e-06 -2.74231e-07 -2.20333e-21 -1.24593e-06 -1.20811e-21 0)
(2.45384e-06 -2.48358e-07 1.973e-23 -1.22068e-06 1.90297e-23 0)
(2.42775e-06 -2.23033e-07 -1.00907e-21 -1.19947e-06 -1.37244e-21 0)
(2.40619e-06 -1.98125e-07 -3.40661e-23 -1.18237e-06 -3.11581e-23 0)
(2.38892e-06 -1.73383e-07 1.28684e-21 -1.16943e-06 6.26587e-22 0)
(2.37563e-06 -1.48227e-07 -2.56824e-23 -1.16064e-06 -2.24437e-23 0)
(2.36628e-06 -1.22064e-07 1.57089e-21 -1.15608e-06 2.10559e-21 0)
(2.36039e-06 -9.32242e-08 -5.92405e-22 -1.15572e-06 -2.65082e-22 0)
(2.35868e-06 -6.14853e-08 -2.7777e-21 -1.15988e-06 -2.74894e-21 0)
(2.35964e-06 -2.00782e-08 2.13242e-20 -1.16836e-06 -9.62179e-22 -4.19169e-35)
(3.33326e-06 -2.81276e-07 -1.08777e-22 -1.69346e-06 -5.48388e-23 0)
(3.19706e-06 -3.17089e-07 -9.1484e-22 -1.65552e-06 -5.39277e-22 0)
(3.10882e-06 -3.25545e-07 7.43042e-22 -1.62683e-06 5.83428e-22 0)
(3.01069e-06 -3.28985e-07 -1.94523e-21 -1.58644e-06 -1.77132e-21 0)
(2.92477e-06 -3.27368e-07 -2.00109e-21 -1.54442e-06 -1.66357e-21 0)
(2.84357e-06 -3.19907e-07 1.18438e-21 -1.49945e-06 1.22294e-21 0)
(2.77016e-06 -3.08375e-07 1.02978e-21 -1.45417e-06 1.22742e-21 0)
(2.70356e-06 -2.9345e-07 1.79396e-21 -1.40997e-06 1.61677e-21 0)
(2.64408e-06 -2.76173e-07 -2.10432e-21 -1.36799e-06 -1.5711e-21 0)
(2.59126e-06 -2.57324e-07 5.23543e-24 -1.32913e-06 4.31472e-23 0)
(2.54487e-06 -2.37531e-07 -2.56832e-23 -1.29396e-06 -1.28632e-22 0)
(2.50451e-06 -2.17242e-07 -1.64621e-21 -1.26293e-06 -1.60897e-21 0)
(2.4699e-06 -1.96724e-07 0 -1.23637e-06 0 0)
(2.44067e-06 -1.76044e-07 -1.49015e-21 -1.21453e-06 -4.84119e-22 0)
(2.41669e-06 -1.55099e-07 -7.00414e-24 -1.19768e-06 -2.97106e-23 0)
(2.39764e-06 -1.3344e-07 -1.92427e-21 -1.18604e-06 -9.3692e-22 0)
(2.38378e-06 -1.10565e-07 5.27485e-22 -1.18001e-06 5.5642e-22 0)
(2.37462e-06 -8.49287e-08 1.21351e-21 -1.17998e-06 5.55359e-22 0)
(2.3719e-06 -5.63359e-08 1.50757e-23 -1.18701e-06 -1.23669e-24 0)
(2.37352e-06 -1.84255e-08 2.29354e-20 -1.20151e-06 -8.12845e-23 -1.84524e-37)
(3.41406e-06 -1.28333e-07 9.41644e-22 -1.6987e-06 8.28516e-22 0)
(3.28995e-06 -1.47473e-07 -8.70593e-22 -1.66681e-06 -5.47335e-22 0)
(3.19457e-06 -1.8277e-07 -5.04644e-22 -1.6467e-06 -4.18886e-22 0)
(3.09717e-06 -1.9952e-07 8.3656e-22 -1.61393e-06 5.11406e-22 0)
(3.00696e-06 -2.11315e-07 -1.65304e-21 -1.57552e-06 -7.51174e-22 0)
(2.92137e-06 -2.16622e-07 -1.11488e-21 -1.53341e-06 -5.26609e-22 0)
(2.84243e-06 -2.1682e-07 -1.39061e-21 -1.48934e-06 -1.00912e-21 0)
(2.76964e-06 -2.12812e-07 1.67136e-22 -1.44518e-06 -1.16701e-22 0)
(2.70361e-06 -2.05399e-07 2.81059e-21 -1.40225e-06 1.79164e-21 0)
(2.64406e-06 -1.95427e-07 -9.674e-23 -1.36169e-06 -1.03987e-22 0)
(2.59102e-06 -1.83552e-07 1.50206e-21 -1.32433e-06 8.50795e-22 0)
(2.5442e-06 -1.70328e-07 -7.41759e-23 -1.29082e-06 -8.40056e-23 0)
(2.50346e-06 -1.56133e-07 5.49264e-36 -1.26172e-06 5.57703e-36 0)
(2.46856e-06 -1.41164e-07 -6.60282e-22 -1.23747e-06 -3.29019e-22 0)
(2.43946e-06 -1.25453e-07 6.45447e-22 -1.21855e-06 3.14332e-22 0)
(2.41594e-06 -1.08728e-07 -2.90208e-23 -1.20544e-06 -4.18878e-23 0)
(2.39856e-06 -9.06344e-08 1.02199e-22 -1.19887e-06 -2.72509e-22 0)
(2.38678e-06 -6.99745e-08 5.87029e-24 -1.19954e-06 1.94424e-23 0)
(2.38316e-06 -4.66118e-08 -5.95223e-24 -1.20916e-06 7.74816e-24 0)
(2.3851e-06 -1.51448e-08 2.48739e-20 -1.22871e-06 1.27293e-22 2.2167e-37)
(3.34653e-06 2.17445e-08 8.74256e-22 -1.63686e-06 6.91386e-22 0)
(3.26375e-06 -2.36727e-10 0 -1.64595e-06 0 0)
(3.17744e-06 -4.33067e-08 -6.82127e-22 -1.63049e-06 -6.01012e-22 0)
(3.0911e-06 -7.15652e-08 8.91531e-36 -1.60563e-06 7.21757e-36 0)
(3.00877e-06 -9.38216e-08 2.04293e-36 -1.57276e-06 1.48191e-36 0)
(2.92927e-06 -1.09593e-07 9.68921e-36 -1.53526e-06 7.20505e-36 0)
(2.85466e-06 -1.1979e-07 1.48643e-35 -1.49487e-06 1.20099e-35 0)
(2.78465e-06 -1.25328e-07 -5.97804e-22 -1.45351e-06 -5.60164e-22 0)
(2.72011e-06 -1.26929e-07 0 -1.41259e-06 0 0)
(2.661e-06 -1.25394e-07 5.71259e-22 -1.37335e-06 5.53484e-22 0)
(2.60758e-06 -1.21359e-07 -8.18742e-37 -1.33673e-06 -1.37396e-36 0)
(2.55979e-06 -1.15386e-07 -5.4953e-22 -1.30355e-06 -5.51281e-22 0)
(2.51768e-06 -1.07887e-07 5.4049e-22 -1.27448e-06 5.51589e-22 0)
(2.48116e-06 -9.91353e-08 7.7595e-36 -1.25012e-06 5.65199e-36 0)
(2.45041e-06 -8.92389e-08 -5.26049e-22 -1.2311e-06 -5.54716e-22 0)
(2.42532e-06 -7.81136e-08 -4.66279e-36 -1.21809e-06 -4.31059e-36 0)
(2.40669e-06 -6.55118e-08 5.16663e-22 -1.21204e-06 5.61283e-22 0)
(2.39408e-06 -5.06855e-08 5.13956e-22 -1.21387e-06 5.66182e-22 0)
(2.39064e-06 -3.36552e-08 -5.5465e-36 -1.22578e-06 -4.83711e-36 0)
(2.39344e-06 -1.06551e-08 2.55373e-20 -1.24893e-06 -4.9118e-36 -1.50647e-49)
(3.28807e-06 1.72249e-07 1.62004e-22 -1.57294e-06 2.80154e-22 0)
(3.2175e-06 1.37693e-07 -5.56877e-22 -1.59445e-06 -3.42294e-22 0)
(3.14891e-06 8.69325e-08 -1.24257e-21 -1.59176e-06 -9.45606e-22 0)
(3.07285e-06 4.93917e-08 0 -1.57688e-06 0 0)
(2.99974e-06 1.83216e-08 6.48433e-23 -1.5527e-06 2.53673e-22 0)
(2.92658e-06 -6.39968e-09 -5.36761e-22 -1.52215e-06 -7.37768e-23 0)
(2.85686e-06 -2.52791e-08 -1.19776e-21 -1.48742e-06 -8.92923e-22 0)
(2.79017e-06 -3.93031e-08 -1.76976e-21 -1.45048e-06 -1.19128e-21 0)
(2.72783e-06 -4.90405e-08 5.85606e-22 -1.41295e-06 5.64467e-22 0)
(2.66995e-06 -5.52512e-08 -1.17025e-21 -1.37618e-06 -5.90872e-22 0)
(2.61702e-06 -5.85147e-08 -5.84362e-22 -1.34131e-06 -2.87951e-22 0)
(2.56914e-06 -5.93887e-08 -1.16679e-21 -1.30929e-06 -5.62154e-22 0)
(2.52653e-06 -5.83032e-08 -1.16466e-21 -1.28096e-06 -5.49987e-22 0)
(2.48926e-06 -5.55969e-08 -5.81263e-22 -1.25707e-06 -2.69864e-22 0)
(2.45761e-06 -5.14667e-08 -1.16048e-21 -1.23842e-06 -5.31722e-22 0)
(2.43166e-06 -4.60064e-08 -1.15861e-21 -1.22582e-06 -5.26314e-22 0)
(2.41234e-06 -3.90967e-08 -5.17876e-22 -1.22048e-06 -5.61646e-22 0)
(2.39928e-06 -3.05499e-08 -5.77636e-22 -1.22333e-06 -2.62621e-22 0)
(2.39602e-06 -2.02822e-08 -5.76811e-22 -1.23685e-06 -2.65524e-22 0)
(2.39923e-06 -6.07133e-09 2.54004e-20 -1.2626e-06 -2.71053e-22 -1.14927e-49)
(3.20437e-06 2.88845e-07 3.18665e-21 -1.50444e-06 2.68767e-21 0)
(3.14998e-06 2.53549e-07 5.04317e-22 -1.53873e-06 3.30332e-22 0)
(3.09708e-06 2.00452e-07 -1.84847e-21 -1.546e-06 -1.54146e-21 0)
(3.03255e-06 1.58538e-07 1.89249e-35 -1.53976e-06 1.57823e-35 0)
(2.9697e-06 1.21702e-07 7.35067e-22 -1.52323e-06 8.57486e-22 0)
(2.90447e-06 9.05842e-08 -1.00569e-36 -1.49911e-06 -5.91293e-37 0)
(2.8413e-06 6.48794e-08 5.53013e-22 -1.4699e-06 3.15556e-22 0)
(2.7797e-06 4.38961e-08 -1.19348e-21 -1.43757e-06 -1.1523e-21 0)
(2.72134e-06 2.721e-08 2.36671e-35 -1.40386e-06 1.97778e-35 0)
(2.66641e-06 1.41974e-08 1.14484e-21 -1.37019e-06 1.13772e-21 0)
(2.61564e-06 4.35945e-09 -5.64369e-22 -1.33779e-06 -2.87194e-22 0)
(2.56924e-06 -2.8178e-09 -6.64603e-36 -1.30771e-06 -5.29459e-36 0)
(2.5276e-06 -7.75733e-09 -2.83467e-35 -1.28087e-06 -2.61026e-35 0)
(2.4909e-06 -1.08517e-08 5.66534e-22 -1.25815e-06 2.70098e-22 0)
(2.45954e-06 -1.2349e-08 -1.6869e-35 -1.24043e-06 -1.43837e-35 0)
(2.43375e-06 -1.25988e-08 -1.04495e-21 -1.22869e-06 -1.12278e-21 0)
(2.41445e-06 -1.14121e-08 7.46444e-36 -1.22406e-06 5.67611e-36 0)
(2.40163e-06 -9.48016e-09 4.64415e-22 -1.22782e-06 8.61751e-22 0)
(2.39888e-06 -5.90257e-09 -5.66263e-22 -1.24288e-06 -2.6682e-22 0)
(2.40236e-06 -9.8409e-10 2.5652e-20 -1.27001e-06 -2.72644e-22 0)
(3.10376e-06 3.85722e-07 8.75672e-22 -1.42905e-06 6.13569e-22 0)
(3.06392e-06 3.49963e-07 1.11594e-21 -1.47193e-06 9.24431e-22 0)
(3.02609e-06 2.97209e-07 9.52126e-22 -1.4878e-06 6.38795e-22 0)
(2.97377e-06 2.5339e-07 1.53761e-36 -1.49007e-06 1.93394e-36 0)
(2.92203e-06 2.13249e-07 1.63563e-21 -1.48144e-06 1.23179e-21 0)
(2.86592e-06 1.77932e-07 -1.0043e-22 -1.46438e-06 -2.76846e-22 0)
(2.81058e-06 1.47316e-07 -7.98042e-23 -1.44141e-06 -2.77376e-22 0)
(2.75542e-06 1.21011e-07 1.06146e-21 -1.41448e-06 6.07315e-22 0)
(2.70239e-06 9.87556e-08 5.80144e-22 -1.38538e-06 5.78934e-22 0)
(2.6518e-06 8.00877e-08 1.11048e-21 -1.35559e-06 8.666e-22 0)
(2.60453e-06 6.46108e-08 1.08982e-21 -1.32642e-06 5.69508e-22 0)
(2.56093e-06 5.18889e-08 -1.94016e-24 -1.299e-06 -2.91246e-22 0)
(2.52147e-06 4.15174e-08 5.58917e-22 -1.27433e-06 -2.07954e-23 0)
(2.48649e-06 3.31142e-08 5.51856e-22 -1.25336e-06 2.6907e-22 0)
(2.45637e-06 2.63073e-08 1.63368e-21 -1.23701e-06 1.09559e-21 0)
(2.43168e-06 2.07734e-08 5.54144e-22 -1.22642e-06 2.63286e-22 0)
(2.41263e-06 1.62355e-08 0 -1.22258e-06 0 0)
(2.4014e-06 1.19854e-08 1.6262e-21 -1.22757e-06 1.08754e-21 0)
(2.39535e-06 9.30807e-09 1.64352e-21 -1.24095e-06 9.45289e-22 0)
(2.4032e-06 3.51075e-09 2.73362e-20 -1.26996e-06 5.45263e-22 0)
(2.99333e-06 4.60152e-07 -4.74153e-22 -1.35376e-06 -3.40415e-22 0)
(2.96671e-06 4.26589e-07 -4.18815e-22 -1.40307e-06 -3.01208e-22 0)
(2.9422e-06 3.76943e-07 -6.31626e-22 -1.42584e-06 -6.0089e-22 0)
(2.90163e-06 3.33742e-07 0 -1.43515e-06 0 0)
(2.86074e-06 2.9251e-07 6.14139e-22 -1.43334e-06 5.97759e-22 0)
(2.81412e-06 2.54948e-07 1.08952e-21 -1.42267e-06 9.00271e-22 0)
(2.76718e-06 2.21084e-07 -1.09071e-21 -1.4056e-06 -8.93333e-22 0)
(2.7193e-06 1.90902e-07 -5.83774e-22 -1.38398e-06 -5.88181e-22 0)
(2.67258e-06 1.64305e-07 5.73744e-22 -1.35963e-06 5.84798e-22 0)
(2.62739e-06 1.41032e-07 5.20965e-22 -1.33403e-06 2.86386e-22 0)
(2.58472e-06 1.20803e-07 -9.20968e-38 -1.3085e-06 -1.01897e-36 0)
(2.54502e-06 1.03281e-07 5.31077e-22 -1.2842e-06 2.7569e-22 0)
(2.50887e-06 8.81016e-08 1.85545e-36 -1.26218e-06 1.97258e-36 0)
(2.47662e-06 7.49013e-08 -5.37726e-22 -1.24341e-06 -2.66932e-22 0)
(2.44888e-06 6.32201e-08 1.81109e-36 -1.22886e-06 1.954e-36 0)
(2.4259e-06 5.2733e-08 5.41849e-22 -1.21958e-06 2.61818e-22 0)
(2.40891e-06 4.2618e-08 -5.17141e-22 -1.21681e-06 -5.61573e-22 0)
(2.39774e-06 3.26997e-08 -1.06682e-37 -1.22211e-06 1.01364e-36 0)
(2.39583e-06 2.16056e-08 -1.87872e-36 -1.23694e-06 -9.14785e-37 0)
(2.39948e-06 8.12313e-09 2.60105e-20 -1.26295e-06 4.18482e-35 -7.67193e-50)
(2.87709e-06 5.15813e-07 6.83934e-22 -1.27974e-06 6.28237e-22 0)
(2.86198e-06 4.85665e-07 3.85854e-22 -1.33281e-06 2.86125e-22 0)
(2.84903e-06 4.4052e-07 -6.11624e-22 -1.36063e-06 -5.96784e-22 0)
(2.81948e-06 3.99412e-07 8.57167e-36 -1.37569e-06 7.16764e-36 0)
(2.78897e-06 3.58699e-07 -9.05462e-37 -1.37976e-06 -9.21965e-37 0)
(2.75184e-06 3.20427e-07 4.59594e-22 -1.37495e-06 2.95172e-22 0)
(2.71357e-06 2.8477e-07 4.72854e-22 -1.36348e-06 2.9271e-22 0)
(2.67346e-06 2.52034e-07 -5.73933e-22 -1.34713e-06 -5.92555e-22 0)
(2.63369e-06 2.22283e-07 0 -1.32762e-06 0 0)
(2.59466e-06 1.95453e-07 1.05966e-21 -1.3064e-06 8.67018e-22 0)
(2.55743e-06 1.71387e-07 -7.28384e-36 -1.28481e-06 -5.9078e-36 0)
(2.52249e-06 1.4985e-07 -2.58051e-23 -1.26397e-06 -3.08711e-22 0)
(2.4905e-06 1.30542e-07 5.34655e-22 -1.24495e-06 5.76695e-22 0)
(2.46185e-06 1.13096e-07 5.24668e-22 -1.2287e-06 2.63774e-22 0)
(2.43716e-06 9.70741e-08 -5.23205e-22 -1.21619e-06 -5.69585e-22 0)
(2.41672e-06 8.19217e-08 5.30477e-22 -1.20838e-06 2.59412e-22 0)
(2.40168e-06 6.70344e-08 5.15588e-22 -1.20651e-06 5.61289e-22 0)
(2.39172e-06 5.12616e-08 5.1345e-22 -1.21155e-06 5.5616e-22 0)
(2.39017e-06 3.4284e-08 -3.68995e-36 -1.22554e-06 -1.81272e-36 0)
(2.39386e-06 1.26103e-08 2.5612e-20 -1.25008e-06 -5.5753e-36 -1.51088e-49)
(2.75842e-06 5.54407e-07 3.34965e-22 -1.20928e-06 2.59606e-22 0)
(2.75307e-06 5.286e-07 3.59037e-22 -1.26412e-06 2.7138e-22 0)
(2.74996e-06 4.88926e-07 3.81762e-22 -1.29537e-06 2.78088e-22 0)
(2.73042e-06 4.50996e-07 0 -1.3147e-06 0 0)
(2.7095e-06 4.12003e-07 4.21021e-22 -1.32349e-06 2.84124e-22 0)
(2.68157e-06 3.74202e-07 0 -1.32366e-06 0 0)
(2.6519e-06 3.37908e-07 4.52473e-22 -1.31718e-06 2.8277e-22 0)
(2.61977e-06 3.03706e-07 0 -1.30571e-06 0 0)
(2.58734e-06 2.71814e-07 0 -1.29086e-06 0 0)
(2.55499e-06 2.42351e-07 0 -1.27401e-06 0 0)
(2.52381e-06 2.15287e-07 4.95063e-22 -1.25644e-06 2.69729e-22 0)
(2.49432e-06 1.9049e-07 0 -1.23923e-06 0 0)
(2.46718e-06 1.67727e-07 0 -1.22341e-06 0 0)
(2.44281e-06 1.46666e-07 5.13087e-22 -1.20989e-06 2.59736e-22 0)
(2.42182e-06 1.26857e-07 0 -1.19957e-06 0 0)
(2.40446e-06 1.07687e-07 0 -1.19332e-06 0 0)
(2.3918e-06 8.84408e-08 0 -1.19218e-06 0 0)
(2.38353e-06 6.77859e-08 5.2505e-22 -1.19717e-06 2.57005e-22 0)
(2.38251e-06 4.54025e-08 5.26863e-22 -1.20981e-06 2.5972e-22 0)
(2.38593e-06 1.64642e-08 2.55567e-20 -1.23132e-06 2.64337e-22 1.22751e-64)
(2.63923e-06 5.78422e-07 -9.29727e-22 -1.14298e-06 -8.41349e-22 0)
(2.64199e-06 5.57314e-07 0 -1.19773e-06 0 0)
(2.64715e-06 5.23379e-07 -3.61212e-22 -1.23087e-06 -2.64241e-22 0)
(2.63661e-06 4.89158e-07 0 -1.25314e-06 0 0)
(2.6245e-06 4.52616e-07 -4.0215e-22 -1.26559e-06 -2.71694e-22 0)
(2.60534e-06 4.16101e-07 -4.19869e-22 -1.26991e-06 -2.72622e-22 0)
(2.58407e-06 3.80052e-07 0 -1.26783e-06 0 0)
(2.55997e-06 3.45272e-07 0 -1.26084e-06 0 0)
(2.53507e-06 3.12111e-07 0 -1.25041e-06 0 0)
(2.50975e-06 2.80847e-07 -4.73369e-22 -1.23783e-06 -2.65734e-22 0)
(2.48506e-06 2.51564e-07 -4.82805e-22 -1.22426e-06 -2.62823e-22 0)
(2.4615e-06 2.24233e-07 -4.90872e-22 -1.21076e-06 -2.59924e-22 0)
(2.43974e-06 1.98694e-07 0 -1.19826e-06 0 0)
(2.42018e-06 1.74649e-07 0 -1.1876e-06 0 0)
(2.40341e-06 1.51685e-07 0 -1.17958e-06 0 0)
(2.38962e-06 1.29119e-07 -5.11799e-22 -1.17493e-06 -2.52232e-22 0)
(2.37971e-06 1.06252e-07 0 -1.17451e-06 0 0)
(2.37336e-06 8.15009e-08 -5.17381e-22 -1.17906e-06 -2.53119e-22 0)
(2.37292e-06 5.45058e-08 -5.19544e-22 -1.18985e-06 -2.55435e-22 0)
(2.37598e-06 1.9557e-08 2.37703e-20 -1.20774e-06 -2.59275e-22 -1.07476e-49)
(2.52058e-06 5.89686e-07 -1.7098e-21 -1.08119e-06 -1.71132e-21 0)
(2.53008e-06 5.73244e-07 -3.22298e-22 -1.13443e-06 -2.43536e-22 0)
(2.54222e-06 5.44939e-07 3.74855e-37 -1.16821e-06 1.20154e-36 0)
(2.53973e-06 5.14617e-07 2.29462e-37 -1.19225e-06 1.21546e-36 0)
(2.53569e-06 4.80931e-07 5.44356e-22 -1.20737e-06 5.94316e-22 0)
(2.52484e-06 4.46231e-07 -9.48303e-22 -1.21503e-06 -8.58708e-22 0)
(2.51172e-06 4.11066e-07 -9.62221e-22 -1.21671e-06 -8.60704e-22 0)
(2.49559e-06 3.76397e-07 0 -1.21373e-06 0 0)
(2.4783e-06 3.42685e-07 5.32037e-22 -1.2074e-06 5.98481e-22 0)
(2.46021e-06 3.10339e-07 6.50766e-23 -1.19888e-06 3.38949e-22 0)
(2.44228e-06 2.79544e-07 1.45998e-36 -1.18923e-06 -2.78912e-37 0)
(2.42501e-06 2.5036e-07 -1.00266e-21 -1.17941e-06 -8.42754e-22 0)
(2.40902e-06 2.22701e-07 -5.17163e-22 -1.17025e-06 -5.85145e-22 0)
(2.39468e-06 1.96317e-07 -4.95779e-22 -1.1625e-06 -2.49564e-22 0)
(2.3825e-06 1.70832e-07 5.11471e-22 -1.15683e-06 5.74288e-22 0)
(2.37265e-06 1.45561e-07 -5.05158e-22 -1.15383e-06 -2.47702e-22 0)
(2.3658e-06 1.19796e-07 3.49373e-36 -1.15409e-06 1.70202e-36 0)
(2.36163e-06 9.18471e-08 5.06991e-22 -1.15813e-06 5.5086e-22 0)
(2.36183e-06 6.13458e-08 0 -1.1667e-06 0 0)
(2.36439e-06 2.18846e-08 2.34345e-20 -1.18028e-06 3.7568e-35 -6.91211e-50)
(2.40278e-06 5.89811e-07 5.15825e-22 -1.0235e-06 5.40587e-22 0)
(2.41797e-06 5.77668e-07 1.31884e-36 -1.07412e-06 6.94448e-37 0)
(2.4361e-06 5.54537e-07 -5.22978e-22 -1.10754e-06 -5.73513e-22 0)
(2.44093e-06 5.28001e-07 0 -1.13244e-06 0 0)
(2.44437e-06 4.97283e-07 5.24752e-22 -1.14941e-06 5.91594e-22 0)
(2.44144e-06 4.64687e-07 5.24125e-22 -1.15974e-06 5.96519e-22 0)
(2.43624e-06 4.30844e-07 -5.23007e-22 -1.16463e-06 -5.99253e-22 0)
(2.42797e-06 3.9682e-07 -5.21232e-22 -1.16524e-06 -6.00204e-22 0)
(2.41832e-06 3.63157e-07 5.19161e-22 -1.1627e-06 5.99651e-22 0)
(2.40757e-06 3.30364e-07 -1.15475e-35 -1.15803e-06 -9.52573e-36 0)
(2.39659e-06 2.98705e-07 -6.59616e-36 -1.15216e-06 -4.606e-36 0)
(2.38584e-06 2.68318e-07 2.00003e-37 -1.14594e-06 2.31558e-36 0)
(2.37587e-06 2.39182e-07 8.53714e-36 -1.1401e-06 7.67671e-36 0)
(2.36702e-06 2.11103e-07 1.03167e-35 -1.13527e-06 8.51982e-36 0)
(2.35972e-06 1.83758e-07 3.40809e-36 -1.13199e-06 1.66942e-36 0)
(2.35408e-06 1.56493e-07 -1.71961e-36 -1.13065e-06 -8.33724e-37 0)
(2.35052e-06 1.28634e-07 -5.04605e-22 -1.13159e-06 -5.59542e-22 0)
(2.34871e-06 9.84629e-08 -3.49588e-36 -1.13502e-06 -1.67883e-36 0)
(2.34962e-06 6.56092e-08 -6.97915e-36 -1.14118e-06 -5.38513e-36 0)
(2.35167e-06 2.33143e-08 2.24929e-20 -1.15015e-06 -1.7012e-36 0)
(2.28565e-06 5.79814e-07 -1.53832e-21 -9.6943e-07 -1.63107e-21 0)
(2.30584e-06 5.71371e-07 -2.7552e-36 -1.01671e-06 -2.64637e-36 0)
(2.32935e-06 5.52758e-07 -5.50573e-37 -1.04907e-06 4.02533e-37 0)
(2.341e-06 5.29704e-07 9.23362e-37 -1.07412e-06 1.06485e-36 0)
(2.35154e-06 5.01881e-07 5.04824e-22 -1.09235e-06 5.88455e-22 0)
(2.35628e-06 4.71519e-07 -5.05842e-22 -1.1048e-06 -5.946e-22 0)
(2.35882e-06 4.39295e-07 -5.06388e-22 -1.11245e-06 -5.98321e-22 0)
(2.35836e-06 4.06338e-07 0 -1.11628e-06 0 0)
(2.35635e-06 3.73242e-07 5.05856e-22 -1.11722e-06 6.00031e-22 0)
(2.35299e-06 3.40579e-07 5.05136e-22 -1.11617e-06 5.98585e-22 0)
(2.34907e-06 3.0867e-07 -3.1394e-36 -1.11391e-06 -1.62014e-36 0)
(2.34496e-06 2.77713e-07 -5.03412e-22 -1.11117e-06 -5.9215e-22 0)
(2.34116e-06 2.47741e-07 -5.02595e-22 -1.10857e-06 -5.87435e-22 0)
(2.33796e-06 2.1862e-07 1.76701e-36 -1.10662e-06 3.17846e-36 0)
(2.3357e-06 1.90086e-07 5.01423e-22 -1.1057e-06 5.75281e-22 0)
(2.33443e-06 1.61559e-07 1.72644e-36 -1.10605e-06 1.95585e-36 0)
(2.33433e-06 1.32427e-07 0 -1.10772e-06 0 0)
(2.33504e-06 1.01056e-07 5.01283e-22 -1.11062e-06 5.48801e-22 0)
(2.33677e-06 6.7107e-08 -6.94725e-36 -1.11436e-06 -5.33697e-36 0)
(2.33835e-06 2.37829e-08 2.15072e-20 -1.11864e-06 -1.65459e-36 0)
(2.16861e-06 5.60316e-07 -2.88348e-23 -9.17826e-07 -1.47399e-23 0)
(2.19356e-06 5.54815e-07 -3.05561e-22 -9.6139e-07 -2.06389e-22 0)
(2.2222e-06 5.39927e-07 -4.77057e-22 -9.92325e-07 -5.61188e-22 0)
(2.24049e-06 5.19923e-07 0 -1.01717e-06 0 0)
(2.25799e-06 4.94801e-07 4.84742e-22 -1.03631e-06 5.85008e-22 0)
(2.27031e-06 4.66702e-07 8.7921e-22 -1.05055e-06 8.17735e-22 0)
(2.28056e-06 4.36314e-07 -8.99042e-22 -1.06068e-06 -8.24493e-22 0)
(2.2879e-06 4.04786e-07 -1.34193e-21 -1.06747e-06 -1.0575e-21 0)
(2.29356e-06 3.7273e-07 4.92377e-22 -1.07169e-06 5.99675e-22 0)
(2.29765e-06 3.40753e-07 4.5226e-22 -1.07406e-06 2.30577e-22 0)
(2.30083e-06 3.09202e-07 -5.23119e-38 -1.07526e-06 -1.23171e-36 0)
(2.30342e-06 2.78315e-07 4.72873e-22 -1.07587e-06 2.30965e-22 0)
(2.30583e-06 2.48164e-07 -9.62098e-22 -1.0764e-06 -4.62161e-22 0)
(2.30833e-06 2.18673e-07 -4.87952e-22 -1.07726e-06 -2.31264e-22 0)
(2.31114e-06 1.89641e-07 -9.87401e-22 -1.07868e-06 -4.6314e-22 0)
(2.31429e-06 1.60592e-07 4.98441e-22 -1.08075e-06 2.32013e-22 0)
(2.31774e-06 1.31019e-07 -4.97568e-22 -1.08324e-06 -5.58561e-22 0)
(2.32108e-06 9.94795e-08 -1.74153e-36 -1.08576e-06 -8.02984e-37 0)
(2.32378e-06 6.56991e-08 -5.17799e-36 -1.08732e-06 -4.48951e-36 0)
(2.32503e-06 2.3229e-08 2.05223e-20 -1.08714e-06 -8.04004e-37 0)
(2.05085e-06 5.31215e-07 4.65014e-22 -8.68201e-07 5.23222e-22 0)
(2.08076e-06 5.2782e-07 3.09896e-22 -9.07984e-07 1.94924e-22 0)
(2.11468e-06 5.15829e-07 -4.53975e-22 -9.37407e-07 -5.55295e-22 0)
(2.13979e-06 4.98414e-07 -1.25516e-37 -9.61925e-07 1.46201e-36 0)
(2.16439e-06 4.75771e-07 -3.05276e-36 -9.81828e-07 -1.15289e-36 0)
(2.18443e-06 4.49948e-07 3.96181e-22 -9.977e-07 2.14184e-22 0)
(2.2025e-06 4.21603e-07 1.35933e-21 -1.01013e-06 1.40623e-21 0)
(2.21774e-06 3.91872e-07 -4.76101e-22 -1.01971e-06 -5.97671e-22 0)
(2.23115e-06 3.61349e-07 -9.57957e-22 -1.02704e-06 -1.19723e-21 0)
(2.24274e-06 3.30641e-07 9.37323e-22 -1.03267e-06 8.1951e-22 0)
(2.25305e-06 3.00098e-07 -4.81315e-36 -1.03715e-06 -2.28905e-36 0)
(2.26233e-06 2.69971e-07 9.61662e-22 -1.04095e-06 8.15372e-22 0)
(2.27092e-06 2.40354e-07 4.87516e-22 -1.04447e-06 5.87136e-22 0)
(2.27903e-06 2.11213e-07 4.90637e-22 -1.048e-06 2.24983e-22 0)
(2.28684e-06 1.82415e-07 -4.90934e-22 -1.05169e-06 -5.74533e-22 0)
(2.29434e-06 1.53609e-07 -4.84278e-22 -1.05546e-06 -9.06941e-22 0)
(2.30131e-06 1.24424e-07 4.9404e-22 -1.0589e-06 5.57989e-22 0)
(2.30731e-06 9.37228e-08 4.95329e-22 -1.06132e-06 5.47927e-22 0)
(2.31118e-06 6.13451e-08 3.46226e-36 -1.06113e-06 2.6281e-36 0)
(2.31229e-06 2.16252e-08 1.95825e-20 -1.05709e-06 -3.46433e-35 -5.77594e-50)
(1.93147e-06 4.92128e-07 -2.43793e-36 -8.18457e-07 -2.34179e-36 0)
(1.96705e-06 4.89986e-07 3.19401e-22 -8.54888e-07 1.83526e-22 0)
(2.00683e-06 4.80085e-07 3.51039e-36 -8.83179e-07 1.93771e-36 0)
(2.03929e-06 4.64825e-07 0 -9.07671e-07 0 0)
(2.07143e-06 4.44474e-07 -3.94995e-36 -9.28566e-07 -2.03729e-36 0)
(2.09956e-06 4.20978e-07 -4.05379e-22 -9.4623e-07 -2.03135e-22 0)
(2.12574e-06 3.94927e-07 4.22499e-22 -9.61064e-07 2.06319e-22 0)
(2.14911e-06 3.67404e-07 8.75607e-22 -9.73476e-07 4.17968e-22 0)
(2.17041e-06 3.38958e-07 0 -9.83896e-07 0 0)
(2.18959e-06 3.10162e-07 -4.63224e-22 -9.92742e-07 -2.1312e-22 0)
(2.20705e-06 2.81341e-07 -6.50979e-36 -1.00041e-06 -8.1652e-36 0)
(2.22296e-06 2.52731e-07 -4.82286e-22 -1.00728e-06 -2.16241e-22 0)
(2.23761e-06 2.24428e-07 9.79451e-22 -1.01365e-06 4.35215e-22 0)
(2.25116e-06 1.96427e-07 4.95953e-22 -1.01972e-06 2.18911e-22 0)
(2.26375e-06 1.68646e-07 1.00223e-21 -1.02556e-06 4.40329e-22 0)
(2.27537e-06 1.4087e-07 -5.0536e-22 -1.03101e-06 -2.21334e-22 0)
(2.28571e-06 1.1289e-07 0 -1.03551e-06 0 0)
(2.29429e-06 8.3973e-08 5.2297e-36 -1.03816e-06 2.27774e-36 0)
(2.2995e-06 5.41397e-08 1.20369e-35 -1.03688e-06 9.65817e-36 0)
(2.30074e-06 1.89877e-08 1.87341e-20 -1.02995e-06 -1.34385e-36 -1.10514e-49)
(1.80951e-06 4.41422e-07 -3.88462e-22 -7.69434e-07 -4.98469e-22 0)
(1.85203e-06 4.39801e-07 1.36968e-36 -8.03136e-07 1.80298e-36 0)
(1.8987e-06 4.31324e-07 2.01829e-36 -8.3083e-07 2.72795e-36 0)
(1.93945e-06 4.17936e-07 -5.13268e-37 -8.55727e-07 1.5694e-36 0)
(1.97987e-06 3.99842e-07 4.25036e-22 -8.77924e-07 5.73012e-22 0)
(2.0167e-06 3.78874e-07 -4.32941e-22 -8.97588e-07 -5.82393e-22 0)
(2.05146e-06 3.55511e-07 -4.40404e-22 -9.14937e-07 -5.8884e-22 0)
(2.08331e-06 3.30751e-07 0 -9.30212e-07 0 0)
(2.11274e-06 3.05064e-07 4.53558e-22 -9.43688e-07 5.94479e-22 0)
(2.13963e-06 2.78962e-07 4.59331e-22 -9.55644e-07 5.94272e-22 0)
(2.16426e-06 2.52718e-07 -4.78768e-36 -9.6636e-07 -6.10435e-36 0)
(2.18673e-06 2.26532e-07 -4.69442e-22 -9.76099e-07 -5.89063e-22 0)
(2.20725e-06 2.00477e-07 -4.73849e-22 -9.85081e-07 -5.84466e-22 0)
(2.22599e-06 1.74551e-07 0 -9.93456e-07 0 0)
(2.24302e-06 1.48706e-07 4.81528e-22 -1.00124e-06 5.7211e-22 0)
(2.25837e-06 1.22842e-07 0 -1.00824e-06 0 0)
(2.27173e-06 9.69164e-08 -7.07362e-36 -1.01386e-06 -2.99044e-36 0)
(2.28264e-06 7.0658e-08 4.90032e-22 -1.01709e-06 5.47632e-22 0)
(2.28928e-06 4.43558e-08 6.89498e-36 -1.01555e-06 5.17585e-36 0)
(2.29094e-06 1.53935e-08 1.80155e-20 -1.00704e-06 3.20815e-35 -5.31377e-50)
(1.68432e-06 3.77994e-07 3.29565e-22 -7.16624e-07 1.53843e-22 0)
(1.7356e-06 3.76303e-07 0 -7.49093e-07 0 0)
(1.79067e-06 3.68785e-07 1.96922e-36 -7.77521e-07 1.49954e-36 0)
(1.84102e-06 3.57166e-07 0 -8.03979e-07 0 0)
(1.89079e-06 3.41475e-07 -6.97123e-37 -8.28427e-07 -9.76084e-37 0)
(1.93717e-06 3.23391e-07 1.68357e-36 -8.50859e-07 -2.08417e-36 0)
(1.98116e-06 3.0325e-07 0 -8.71318e-07 0 0)
(2.02195e-06 2.81927e-07 0 -8.89907e-07 0 0)
(2.05983e-06 2.59788e-07 0 -9.06755e-07 0 0)
(2.09461e-06 2.37261e-07 -3.23139e-36 -9.22019e-07 -2.71369e-36 0)
(2.12645e-06 2.14546e-07 1.46825e-37 -9.35868e-07 -1.33409e-36 0)
(2.1554e-06 1.91789e-07 1.73775e-36 -9.48471e-07 7.01448e-37 0)
(2.18161e-06 1.69019e-07 0 -9.59974e-07 0 0)
(2.20518e-06 1.46213e-07 0 -9.70481e-07 0 0)
(2.2262e-06 1.23331e-07 0 -9.79989e-07 0 0)
(2.24472e-06 1.00348e-07 1.79154e-36 -9.88336e-07 7.30931e-37 0)
(2.2605e-06 7.73688e-08 0 -9.95005e-07 0 0)
(2.27318e-06 5.45735e-08 1.01861e-35 -9.99025e-07 1.01401e-35 0)
(2.28114e-06 3.26016e-08 -1.81045e-36 -9.98096e-07 -7.38149e-37 0)
(2.28343e-06 1.10471e-08 1.74753e-20 -9.89691e-07 6.22209e-35 -5.32704e-64)
(1.55539e-06 2.9728e-07 -6.81318e-22 -6.6617e-07 -9.53097e-22 0)
(1.61791e-06 2.95358e-07 -3.66399e-23 -6.98611e-07 3.60807e-22 0)
(1.68335e-06 2.88772e-07 -8.30623e-37 -7.2871e-07 3.59784e-37 0)
(1.74497e-06 2.7924e-07 -7.87214e-37 -7.57448e-07 4.5099e-37 0)
(1.80542e-06 2.66523e-07 3.87583e-22 -7.84642e-07 5.62948e-22 0)
(1.86237e-06 2.52067e-07 -8.64769e-22 -8.10146e-07 -7.47105e-22 0)
(1.91639e-06 2.36049e-07 -8.90515e-22 -8.33863e-07 -7.5947e-22 0)
(1.96669e-06 2.19171e-07 0 -8.5578e-07 0 0)
(2.0134e-06 2.01684e-07 4.32233e-22 -8.75909e-07 5.87585e-22 0)
(2.05629e-06 1.83908e-07 -6.762e-23 -8.94309e-07 3.96034e-22 0)
(2.09542e-06 1.65969e-07 -1.71394e-37 -9.11054e-07 1.36396e-36 0)
(2.1308e-06 1.47944e-07 -9.77803e-22 -9.26232e-07 -7.8273e-22 0)
(2.16248e-06 1.29816e-07 -4.64238e-22 -9.39928e-07 -5.79741e-22 0)
(2.19055e-06 1.11526e-07 -5.26585e-22 -9.52204e-07 -2.04417e-22 0)
(2.21506e-06 9.30114e-08 4.75525e-22 -9.63063e-07 5.68276e-22 0)
(2.23607e-06 7.42554e-08 -5.2952e-22 -9.72402e-07 -2.08753e-22 0)
(2.25345e-06 5.54302e-08 2.03241e-36 -9.7987e-07 -4.00333e-37 0)
(2.26703e-06 3.69946e-08 4.86681e-22 -9.84715e-07 5.46968e-22 0)
(2.27569e-06 1.99795e-08 -7.38979e-36 -9.85071e-07 -2.93835e-36 0)
(2.2785e-06 6.35176e-09 1.71101e-20 -9.7843e-07 -1.47133e-36 0)
(1.42304e-06 2.00607e-07 -8.66537e-23 -6.0499e-07 3.48404e-22 0)
(1.49998e-06 1.98562e-07 -4.18891e-22 -6.40738e-07 -1.37552e-22 0)
(1.57829e-06 1.93266e-07 1.03882e-22 -6.75343e-07 -3.80705e-22 0)
(1.65321e-06 1.86356e-07 0 -7.08824e-07 0 0)
(1.72592e-06 1.77346e-07 8.51401e-22 -7.40808e-07 7.16064e-22 0)
(1.79466e-06 1.6734e-07 3.85273e-22 -7.71079e-07 5.67616e-22 0)
(1.85958e-06 1.56362e-07 -9.07339e-22 -7.99441e-07 -7.46885e-22 0)
(1.92002e-06 1.44902e-07 -4.12187e-22 -8.25804e-07 -5.80352e-22 0)
(1.97598e-06 1.33095e-07 4.24199e-22 -8.5011e-07 5.83162e-22 0)
(2.02723e-06 1.21137e-07 -2.94853e-36 -8.72345e-07 -3.95652e-36 0)
(2.07378e-06 1.09084e-07 5.36211e-22 -8.92519e-07 1.91604e-22 0)
(2.11558e-06 9.69543e-08 1.56459e-36 -9.10654e-07 2.00008e-36 0)
(2.15265e-06 8.46929e-08 -2.12052e-36 -9.26773e-07 6.20216e-37 0)
(2.18498e-06 7.22086e-08 -5.40852e-22 -9.40888e-07 -2.01988e-22 0)
(2.21253e-06 5.94083e-08 -2.07682e-36 -9.52973e-07 5.44473e-37 0)
(2.23532e-06 4.62396e-08 1.45261e-36 -9.62969e-07 3.14499e-36 0)
(2.25321e-06 3.28665e-08 -4.83714e-22 -9.70687e-07 -5.52761e-22 0)
(2.26626e-06 1.98062e-08 5.37783e-22 -9.75802e-07 2.09483e-22 0)
(2.274e-06 8.34227e-09 5.37301e-22 -9.77431e-07 2.09833e-22 0)
(2.27647e-06 2.17167e-09 1.75121e-20 -9.73995e-07 2.09095e-22 0)
(1.28803e-06 6.98107e-08 -6.17455e-22 -5.57886e-07 1.69447e-20 1.51187e-35)
(1.38295e-06 6.88496e-08 -2.9689e-22 -5.97809e-07 1.69548e-20 -2.57359e-50)
(1.4769e-06 6.66709e-08 -3.17057e-22 -6.37144e-07 1.68701e-20 -2.56429e-50)
(1.56714e-06 6.41397e-08 1.4881e-35 -6.75115e-07 1.73294e-20 0)
(1.65377e-06 6.09035e-08 3.55028e-22 -7.11489e-07 1.78254e-20 0)
(1.73547e-06 5.73868e-08 3.72567e-22 -7.45871e-07 1.77877e-20 2.54061e-50)
(1.81219e-06 5.35648e-08 -3.89037e-22 -7.78133e-07 1.66144e-20 -5.06825e-50)
(1.88336e-06 4.9613e-08 -4.04316e-22 -8.08094e-07 1.65696e-20 1.74172e-64)
(1.94896e-06 4.55658e-08 4.18399e-22 -8.35708e-07 1.76867e-20 -7.56962e-50)
(2.0088e-06 4.1487e-08 2.97732e-35 -8.60917e-07 1.70788e-20 -5.03747e-50)
(2.0629e-06 3.73853e-08 0 -8.83713e-07 1.70527e-20 0)
(2.11119e-06 3.32595e-08 -2.57561e-35 -9.04081e-07 1.70306e-20 -5.02325e-50)
(2.15364e-06 2.90768e-08 5.44504e-36 -9.22007e-07 1.70124e-20 -1.00358e-49)
(2.19016e-06 2.47904e-08 3.83467e-36 -9.37461e-07 1.6998e-20 -1.00273e-49)
(2.22057e-06 2.0346e-08 5.45355e-36 -9.50375e-07 1.69872e-20 -1.00209e-49)
(2.24471e-06 1.57041e-08 7.1044e-36 -9.60691e-07 1.69801e-20 -1.00167e-49)
(2.26224e-06 1.09095e-08 -4.85653e-22 -9.68273e-07 1.6425e-20 -5.00726e-50)
(2.27331e-06 6.15207e-09 2.91547e-35 -9.73141e-07 1.69758e-20 0)
(2.27764e-06 2.09401e-09 0 -9.75143e-07 1.69773e-20 0)
(2.27732e-06 6.74787e-10 1.69476e-20 -9.74338e-07 1.69794e-20 0)
(2.53927e-06 1.8952e-07 9.82062e-22 -2.81864e-08 1.93153e-22 0)
(2.61437e-06 3.35239e-07 -1.314e-22 -1.40017e-07 -4.31202e-23 0)
(2.75396e-06 4.8444e-07 -9.06046e-22 -3.22103e-07 -5.05236e-22 0)
(2.91408e-06 5.73998e-07 1.11269e-22 -5.47637e-07 7.66776e-23 0)
(3.08245e-06 6.06247e-07 -3.21321e-22 -7.91938e-07 -2.233e-22 0)
(3.23432e-06 5.76183e-07 3.42066e-22 -1.03343e-06 3.73802e-22 0)
(3.35629e-06 4.88989e-07 1.15177e-21 -1.25404e-06 8.21539e-22 0)
(3.43542e-06 3.52526e-07 -5.24892e-22 -1.43906e-06 -3.89016e-22 0)
(3.46754e-06 1.81139e-07 -7.75416e-22 -1.58064e-06 -5.98999e-22 0)
(3.44302e-06 -1.54116e-08 0 -1.65518e-06 0 0)
(2.40542e-06 1.70323e-07 3.0281e-23 -3.0235e-08 8.85119e-24 0)
(2.47718e-06 3.05395e-07 1.15776e-21 -1.34479e-07 4.46796e-22 0)
(2.60684e-06 4.52552e-07 1.24781e-21 -2.95929e-07 6.88677e-22 0)
(2.75811e-06 5.53292e-07 1.15862e-21 -4.9617e-07 7.7412e-22 0)
(2.92373e-06 6.08168e-07 -2.85126e-22 -7.16219e-07 -2.0225e-22 0)
(3.08239e-06 6.09801e-07 -1.44629e-21 -9.38706e-07 -1.19028e-21 0)
(3.22226e-06 5.60786e-07 -1.25642e-21 -1.14856e-06 -9.02181e-22 0)
(3.32856e-06 4.6457e-07 1.87086e-21 -1.33158e-06 1.47081e-21 0)
(3.39322e-06 3.33272e-07 -5.37161e-22 -1.48263e-06 -3.48292e-22 0)
(3.39961e-06 1.42782e-07 8.68034e-22 -1.58746e-06 6.93218e-22 0)
(2.28527e-06 1.49924e-07 -5.49351e-23 -3.3625e-08 -1.94731e-23 0)
(2.35486e-06 2.76545e-07 -1.01105e-21 -1.35241e-07 -3.77506e-22 0)
(2.47501e-06 4.20196e-07 -1.03634e-21 -2.83698e-07 -5.56673e-22 0)
(2.61409e-06 5.26427e-07 1.45441e-21 -4.65792e-07 9.57905e-22 0)
(2.76857e-06 5.94826e-07 1.29619e-21 -6.66876e-07 9.7324e-22 0)
(2.92045e-06 6.16502e-07 1.39266e-21 -8.73246e-07 1.13793e-21 0)
(3.06094e-06 5.92814e-07 -6.98538e-24 -1.07292e-06 1.17609e-24 0)
(3.17912e-06 5.24962e-07 -1.11826e-21 -1.25366e-06 -1.03876e-21 0)
(3.26777e-06 4.29219e-07 -1.75449e-24 -1.40948e-06 2.91521e-24 0)
(3.32126e-06 2.76125e-07 2.84724e-22 -1.52833e-06 8.34797e-23 0)
(2.17551e-06 1.27152e-07 0 -3.74753e-08 0 0)
(2.24464e-06 2.46495e-07 3.32247e-22 -1.37991e-07 9.48711e-23 0)
(2.35822e-06 3.86694e-07 -3.71247e-22 -2.75173e-07 -2.4316e-22 0)
(2.48789e-06 4.97311e-07 -9.82934e-22 -4.39997e-07 -6.78604e-22 0)
(2.63334e-06 5.77914e-07 7.2501e-22 -6.21385e-07 5.47501e-22 0)
(2.77913e-06 6.18727e-07 -1.08192e-21 -8.08787e-07 -8.75414e-22 0)
(2.91766e-06 6.19726e-07 -4.28144e-22 -9.92846e-07 -4.3526e-22 0)
(3.04031e-06 5.78324e-07 1.25402e-21 -1.16414e-06 1.07216e-21 0)
(3.13649e-06 5.08708e-07 -5.30307e-24 -1.31749e-06 1.87331e-24 0)
(3.21588e-06 3.82666e-07 1.71695e-21 -1.44825e-06 1.48497e-21 0)
(2.07267e-06 1.01701e-07 3.75107e-22 -4.13271e-08 5.12581e-23 0)
(2.14204e-06 2.14522e-07 5.28745e-22 -1.42769e-07 2.03135e-22 0)
(2.25022e-06 3.50395e-07 0 -2.72561e-07 0 0)
(2.37095e-06 4.62349e-07 -6.03459e-22 -4.24516e-07 -4.01132e-22 0)
(2.50662e-06 5.50166e-07 -4.7538e-22 -5.90301e-07 -3.48819e-22 0)
(2.64438e-06 6.03933e-07 2.51961e-22 -7.6201e-07 2.07986e-22 0)
(2.77813e-06 6.23441e-07 -5.92815e-22 -9.32171e-07 -4.88043e-22 0)
(2.90283e-06 6.05042e-07 -4.18329e-22 -1.09343e-06 -2.96947e-22 0)
(3.00349e-06 5.60879e-07 -3.79997e-22 -1.23903e-06 -2.92849e-22 0)
(3.09928e-06 4.67051e-07 -1.89946e-21 -1.36727e-06 -1.48776e-21 0)
(1.97591e-06 7.4031e-08 -7.18925e-22 -4.5102e-08 -8.14759e-23 0)
(2.04631e-06 1.81747e-07 4.42765e-22 -1.48255e-07 1.53088e-22 0)
(2.15074e-06 3.14101e-07 1.29764e-21 -2.72173e-07 6.30933e-22 0)
(2.26421e-06 4.27017e-07 -4.25613e-22 -4.128e-07 -2.60422e-22 0)
(2.39114e-06 5.20588e-07 -6.45616e-22 -5.6393e-07 -4.8775e-22 0)
(2.5207e-06 5.84875e-07 4.62668e-22 -7.19956e-07 3.93035e-22 0)
(2.64753e-06 6.19094e-07 5.3119e-22 -8.75206e-07 4.54833e-22 0)
(2.77004e-06 6.18951e-07 2.59944e-22 -1.02497e-06 2.45503e-22 0)
(2.8703e-06 5.9358e-07 1.02103e-21 -1.16242e-06 8.22268e-22 0)
(2.97473e-06 5.27363e-07 -7.04673e-22 -1.28638e-06 -6.28523e-22 0)
(1.88307e-06 4.37542e-08 0 -4.8791e-08 0 0)
(1.95491e-06 1.47263e-07 -1.8909e-22 -1.54576e-07 -1.32388e-22 0)
(2.05658e-06 2.76346e-07 4.85409e-22 -2.74705e-07 2.49099e-22 0)
(2.16382e-06 3.89332e-07 4.06628e-22 -4.06629e-07 2.40238e-22 0)
(2.28279e-06 4.86661e-07 -1.31862e-21 -5.45771e-07 -9.40253e-22 0)
(2.40449e-06 5.58779e-07 -4.61766e-22 -6.88327e-07 -3.675e-22 0)
(2.52417e-06 6.04615e-07 1.26748e-21 -8.29875e-07 1.08637e-21 0)
(2.64302e-06 6.20198e-07 -8.17857e-22 -9.67495e-07 -7.39484e-22 0)
(2.74097e-06 6.11121e-07 3.67135e-22 -1.09462e-06 2.55043e-22 0)
(2.84787e-06 5.69037e-07 2.24387e-21 -1.20969e-06 1.99674e-21 0)
(1.79338e-06 1.12133e-08 3.08836e-22 -5.22882e-08 2.55641e-24 0)
(1.867e-06 1.11603e-07 -6.21143e-23 -1.61085e-07 -4.70517e-23 0)
(1.96681e-06 2.38251e-07 2.00092e-24 -2.78485e-07 2.18306e-24 0)
(2.06885e-06 3.51326e-07 1.32442e-22 -4.03029e-07 1.11853e-22 0)
(2.18074e-06 4.51494e-07 -7.59651e-22 -5.31479e-07 -5.90374e-22 0)
(2.29488e-06 5.29639e-07 4.61051e-23 -6.61606e-07 6.00197e-25 0)
(2.40716e-06 5.8429e-07 -5.12776e-24 -7.9027e-07 -4.60501e-24 0)
(2.5209e-06 6.12254e-07 -1.57082e-21 -9.16073e-07 -1.41405e-21 0)
(2.61544e-06 6.16138e-07 -1.43388e-21 -1.03326e-06 -1.20954e-21 0)
(2.72131e-06 5.94091e-07 8.81257e-22 -1.13874e-06 8.44315e-22 0)
(1.7056e-06 -2.37508e-08 4.06753e-23 -5.56881e-08 3.09065e-23 0)
(1.7812e-06 7.43805e-08 -1.53724e-22 -1.67944e-07 7.56563e-23 0)
(1.87981e-06 1.99257e-07 -3.51938e-22 -2.83754e-07 -1.37064e-22 0)
(1.97742e-06 3.12416e-07 1.13497e-21 -4.02391e-07 6.30889e-22 0)
(2.08302e-06 4.14669e-07 3.16874e-22 -5.21743e-07 2.80128e-22 0)
(2.19015e-06 4.97463e-07 -1.49066e-21 -6.40835e-07 -1.19483e-21 0)
(2.29543e-06 5.59007e-07 1.14207e-21 -7.57631e-07 1.00003e-21 0)
(2.40346e-06 5.97026e-07 7.55312e-22 -8.71775e-07 7.14791e-22 0)
(2.49405e-06 6.11618e-07 -1.37971e-21 -9.78707e-07 -1.16902e-21 0)
(2.59659e-06 6.05778e-07 -2.60622e-21 -1.07398e-06 -2.35995e-21 0)
(1.61903e-06 -6.09641e-08 5.99049e-23 -5.89522e-08 4.88309e-23 0)
(1.69678e-06 3.57984e-08 8.0986e-22 -1.74915e-07 2.50396e-22 0)
(1.79462e-06 1.59751e-07 9.21532e-22 -2.89822e-07 2.86033e-22 0)
(1.88835e-06 2.73274e-07 -7.2998e-22 -4.03403e-07 -3.92591e-22 0)
(1.98825e-06 3.77178e-07 8.12052e-22 -5.1463e-07 7.27971e-22 0)
(2.0888e-06 4.63488e-07 3.64543e-22 -6.23645e-07 3.24803e-22 0)
(2.18745e-06 5.30177e-07 9.17985e-22 -7.29535e-07 7.94185e-22 0)
(2.28953e-06 5.75938e-07 2.62385e-21 -8.327e-07 2.39509e-21 0)
(2.37607e-06 5.99133e-07 7.8275e-22 -9.29821e-07 6.59698e-22 0)
(2.47422e-06 6.06165e-07 -8.61391e-22 -1.01524e-06 -8.82397e-22 0)
(1.53292e-06 -1.00483e-07 -9.86586e-23 -6.21919e-08 -8.54473e-23 0)
(1.61291e-06 -4.23948e-09 7.38177e-22 -1.82151e-07 -4.23202e-23 0)
(1.71025e-06 1.19637e-07 5.51991e-22 -2.96745e-07 1.27981e-22 0)
(1.80036e-06 2.3387e-07 -9.15991e-22 -4.05914e-07 -4.21841e-22 0)
(1.89496e-06 3.39133e-07 -1.05456e-21 -5.09787e-07 -7.72683e-22 0)
(1.9893e-06 4.28069e-07 1.36244e-21 -6.09505e-07 1.12365e-21 0)
(2.08181e-06 4.98543e-07 8.4915e-22 -7.05245e-07 7.37576e-22 0)
(2.17799e-06 5.50138e-07 7.04109e-22 -7.97966e-07 5.98837e-22 0)
(2.26058e-06 5.8011e-07 7.60145e-22 -8.85574e-07 6.28705e-22 0)
(2.35397e-06 5.9707e-07 -2.79425e-27 -9.61683e-07 -2.2433e-27 0)
(1.4468e-06 -1.42238e-07 -5.82461e-22 -6.54905e-08 4.55716e-23 0)
(1.52908e-06 -4.55203e-08 -7.46742e-22 -1.89736e-07 -1.9716e-22 0)
(1.62589e-06 7.92566e-08 -3.11317e-22 -3.04362e-07 -9.37896e-23 0)
(1.71234e-06 1.94632e-07 -3.2996e-22 -4.09362e-07 -1.61901e-22 0)
(1.80172e-06 3.00987e-07 -1.18476e-21 -5.0624e-07 -8.88508e-22 0)
(1.89006e-06 3.91658e-07 -7.56724e-22 -5.97156e-07 -5.90277e-22 0)
(1.97684e-06 4.64588e-07 6.12605e-22 -6.83372e-07 5.41804e-22 0)
(2.06739e-06 5.20202e-07 6.37454e-22 -7.66291e-07 6.2712e-22 0)
(2.14635e-06 5.55222e-07 1.17064e-21 -8.44866e-07 1.19547e-21 0)
(2.23511e-06 5.79564e-07 2.14596e-22 -9.12413e-07 2.58912e-22 0)
(1.36045e-06 -1.86296e-07 3.15154e-22 -6.91617e-08 -1.0634e-24 0)
(1.44492e-06 -8.7872e-08 3.29929e-22 -1.97979e-07 5.81951e-23 0)
(1.54077e-06 3.89075e-08 -2.05083e-22 -3.12641e-07 8.38673e-24 0)
(1.62304e-06 1.55899e-07 3.14659e-24 -4.13198e-07 2.73853e-24 0)
(1.70696e-06 2.63036e-07 -8.41783e-22 -5.02988e-07 -5.82962e-22 0)
(1.78936e-06 3.54527e-07 -3.56442e-22 -5.85264e-07 -3.03045e-22 0)
(1.87077e-06 4.2861e-07 5.20343e-22 -6.62354e-07 5.05335e-22 0)
(1.95611e-06 4.86525e-07 2.64771e-28 -7.36016e-07 2.09426e-28 0)
(2.03194e-06 5.24891e-07 5.23496e-28 -8.0605e-07 3.99529e-28 0)
(2.1166e-06 5.54314e-07 3.04888e-22 -8.65851e-07 7.1345e-23 0)
(1.27396e-06 -2.32686e-07 0 -7.36293e-08 0 0)
(1.36035e-06 -1.30539e-07 5.56105e-23 -2.07454e-07 5.69008e-23 0)
(1.45415e-06 -4.33857e-10 9.07227e-23 -3.21848e-07 8.90385e-23 0)
(1.53118e-06 1.18524e-07 3.00633e-22 -4.17278e-07 1.36443e-22 0)
(1.60895e-06 2.25795e-07 1.5441e-22 -4.99493e-07 1.34046e-22 0)
(1.68528e-06 3.16853e-07 4.96619e-24 -5.73054e-07 4.03937e-24 0)
(1.76166e-06 3.90522e-07 2.09341e-22 -6.41283e-07 1.62813e-22 0)
(1.84235e-06 4.48902e-07 -3.90391e-22 -7.06222e-07 -3.84217e-22 0)
(1.91573e-06 4.88828e-07 -5.09774e-22 -7.68276e-07 -3.64451e-22 0)
(1.99712e-06 5.21189e-07 7.16279e-22 -8.21186e-07 6.74161e-22 0)
(1.18842e-06 -2.81588e-07 0 -8.03222e-08 0 0)
(1.27582e-06 -1.72692e-07 0 -2.19082e-07 0 0)
(1.36508e-06 -3.77544e-08 -2.68182e-22 -3.31529e-07 -2.73883e-22 0)
(1.43484e-06 8.33174e-08 0 -4.19848e-07 0 0)
(1.50529e-06 1.89708e-07 -9.25982e-22 -4.93205e-07 -6.60059e-22 0)
(1.57534e-06 2.78723e-07 3.95698e-22 -5.57581e-07 3.07695e-22 0)
(1.64712e-06 3.50156e-07 1.25079e-21 -6.17108e-07 1.11968e-21 0)
(1.724e-06 4.07032e-07 8.65747e-22 -6.73919e-07 9.59304e-22 0)
(1.79593e-06 4.46628e-07 -4.14452e-22 -7.28751e-07 -4.39431e-22 0)
(1.87526e-06 4.79832e-07 -1.53322e-21 -7.75819e-07 -1.56794e-21 0)
(1.10574e-06 -3.32991e-07 -1.74233e-23 -9.07639e-08 -2.45018e-23 0)
(1.19202e-06 -2.11112e-07 6.89356e-22 -2.34474e-07 -1.41616e-22 0)
(1.27227e-06 -6.97934e-08 1.67804e-22 -3.42481e-07 1.83885e-22 0)
(1.33176e-06 5.24086e-08 6.95013e-24 -4.21448e-07 5.51306e-24 0)
(1.39325e-06 1.55569e-07 -5.699e-22 -4.84464e-07 -3.74127e-22 0)
(1.45679e-06 2.39875e-07 -1.27804e-21 -5.39218e-07 -1.02651e-21 0)
(1.52461e-06 3.06518e-07 1.41571e-21 -5.90263e-07 1.23498e-21 0)
(1.59883e-06 3.59477e-07 2.51153e-22 -6.39628e-07 1.56162e-22 0)
(1.6707e-06 3.96591e-07 8.37176e-22 -6.88088e-07 4.96224e-22 0)
(1.74951e-06 4.28512e-07 3.89605e-22 -7.30394e-07 4.53175e-22 0)
(1.03211e-06 -3.86239e-07 -1.98858e-22 -1.11931e-07 1.39496e-22 0)
(1.11087e-06 -2.43018e-07 -6.44149e-22 -2.56242e-07 1.96696e-22 0)
(1.17273e-06 -9.42436e-08 2.43353e-22 -3.51478e-07 2.90168e-22 0)
(1.21721e-06 2.67737e-08 1.06432e-22 -4.15377e-07 -1.45923e-22 0)
(1.26804e-06 1.23496e-07 5.03981e-22 -4.65423e-07 3.81946e-22 0)
(1.32546e-06 1.99738e-07 -9.62197e-22 -5.09995e-07 -7.55828e-22 0)
(1.39071e-06 2.58681e-07 8.11234e-24 -5.53221e-07 5.96705e-24 0)
(1.46417e-06 3.05141e-07 8.92209e-22 -5.96428e-07 8.52726e-22 0)
(1.53804e-06 3.37562e-07 -2.95244e-22 -6.40105e-07 -1.52567e-22 0)
(1.61853e-06 3.66071e-07 -3.09299e-22 -6.79444e-07 -1.51318e-22 0)
(9.76567e-07 -4.34244e-07 1.26614e-30 -1.48245e-07 -1.87361e-30 0)
(1.0324e-06 -2.5362e-07 4.88295e-23 -2.86516e-07 1.55136e-22 0)
(1.06199e-06 -1.00675e-07 2.80892e-22 -3.60046e-07 -4.65734e-22 0)
(1.08586e-06 1.077e-08 -1.24588e-22 -4.05291e-07 -1.14087e-22 0)
(1.12494e-06 9.35585e-08 -6.72081e-22 -4.41166e-07 -4.90418e-22 0)
(1.17739e-06 1.5597e-07 0 -4.76059e-07 0 0)
(1.24236e-06 2.02968e-07 -5.2528e-22 -5.12669e-07 -2.70067e-22 0)
(1.31771e-06 2.39647e-07 2.79945e-22 -5.5123e-07 3.43887e-22 0)
(1.39632e-06 2.64858e-07 6.00437e-22 -5.91617e-07 7.77422e-22 0)
(1.48123e-06 2.87698e-07 -3.25838e-22 -6.29541e-07 -4.58175e-22 0)
(9.76565e-07 -4.56592e-07 -6.33956e-22 -2.36807e-07 7.31182e-22 0)
(9.50488e-07 -2.3686e-07 3.75556e-22 -3.24925e-07 -2.81392e-22 0)
(9.24221e-07 -8.75556e-08 5.40369e-22 -3.48557e-07 -3.8872e-24 0)
(9.22948e-07 2.57377e-09 -1.97028e-22 -3.64569e-07 5.04767e-23 0)
(9.53344e-07 6.4192e-08 -3.69786e-22 -3.85811e-07 -2.63134e-22 0)
(1.00557e-06 1.07343e-07 -2.37707e-22 -4.13384e-07 -1.12619e-22 0)
(1.07502e-06 1.38804e-07 0 -4.46877e-07 0 0)
(1.15676e-06 1.62991e-07 -3.2342e-22 -4.8447e-07 -1.23327e-22 0)
(1.24409e-06 1.79048e-07 3.51539e-22 -5.25246e-07 1.26125e-22 0)
(1.33703e-06 1.94329e-07 -2.04039e-27 -5.65356e-07 -6.96365e-28 0)
(1.08429e-06 -2.62919e-07 7.97952e-23 -3.84199e-07 1.77675e-20 -6.04656e-35)
(8.3356e-07 -1.05635e-07 7.32401e-22 -3.50873e-07 1.77089e-20 6.03502e-35)
(7.46172e-07 -3.35391e-08 1.71513e-22 -3.2475e-07 1.84243e-20 -5.9401e-35)
(7.19103e-07 8.89694e-10 5.96413e-22 -3.1673e-07 1.82738e-20 -1.91939e-35)
(7.48382e-07 2.29836e-08 3.57934e-22 -3.29767e-07 1.80948e-20 1.90165e-35)
(8.06437e-07 3.77599e-08 2.20349e-23 -3.54588e-07 1.76393e-20 1.80407e-35)
(8.86255e-07 4.84332e-08 4.66679e-22 -3.88403e-07 1.78661e-20 -2.63598e-38)
(9.79784e-07 5.67045e-08 9.44263e-23 -4.27775e-07 1.76647e-20 1.6885e-35)
(1.0806e-06 6.21199e-08 6.48632e-22 -4.70666e-07 1.80501e-20 6.50569e-38)
(1.18605e-06 6.75933e-08 -3.06125e-22 -5.14643e-07 1.77491e-20 3.07274e-35)
)
;

boundaryField
{
    left
    {
        type            calculated;
        value           nonuniform List<symmTensor> 
30
(
(2.52661e-06 8.20222e-08 9.82062e-22 -2.81864e-08 1.93153e-22 0)
(2.39191e-06 7.29926e-08 3.0281e-23 -3.0235e-08 8.85119e-24 0)
(2.27082e-06 6.11312e-08 -5.49351e-23 -3.3625e-08 -1.94731e-23 0)
(2.15987e-06 4.49942e-08 0 -3.74753e-08 0 0)
(2.0558e-06 2.48632e-08 3.75107e-22 -4.13271e-08 5.12581e-23 0)
(1.95777e-06 1.31127e-09 -7.18925e-22 -4.5102e-08 -8.14759e-23 0)
(1.86367e-06 -2.58128e-08 0 -4.8791e-08 0 0)
(1.77276e-06 -5.60121e-08 3.08836e-22 -5.22882e-08 2.55641e-24 0)
(1.68377e-06 -8.93262e-08 4.06753e-23 -5.56881e-08 3.09065e-23 0)
(1.59601e-06 -1.2547e-07 5.99049e-23 -5.89522e-08 4.88309e-23 0)
(1.50871e-06 -1.64428e-07 -9.86586e-23 -6.21919e-08 -8.54473e-23 0)
(1.42137e-06 -2.06078e-07 -5.82461e-22 -6.54905e-08 4.55716e-23 0)
(1.33368e-06 -2.50477e-07 3.15154e-22 -6.91617e-08 -1.0634e-24 0)
(1.24561e-06 -2.97816e-07 0 -7.36293e-08 0 0)
(1.15802e-06 -3.48497e-07 0 -8.03222e-08 0 0)
(1.07275e-06 -4.0384e-07 -1.74233e-23 -9.07639e-08 -2.45018e-23 0)
(9.96682e-07 -4.64422e-07 -1.98858e-22 -1.11931e-07 1.39496e-22 0)
(9.4458e-07 -5.30948e-07 1.26614e-30 -1.48245e-07 -1.87361e-30 0)
(9.88416e-07 -5.88185e-07 -6.33956e-22 -2.36807e-07 7.31182e-22 0)
(1.28223e-06 -4.93406e-07 2.50517e-23 -3.84199e-07 1.77675e-20 -6.04656e-35)
(9.4323e-06 1.78438e-06 2.53481e-21 -2.80647e-06 -3.90088e-20 -1.72773e-34)
(6.49386e-06 9.47434e-07 -3.72465e-22 -1.26467e-06 -6.4619e-22 0)
(5.23137e-06 4.32753e-07 1.6897e-21 -5.29096e-07 7.18738e-22 0)
(4.48007e-06 1.74615e-07 8.68711e-23 -2.60939e-07 1.22122e-22 0)
(3.97448e-06 9.90336e-08 2.96778e-27 -1.22683e-07 2.76687e-27 0)
(3.58958e-06 6.90098e-08 1.61632e-21 -6.72756e-08 2.91534e-22 0)
(3.29316e-06 6.99616e-08 2.5022e-23 -3.77634e-08 7.39181e-24 0)
(3.05043e-06 7.52511e-08 1.23872e-21 -2.78915e-08 2.35573e-22 0)
(2.85026e-06 8.02115e-08 -1.36624e-23 -2.35215e-08 -9.86174e-25 0)
(2.67453e-06 8.53366e-08 -2.07959e-23 -2.5211e-08 -4.37421e-24 0)
)
;
    }
    right
    {
        type            calculated;
        value           nonuniform List<symmTensor> 
30
(
(2.27652e-06 1.56541e-09 3.06935e-20 -9.73848e-07 1.43741e-20 -2.92951e-35)
(2.27622e-06 1.56631e-09 3.32378e-20 -9.73145e-07 1.06733e-21 3.71666e-35)
(2.27913e-06 1.56175e-09 3.39988e-20 -9.7992e-07 2.43153e-22 2.80456e-38)
(2.28661e-06 1.55431e-09 3.21291e-20 -9.97368e-07 -2.28991e-21 -5.59693e-35)
(2.29779e-06 1.54199e-09 3.80831e-20 -1.02344e-06 2.39977e-21 5.78099e-35)
(2.31192e-06 1.52535e-09 3.99912e-20 -1.0564e-06 9.10275e-22 -4.39946e-37)
(2.32775e-06 1.50885e-09 4.17904e-20 -1.0933e-06 7.60247e-22 -1.89894e-37)
(2.34413e-06 1.48978e-09 4.53493e-20 -1.13149e-06 1.25737e-21 -5.30279e-37)
(2.35994e-06 1.47206e-09 4.43381e-20 -1.16836e-06 -9.62179e-22 -4.19169e-35)
(2.37415e-06 1.45596e-09 4.701e-20 -1.20151e-06 -8.12845e-23 -1.84524e-37)
(2.38582e-06 1.44283e-09 4.98163e-20 -1.22871e-06 1.27293e-22 2.2167e-37)
(2.39449e-06 1.43327e-09 5.11251e-20 -1.24893e-06 -4.9118e-36 -1.50647e-49)
(2.40035e-06 1.42686e-09 5.14279e-20 -1.2626e-06 -2.71053e-22 -1.14927e-49)
(2.40353e-06 1.42345e-09 5.19215e-20 -1.27001e-06 -2.72644e-22 0)
(2.4035e-06 1.4237e-09 5.36122e-20 -1.26996e-06 5.45263e-22 0)
(2.4005e-06 1.42662e-09 5.20724e-20 -1.26295e-06 4.18482e-35 -7.67193e-50)
(2.39498e-06 1.43225e-09 5.12745e-20 -1.25008e-06 -5.5753e-36 -1.51088e-49)
(2.38694e-06 1.44115e-09 5.06339e-20 -1.23132e-06 2.64337e-22 1.22751e-64)
(2.37682e-06 1.45224e-09 4.81102e-20 -1.20774e-06 -2.59275e-22 -1.07476e-49)
(2.36505e-06 1.46568e-09 4.6915e-20 -1.18028e-06 3.7568e-35 -6.91211e-50)
(2.35213e-06 1.47948e-09 4.50299e-20 -1.15015e-06 -1.7012e-36 0)
(2.33862e-06 1.4955e-09 4.30565e-20 -1.11864e-06 -1.65459e-36 0)
(2.32511e-06 1.51195e-09 4.10848e-20 -1.08714e-06 -8.04004e-37 0)
(2.31222e-06 1.52517e-09 3.92032e-20 -1.05709e-06 -3.46433e-35 -5.77594e-50)
(2.30058e-06 1.53817e-09 3.75046e-20 -1.02995e-06 -1.34385e-36 -1.10514e-49)
(2.29076e-06 1.54914e-09 3.60661e-20 -1.00704e-06 3.20815e-35 -5.31377e-50)
(2.28332e-06 1.55812e-09 3.49846e-20 -9.89691e-07 6.22209e-35 -5.32704e-64)
(2.27849e-06 1.56339e-09 3.42534e-20 -9.7843e-07 -1.47133e-36 0)
(2.27659e-06 1.56392e-09 3.45197e-20 -9.73995e-07 2.09095e-22 0)
(2.27673e-06 1.56406e-09 3.39282e-20 -9.74338e-07 1.69794e-20 0)
)
;
    }
    down
    {
        type            calculated;
        value           nonuniform List<symmTensor> 
30
(
(-7.46671e-09 2.06639e-09 3.44912e-20 4.36563e-09 3.91383e-20 1.71988e-34)
(1.18407e-08 2.06186e-09 -9.33032e-23 -3.90853e-09 3.80579e-20 1.54979e-36)
(1.07348e-07 2.04112e-09 -1.18382e-21 -4.48452e-08 3.43692e-20 1.93193e-35)
(2.58053e-07 2.0084e-09 -2.14656e-24 -1.09439e-07 3.55771e-20 0)
(4.31688e-07 1.96995e-09 -1.60422e-22 -1.83863e-07 3.3585e-20 -1.54537e-36)
(6.13251e-07 1.92999e-09 -1.6221e-21 -2.61684e-07 3.51695e-20 3.22317e-35)
(7.90656e-07 1.89104e-09 3.64382e-22 -3.37723e-07 3.69697e-20 1.5364e-36)
(9.59819e-07 1.85383e-09 -1.07616e-21 -4.10228e-07 3.57161e-20 2.91374e-35)
(1.11502e-06 1.82048e-09 8.69487e-22 -4.76749e-07 3.59638e-20 -1.26134e-35)
(1.25881e-06 1.78826e-09 1.82445e-21 -5.3838e-07 3.53774e-20 -3.79518e-35)
(1.38827e-06 1.75932e-09 1.83809e-21 -5.93872e-07 3.64254e-20 -1.12713e-35)
(1.50109e-06 1.7355e-09 1.71954e-21 -6.42228e-07 3.50649e-20 -2.47176e-35)
(1.60474e-06 1.71206e-09 -1.72835e-22 -6.8665e-07 3.27702e-20 -1.43918e-35)
(1.69793e-06 1.69233e-09 1.62487e-22 -7.26596e-07 3.3912e-20 -6.30503e-37)
(1.78201e-06 1.67283e-09 -8.72741e-22 -7.62633e-07 3.40167e-20 3.73881e-35)
(1.85736e-06 1.65672e-09 5.69618e-22 -7.94928e-07 3.44413e-20 0)
(1.92491e-06 1.64206e-09 5.36317e-22 -8.2388e-07 3.43736e-20 0)
(1.98512e-06 1.62944e-09 1.05575e-21 -8.49688e-07 3.49902e-20 4.8379e-37)
(2.03871e-06 1.61731e-09 9.59568e-22 -8.72657e-07 3.44366e-20 -1.26319e-35)
(2.08607e-06 1.60667e-09 1.59717e-21 -8.92959e-07 3.55752e-20 8.18703e-37)
(2.12769e-06 1.59713e-09 1.8869e-21 -9.10799e-07 3.47182e-20 -3.81855e-35)
(2.16386e-06 1.58967e-09 -1.31232e-22 -9.263e-07 3.39198e-20 1.27797e-35)
(2.19482e-06 1.58317e-09 1.8397e-21 -9.3957e-07 3.46472e-20 -3.8498e-35)
(2.22074e-06 1.57568e-09 -1.55656e-21 -9.5068e-07 3.18979e-20 -7.72505e-37)
(2.24169e-06 1.5721e-09 3.76402e-22 -9.59658e-07 3.45324e-20 1.31634e-35)
(2.25777e-06 1.56902e-09 2.27891e-22 -9.66554e-07 3.39805e-20 -3.11458e-45)
(2.26895e-06 1.56664e-09 -4.39286e-22 -9.71343e-07 3.32247e-20 -1.4047e-37)
(2.27563e-06 1.56437e-09 7.90003e-22 -9.74206e-07 3.46877e-20 1.00767e-37)
(2.27777e-06 1.56393e-09 4.29653e-22 -9.75125e-07 3.3023e-20 -3.97072e-35)
(2.27704e-06 1.56488e-09 1.39034e-20 -9.7481e-07 3.13092e-20 -2.92951e-35)
)
;
    }
    up
    {
        type            calculated;
        value           nonuniform List<symmTensor> 
30
(
(1.08429e-06 1.82715e-09 7.97952e-23 -4.6358e-07 3.59967e-20 -6.04656e-35)
(8.3356e-07 1.88186e-09 7.32401e-22 -3.56112e-07 3.59366e-20 6.03502e-35)
(7.46172e-07 1.90123e-09 1.71513e-22 -3.18656e-07 3.66067e-20 -5.9401e-35)
(7.19103e-07 1.90716e-09 5.96413e-22 -3.07053e-07 3.63958e-20 -1.91939e-35)
(7.48382e-07 1.89981e-09 3.57934e-22 -3.19603e-07 3.61379e-20 1.90165e-35)
(8.06437e-07 1.88841e-09 2.20349e-23 -3.44486e-07 3.55979e-20 1.80407e-35)
(8.86255e-07 1.86981e-09 4.66679e-22 -3.78698e-07 3.57386e-20 -2.63598e-38)
(9.79784e-07 1.8501e-09 9.44263e-23 -4.18786e-07 3.54523e-20 1.6885e-35)
(1.0806e-06 1.82791e-09 6.48632e-22 -4.61998e-07 3.57568e-20 6.50569e-38)
(1.18605e-06 1.80429e-09 -3.06125e-22 -5.07194e-07 3.5378e-20 3.07274e-35)
(1.28803e-06 1.78204e-09 -6.17455e-22 -5.50904e-07 3.44988e-20 1.51187e-35)
(1.38295e-06 1.76138e-09 -2.9689e-22 -5.91592e-07 3.44413e-20 -2.57359e-50)
(1.4769e-06 1.73956e-09 -3.17057e-22 -6.31857e-07 3.42934e-20 -2.56429e-50)
(1.56714e-06 1.7201e-09 1.4881e-35 -6.70535e-07 3.46943e-20 0)
(1.65377e-06 1.70153e-09 3.55028e-22 -7.07667e-07 3.51366e-20 0)
(1.73547e-06 1.68321e-09 3.72567e-22 -7.42684e-07 3.50502e-20 2.54061e-50)
(1.81219e-06 1.66645e-09 -3.89037e-22 -7.75568e-07 3.38328e-20 -5.06825e-50)
(1.88336e-06 1.6507e-09 -4.04316e-22 -8.06075e-07 3.37487e-20 1.74172e-64)
(1.94896e-06 1.63689e-09 4.18399e-22 -8.34191e-07 3.4831e-20 -7.56962e-50)
(2.0088e-06 1.62398e-09 2.97732e-35 -8.59841e-07 3.41927e-20 -5.03747e-50)
(2.0629e-06 1.6119e-09 0 -8.83027e-07 3.41404e-20 0)
(2.11119e-06 1.60077e-09 -2.57561e-35 -9.03725e-07 3.40962e-20 -5.02325e-50)
(2.15364e-06 1.59111e-09 5.44504e-36 -9.21919e-07 3.40597e-20 -1.00358e-49)
(2.19016e-06 1.58454e-09 3.83467e-36 -9.37572e-07 3.40309e-20 -1.00273e-49)
(2.22057e-06 1.57736e-09 5.45355e-36 -9.50604e-07 3.40094e-20 -1.00209e-49)
(2.24471e-06 1.57148e-09 7.1044e-36 -9.60955e-07 3.39951e-20 -1.00167e-49)
(2.26224e-06 1.56781e-09 -4.85653e-22 -9.68466e-07 3.34362e-20 -5.00726e-50)
(2.27331e-06 1.56635e-09 2.91547e-35 -9.73213e-07 3.39865e-20 0)
(2.27764e-06 1.56347e-09 0 -9.75067e-07 3.39894e-20 0)
(2.27732e-06 1.56402e-09 1.69476e-20 -9.74932e-07 3.39937e-20 0)
)
;
    }
    hole
    {
        type            calculated;
        value           nonuniform List<symmTensor> 
20
(
(1.39235e-06 -2.88557e-06 5.16794e-19 9.29118e-07 5.63627e-19 7.68168e-34)
(2.15892e-06 -3.30144e-06 5.36061e-19 5.63538e-07 6.85414e-19 4.61437e-35)
(3.04919e-06 -3.58897e-06 5.25727e-19 6.5116e-08 7.86805e-19 0)
(4.02467e-06 -3.71165e-06 4.70016e-19 -5.35428e-07 8.43322e-19 -2.5506e-35)
(5.03191e-06 -3.63875e-06 3.64602e-19 -1.19651e-06 7.93191e-19 -4.61751e-34)
(6.02684e-06 -3.36679e-06 2.48699e-19 -1.872e-06 6.84408e-19 -4.4384e-34)
(6.9368e-06 -2.88816e-06 1.55216e-19 -2.50665e-06 5.29946e-19 -8.39938e-34)
(7.77087e-06 -2.24183e-06 7.59755e-20 -3.07522e-06 3.38778e-19 -2.71118e-35)
(8.40561e-06 -1.42618e-06 1.924e-20 -3.50616e-06 1.27768e-19 1.48987e-34)
(8.97214e-06 -5.00881e-07 -5.97909e-22 -3.83484e-06 -7.89741e-20 -1.72773e-34)
(3.25268e-09 2.19002e-09 7.16975e-20 -2.07213e-09 2.43085e-20 1.71988e-34)
(3.21629e-09 2.44253e-09 7.43037e-20 -2.04257e-09 1.02212e-20 4.74604e-35)
(-2.80307e-08 -2.00821e-08 7.70681e-20 7.68239e-08 1.52919e-20 -2.11685e-36)
(-8.60276e-08 -9.99953e-08 9.08613e-20 2.44808e-07 2.42306e-20 -4.05338e-35)
(-1.45032e-07 -2.64029e-07 1.05625e-19 4.75366e-07 4.19952e-20 1.05793e-34)
(-1.7134e-07 -5.29549e-07 1.49974e-19 7.33282e-07 6.73018e-20 -1.57884e-34)
(-1.25467e-07 -8.96539e-07 2.21969e-19 9.71414e-07 1.2205e-19 -1.67058e-34)
(2.96911e-08 -1.35051e-06 3.10982e-19 1.1446e-06 2.01882e-19 -3.35664e-34)
(3.24315e-07 -1.86155e-06 3.93094e-19 1.21236e-06 3.10127e-19 4.56395e-34)
(7.77137e-07 -2.38928e-06 4.64501e-19 1.14567e-06 4.29831e-19 6.67535e-35)
)
;
    }
    frontAndBack
    {
        type            empty;
    }
}


// ************************************************************************* //
