/*--------------------------------*- C++ -*----------------------------------*\
  =========                 |
  \\      /  F ield         | OpenFOAM: The Open Source CFD Toolbox
   \\    /   O peration     | Website:  https://openfoam.org
    \\  /    A nd           | Version:  9
     \\/     M anipulation  |
\*---------------------------------------------------------------------------*/
FoamFile
{
    format      ascii;
    class       volSymmTensorField;
    location    "5";
    object      epsilon;
}
// * * * * * * * * * * * * * * * * * * * * * * * * * * * * * * * * * * * * * //

dimensions      [0 0 0 0 0 0 0];

internalField   nonuniform List<symmTensor> 
1000
(
(2.11149e-06 -2.73198e-06 2.54509e-19 4.28949e-07 2.79891e-19 7.62743e-34)
(2.91162e-06 -2.10819e-06 -4.33879e-21 -5.17516e-07 2.43742e-21 0)
(3.30356e-06 -1.61594e-06 5.06451e-21 -9.6969e-07 -9.74796e-22 0)
(3.52323e-06 -1.24424e-06 1.299e-21 -1.28652e-06 -9.30748e-22 0)
(3.62897e-06 -9.44974e-07 -5.4973e-21 -1.46207e-06 4.06975e-22 0)
(3.66437e-06 -7.10964e-07 -5.92906e-22 -1.57415e-06 6.53476e-22 0)
(3.66004e-06 -5.2092e-07 -4.99939e-21 -1.63463e-06 -2.67834e-21 0)
(3.62668e-06 -3.69849e-07 3.42986e-21 -1.66529e-06 1.60001e-21 0)
(3.58343e-06 -2.44349e-07 -1.77363e-21 -1.67624e-06 -2.01042e-21 0)
(3.52066e-06 -1.39952e-07 0 -1.67764e-06 0 0)
(2.85579e-06 -3.03902e-06 2.63533e-19 1.22145e-07 3.3972e-19 4.59781e-35)
(3.47588e-06 -2.17644e-06 0 -7.19185e-07 0 0)
(3.74123e-06 -1.55354e-06 4.05757e-21 -1.09177e-06 1.93102e-21 0)
(3.86404e-06 -1.10556e-06 -6.96203e-21 -1.35572e-06 -3.70809e-21 0)
(3.89442e-06 -7.64146e-07 -2.95917e-21 -1.48887e-06 -1.7816e-21 0)
(3.87029e-06 -5.08915e-07 2.06199e-21 -1.57134e-06 2.09801e-21 0)
(3.81771e-06 -3.09731e-07 2.30628e-21 -1.60833e-06 1.54246e-21 0)
(3.74672e-06 -1.58355e-07 5.41988e-21 -1.62482e-06 3.15624e-21 0)
(3.66691e-06 -3.57464e-08 0 -1.6191e-06 0 0)
(3.58265e-06 6.23984e-08 0 -1.62171e-06 0 0)
(3.6901e-06 -3.23357e-06 2.61971e-19 -2.8451e-07 3.92067e-19 0)
(4.06022e-06 -2.17375e-06 0 -9.47333e-07 0 0)
(4.16093e-06 -1.44523e-06 3.86685e-21 -1.2003e-06 1.99554e-21 0)
(4.16391e-06 -9.37903e-07 -1.15784e-21 -1.38738e-06 4.12401e-22 0)
(4.10535e-06 -5.66858e-07 -5.66549e-23 -1.46397e-06 2.54714e-23 0)
(4.01362e-06 -2.99604e-07 -1.9223e-21 -1.50844e-06 -1.98524e-21 0)
(3.90854e-06 -9.89761e-08 2.61899e-21 -1.5169e-06 1.20725e-21 0)
(3.79685e-06 4.75166e-08 -1.94656e-21 -1.51549e-06 -1.43408e-21 0)
(3.68358e-06 1.61285e-07 -1.5474e-22 -1.4943e-06 2.72414e-22 0)
(3.57444e-06 2.53769e-07 -4.10113e-22 -1.49246e-06 -1.75572e-22 0)
(4.58284e-06 -3.28709e-06 2.33349e-19 -7.67931e-07 4.20728e-19 -2.6883e-35)
(4.64996e-06 -2.09124e-06 2.21198e-21 -1.19333e-06 -2.31327e-22 0)
(4.55611e-06 -1.29327e-06 -1.76717e-21 -1.29319e-06 -9.96006e-22 0)
(4.42032e-06 -7.49657e-07 -1.11729e-21 -1.38318e-06 2.20064e-22 0)
(4.26175e-06 -3.65199e-07 2.00632e-21 -1.39183e-06 1.93688e-21 0)
(4.09685e-06 -9.73164e-08 -2.41241e-21 -1.39259e-06 -1.59188e-21 0)
(3.9371e-06 9.62355e-08 -2.08435e-21 -1.37078e-06 -1.4798e-21 0)
(3.78541e-06 2.32437e-07 -4.64545e-21 -1.35122e-06 -3.38949e-21 0)
(3.64085e-06 3.32743e-07 -6.68122e-22 -1.31748e-06 -8.13793e-22 0)
(3.51018e-06 4.14499e-07 1.13888e-21 -1.30986e-06 1.00461e-21 0)
(5.4901e-06 -3.17397e-06 1.81696e-19 -1.29709e-06 3.96447e-19 -4.63216e-34)
(5.22584e-06 -1.9184e-06 1.15624e-25 -1.44533e-06 5.36224e-27 0)
(4.91688e-06 -1.09561e-06 -5.71883e-21 -1.36638e-06 -2.79724e-21 0)
(4.62876e-06 -5.44932e-07 5.18631e-22 -1.34347e-06 -2.14998e-23 0)
(4.36269e-06 -1.68232e-07 -7.26294e-22 -1.2755e-06 8.07482e-23 0)
(4.12179e-06 8.53662e-08 1.73897e-21 -1.22891e-06 1.60424e-21 0)
(3.90784e-06 2.61063e-07 -1.93577e-22 -1.17661e-06 5.94276e-23 0)
(3.71803e-06 3.79667e-07 1.83224e-21 -1.14004e-06 1.21997e-21 0)
(3.54653e-06 4.61417e-07 -4.01514e-22 -1.09761e-06 -8.54338e-22 0)
(3.39739e-06 5.2814e-07 -7.25281e-22 -1.08558e-06 -5.84065e-22 0)
(6.38054e-06 -2.88958e-06 1.2193e-19 -1.83606e-06 3.40804e-19 -4.45027e-34)
(5.77393e-06 -1.64852e-06 1.0538e-25 -1.68656e-06 2.21209e-26 0)
(5.23712e-06 -8.49704e-07 -5.69999e-26 -1.41094e-06 -8.66189e-27 0)
(4.78781e-06 -3.27934e-07 4.58136e-22 -1.26594e-06 5.42395e-23 0)
(4.41064e-06 1.52645e-08 -2.47423e-21 -1.11802e-06 -1.50064e-21 0)
(4.09455e-06 2.36894e-07 2.80987e-23 -1.02506e-06 -5.17318e-25 0)
(3.82959e-06 3.83246e-07 1.84162e-21 -9.45608e-07 1.2432e-21 0)
(3.60592e-06 4.77032e-07 3.91707e-21 -8.95604e-07 2.85668e-21 0)
(3.41251e-06 5.35792e-07 7.09438e-22 -8.48986e-07 5.18858e-22 0)
(3.24887e-06 5.83764e-07 -1.23965e-21 -8.34608e-07 -9.7384e-22 0)
(7.19408e-06 -2.41624e-06 8.0403e-20 -2.34164e-06 2.6471e-19 -8.37816e-34)
(6.26191e-06 -1.26175e-06 1.65156e-21 -1.89149e-06 6.60615e-22 0)
(5.48904e-06 -5.48557e-07 1.75e-21 -1.40663e-06 7.92199e-22 0)
(4.87887e-06 -1.01243e-07 -3.76365e-22 -1.14017e-06 -1.10267e-22 0)
(4.397e-06 1.76603e-07 1.79043e-21 -9.19099e-07 1.19705e-21 0)
(4.0149e-06 3.4584e-07 -1.64768e-21 -7.88764e-07 -1.1337e-21 0)
(3.70855e-06 4.5076e-07 4.65093e-22 -6.91129e-07 2.06127e-23 0)
(3.45954e-06 5.12774e-07 -1.47014e-21 -6.34586e-07 -9.60207e-22 0)
(3.25179e-06 5.4587e-07 -1.00091e-22 -5.89841e-07 1.61101e-23 0)
(3.07866e-06 5.73418e-07 -7.44294e-22 -5.76339e-07 -4.83014e-22 0)
(7.95415e-06 -1.75288e-06 4.2231e-20 -2.77636e-06 1.69135e-19 -2.6932e-35)
(6.67217e-06 -7.39007e-07 -4.41368e-21 -2.00931e-06 -1.58025e-21 0)
(5.65498e-06 -1.88082e-07 3.40684e-23 -1.31289e-06 1.85779e-23 0)
(4.89749e-06 1.22114e-07 5.49975e-22 -9.47607e-07 2.75034e-22 0)
(4.32825e-06 2.98597e-07 4.09109e-21 -6.77888e-07 2.02731e-21 0)
(3.89825e-06 3.96422e-07 -2.40521e-22 -5.31344e-07 -7.17495e-23 0)
(3.56579e-06 4.51951e-07 5.97012e-27 -4.31741e-07 1.06255e-27 0)
(3.30313e-06 4.80169e-07 -1.43798e-21 -3.79522e-07 -7.54035e-22 0)
(3.08961e-06 4.89673e-07 3.43233e-23 -3.43875e-07 8.80587e-26 0)
(2.91252e-06 4.98791e-07 1.07168e-22 -3.34823e-07 5.15614e-23 0)
(8.53756e-06 -8.18783e-07 1.15583e-20 -3.02919e-06 6.27765e-20 1.46317e-34)
(6.87054e-06 -7.95517e-08 -4.85794e-21 -1.90739e-06 -2.02346e-21 0)
(5.6235e-06 1.8291e-07 5.05454e-22 -1.04347e-06 4.28451e-22 0)
(4.77335e-06 2.8198e-07 4.75344e-22 -6.5005e-07 3.71297e-22 0)
(4.17493e-06 3.32758e-07 -1.9882e-22 -3.94556e-07 -1.18464e-22 0)
(3.73873e-06 3.5123e-07 1.59507e-21 -2.71758e-07 5.77856e-22 0)
(3.409e-06 3.60848e-07 8.62279e-23 -1.95582e-07 2.42351e-23 0)
(3.15026e-06 3.61865e-07 2.57243e-21 -1.61251e-07 9.79888e-22 0)
(2.9414e-06 3.56418e-07 5.68071e-22 -1.41192e-07 2.18847e-22 0)
(2.76583e-06 3.53918e-07 3.19478e-22 -1.39004e-07 1.30103e-22 0)
(9.05211e-06 7.30718e-07 9.71642e-22 -2.79102e-06 -3.98325e-20 -1.76245e-34)
(6.6981e-06 8.097e-07 -3.69412e-22 -1.25339e-06 -6.40721e-22 0)
(5.3907e-06 5.32737e-07 1.68872e-21 -5.23128e-07 7.08304e-22 0)
(4.5748e-06 3.45313e-07 8.65069e-23 -2.56525e-07 1.2007e-22 0)
(4.02563e-06 2.73496e-07 2.9557e-27 -1.19708e-07 2.69167e-27 0)
(3.62082e-06 2.34151e-07 1.61815e-21 -6.49259e-08 2.88579e-22 0)
(3.3134e-06 2.20851e-07 2.48252e-23 -3.59355e-08 6.5019e-24 0)
(3.06652e-06 2.13431e-07 1.24045e-21 -2.63495e-08 2.34188e-22 0)
(2.86472e-06 2.07603e-07 -1.34735e-23 -2.22175e-08 -2.93302e-25 0)
(2.69018e-06 2.03765e-07 -2.07326e-23 -2.4053e-08 -4.0509e-24 0)
(-1.30991e-09 7.22144e-09 3.16817e-20 -1.64979e-09 2.28867e-20 1.63321e-34)
(1.77395e-08 -2.20538e-08 -9.00562e-23 -2.6793e-09 2.04188e-20 1.56283e-36)
(1.13052e-07 -7.13417e-08 -1.1856e-21 -4.8869e-08 1.67099e-20 1.9468e-35)
(2.63666e-07 -1.10943e-07 -2.16067e-24 -1.17772e-07 1.79145e-20 0)
(4.37238e-07 -1.35492e-07 -1.63542e-22 -1.94344e-07 1.59379e-20 -1.55353e-36)
(6.18763e-07 -1.4956e-07 -1.62148e-21 -2.73099e-07 1.75439e-20 3.23584e-35)
(7.96128e-07 -1.55207e-07 3.67465e-22 -3.49122e-07 1.93701e-20 1.5404e-36)
(9.65256e-07 -1.55832e-07 -1.07374e-21 -4.20906e-07 1.81531e-20 2.9176e-35)
(1.12041e-06 -1.51891e-07 8.7056e-22 -4.86963e-07 1.84352e-20 -1.26153e-35)
(1.26416e-06 -1.48854e-07 1.82292e-21 -5.46421e-07 1.78973e-20 -3.79158e-35)
(2.58741e-08 -2.36333e-08 3.26439e-20 -8.45456e-09 5.28953e-21 4.408e-35)
(1.20243e-07 -1.32098e-07 1.31071e-21 -7.23223e-10 1.43579e-21 0)
(2.92953e-07 -2.52415e-07 -1.22662e-21 -7.26745e-08 -1.2301e-21 0)
(4.85198e-07 -3.44582e-07 9.78749e-24 -1.69886e-07 -1.01831e-21 0)
(6.78022e-07 -4.01454e-07 0 -2.66768e-07 0 0)
(8.60881e-07 -4.33468e-07 -1.85779e-21 -3.57966e-07 -2.75586e-22 0)
(1.02931e-06 -4.45211e-07 3.17431e-22 -4.3996e-07 1.59711e-21 0)
(1.18405e-06 -4.44724e-07 2.36252e-23 -5.13239e-07 8.58937e-23 0)
(1.32038e-06 -4.3269e-07 -1.00977e-21 -5.77605e-07 -2.9024e-21 0)
(1.44696e-06 -4.23094e-07 7.33448e-22 -6.32271e-07 1.13909e-22 0)
(3.62365e-08 -1.19704e-07 3.47271e-20 3.48224e-08 6.86977e-21 -1.96207e-36)
(2.17278e-07 -3.31435e-07 1.34048e-21 1.1967e-08 1.41836e-21 0)
(4.61289e-07 -4.80557e-07 1.40027e-21 -9.99609e-08 2.92989e-22 0)
(7.00979e-07 -5.80707e-07 6.98187e-23 -2.39058e-07 -9.82019e-22 0)
(9.21507e-07 -6.36127e-07 0 -3.67293e-07 0 0)
(1.11545e-06 -6.62409e-07 -2.08013e-21 -4.79706e-07 -5.4259e-22 0)
(1.28382e-06 -6.65971e-07 -2.83735e-21 -5.74065e-07 -7.93914e-22 0)
(1.43184e-06 -6.55711e-07 1.87895e-21 -6.53464e-07 1.14582e-21 0)
(1.55484e-06 -6.32854e-07 1.15029e-23 -7.18183e-07 3.65617e-23 0)
(1.66962e-06 -6.13624e-07 -1.69016e-21 -7.70765e-07 -1.06513e-21 0)
(5.16905e-08 -2.70326e-07 4.41394e-20 1.38267e-07 1.10537e-20 -3.75638e-35)
(3.50185e-07 -5.70501e-07 3.27907e-22 2.51751e-08 -1.1915e-21 0)
(6.60323e-07 -7.27417e-07 1.53888e-21 -1.36834e-07 3.00554e-22 0)
(9.43052e-07 -8.15682e-07 0 -3.17083e-07 0 0)
(1.18786e-06 -8.52573e-07 -2.6188e-21 -4.73988e-07 9.75293e-22 0)
(1.39251e-06 -8.59838e-07 3.81078e-23 -6.06668e-07 2.41432e-21 0)
(1.56173e-06 -8.45685e-07 -1.34155e-22 -7.13737e-07 -1.29656e-21 0)
(1.70468e-06 -8.19e-07 -3.81644e-22 -8.00501e-07 -2.00068e-21 0)
(1.81611e-06 -7.81671e-07 8.56875e-22 -8.6749e-07 2.77748e-22 0)
(1.92111e-06 -7.50095e-07 1.59975e-21 -9.2012e-07 5.9909e-22 0)
(9.20082e-08 -4.83228e-07 4.66657e-20 2.82332e-07 2.0245e-20 9.91107e-35)
(5.37321e-07 -8.30786e-07 -2.69777e-21 2.222e-08 1.81058e-21 0)
(9.13743e-07 -9.72052e-07 -1.63893e-21 -2.07689e-07 -4.81736e-22 0)
(1.23307e-06 -1.03117e-06 -4.37859e-22 -4.32542e-07 1.7711e-21 0)
(1.49395e-06 -1.03569e-06 -1.70583e-23 -6.15411e-07 1.09207e-22 0)
(1.70256e-06 -1.0134e-06 2.52326e-21 -7.64333e-07 -6.76105e-22 0)
(1.8676e-06 -9.73912e-07 1.10081e-21 -8.80139e-07 2.88781e-22 0)
(2.00177e-06 -9.25333e-07 0 -9.70838e-07 0 0)
(2.09939e-06 -8.70627e-07 -1.17952e-21 -1.03741e-06 -1.54276e-21 0)
(2.19287e-06 -8.24069e-07 4.68768e-22 -1.08804e-06 1.13785e-22 0)
(1.80272e-07 -7.6326e-07 6.83333e-20 4.44586e-07 2.96655e-20 -1.49945e-34)
(7.8499e-07 -1.09469e-06 1.09844e-21 2.45675e-09 -2.14824e-21 0)
(1.22401e-06 -1.19216e-06 -1.35583e-21 -3.0475e-07 -1.45895e-21 0)
(1.57072e-06 -1.20719e-06 2.95417e-22 -5.73178e-07 -8.2468e-22 0)
(1.83759e-06 -1.17063e-06 2.86396e-21 -7.76722e-07 9.5722e-22 0)
(2.04134e-06 -1.11351e-06 -2.75958e-21 -9.36059e-07 3.06134e-22 0)
(2.19526e-06 -1.04547e-06 -2.92341e-24 -1.0555e-06 7.31519e-23 0)
(2.31509e-06 -9.73076e-07 -2.15478e-21 -1.14587e-06 -1.47942e-21 0)
(2.3954e-06 -9.00468e-07 4.61328e-24 -1.20931e-06 2.86942e-23 0)
(2.47403e-06 -8.38146e-07 -2.35122e-21 -1.25548e-06 -1.07249e-21 0)
(3.42315e-07 -1.10749e-06 1.07244e-19 5.90579e-07 5.78003e-20 -1.60624e-34)
(1.09527e-06 -1.35168e-06 6.08527e-23 -4.09764e-08 -9.24107e-23 0)
(1.58542e-06 -1.37465e-06 -4.45458e-26 -4.25356e-07 7.62758e-26 0)
(1.94717e-06 -1.33067e-06 -2.92835e-21 -7.33337e-07 -2.04776e-21 0)
(2.2088e-06 -1.24614e-06 -4.92957e-22 -9.51476e-07 1.32583e-21 0)
(2.39802e-06 -1.15134e-06 -2.68186e-21 -1.11516e-06 -1.08967e-21 0)
(2.53325e-06 -1.05396e-06 4.82172e-21 -1.23273e-06 2.14545e-21 0)
(2.63242e-06 -9.58136e-07 -4.19522e-25 -1.3182e-06 5.74342e-23 0)
(2.69158e-06 -8.68828e-07 9.4768e-22 -1.3752e-06 -3.42297e-24 0)
(2.75109e-06 -7.91236e-07 -1.2862e-21 -1.41428e-06 -6.11079e-22 0)
(6.02064e-07 -1.50323e-06 1.55793e-19 6.8792e-07 9.81826e-20 -3.27063e-34)
(1.4671e-06 -1.59172e-06 1.56832e-21 -1.11002e-07 -1.8776e-21 0)
(1.98653e-06 -1.51081e-06 -6.05005e-22 -5.59096e-07 8.07911e-22 0)
(2.34669e-06 -1.39456e-06 3.69562e-22 -8.96705e-07 -5.77455e-22 0)
(2.59068e-06 -1.25738e-06 3.29127e-26 -1.12133e-06 -6.48351e-26 0)
(2.75564e-06 -1.12441e-06 3.11e-21 -1.28279e-06 2.63482e-22 0)
(2.8651e-06 -9.99132e-07 2.30591e-22 -1.3936e-06 -1.01085e-21 0)
(2.93779e-06 -8.82428e-07 -7.54541e-23 -1.47e-06 8.31601e-22 0)
(2.9731e-06 -7.79289e-07 1.21682e-23 -1.51906e-06 4.1516e-22 0)
(3.00913e-06 -6.88452e-07 9.84511e-22 -1.54823e-06 9.15805e-22 0)
(9.78447e-07 -1.92735e-06 1.95359e-19 7.06212e-07 1.54244e-19 4.48381e-34)
(1.89782e-06 -1.80493e-06 -5.00629e-22 -2.12549e-07 3.44305e-21 0)
(2.41506e-06 -1.59665e-06 -5.85236e-26 -6.99015e-07 6.14657e-26 0)
(2.75291e-06 -1.39814e-06 4.02553e-21 -1.05089e-06 9.44074e-22 0)
(2.96555e-06 -1.20578e-06 3.07647e-21 -1.27167e-06 1.53298e-21 0)
(3.09642e-06 -1.03595e-06 2.77561e-21 -1.42411e-06 1.38323e-21 0)
(3.17343e-06 -8.85431e-07 -3.00514e-22 -1.52292e-06 8.69047e-22 0)
(3.21437e-06 -7.52103e-07 -3.34259e-21 -1.58746e-06 -1.86337e-21 0)
(3.22388e-06 -6.38601e-07 2.05004e-21 -1.62611e-06 4.85348e-22 0)
(3.23365e-06 -5.37082e-07 9.20515e-22 -1.64799e-06 5.45629e-22 0)
(1.48174e-06 -2.34913e-06 2.2884e-19 6.23852e-07 2.11988e-19 6.59809e-35)
(2.38189e-06 -1.9809e-06 -1.01784e-21 -3.47731e-07 7.52805e-22 0)
(2.85776e-06 -1.63143e-06 -1.97759e-21 -8.37454e-07 -9.20788e-22 0)
(3.14905e-06 -1.3457e-06 8.5633e-21 -1.18327e-06 2.00313e-21 0)
(3.3153e-06 -1.09823e-06 5.22553e-23 -1.38801e-06 -5.95392e-23 0)
(3.40233e-06 -8.93961e-07 -2.72957e-21 -1.52368e-06 -1.54647e-21 0)
(3.44052e-06 -7.22184e-07 -2.92081e-21 -1.6059e-06 -4.59402e-22 0)
(3.44499e-06 -5.77316e-07 -1.10196e-21 -1.65378e-06 -6.57522e-22 0)
(3.4298e-06 -4.59904e-07 1.1836e-22 -1.68465e-06 -9.10084e-22 0)
(3.40477e-06 -3.58115e-07 5.55015e-22 -1.68701e-06 1.15047e-21 0)
(1.39358e-06 -1.38294e-07 1.83951e-21 -6.01708e-07 1.90011e-20 -1.12494e-35)
(1.50636e-06 -1.23611e-07 1.71662e-21 -6.47761e-07 1.76875e-20 -2.46479e-35)
(1.60996e-06 -1.10844e-07 -1.80064e-22 -6.90498e-07 1.54251e-20 -1.43396e-35)
(1.70313e-06 -9.92528e-08 1.58282e-22 -7.29167e-07 1.65855e-20 -6.27758e-37)
(1.78717e-06 -8.85025e-08 -8.74428e-22 -7.63955e-07 1.6711e-20 3.72005e-35)
(1.86248e-06 -7.88766e-08 5.66419e-22 -7.9531e-07 1.71542e-20 0)
(1.92998e-06 -7.00477e-08 5.33018e-22 -8.23369e-07 1.71056e-20 0)
(1.99015e-06 -6.20832e-08 1.05381e-21 -8.48471e-07 1.77375e-20 4.80583e-37)
(2.04369e-06 -5.47799e-08 9.55891e-22 -8.7081e-07 1.72021e-20 -1.25427e-35)
(2.091e-06 -4.80864e-08 1.59666e-21 -8.90604e-07 1.83516e-20 8.12607e-37)
(2.13256e-06 -4.18571e-08 1.8828e-21 -9.08018e-07 1.75116e-20 -3.78885e-35)
(2.16865e-06 -3.60045e-08 -1.33887e-22 -9.23187e-07 1.67286e-20 1.26765e-35)
(2.19953e-06 -3.04122e-08 1.83604e-21 -9.3621e-07 1.74653e-20 -3.81778e-35)
(2.22537e-06 -2.49975e-08 -1.56295e-21 -9.47157e-07 1.47352e-20 -7.65915e-37)
(2.24624e-06 -1.96921e-08 3.75656e-22 -9.56061e-07 1.73709e-20 1.30489e-35)
(2.26224e-06 -1.44893e-08 2.25879e-22 -9.6296e-07 1.68289e-20 -3.08709e-45)
(2.27334e-06 -9.46524e-09 -4.42216e-22 -9.67833e-07 1.60818e-20 -1.39216e-37)
(2.27995e-06 -4.90686e-09 7.89794e-22 -9.70755e-07 1.75452e-20 9.98625e-38)
(2.28204e-06 -1.41199e-09 4.25265e-22 -9.71627e-07 1.58879e-20 -3.93501e-35)
(2.28127e-06 -5.97539e-10 1.72963e-20 -9.7028e-07 1.42403e-20 -4.08233e-35)
(1.55107e-06 -3.94204e-07 1.80138e-21 -6.81507e-07 2.20178e-21 0)
(1.63456e-06 -3.55054e-07 1.16349e-21 -7.16585e-07 3.1834e-22 0)
(1.71442e-06 -3.20549e-07 8.51428e-23 -7.48877e-07 -5.02889e-22 0)
(1.78606e-06 -2.88351e-07 2.64949e-21 -7.78514e-07 2.37701e-21 0)
(1.85204e-06 -2.58169e-07 -5.07652e-22 -8.04958e-07 -1.19734e-22 0)
(1.91161e-06 -2.3089e-07 -2.16164e-21 -8.29238e-07 -2.17902e-21 0)
(1.96586e-06 -2.05635e-07 1.09903e-21 -8.51025e-07 4.05642e-22 0)
(2.01471e-06 -1.82694e-07 0 -8.70831e-07 0 0)
(2.0588e-06 -1.61524e-07 5.23639e-22 -8.88646e-07 1.84978e-22 0)
(2.09824e-06 -1.42041e-07 1.07675e-21 -9.04701e-07 4.13835e-22 0)
(2.13344e-06 -1.23875e-07 3.23137e-21 -9.19071e-07 1.66414e-21 0)
(2.16456e-06 -1.06817e-07 1.46253e-23 -9.3187e-07 1.66299e-23 0)
(2.19182e-06 -9.05869e-08 4.16914e-22 -9.43147e-07 -3.25415e-22 0)
(2.21537e-06 -7.49911e-08 6.18495e-22 -9.52937e-07 7.03858e-22 0)
(2.23531e-06 -5.98773e-08 6.34488e-22 -9.61213e-07 7.24001e-22 0)
(2.25175e-06 -4.52423e-08 -6.28519e-22 -9.67888e-07 -7.2089e-22 0)
(2.26459e-06 -3.12613e-08 -6.3206e-22 -9.72731e-07 -7.29084e-22 0)
(2.27398e-06 -1.85457e-08 -1.2693e-21 -9.75338e-07 -1.47279e-21 0)
(2.27918e-06 -8.00689e-09 -9.60087e-24 -9.74779e-07 -1.04604e-23 0)
(2.28044e-06 -2.42105e-09 1.98409e-20 -9.69546e-07 1.09496e-21 4.46873e-35)
(1.74971e-06 -5.70288e-07 4.9337e-22 -8.11274e-07 6.7042e-22 0)
(1.80215e-06 -5.16914e-07 6.70352e-22 -8.32022e-07 2.38747e-22 0)
(1.85651e-06 -4.68993e-07 -1.56333e-21 -8.49379e-07 -1.95621e-21 0)
(1.90413e-06 -4.24497e-07 -1.37883e-22 -8.65848e-07 3.56946e-22 0)
(1.9498e-06 -3.8209e-07 2.84677e-21 -8.7988e-07 2.35919e-21 0)
(1.99119e-06 -3.43583e-07 -2.26251e-21 -8.93323e-07 -2.14899e-21 0)
(2.02999e-06 -3.07548e-07 -6.02846e-22 -9.05431e-07 -6.94012e-22 0)
(2.06539e-06 -2.74616e-07 1.15206e-21 -9.1687e-07 1.30273e-21 0)
(2.09812e-06 -2.44036e-07 1.31469e-24 -9.27469e-07 -8.45658e-22 0)
(2.12794e-06 -2.15797e-07 -1.21891e-21 -9.37436e-07 -1.36297e-21 0)
(2.1552e-06 -1.89438e-07 1.16794e-21 -9.4676e-07 1.30144e-21 0)
(2.17988e-06 -1.64732e-07 1.80468e-21 -9.55496e-07 2.01229e-21 0)
(2.20216e-06 -1.41343e-07 1.38068e-23 -9.63624e-07 1.51387e-23 0)
(2.22208e-06 -1.19035e-07 -6.17886e-22 -9.71095e-07 -6.93083e-22 0)
(2.23967e-06 -9.76025e-08 6.11652e-22 -9.77761e-07 6.90296e-22 0)
(2.25494e-06 -7.69685e-08 9.01523e-29 -9.83344e-07 9.99096e-29 0)
(2.26756e-06 -5.71821e-08 -6.30141e-22 -9.87294e-07 -7.20232e-22 0)
(2.27738e-06 -3.85562e-08 8.71463e-23 -9.88718e-07 5.20457e-22 0)
(2.28277e-06 -2.16539e-08 -2.0629e-21 -9.85756e-07 -2.64042e-22 0)
(2.28363e-06 -7.24347e-09 2.03975e-20 -9.76329e-07 2.91694e-22 3.36728e-38)
(1.97762e-06 -6.94588e-07 0 -9.5273e-07 0 0)
(1.9979e-06 -6.3345e-07 7.16945e-22 -9.60335e-07 2.60733e-22 0)
(2.02641e-06 -5.77006e-07 5.62945e-22 -9.63572e-07 6.39561e-22 0)
(2.04897e-06 -5.2552e-07 6.17853e-22 -9.67741e-07 7.11028e-22 0)
(2.07329e-06 -4.75383e-07 0 -9.69644e-07 0 0)
(2.09511e-06 -4.29857e-07 8.16031e-23 -9.72306e-07 -3.58661e-22 0)
(2.1171e-06 -3.8672e-07 -1.84469e-21 -9.74538e-07 -1.12877e-21 0)
(2.13759e-06 -3.47111e-07 -1.17957e-21 -9.77234e-07 -1.27463e-21 0)
(2.15753e-06 -3.10077e-07 -6.61336e-22 -9.80124e-07 -3.04412e-22 0)
(2.1763e-06 -2.75748e-07 -3.00475e-25 -9.83407e-07 8.1502e-22 0)
(2.19423e-06 -2.43622e-07 -5.79759e-22 -9.87018e-07 1.79017e-22 0)
(2.2111e-06 -2.13497e-07 1.21658e-21 -9.90954e-07 5.2043e-22 0)
(2.227e-06 -1.85015e-07 1.15303e-21 -9.95134e-07 5.71174e-23 0)
(2.24185e-06 -1.57914e-07 2.99015e-23 -9.99422e-07 4.3602e-22 0)
(2.25553e-06 -1.31932e-07 5.16774e-23 -1.00356e-06 4.62293e-22 0)
(2.26793e-06 -1.06872e-07 -6.23046e-22 -1.00715e-06 -6.97618e-22 0)
(2.27849e-06 -8.26045e-08 -1.33058e-28 -1.00945e-06 -1.49084e-28 0)
(2.28692e-06 -5.8969e-08 1.33026e-21 -1.0094e-06 1.93981e-21 0)
(2.29115e-06 -3.61596e-08 -6.9254e-23 -1.00491e-06 -5.10367e-22 0)
(2.2913e-06 -1.25269e-08 1.80181e-20 -9.93869e-07 -2.21709e-21 -6.69809e-35)
(2.22482e-06 -7.59067e-07 5.82003e-23 -1.11056e-06 8.92852e-22 0)
(2.21175e-06 -6.97693e-07 -7.79424e-22 -1.10474e-06 -3.39851e-22 0)
(2.21432e-06 -6.37745e-07 -1.96296e-21 -1.0927e-06 -1.59248e-21 0)
(2.21114e-06 -5.84971e-07 1.29159e-21 -1.08408e-06 8.75797e-22 0)
(2.21378e-06 -5.31923e-07 3.36066e-21 -1.07313e-06 2.19917e-21 0)
(2.21529e-06 -4.83962e-07 -6.18279e-22 -1.06419e-06 -6.427e-22 0)
(2.21974e-06 -4.37823e-07 0 -1.05569e-06 0 0)
(2.22441e-06 -3.95224e-07 6.0204e-22 -1.04869e-06 6.23159e-22 0)
(2.23062e-06 -3.55067e-07 -1.93267e-21 -1.04292e-06 -8.23751e-22 0)
(2.23733e-06 -3.17639e-07 -1.25525e-21 -1.03856e-06 -9.21461e-22 0)
(2.24487e-06 -2.82469e-07 6.71882e-23 -1.03553e-06 -7.10969e-22 0)
(2.25284e-06 -2.49401e-07 -6.34916e-22 -1.03379e-06 -1.06536e-21 0)
(2.26122e-06 -2.18096e-07 -5.9688e-23 -1.03321e-06 1.11898e-21 0)
(2.26981e-06 -1.88266e-07 1.23953e-21 -1.03359e-06 1.73639e-21 0)
(2.27839e-06 -1.59596e-07 6.01169e-22 -1.03461e-06 2.55598e-22 0)
(2.28673e-06 -1.31729e-07 -2.43111e-23 -1.03581e-06 -4.33099e-22 0)
(2.29413e-06 -1.04345e-07 1.16515e-21 -1.03637e-06 4.77918e-22 0)
(2.30026e-06 -7.6759e-08 5.73019e-22 -1.03525e-06 2.2934e-22 0)
(2.30301e-06 -4.89427e-08 2.35514e-21 -1.03048e-06 1.85338e-21 0)
(2.30262e-06 -1.72223e-08 2.32128e-20 -1.02012e-06 2.47361e-21 6.88729e-35)
(2.48058e-06 -7.66997e-07 4.61287e-22 -1.26701e-06 6.29439e-22 0)
(2.43386e-06 -7.13339e-07 1.11404e-23 -1.24979e-06 2.41598e-23 0)
(2.41129e-06 -6.54704e-07 -1.41869e-21 -1.22338e-06 -9.79506e-22 0)
(2.38244e-06 -6.05844e-07 -3.40757e-21 -1.203e-06 -2.53959e-21 0)
(2.36378e-06 -5.54213e-07 1.33082e-21 -1.18019e-06 9.03206e-22 0)
(2.34502e-06 -5.07715e-07 1.25407e-21 -1.16025e-06 1.23839e-21 0)
(2.33189e-06 -4.62156e-07 -6.14401e-22 -1.14156e-06 -6.07657e-22 0)
(2.32053e-06 -4.19743e-07 -9.71955e-23 -1.12513e-06 2.72134e-22 0)
(2.31261e-06 -3.79388e-07 2.69105e-21 -1.11079e-06 1.59753e-21 0)
(2.30675e-06 -3.41475e-07 -1.80156e-21 -1.09868e-06 -1.82858e-21 0)
(2.30325e-06 -3.05635e-07 -6.40821e-22 -1.08876e-06 -6.586e-22 0)
(2.30156e-06 -2.71757e-07 1.74484e-21 -1.08096e-06 2.56731e-21 0)
(2.3016e-06 -2.39554e-07 -2.53769e-21 -1.07518e-06 -7.54345e-22 0)
(2.30305e-06 -2.0873e-07 -1.81372e-21 -1.0712e-06 -1.9281e-21 0)
(2.30563e-06 -1.78939e-07 3.00691e-24 -1.06873e-06 -3.89426e-22 0)
(2.30904e-06 -1.49691e-07 -2.44093e-21 -1.06731e-06 -1.86063e-21 0)
(2.3126e-06 -1.20514e-07 -1.77789e-23 -1.06624e-06 -1.66443e-23 0)
(2.31593e-06 -9.02768e-08 2.40041e-21 -1.06461e-06 2.28491e-21 0)
(2.3173e-06 -5.88281e-08 3.93047e-23 -1.06085e-06 4.71788e-22 0)
(2.31681e-06 -2.09355e-08 2.41523e-20 -1.05333e-06 9.98844e-22 -5.21474e-37)
(2.7324e-06 -7.18305e-07 -4.83265e-22 -1.41391e-06 -6.15968e-22 0)
(2.65355e-06 -6.80953e-07 6.66837e-22 -1.38851e-06 6.05805e-22 0)
(2.60828e-06 -6.28679e-07 8.2192e-22 -1.35023e-06 4.28223e-22 0)
(2.55499e-06 -5.88694e-07 -6.50651e-22 -1.31954e-06 -6.06998e-22 0)
(2.51632e-06 -5.4311e-07 -1.53871e-21 -1.28655e-06 -7.66578e-22 0)
(2.47811e-06 -5.018e-07 7.5114e-22 -1.25633e-06 3.72547e-22 0)
(2.44783e-06 -4.60328e-07 2.12702e-21 -1.22802e-06 1.36354e-21 0)
(2.42075e-06 -4.2098e-07 -3.4223e-21 -1.20238e-06 -2.28895e-21 0)
(2.39874e-06 -3.83028e-07 -2.11075e-21 -1.17958e-06 -1.38512e-21 0)
(2.38024e-06 -3.46895e-07 3.31294e-21 -1.15972e-06 2.2348e-21 0)
(2.36549e-06 -3.12439e-07 -1.35009e-21 -1.14284e-06 -6.43872e-22 0)
(2.35384e-06 -2.79608e-07 1.79226e-21 -1.1289e-06 1.82634e-21 0)
(2.34513e-06 -2.48216e-07 1.92716e-21 -1.11779e-06 1.25105e-21 0)
(2.33897e-06 -2.17982e-07 -1.12769e-21 -1.10935e-06 -1.56003e-21 0)
(2.33507e-06 -1.88554e-07 -7.31004e-22 -1.10333e-06 3.79008e-22 0)
(2.33307e-06 -1.59347e-07 3.48087e-23 -1.09937e-06 3.19698e-23 0)
(2.33243e-06 -1.2979e-07 -2.97514e-21 -1.09694e-06 -2.46591e-21 0)
(2.33274e-06 -9.84226e-08 5.91308e-22 -1.09538e-06 6.61115e-22 0)
(2.3329e-06 -6.50407e-08 1.17077e-21 -1.09366e-06 9.12694e-22 0)
(2.33264e-06 -2.33907e-08 2.48696e-20 -1.09054e-06 8.56097e-22 -2.23949e-37)
(2.96706e-06 -6.16526e-07 5.84002e-24 -1.53836e-06 1.96183e-23 0)
(2.85987e-06 -6.03881e-07 -6.89314e-22 -1.50887e-06 -6.03552e-22 0)
(2.79576e-06 -5.63425e-07 1.46743e-22 -1.46377e-06 -1.59548e-22 0)
(2.72073e-06 -5.35646e-07 0 -1.42466e-06 0 0)
(2.66408e-06 -5.00254e-07 0 -1.38469e-06 0 0)
(2.6087e-06 -4.67043e-07 -2.06334e-21 -1.34656e-06 -1.60842e-21 0)
(2.5626e-06 -4.32872e-07 1.83678e-21 -1.31077e-06 1.70392e-21 0)
(2.52103e-06 -3.99391e-07 3.87135e-21 -1.27751e-06 3.35976e-21 0)
(2.48558e-06 -3.66475e-07 -2.92917e-21 -1.24732e-06 -2.79848e-21 0)
(2.45488e-06 -3.34452e-07 -2.56471e-21 -1.22033e-06 -2.1737e-21 0)
(2.42899e-06 -3.03434e-07 1.1833e-21 -1.19677e-06 1.17062e-21 0)
(2.40735e-06 -2.73457e-07 -1.1449e-22 -1.17669e-06 2.31751e-22 0)
(2.38971e-06 -2.44463e-07 2.0211e-21 -1.16013e-06 9.96031e-22 0)
(2.37571e-06 -2.16246e-07 3.15021e-21 -1.14702e-06 2.17088e-21 0)
(2.36504e-06 -1.88502e-07 4.30295e-23 -1.13726e-06 3.91399e-23 0)
(2.35736e-06 -1.60623e-07 1.42858e-21 -1.13065e-06 -3.89928e-22 0)
(2.35234e-06 -1.32007e-07 0 -1.12693e-06 0 0)
(2.34953e-06 -1.01015e-07 -1.20546e-21 -1.12575e-06 -5.30965e-22 0)
(2.34868e-06 -6.74419e-08 5.79896e-22 -1.12671e-06 2.44752e-22 0)
(2.34896e-06 -2.45147e-08 2.73087e-20 -1.12907e-06 1.35402e-21 -6.2248e-37)
(3.1744e-06 -4.71346e-07 -4.58778e-24 -1.63133e-06 -1.71637e-23 0)
(3.04293e-06 -4.88057e-07 8.54445e-22 -1.60071e-06 5.09217e-22 0)
(2.96573e-06 -4.67897e-07 -8.49959e-22 -1.55923e-06 -5.16114e-22 0)
(2.87399e-06 -4.54757e-07 -8.36577e-22 -1.51499e-06 -5.02666e-22 0)
(2.80115e-06 -4.33807e-07 2.29769e-21 -1.47065e-06 1.5617e-21 0)
(2.73117e-06 -4.10695e-07 1.63633e-21 -1.42607e-06 9.73883e-22 0)
(2.67064e-06 -3.85491e-07 -2.17402e-21 -1.38373e-06 -1.44981e-21 0)
(2.61614e-06 -3.59142e-07 2.87011e-22 -1.3439e-06 -3.03919e-22 0)
(2.56845e-06 -3.32382e-07 4.94032e-22 -1.3073e-06 4.5586e-22 0)
(2.52659e-06 -3.05618e-07 -2.65996e-22 -1.27423e-06 3.58545e-22 0)
(2.49038e-06 -2.79194e-07 -2.20615e-21 -1.24493e-06 -1.20611e-21 0)
(2.45934e-06 -2.53263e-07 1.97722e-23 -1.21957e-06 1.89778e-23 0)
(2.43318e-06 -2.27872e-07 -1.01202e-21 -1.19825e-06 -1.36827e-21 0)
(2.41156e-06 -2.02888e-07 -3.41328e-23 -1.18105e-06 -3.10779e-23 0)
(2.39424e-06 -1.78063e-07 1.2882e-21 -1.168e-06 6.25575e-22 0)
(2.38091e-06 -1.52815e-07 -2.57286e-23 -1.15911e-06 -2.23893e-23 0)
(2.37152e-06 -1.26556e-07 1.5751e-21 -1.15442e-06 2.10001e-21 0)
(2.36559e-06 -9.76076e-08 -5.9292e-22 -1.15393e-06 -2.64638e-22 0)
(2.36382e-06 -6.57671e-08 -2.7829e-21 -1.15795e-06 -2.74259e-21 0)
(2.36472e-06 -2.42179e-08 2.52106e-20 -1.1663e-06 -8.64529e-22 -4.90088e-35)
(3.33918e-06 -2.85127e-07 -1.08831e-22 -1.69137e-06 -5.47687e-23 0)
(3.20311e-06 -3.2128e-07 -9.15688e-22 -1.65378e-06 -5.38435e-22 0)
(3.11497e-06 -3.30029e-07 7.44297e-22 -1.62531e-06 5.82126e-22 0)
(3.01685e-06 -3.33687e-07 -1.94939e-21 -1.5851e-06 -1.7667e-21 0)
(2.93095e-06 -3.32178e-07 -2.00497e-21 -1.54327e-06 -1.65951e-21 0)
(2.84971e-06 -3.24784e-07 1.18738e-21 -1.49841e-06 1.21941e-21 0)
(2.77624e-06 -3.13314e-07 1.03279e-21 -1.45319e-06 1.22358e-21 0)
(2.70954e-06 -2.98432e-07 1.7978e-21 -1.40901e-06 1.61251e-21 0)
(2.64997e-06 -2.81176e-07 -2.10801e-21 -1.36702e-06 -1.56758e-21 0)
(2.59705e-06 -2.6233e-07 5.33343e-24 -1.32812e-06 4.2965e-23 0)
(2.55057e-06 -2.42521e-07 -2.59656e-23 -1.2929e-06 -1.2812e-22 0)
(2.51013e-06 -2.222e-07 -1.64982e-21 -1.26181e-06 -1.60462e-21 0)
(2.47544e-06 -2.01638e-07 0 -1.23518e-06 0 0)
(2.44615e-06 -1.80901e-07 -1.49139e-21 -1.21327e-06 -4.84012e-22 0)
(2.42212e-06 -1.59888e-07 -7.06336e-24 -1.19634e-06 -2.96103e-23 0)
(2.40302e-06 -1.38148e-07 -1.92641e-21 -1.18463e-06 -9.35503e-22 0)
(2.38913e-06 -1.15185e-07 5.28627e-22 -1.17853e-06 5.55044e-22 0)
(2.37993e-06 -8.94446e-08 1.21473e-21 -1.17842e-06 5.54539e-22 0)
(2.37718e-06 -6.07561e-08 1.5075e-23 -1.18536e-06 -1.2234e-24 0)
(2.37877e-06 -2.27037e-08 2.69096e-20 -1.19979e-06 -1.37657e-23 -2.15048e-37)
(3.41936e-06 -1.32034e-07 9.43196e-22 -1.69569e-06 8.26627e-22 0)
(3.29552e-06 -1.51403e-07 -8.71275e-22 -1.6642e-06 -5.46313e-22 0)
(3.2003e-06 -1.87003e-07 -5.05481e-22 -1.64444e-06 -4.17896e-22 0)
(3.10303e-06 -2.03998e-07 8.3738e-22 -1.61193e-06 5.10523e-22 0)
(3.01289e-06 -2.15972e-07 -1.65401e-21 -1.57374e-06 -7.50649e-22 0)
(2.92733e-06 -2.21361e-07 -1.11573e-21 -1.53183e-06 -5.26185e-22 0)
(2.8484e-06 -2.2163e-07 -1.39281e-21 -1.4879e-06 -1.00696e-21 0)
(2.77558e-06 -2.17681e-07 1.66781e-22 -1.44384e-06 -1.15878e-22 0)
(2.70949e-06 -2.1031e-07 2.81458e-21 -1.40098e-06 1.78838e-21 0)
(2.64988e-06 -2.00363e-07 -9.69788e-23 -1.36045e-06 -1.03689e-22 0)
(2.59676e-06 -1.88497e-07 1.50401e-21 -1.32309e-06 8.49456e-22 0)
(2.54987e-06 -1.75264e-07 -7.43625e-23 -1.28957e-06 -8.3766e-23 0)
(2.50906e-06 -1.61046e-07 5.50493e-36 -1.26045e-06 5.56216e-36 0)
(2.4741e-06 -1.4604e-07 -6.61066e-22 -1.23617e-06 -3.28563e-22 0)
(2.44495e-06 -1.30279e-07 6.46199e-22 -1.21723e-06 3.139e-22 0)
(2.42139e-06 -1.1349e-07 -2.91066e-23 -1.20408e-06 -4.1771e-23 0)
(2.40398e-06 -9.53219e-08 1.01717e-22 -1.19749e-06 -2.71502e-22 0)
(2.39218e-06 -7.45708e-08 5.90744e-24 -1.19814e-06 1.93854e-23 0)
(2.38856e-06 -5.11277e-08 -5.93903e-24 -1.20773e-06 7.7194e-24 0)
(2.3905e-06 -1.9531e-08 2.89208e-20 -1.22728e-06 1.48693e-22 2.57709e-37)
(3.35124e-06 1.80664e-08 8.75186e-22 -1.63291e-06 6.89671e-22 0)
(3.26882e-06 -4.14412e-09 0 -1.64254e-06 0 0)
(3.18272e-06 -4.74735e-08 -6.8326e-22 -1.6275e-06 -5.99464e-22 0)
(3.09655e-06 -7.59503e-08 8.92838e-36 -1.60299e-06 7.19972e-36 0)
(3.01434e-06 -9.83655e-08 2.04551e-36 -1.5704e-06 1.47858e-36 0)
(2.93495e-06 -1.14222e-07 9.70291e-36 -1.53314e-06 7.18874e-36 0)
(2.86041e-06 -1.24487e-07 1.48892e-35 -1.49296e-06 1.19809e-35 0)
(2.79043e-06 -1.30084e-07 -5.99045e-22 -1.45177e-06 -5.58671e-22 0)
(2.72589e-06 -1.31733e-07 0 -1.41097e-06 0 0)
(2.66675e-06 -1.30232e-07 5.72493e-22 -1.37182e-06 5.52007e-22 0)
(2.61329e-06 -1.26216e-07 -8.21831e-37 -1.33526e-06 -1.36947e-36 0)
(2.56544e-06 -1.20249e-07 -5.50744e-22 -1.30212e-06 -5.49817e-22 0)
(2.52328e-06 -1.12741e-07 5.41693e-22 -1.27307e-06 5.50134e-22 0)
(2.48672e-06 -1.0397e-07 7.77206e-36 -1.24873e-06 5.64e-36 0)
(2.45592e-06 -9.40405e-08 -5.27233e-22 -1.22973e-06 -5.53287e-22 0)
(2.4308e-06 -8.28677e-08 -4.67204e-36 -1.21674e-06 -4.30036e-36 0)
(2.41216e-06 -7.02089e-08 5.17837e-22 -1.21071e-06 5.59893e-22 0)
(2.39954e-06 -5.53105e-08 5.15129e-22 -1.21257e-06 5.64814e-22 0)
(2.39612e-06 -3.82221e-08 -5.55668e-36 -1.22452e-06 -4.82687e-36 0)
(2.39895e-06 -1.51161e-08 2.96392e-20 -1.24774e-06 -4.90179e-36 -1.74845e-49)
(3.29226e-06 1.68524e-07 1.62987e-22 -1.56815e-06 2.79498e-22 0)
(3.22209e-06 1.33792e-07 -5.56918e-22 -1.59029e-06 -3.414e-22 0)
(3.15376e-06 8.28235e-08 -1.24374e-21 -1.58807e-06 -9.43184e-22 0)
(3.07792e-06 4.50868e-08 0 -1.57358e-06 0 0)
(3.00501e-06 1.39018e-08 6.56865e-23 -1.54972e-06 2.527e-22 0)
(2.932e-06 -1.0894e-08 -5.36298e-22 -1.51947e-06 -7.42061e-23 0)
(2.86238e-06 -2.98333e-08 -1.19935e-21 -1.48501e-06 -8.90852e-22 0)
(2.79577e-06 -4.39145e-08 -1.77186e-21 -1.44829e-06 -1.18881e-21 0)
(2.73347e-06 -5.37003e-08 5.86815e-22 -1.41094e-06 5.62954e-22 0)
(2.67559e-06 -5.99508e-08 -1.17128e-21 -1.37432e-06 -5.90071e-22 0)
(2.62264e-06 -6.32438e-08 -5.84905e-22 -1.33956e-06 -2.87574e-22 0)
(2.57474e-06 -6.41361e-08 -1.16791e-21 -1.30763e-06 -5.61439e-22 0)
(2.53209e-06 -6.30585e-08 -1.16582e-21 -1.27937e-06 -5.49304e-22 0)
(2.49479e-06 -6.03479e-08 -5.81851e-22 -1.25554e-06 -2.69537e-22 0)
(2.46311e-06 -5.62023e-08 -1.16168e-21 -1.23695e-06 -5.31092e-22 0)
(2.43714e-06 -5.07133e-08 -1.15981e-21 -1.22442e-06 -5.25711e-22 0)
(2.41782e-06 -4.3766e-08 -5.19053e-22 -1.21915e-06 -5.60244e-22 0)
(2.40477e-06 -3.51693e-08 -5.78238e-22 -1.22208e-06 -2.62354e-22 0)
(2.40156e-06 -2.48669e-08 -5.77406e-22 -1.2357e-06 -2.65279e-22 0)
(2.40482e-06 -1.05784e-08 2.95399e-20 -1.2616e-06 -2.70838e-22 -1.33244e-49)
(3.20806e-06 2.8509e-07 3.18934e-21 -1.49896e-06 2.67946e-21 0)
(3.15409e-06 2.49638e-07 5.04241e-22 -1.53386e-06 3.29286e-22 0)
(3.10153e-06 1.96392e-07 -1.85039e-21 -1.54165e-06 -1.53706e-21 0)
(3.03728e-06 1.54347e-07 1.89468e-35 -1.53585e-06 1.57383e-35 0)
(2.97466e-06 1.17415e-07 7.37041e-22 -1.51969e-06 8.5488e-22 0)
(2.90961e-06 8.6231e-08 -1.0061e-36 -1.4959e-06 -5.90029e-37 0)
(2.84658e-06 6.04741e-08 5.53294e-22 -1.467e-06 3.14933e-22 0)
(2.78509e-06 3.94403e-08 -1.19579e-21 -1.43494e-06 -1.14914e-21 0)
(2.72679e-06 2.27084e-08 2.37043e-35 -1.40145e-06 1.97282e-35 0)
(2.6719e-06 9.65515e-09 1.1472e-21 -1.36797e-06 1.13466e-21 0)
(2.62114e-06 -2.17479e-10 -5.6482e-22 -1.33572e-06 -2.86751e-22 0)
(2.57474e-06 -7.42155e-09 -6.65655e-36 -1.30578e-06 -5.2822e-36 0)
(2.53308e-06 -1.23791e-08 -2.84005e-35 -1.27906e-06 -2.60374e-35 0)
(2.49636e-06 -1.54829e-08 5.67052e-22 -1.25645e-06 2.69732e-22 0)
(2.46499e-06 -1.69803e-08 -1.68987e-35 -1.23883e-06 -1.43501e-35 0)
(2.4392e-06 -1.72212e-08 -1.04729e-21 -1.22719e-06 -1.1199e-21 0)
(2.41992e-06 -1.60167e-08 7.47632e-36 -1.22269e-06 5.66427e-36 0)
(2.40713e-06 -1.40598e-08 4.66218e-22 -1.22658e-06 8.59199e-22 0)
(2.40446e-06 -1.04713e-08 -5.66818e-22 -1.24182e-06 -2.66591e-22 0)
(2.40801e-06 -5.50905e-09 2.98137e-20 -1.26914e-06 -2.72456e-22 0)
(3.10702e-06 3.82013e-07 8.75032e-22 -1.42308e-06 6.11009e-22 0)
(3.06762e-06 3.46129e-07 1.11651e-21 -1.46652e-06 9.214e-22 0)
(3.03016e-06 2.93253e-07 9.51847e-22 -1.48289e-06 6.36689e-22 0)
(2.97815e-06 2.49333e-07 1.54257e-36 -1.48562e-06 1.92812e-36 0)
(2.92666e-06 2.09109e-07 1.63666e-21 -1.47738e-06 1.22829e-21 0)
(2.87077e-06 1.73736e-07 -1.01385e-22 -1.46068e-06 -2.75924e-22 0)
(2.81559e-06 1.43071e-07 -8.07319e-23 -1.43804e-06 -2.76426e-22 0)
(2.76056e-06 1.16722e-07 1.06187e-21 -1.4114e-06 6.05993e-22 0)
(2.70763e-06 9.44241e-08 5.81269e-22 -1.38256e-06 5.77331e-22 0)
(2.65711e-06 7.57174e-08 1.11192e-21 -1.353e-06 8.64469e-22 0)
(2.60987e-06 6.02053e-08 1.0905e-21 -1.32403e-06 5.68481e-22 0)
(2.56629e-06 4.74523e-08 -2.71692e-24 -1.29678e-06 -2.90193e-22 0)
(2.52684e-06 3.70552e-08 5.5857e-22 -1.27227e-06 -2.01689e-23 0)
(2.49187e-06 2.86314e-08 5.52284e-22 -1.25145e-06 2.68658e-22 0)
(2.46175e-06 2.18102e-08 1.63573e-21 -1.23524e-06 1.09335e-21 0)
(2.43708e-06 1.6268e-08 5.54609e-22 -1.2248e-06 2.62938e-22 0)
(2.41805e-06 1.1726e-08 0 -1.22112e-06 0 0)
(2.40688e-06 7.47637e-09 1.62835e-21 -1.2263e-06 1.08555e-21 0)
(2.40089e-06 4.78745e-09 1.64532e-21 -1.23987e-06 9.4398e-22 0)
(2.40888e-06 -1.00478e-09 3.15026e-20 -1.26914e-06 5.44913e-22 0)
(2.99621e-06 4.56488e-07 -4.7355e-22 -1.34745e-06 -3.38784e-22 0)
(2.97001e-06 4.22815e-07 -4.18458e-22 -1.39724e-06 -2.99958e-22 0)
(2.94589e-06 3.73075e-07 -6.32417e-22 -1.42047e-06 -5.98952e-22 0)
(2.90564e-06 3.29796e-07 0 -1.43022e-06 0 0)
(2.86503e-06 2.88499e-07 6.1506e-22 -1.4288e-06 5.95915e-22 0)
(2.81864e-06 2.50892e-07 1.09044e-21 -1.41851e-06 8.97585e-22 0)
(2.77191e-06 2.1699e-07 -1.09174e-21 -1.40178e-06 -8.90771e-22 0)
(2.72418e-06 1.86774e-07 -5.84821e-22 -1.38049e-06 -5.86483e-22 0)
(2.67758e-06 1.60143e-07 5.74818e-22 -1.35642e-06 5.8314e-22 0)
(2.63248e-06 1.36837e-07 5.21143e-22 -1.33107e-06 2.85752e-22 0)
(2.58988e-06 1.16577e-07 -9.5144e-38 -1.30577e-06 -1.01551e-36 0)
(2.55022e-06 9.90238e-08 5.31335e-22 -1.28168e-06 2.75149e-22 0)
(2.5141e-06 8.38146e-08 1.85932e-36 -1.25985e-06 1.96724e-36 0)
(2.48188e-06 7.0586e-08 -5.38047e-22 -1.24126e-06 -2.66471e-22 0)
(2.45416e-06 5.88785e-08 1.81499e-36 -1.22689e-06 1.94877e-36 0)
(2.43121e-06 4.83678e-08 5.42216e-22 -1.2178e-06 2.61436e-22 0)
(2.41427e-06 3.82269e-08 -5.18291e-22 -1.21524e-06 -5.60072e-22 0)
(2.40317e-06 2.8286e-08 -1.04048e-37 -1.22077e-06 1.0095e-36 0)
(2.40138e-06 1.71477e-08 -1.88013e-36 -1.23584e-06 -9.13976e-37 0)
(2.40513e-06 3.64648e-09 3.0161e-20 -1.26213e-06 4.8982e-35 -8.89612e-50)
(2.87967e-06 5.1214e-07 6.8432e-22 -1.27322e-06 6.25871e-22 0)
(2.86494e-06 4.81899e-07 3.85402e-22 -1.32669e-06 2.84811e-22 0)
(2.85236e-06 4.3669e-07 -6.12339e-22 -1.35491e-06 -5.94754e-22 0)
(2.82314e-06 3.95534e-07 8.57384e-36 -1.37037e-06 7.14224e-36 0)
(2.79292e-06 3.54782e-07 -9.06847e-37 -1.37483e-06 -9.19008e-37 0)
(2.75605e-06 3.16485e-07 4.59415e-22 -1.37039e-06 2.94193e-22 0)
(2.718e-06 2.80807e-07 4.72739e-22 -1.35927e-06 2.91806e-22 0)
(2.67807e-06 2.48052e-07 -5.74923e-22 -1.34324e-06 -5.90791e-22 0)
(2.63845e-06 2.18282e-07 0 -1.32404e-06 0 0)
(2.59953e-06 1.91429e-07 1.06076e-21 -1.3031e-06 8.6463e-22 0)
(2.5624e-06 1.6734e-07 -7.29182e-36 -1.28176e-06 -5.89199e-36 0)
(2.52752e-06 1.45775e-07 -2.67513e-23 -1.26115e-06 -3.077e-22 0)
(2.49558e-06 1.26437e-07 5.35746e-22 -1.24235e-06 5.75102e-22 0)
(2.46697e-06 1.08958e-07 5.2487e-22 -1.22631e-06 2.63261e-22 0)
(2.44233e-06 9.2902e-08 -5.24314e-22 -1.21401e-06 -5.68023e-22 0)
(2.42193e-06 7.77115e-08 5.30731e-22 -1.20642e-06 2.58991e-22 0)
(2.40696e-06 6.27809e-08 5.16721e-22 -1.20479e-06 5.59738e-22 0)
(2.39708e-06 4.69617e-08 5.146e-22 -1.21007e-06 5.54608e-22 0)
(2.39566e-06 2.99193e-08 -3.69209e-36 -1.22435e-06 -1.81095e-36 0)
(2.39947e-06 8.19661e-09 2.9732e-20 -1.24919e-06 -5.5632e-36 -1.75392e-49)
(2.76079e-06 5.50699e-07 3.34397e-22 -1.20268e-06 2.5819e-22 0)
(2.75578e-06 5.24815e-07 3.58516e-22 -1.25783e-06 2.70028e-22 0)
(2.753e-06 4.85103e-07 3.81293e-22 -1.28941e-06 2.76807e-22 0)
(2.73378e-06 4.47155e-07 0 -1.30909e-06 0 0)
(2.71315e-06 4.0815e-07 4.20669e-22 -1.31824e-06 2.82997e-22 0)
(2.68549e-06 3.70347e-07 0 -1.31876e-06 0 0)
(2.65605e-06 3.34053e-07 4.52238e-22 -1.31263e-06 2.81794e-22 0)
(2.62412e-06 2.99853e-07 0 -1.30149e-06 0 0)
(2.59185e-06 2.67958e-07 0 -1.28695e-06 0 0)
(2.55965e-06 2.38488e-07 0 -1.2704e-06 0 0)
(2.52858e-06 2.11411e-07 4.95029e-22 -1.25308e-06 2.6901e-22 0)
(2.49917e-06 1.86594e-07 0 -1.23613e-06 0 0)
(2.4721e-06 1.63806e-07 0 -1.22055e-06 0 0)
(2.44779e-06 1.42711e-07 5.13162e-22 -1.20726e-06 2.59171e-22 0)
(2.42686e-06 1.22862e-07 0 -1.19717e-06 0 0)
(2.40956e-06 1.03642e-07 0 -1.19116e-06 0 0)
(2.39698e-06 8.43382e-08 0 -1.19027e-06 0 0)
(2.38879e-06 6.36167e-08 5.25227e-22 -1.19553e-06 2.56655e-22 0)
(2.38791e-06 4.11495e-08 5.27061e-22 -1.20848e-06 2.59435e-22 0)
(2.39147e-06 1.21347e-08 2.96314e-20 -1.2303e-06 2.64119e-22 1.42734e-64)
(2.64148e-06 5.74669e-07 -9.29463e-22 -1.13641e-06 -8.37499e-22 0)
(2.64452e-06 5.53492e-07 0 -1.19136e-06 0 0)
(2.64998e-06 5.1954e-07 -3.60682e-22 -1.22477e-06 -2.62931e-22 0)
(2.63973e-06 4.85324e-07 0 -1.24734e-06 0 0)
(2.6279e-06 4.48798e-07 -4.01709e-22 -1.26011e-06 -2.70518e-22 0)
(2.609e-06 4.12305e-07 -4.19478e-22 -1.26476e-06 -2.71517e-22 0)
(2.58797e-06 3.76282e-07 0 -1.26301e-06 0 0)
(2.56408e-06 3.41525e-07 0 -1.25634e-06 0 0)
(2.53936e-06 3.08382e-07 0 -1.24622e-06 0 0)
(2.5142e-06 2.77129e-07 -4.73167e-22 -1.23393e-06 -2.64898e-22 0)
(2.48963e-06 2.47848e-07 -4.82645e-22 -1.22065e-06 -2.62046e-22 0)
(2.46617e-06 2.20509e-07 -4.90751e-22 -1.2074e-06 -2.59203e-22 0)
(2.4445e-06 1.94951e-07 0 -1.19515e-06 0 0)
(2.42502e-06 1.70875e-07 0 -1.18473e-06 0 0)
(2.40831e-06 1.47867e-07 0 -1.17696e-06 0 0)
(2.39459e-06 1.25245e-07 -5.11803e-22 -1.17256e-06 -2.51723e-22 0)
(2.38477e-06 1.02307e-07 0 -1.17241e-06 0 0)
(2.37852e-06 7.74733e-08 -5.17434e-22 -1.17724e-06 -2.52728e-22 0)
(2.37823e-06 5.03782e-08 -5.19621e-22 -1.18834e-06 -2.55111e-22 0)
(2.38141e-06 1.53297e-08 2.77865e-20 -1.20655e-06 -2.5902e-22 -1.25246e-49)
(2.52279e-06 5.85887e-07 -1.71094e-21 -1.07474e-06 -1.70422e-21 0)
(2.53251e-06 5.6938e-07 -3.2171e-22 -1.12809e-06 -2.42177e-22 0)
(2.5449e-06 5.41071e-07 3.81697e-37 -1.16207e-06 1.19935e-36 0)
(2.54267e-06 5.10775e-07 2.36399e-37 -1.18636e-06 1.21306e-36 0)
(2.5389e-06 4.77126e-07 5.45045e-22 -1.20175e-06 5.9217e-22 0)
(2.5283e-06 4.42473e-07 -9.48569e-22 -1.20971e-06 -8.55476e-22 0)
(2.51542e-06 4.07358e-07 -9.62577e-22 -1.21169e-06 -8.57598e-22 0)
(2.49949e-06 3.72736e-07 0 -1.20902e-06 0 0)
(2.48239e-06 3.39064e-07 5.32915e-22 -1.20299e-06 5.96569e-22 0)
(2.46446e-06 3.06749e-07 6.63077e-23 -1.19475e-06 3.37975e-22 0)
(2.44667e-06 2.75973e-07 1.45481e-36 -1.18539e-06 -2.78374e-37 0)
(2.42952e-06 2.46795e-07 -1.00339e-21 -1.17582e-06 -8.40209e-22 0)
(2.41362e-06 2.19126e-07 -5.18152e-22 -1.16692e-06 -5.83399e-22 0)
(2.39937e-06 1.92717e-07 -4.95598e-22 -1.15942e-06 -2.48902e-22 0)
(2.38727e-06 1.67187e-07 5.12495e-22 -1.154e-06 5.72571e-22 0)
(2.3775e-06 1.41856e-07 -5.05034e-22 -1.15125e-06 -2.47149e-22 0)
(2.37074e-06 1.16012e-07 3.49304e-36 -1.15178e-06 1.69861e-36 0)
(2.36668e-06 8.79667e-08 5.08073e-22 -1.1561e-06 5.4912e-22 0)
(2.36702e-06 5.7354e-08 0 -1.16497e-06 0 0)
(2.36971e-06 1.77731e-08 2.73823e-20 -1.17887e-06 4.43552e-35 -8.07655e-50)
(2.40503e-06 5.85974e-07 5.16307e-22 -1.01724e-06 5.38351e-22 0)
(2.42038e-06 5.73764e-07 1.31388e-36 -1.0679e-06 6.88888e-37 0)
(2.43872e-06 5.50636e-07 -5.23541e-22 -1.10146e-06 -5.71242e-22 0)
(2.44377e-06 5.24139e-07 0 -1.12654e-06 0 0)
(2.44745e-06 4.93478e-07 5.25414e-22 -1.14375e-06 5.8939e-22 0)
(2.44476e-06 4.60952e-07 5.24835e-22 -1.15433e-06 5.94369e-22 0)
(2.43977e-06 4.27181e-07 -5.23766e-22 -1.1595e-06 -5.97161e-22 0)
(2.43171e-06 3.93227e-07 -5.22035e-22 -1.16039e-06 -5.98172e-22 0)
(2.42225e-06 3.59627e-07 5.20003e-22 -1.15813e-06 5.97678e-22 0)
(2.41165e-06 3.26886e-07 -1.15506e-35 -1.15373e-06 -9.49344e-36 0)
(2.40082e-06 2.95263e-07 -6.59522e-36 -1.14813e-06 -4.59061e-36 0)
(2.39019e-06 2.64897e-07 2.08827e-37 -1.14217e-06 2.30874e-36 0)
(2.38033e-06 2.35762e-07 8.54465e-36 -1.13658e-06 7.65311e-36 0)
(2.37158e-06 2.07664e-07 1.03236e-35 -1.132e-06 8.49417e-36 0)
(2.36436e-06 1.80278e-07 3.40619e-36 -1.12896e-06 1.66495e-36 0)
(2.35881e-06 1.52951e-07 -1.71874e-36 -1.12787e-06 -8.31674e-37 0)
(2.35534e-06 1.25008e-07 -5.0564e-22 -1.12907e-06 -5.57759e-22 0)
(2.35364e-06 9.47309e-08 -3.49451e-36 -1.13278e-06 -1.67551e-36 0)
(2.35468e-06 6.17578e-08 -6.98541e-36 -1.13922e-06 -5.36968e-36 0)
(2.35685e-06 1.9329e-08 2.63649e-20 -1.14849e-06 -1.69874e-36 0)
(2.288e-06 5.75951e-07 -1.53961e-21 -9.6342e-07 -1.62407e-21 0)
(2.30831e-06 5.67435e-07 -2.75497e-36 -1.01068e-06 -2.63405e-36 0)
(2.33198e-06 5.48828e-07 -5.4441e-37 -1.04311e-06 4.03419e-37 0)
(2.34382e-06 5.25822e-07 9.24474e-37 -1.0683e-06 1.06066e-36 0)
(2.35456e-06 4.98072e-07 5.05473e-22 -1.08672e-06 5.86204e-22 0)
(2.35951e-06 4.67798e-07 -5.06534e-22 -1.09938e-06 -5.92396e-22 0)
(2.36225e-06 4.35668e-07 -5.07123e-22 -1.10727e-06 -5.96173e-22 0)
(2.36197e-06 4.02803e-07 0 -1.11135e-06 0 0)
(2.36014e-06 3.69789e-07 5.06671e-22 -1.11255e-06 5.97999e-22 0)
(2.35695e-06 3.37198e-07 5.05984e-22 -1.11175e-06 5.96609e-22 0)
(2.35317e-06 3.05343e-07 -3.13602e-36 -1.10974e-06 -1.61408e-36 0)
(2.34918e-06 2.7442e-07 -5.04317e-22 -1.10725e-06 -5.90265e-22 0)
(2.34549e-06 2.4446e-07 -5.03525e-22 -1.10489e-06 -5.85582e-22 0)
(2.34239e-06 2.15329e-07 1.77499e-36 -1.10318e-06 3.16842e-36 0)
(2.34022e-06 1.86759e-07 5.02394e-22 -1.10249e-06 5.73458e-22 0)
(2.33904e-06 1.58171e-07 1.72985e-36 -1.10308e-06 1.94956e-36 0)
(2.33903e-06 1.28952e-07 0 -1.105e-06 0 0)
(2.33985e-06 9.74698e-08 5.02314e-22 -1.10815e-06 5.4694e-22 0)
(2.34169e-06 6.33965e-08 -6.95248e-36 -1.11216e-06 -5.32074e-36 0)
(2.34339e-06 1.99286e-08 2.52994e-20 -1.1167e-06 -1.65172e-36 0)
(2.17114e-06 5.5644e-07 -2.87372e-23 -9.12118e-07 -1.46193e-23 0)
(2.19616e-06 5.50857e-07 -3.04969e-22 -9.55618e-07 -2.0515e-22 0)
(2.22491e-06 5.35976e-07 -4.77639e-22 -9.86578e-07 -5.58871e-22 0)
(2.24335e-06 5.16027e-07 0 -1.01151e-06 0 0)
(2.26102e-06 4.9099e-07 4.85391e-22 -1.03079e-06 5.82719e-22 0)
(2.27351e-06 4.62995e-07 8.7924e-22 -1.0452e-06 8.14339e-22 0)
(2.28394e-06 4.32718e-07 -8.99113e-22 -1.05553e-06 -8.21191e-22 0)
(2.29144e-06 4.013e-07 -1.3414e-21 -1.06254e-06 -1.05325e-21 0)
(2.29726e-06 3.69345e-07 4.93172e-22 -1.06698e-06 5.97592e-22 0)
(2.3015e-06 3.37455e-07 4.51648e-22 -1.06959e-06 2.29617e-22 0)
(2.30482e-06 3.05973e-07 -5.73652e-38 -1.07101e-06 -1.22814e-36 0)
(2.30753e-06 2.75133e-07 4.72303e-22 -1.07185e-06 2.30102e-22 0)
(2.31005e-06 2.45006e-07 -9.61004e-22 -1.07261e-06 -4.6053e-22 0)
(2.31265e-06 2.15511e-07 -4.87428e-22 -1.07368e-06 -2.30496e-22 0)
(2.31555e-06 1.86449e-07 -9.86398e-22 -1.07532e-06 -4.61697e-22 0)
(2.31879e-06 1.57341e-07 4.97962e-22 -1.07761e-06 2.31338e-22 0)
(2.32233e-06 1.27683e-07 -4.98554e-22 -1.08032e-06 -5.56672e-22 0)
(2.32576e-06 9.60306e-08 -1.74004e-36 -1.08307e-06 -8.00992e-37 0)
(2.32857e-06 6.21254e-08 -5.18365e-36 -1.08486e-06 -4.47435e-36 0)
(2.32992e-06 1.95047e-08 2.42342e-20 -1.08491e-06 -8.02355e-37 0)
(2.0536e-06 5.27341e-07 4.65522e-22 -8.62832e-07 5.2094e-22 0)
(2.08356e-06 5.2386e-07 3.09313e-22 -9.02518e-07 1.93751e-22 0)
(2.11754e-06 5.11877e-07 -4.5459e-22 -9.31928e-07 -5.52971e-22 0)
(2.14276e-06 4.94521e-07 -1.17751e-37 -9.56495e-07 1.45823e-36 0)
(2.16748e-06 4.71971e-07 -3.0446e-36 -9.76493e-07 -1.14518e-36 0)
(2.18766e-06 4.46263e-07 3.95479e-22 -9.92497e-07 2.13067e-22 0)
(2.20587e-06 4.18043e-07 1.36007e-21 -1.00509e-06 1.40067e-21 0)
(2.22125e-06 3.88434e-07 -4.76854e-22 -1.01485e-06 -5.95486e-22 0)
(2.23479e-06 3.58026e-07 -9.59522e-22 -1.02236e-06 -1.19297e-21 0)
(2.24652e-06 3.27418e-07 9.37443e-22 -1.02819e-06 8.16474e-22 0)
(2.25695e-06 2.96956e-07 -4.80616e-36 -1.03287e-06 -2.27959e-36 0)
(2.26634e-06 2.66884e-07 9.61867e-22 -1.03687e-06 8.12514e-22 0)
(2.27504e-06 2.37298e-07 4.884e-22 -1.04059e-06 5.85188e-22 0)
(2.28325e-06 2.08161e-07 4.90021e-22 -1.04432e-06 2.24193e-22 0)
(2.29115e-06 1.79337e-07 -4.9186e-22 -1.0482e-06 -5.72616e-22 0)
(2.29874e-06 1.50477e-07 -4.86743e-22 -1.05217e-06 -9.03808e-22 0)
(2.3058e-06 1.21209e-07 4.95004e-22 -1.05581e-06 5.56055e-22 0)
(2.31188e-06 9.0397e-08 4.96311e-22 -1.05841e-06 5.45967e-22 0)
(2.31584e-06 5.78983e-08 3.46395e-36 -1.05842e-06 2.61927e-36 0)
(2.31703e-06 1.80254e-08 2.32173e-20 -1.05457e-06 -4.08807e-35 -6.84805e-50)
(1.93452e-06 4.88272e-07 -2.43843e-36 -8.13489e-07 -2.33068e-36 0)
(1.9701e-06 4.86045e-07 3.18822e-22 -8.49799e-07 1.82433e-22 0)
(2.0099e-06 4.76152e-07 3.50389e-36 -8.78043e-07 1.92644e-36 0)
(2.04243e-06 4.60954e-07 0 -9.02545e-07 0 0)
(2.07464e-06 4.40703e-07 -3.9426e-36 -9.23492e-07 -2.02616e-36 0)
(2.10286e-06 4.17329e-07 -4.04635e-22 -9.41243e-07 -2.02064e-22 0)
(2.12915e-06 3.91409e-07 4.2174e-22 -9.56191e-07 2.05273e-22 0)
(2.15262e-06 3.64019e-07 8.74075e-22 -9.68738e-07 4.15934e-22 0)
(2.17403e-06 3.35695e-07 0 -9.79306e-07 0 0)
(2.19331e-06 3.07006e-07 -4.62466e-22 -9.88309e-07 -2.12168e-22 0)
(2.21088e-06 2.78271e-07 -6.52108e-36 -9.96147e-07 -8.13684e-36 0)
(2.22689e-06 2.49722e-07 -4.81556e-22 -1.00318e-06 -2.15361e-22 0)
(2.24164e-06 2.21455e-07 9.78027e-22 -1.00972e-06 4.33528e-22 0)
(2.25529e-06 1.9346e-07 4.9526e-22 -1.01596e-06 2.18105e-22 0)
(2.26797e-06 1.65659e-07 1.00088e-21 -1.02197e-06 4.3879e-22 0)
(2.27968e-06 1.37831e-07 -5.04706e-22 -1.02759e-06 -2.20601e-22 0)
(2.2901e-06 1.09773e-07 0 -1.03226e-06 0 0)
(2.29876e-06 8.07508e-08 5.22343e-36 -1.03507e-06 2.27096e-36 0)
(2.30404e-06 5.0803e-08 1.20443e-35 -1.03395e-06 9.62391e-36 0)
(2.30535e-06 1.54998e-08 2.22985e-20 -1.02716e-06 -1.33581e-36 -1.31541e-49)
(1.81293e-06 4.3762e-07 -3.89197e-22 -7.64899e-07 -4.96334e-22 0)
(1.8554e-06 4.3592e-07 1.37218e-36 -7.98465e-07 1.79523e-36 0)
(1.90205e-06 4.27454e-07 2.022e-36 -8.26084e-07 2.71637e-36 0)
(1.9428e-06 4.14128e-07 -5.04741e-37 -8.50954e-07 1.56458e-36 0)
(1.98325e-06 3.96134e-07 4.2576e-22 -8.73162e-07 5.70664e-22 0)
(2.02011e-06 3.75289e-07 -4.33674e-22 -8.92868e-07 -5.80065e-22 0)
(2.05493e-06 3.52058e-07 -4.41149e-22 -9.10284e-07 -5.86549e-22 0)
(2.08684e-06 3.27429e-07 0 -9.2565e-07 0 0)
(2.11634e-06 3.01863e-07 4.54333e-22 -9.3923e-07 5.92285e-22 0)
(2.14331e-06 2.75867e-07 4.60123e-22 -9.51302e-07 5.92129e-22 0)
(2.16802e-06 2.49708e-07 -4.79602e-36 -9.62144e-07 -6.08275e-36 0)
(2.19058e-06 2.23583e-07 -4.7027e-22 -9.72016e-07 -5.87008e-22 0)
(2.2112e-06 1.97563e-07 -4.74696e-22 -9.81136e-07 -5.82444e-22 0)
(2.23002e-06 1.71644e-07 0 -9.89654e-07 0 0)
(2.24715e-06 1.45778e-07 4.82414e-22 -9.9758e-07 5.7012e-22 0)
(2.26259e-06 1.19865e-07 0 -1.00472e-06 0 0)
(2.27603e-06 9.38676e-08 -7.06408e-36 -1.01049e-06 -2.98047e-36 0)
(2.28701e-06 6.75123e-08 4.90971e-22 -1.01383e-06 5.45606e-22 0)
(2.29372e-06 4.11053e-08 6.89708e-36 -1.0124e-06 5.15718e-36 0)
(2.29542e-06 1.1999e-08 2.152e-20 -1.004e-06 3.80984e-35 -6.34742e-50)
(1.68817e-06 3.74284e-07 3.29053e-22 -7.12619e-07 1.52984e-22 0)
(1.73936e-06 3.72525e-07 0 -7.44933e-07 0 0)
(1.79434e-06 3.6502e-07 1.9682e-36 -7.73251e-07 1.49243e-36 0)
(1.84463e-06 3.5346e-07 0 -7.9964e-07 0 0)
(1.89436e-06 3.37863e-07 -6.98438e-37 -8.24049e-07 -9.72048e-37 0)
(1.94071e-06 3.19893e-07 1.66974e-36 -8.46471e-07 -2.07786e-36 0)
(1.98471e-06 2.99875e-07 0 -8.66945e-07 0 0)
(2.02552e-06 2.78672e-07 0 -8.85571e-07 0 0)
(2.06343e-06 2.56646e-07 0 -9.02472e-07 0 0)
(2.09826e-06 2.34214e-07 -3.23112e-36 -9.17806e-07 -2.70314e-36 0)
(2.13016e-06 2.11577e-07 1.41181e-37 -9.31737e-07 -1.32986e-36 0)
(2.15918e-06 1.88873e-07 1.7349e-36 -9.44434e-07 6.98463e-37 0)
(2.18547e-06 1.66132e-07 0 -9.56039e-07 0 0)
(2.20913e-06 1.4333e-07 0 -9.66655e-07 0 0)
(2.23024e-06 1.20426e-07 0 -9.76277e-07 0 0)
(2.24885e-06 9.73971e-08 1.78895e-36 -9.84739e-07 7.28271e-37 0)
(2.26471e-06 7.43512e-08 0 -9.91518e-07 0 0)
(2.27747e-06 5.1469e-08 1.01995e-35 -9.95635e-07 1.01024e-35 0)
(2.28549e-06 2.94063e-08 -1.80804e-36 -9.94784e-07 -7.357e-37 0)
(2.28781e-06 7.72115e-09 2.09337e-20 -9.8644e-07 7.40925e-35 -6.38125e-64)
(1.55975e-06 2.93758e-07 -6.83077e-22 -6.62719e-07 -9.49023e-22 0)
(1.6221e-06 2.91777e-07 -3.50812e-23 -6.94983e-07 3.59388e-22 0)
(1.68737e-06 2.85201e-07 -8.26486e-37 -7.24938e-07 3.58743e-37 0)
(1.74885e-06 2.75714e-07 -7.82903e-37 -7.53562e-07 4.49587e-37 0)
(1.80918e-06 2.63072e-07 3.8839e-22 -7.80668e-07 5.6061e-22 0)
(1.86605e-06 2.48706e-07 -8.64673e-22 -8.06111e-07 -7.43911e-22 0)
(1.92e-06 2.32783e-07 -8.90391e-22 -8.29792e-07 -7.56294e-22 0)
(1.97027e-06 2.16e-07 0 -8.51693e-07 0 0)
(2.01697e-06 1.98601e-07 4.33e-22 -8.71828e-07 5.85364e-22 0)
(2.05988e-06 1.80898e-07 -6.59649e-23 -8.90251e-07 3.94729e-22 0)
(2.09906e-06 1.63015e-07 -1.65831e-37 -9.07035e-07 1.35951e-36 0)
(2.13449e-06 1.45028e-07 -9.77751e-22 -9.22267e-07 -7.79782e-22 0)
(2.16625e-06 1.26917e-07 -4.65047e-22 -9.36028e-07 -5.77673e-22 0)
(2.19441e-06 1.08623e-07 -5.25783e-22 -9.48379e-07 -2.03596e-22 0)
(2.21901e-06 9.00824e-08 4.76372e-22 -9.59322e-07 5.66237e-22 0)
(2.24011e-06 7.12817e-08 -5.28757e-22 -9.6875e-07 -2.07969e-22 0)
(2.25758e-06 5.23967e-08 2.02433e-36 -9.76305e-07 -3.98772e-37 0)
(2.27125e-06 3.38875e-08 4.87587e-22 -9.81226e-07 5.44905e-22 0)
(2.27997e-06 1.67978e-08 -7.37985e-36 -9.81633e-07 -2.92809e-36 0)
(2.2828e-06 3.06396e-09 2.05365e-20 -9.75021e-07 -1.4662e-36 0)
(1.42797e-06 1.97355e-07 -8.49635e-23 -6.02255e-07 3.46963e-22 0)
(1.50462e-06 1.95257e-07 -4.18148e-22 -6.3777e-07 -1.36915e-22 0)
(1.58266e-06 1.89957e-07 1.02118e-22 -6.72166e-07 -3.7914e-22 0)
(1.65733e-06 1.83066e-07 0 -7.05464e-07 0 0)
(1.72983e-06 1.74094e-07 8.5132e-22 -7.37291e-07 7.12991e-22 0)
(1.79841e-06 1.64137e-07 3.86078e-22 -7.67433e-07 5.65303e-22 0)
(1.86321e-06 1.53213e-07 -9.07178e-22 -7.95695e-07 -7.43789e-22 0)
(1.92357e-06 1.41806e-07 -4.12948e-22 -8.21983e-07 -5.78093e-22 0)
(1.97949e-06 1.30047e-07 4.24952e-22 -8.4624e-07 5.80943e-22 0)
(2.03073e-06 1.18129e-07 -2.95362e-36 -8.68449e-07 -3.94177e-36 0)
(2.07731e-06 1.06103e-07 5.35351e-22 -8.88619e-07 1.90767e-22 0)
(2.11917e-06 9.39884e-08 1.56725e-36 -9.06767e-07 1.99282e-36 0)
(2.15631e-06 8.17278e-08 -2.11227e-36 -9.22917e-07 6.18738e-37 0)
(2.18873e-06 6.92302e-08 -5.40069e-22 -9.37075e-07 -2.01169e-22 0)
(2.21639e-06 5.64012e-08 -2.06872e-36 -9.49215e-07 5.42936e-37 0)
(2.23928e-06 4.31912e-08 1.46103e-36 -9.59273e-07 3.13356e-36 0)
(2.25727e-06 2.97674e-08 -4.84586e-22 -9.67056e-07 -5.50698e-22 0)
(2.27042e-06 1.665e-08 5.37063e-22 -9.72231e-07 2.08717e-22 0)
(2.27823e-06 5.13149e-09 5.36592e-22 -9.73904e-07 2.09076e-22 0)
(2.28073e-06 -1.1115e-09 2.09243e-20 -9.70485e-07 2.08342e-22 0)
(1.29356e-06 6.70481e-08 -6.17929e-22 -5.55864e-07 1.6924e-20 1.50988e-35)
(1.38805e-06 6.60201e-08 -2.97983e-22 -5.95492e-07 1.69217e-20 -2.56839e-50)
(1.48158e-06 6.37935e-08 -3.18063e-22 -6.34551e-07 1.6825e-20 -2.55731e-50)
(1.57145e-06 6.12217e-08 1.48304e-35 -6.72271e-07 1.72705e-20 0)
(1.65777e-06 5.79544e-08 3.55888e-22 -7.08421e-07 1.77529e-20 0)
(1.73923e-06 5.4412e-08 3.73374e-22 -7.42612e-07 1.77046e-20 2.52869e-50)
(1.81576e-06 5.0568e-08 -3.89803e-22 -7.74715e-07 1.65258e-20 -5.04144e-50)
(1.88681e-06 4.65965e-08 -4.05056e-22 -8.04549e-07 1.64716e-20 1.73153e-64)
(1.95234e-06 4.25302e-08 4.19124e-22 -8.32068e-07 1.75756e-20 -7.52145e-50)
(2.01216e-06 3.84321e-08 2.95672e-35 -8.57208e-07 1.6962e-20 -5.00301e-50)
(2.06628e-06 3.43108e-08 0 -8.79963e-07 1.69286e-20 0)
(2.11464e-06 3.01636e-08 -2.55321e-35 -9.00311e-07 1.69001e-20 -4.98476e-50)
(2.15718e-06 2.59568e-08 5.44254e-36 -9.18236e-07 1.68762e-20 -9.9554e-50)
(2.19381e-06 2.16428e-08 3.82974e-36 -9.33705e-07 1.68569e-20 -9.94403e-50)
(2.22434e-06 1.71705e-08 5.45152e-36 -9.46646e-07 1.6842e-20 -9.93526e-50)
(2.24861e-06 1.24983e-08 7.10542e-36 -9.56998e-07 1.68316e-20 -9.92913e-50)
(2.26625e-06 7.67282e-09 -4.86515e-22 -9.64622e-07 1.62762e-20 -4.96275e-50)
(2.27742e-06 2.88626e-09 2.8893e-35 -9.69531e-07 1.68235e-20 0)
(2.28183e-06 -1.1938e-09 0 -9.7157e-07 1.68242e-20 0)
(2.28156e-06 -2.63292e-09 2.03567e-20 -9.70786e-07 1.68266e-20 0)
(2.54422e-06 1.90328e-07 9.83786e-22 -2.71819e-08 1.93114e-22 0)
(2.61775e-06 3.3441e-07 -1.32044e-22 -1.36751e-07 -4.447e-23 0)
(2.75575e-06 4.82452e-07 -9.07054e-22 -3.16676e-07 -5.04482e-22 0)
(2.91498e-06 5.71395e-07 1.11356e-22 -5.4053e-07 7.64929e-23 0)
(3.08309e-06 6.03397e-07 -3.20599e-22 -7.83901e-07 -2.21207e-22 0)
(3.23538e-06 5.7323e-07 3.43914e-22 -1.02524e-06 3.74805e-22 0)
(3.35817e-06 4.85896e-07 1.1507e-21 -1.24636e-06 8.17205e-22 0)
(3.43829e-06 3.49319e-07 -5.2487e-22 -1.43243e-06 -3.87606e-22 0)
(3.47137e-06 1.77886e-07 -7.75869e-22 -1.57536e-06 -5.97363e-22 0)
(3.44772e-06 -1.88342e-08 0 -1.65114e-06 0 0)
(2.41056e-06 1.7173e-07 3.02566e-23 -2.93776e-08 8.6165e-24 0)
(2.48095e-06 3.05171e-07 1.15869e-21 -1.31703e-07 4.44019e-22 0)
(2.60915e-06 4.51007e-07 1.24791e-21 -2.91252e-07 6.84327e-22 0)
(2.75946e-06 5.509e-07 1.15714e-21 -4.89864e-07 7.67451e-22 0)
(2.9246e-06 6.05323e-07 -2.84393e-22 -7.08811e-07 -2.00199e-22 0)
(3.08336e-06 6.06744e-07 -1.44687e-21 -9.308e-07 -1.18615e-21 0)
(3.2238e-06 5.57614e-07 -1.25446e-21 -1.14077e-06 -8.96349e-22 0)
(3.33094e-06 4.61264e-07 1.87075e-21 -1.32443e-06 1.46507e-21 0)
(3.39648e-06 3.299e-07 -5.36868e-22 -1.47652e-06 -3.46872e-22 0)
(3.40376e-06 1.39338e-07 8.68796e-22 -1.58255e-06 6.91373e-22 0)
(2.29057e-06 1.5186e-07 -5.48931e-23 -3.28706e-08 -1.9063e-23 0)
(2.35896e-06 2.7687e-07 -1.01229e-21 -1.32819e-07 -3.76137e-22 0)
(2.47778e-06 4.19107e-07 -1.03701e-21 -2.7958e-07 -5.54191e-22 0)
(2.61589e-06 5.24334e-07 1.45508e-21 -4.60118e-07 9.53974e-22 0)
(2.76975e-06 5.92113e-07 1.29576e-21 -6.60017e-07 9.68052e-22 0)
(2.92149e-06 6.13451e-07 1.39323e-21 -8.65685e-07 1.13374e-21 0)
(3.06227e-06 5.896e-07 -6.82141e-24 -1.0652e-06 1.35555e-24 0)
(3.18111e-06 5.21618e-07 -1.11978e-21 -1.24627e-06 -1.03607e-21 0)
(3.27056e-06 4.2572e-07 -1.71666e-24 -1.40283e-06 2.93341e-24 0)
(3.32491e-06 2.72541e-07 2.8384e-22 -1.52265e-06 8.28083e-23 0)
(2.18096e-06 1.29547e-07 0 -3.68032e-08 0 0)
(2.24903e-06 2.47297e-07 3.33106e-22 -1.35868e-07 9.56245e-23 0)
(2.36141e-06 3.86016e-07 -3.70559e-22 -2.71557e-07 -2.40138e-22 0)
(2.49012e-06 4.95507e-07 -9.82093e-22 -4.34943e-07 -6.73371e-22 0)
(2.63487e-06 5.75346e-07 7.24586e-22 -6.15136e-07 5.44194e-22 0)
(2.78035e-06 6.15706e-07 -1.08191e-21 -8.01706e-07 -8.71423e-22 0)
(2.91894e-06 6.16472e-07 -4.31009e-22 -9.85373e-07 -4.365e-22 0)
(3.04203e-06 5.74952e-07 1.25405e-21 -1.15675e-06 1.06775e-21 0)
(3.13886e-06 5.05194e-07 -5.22621e-24 -1.31056e-06 1.92562e-24 0)
(3.21904e-06 3.79045e-07 1.71838e-21 -1.44205e-06 1.48024e-21 0)
(2.07825e-06 1.04513e-07 3.76113e-22 -4.07197e-08 5.22519e-23 0)
(2.14667e-06 2.15764e-07 5.29432e-22 -1.40877e-07 2.02477e-22 0)
(2.25377e-06 3.50123e-07 0 -2.69341e-07 0 0)
(2.37358e-06 4.60866e-07 -6.03525e-22 -4.19969e-07 -3.98927e-22 0)
(2.50851e-06 5.47803e-07 -4.75627e-22 -5.84582e-07 -3.47384e-22 0)
(2.64585e-06 6.01002e-07 2.51344e-22 -7.55387e-07 2.06248e-22 0)
(2.77949e-06 6.20193e-07 -5.91448e-22 -9.24998e-07 -4.844e-22 0)
(2.90441e-06 6.01636e-07 -4.16303e-22 -1.08611e-06 -2.93833e-22 0)
(3.00554e-06 5.57345e-07 -3.79365e-22 -1.23194e-06 -2.91164e-22 0)
(3.102e-06 4.63449e-07 -1.89831e-21 -1.36069e-06 -1.48126e-21 0)
(1.9816e-06 7.72125e-08 -7.2099e-22 -4.45502e-08 -8.37479e-23 0)
(2.05115e-06 1.83379e-07 4.43561e-22 -1.46563e-07 1.53095e-22 0)
(2.15461e-06 3.14195e-07 1.29953e-21 -2.69301e-07 6.29706e-22 0)
(2.26721e-06 4.2584e-07 -4.26098e-22 -4.08721e-07 -2.5962e-22 0)
(2.39339e-06 5.18439e-07 -6.4551e-22 -5.58735e-07 -4.85057e-22 0)
(2.52245e-06 5.82055e-07 4.61551e-22 -7.13835e-07 3.8982e-22 0)
(2.64905e-06 6.15867e-07 5.31251e-22 -8.68435e-07 4.52764e-22 0)
(2.77162e-06 6.15511e-07 2.6067e-22 -1.01788e-06 2.45035e-22 0)
(2.87217e-06 5.90007e-07 1.01913e-21 -1.15535e-06 8.17327e-22 0)
(2.97714e-06 5.23776e-07 -7.05004e-22 -1.27959e-06 -6.26141e-22 0)
(1.88887e-06 4.72748e-08 0 -4.82868e-08 0 0)
(1.95994e-06 1.4925e-07 -1.88928e-22 -1.53049e-07 -1.31162e-22 0)
(2.06072e-06 2.76788e-07 4.86002e-22 -2.72118e-07 2.48372e-22 0)
(2.16715e-06 3.88465e-07 4.07201e-22 -4.02942e-07 2.39627e-22 0)
(2.28539e-06 4.84751e-07 -1.31978e-21 -5.41029e-07 -9.36666e-22 0)
(2.40655e-06 5.56112e-07 -4.6208e-22 -6.82662e-07 -3.65987e-22 0)
(2.5259e-06 6.01452e-07 1.26851e-21 -8.23499e-07 1.08212e-21 0)
(2.64468e-06 6.1675e-07 -8.18592e-22 -9.60679e-07 -7.3667e-22 0)
(2.74276e-06 6.07498e-07 3.65059e-22 -1.08766e-06 2.52394e-22 0)
(2.85005e-06 5.65412e-07 2.24379e-21 -1.20283e-06 1.98815e-21 0)
(1.79928e-06 1.50402e-08 3.09926e-22 -5.18279e-08 4.06516e-24 0)
(1.87219e-06 1.13908e-07 -6.20662e-23 -1.59707e-07 -4.66714e-23 0)
(1.9712e-06 2.39008e-07 1.99363e-24 -2.76154e-07 2.16054e-24 0)
(2.07249e-06 3.50749e-07 1.32235e-22 -3.99698e-07 1.1098e-22 0)
(2.18366e-06 4.49822e-07 -7.59461e-22 -5.27162e-07 -5.87038e-22 0)
(2.29724e-06 5.27138e-07 4.73235e-23 -6.56393e-07 1.81629e-24 0)
(2.40913e-06 5.81215e-07 -5.10244e-24 -7.84317e-07 -4.55942e-24 0)
(2.5227e-06 6.08827e-07 -1.57121e-21 -9.09596e-07 -1.40761e-21 0)
(2.61725e-06 6.12492e-07 -1.43079e-21 -1.02651e-06 -1.20177e-21 0)
(2.72335e-06 5.90425e-07 8.82096e-22 -1.13192e-06 8.41099e-22 0)
(1.71158e-06 -1.96435e-08 4.06603e-23 -5.52691e-08 3.06917e-23 0)
(1.78655e-06 7.69759e-08 -1.54813e-22 -1.66697e-07 7.37728e-23 0)
(1.88442e-06 2.00307e-07 -3.5278e-22 -2.81645e-07 -1.37331e-22 0)
(1.98133e-06 3.12116e-07 1.13704e-21 -3.99368e-07 6.29807e-22 0)
(2.08625e-06 4.13235e-07 3.16329e-22 -5.17799e-07 2.78112e-22 0)
(2.19282e-06 4.95143e-07 -1.49151e-21 -6.36029e-07 -1.18948e-21 0)
(2.29766e-06 5.56044e-07 1.14086e-21 -7.5208e-07 9.93988e-22 0)
(2.40545e-06 5.93643e-07 7.5759e-22 -8.65651e-07 7.13053e-22 0)
(2.49595e-06 6.07966e-07 -1.37662e-21 -9.72221e-07 -1.16135e-21 0)
(2.5986e-06 6.0207e-07 -2.60491e-21 -1.06731e-06 -2.34835e-21 0)
(1.62507e-06 -5.66046e-08 5.9892e-23 -5.85747e-08 4.85449e-23 0)
(1.70225e-06 3.86539e-08 8.11807e-22 -1.73792e-07 2.51544e-22 0)
(1.79943e-06 1.61065e-07 9.24262e-22 -2.87915e-07 2.87682e-22 0)
(1.8925e-06 2.73229e-07 -7.31466e-22 -4.00659e-07 -3.92108e-22 0)
(1.99176e-06 3.75972e-07 8.10778e-22 -5.11029e-07 7.23068e-22 0)
(2.09175e-06 4.61351e-07 3.63886e-22 -6.19223e-07 3.22585e-22 0)
(2.18995e-06 5.2734e-07 9.18639e-22 -7.24378e-07 7.90695e-22 0)
(2.29174e-06 5.72622e-07 2.62472e-21 -8.26942e-07 2.38386e-21 0)
(2.37812e-06 5.955e-07 7.81032e-22 -9.23639e-07 6.55367e-22 0)
(2.47627e-06 6.02429e-07 -8.62594e-22 -1.00879e-06 -8.79012e-22 0)
(1.53902e-06 -9.58969e-08 -9.86567e-23 -6.18557e-08 -8.50305e-23 0)
(1.61849e-06 -1.15108e-09 7.41333e-22 -1.81146e-07 -3.81966e-23 0)
(1.71522e-06 1.21189e-07 5.53896e-22 -2.95021e-07 1.29444e-22 0)
(1.80473e-06 2.34059e-07 -9.18508e-22 -4.03418e-07 -4.22207e-22 0)
(1.89872e-06 3.38141e-07 -1.05551e-21 -5.06492e-07 -7.6966e-22 0)
(1.99253e-06 4.2611e-07 1.36264e-21 -6.05432e-07 1.11814e-21 0)
(2.08458e-06 4.95837e-07 8.50035e-22 -7.0046e-07 7.34511e-22 0)
(2.18044e-06 5.469e-07 7.02691e-22 -7.92572e-07 5.94869e-22 0)
(2.26282e-06 5.76513e-07 7.58546e-22 -8.7972e-07 6.24601e-22 0)
(2.35613e-06 5.93322e-07 -2.78823e-27 -9.55509e-07 -2.22896e-27 0)
(1.45294e-06 -1.37452e-07 -5.84772e-22 -6.51978e-08 4.21304e-23 0)
(1.53474e-06 -4.22292e-08 -7.48876e-22 -1.88846e-07 -1.98922e-22 0)
(1.63099e-06 8.10163e-08 -3.12271e-22 -3.02807e-07 -9.43818e-23 0)
(1.71689e-06 1.95026e-07 -3.30805e-22 -4.07089e-07 -1.61927e-22 0)
(1.80571e-06 3.00185e-07 -1.18575e-21 -5.03221e-07 -8.85027e-22 0)
(1.89355e-06 3.89863e-07 -7.57964e-22 -5.93402e-07 -5.88279e-22 0)
(1.97988e-06 4.62011e-07 6.13951e-22 -6.78937e-07 5.40025e-22 0)
(2.07009e-06 5.17051e-07 6.38721e-22 -7.61255e-07 6.24804e-22 0)
(2.14881e-06 5.51674e-07 1.17213e-21 -8.39352e-07 1.19045e-21 0)
(2.23744e-06 5.75819e-07 2.15211e-22 -9.06547e-07 2.58018e-22 0)
(1.36658e-06 -1.8134e-07 3.16351e-22 -6.89114e-08 6.31625e-25 0)
(1.45064e-06 -8.4409e-08 3.31034e-22 -1.97197e-07 5.93092e-23 0)
(1.54598e-06 4.08426e-08 -2.06056e-22 -3.1124e-07 7.32908e-24 0)
(1.62774e-06 1.56462e-07 3.14687e-24 -4.11127e-07 2.72639e-24 0)
(1.71116e-06 2.62395e-07 -8.43248e-22 -5.00219e-07 -5.81376e-22 0)
(1.79309e-06 3.52874e-07 -3.56089e-22 -5.81808e-07 -3.01304e-22 0)
(1.87409e-06 4.26148e-07 5.22925e-22 -6.58255e-07 5.04537e-22 0)
(1.95909e-06 4.83456e-07 2.64358e-28 -7.31338e-07 2.08122e-28 0)
(2.03466e-06 5.21396e-07 5.22571e-28 -8.00894e-07 3.97006e-28 0)
(2.11915e-06 5.50582e-07 3.02913e-22 -8.60328e-07 6.98993e-23 0)
(1.28005e-06 -2.27588e-07 0 -7.3425e-08 0 0)
(1.36607e-06 -1.26945e-07 5.56756e-23 -2.06775e-07 5.67369e-23 0)
(1.45943e-06 1.62746e-09 9.07894e-23 -3.20583e-07 8.87149e-23 0)
(1.536e-06 1.19208e-07 3.01552e-22 -4.1538e-07 1.36671e-22 0)
(1.61333e-06 2.25269e-07 1.54387e-22 -4.96943e-07 1.33386e-22 0)
(1.68925e-06 3.15306e-07 4.96625e-24 -5.69864e-07 4.01965e-24 0)
(1.76525e-06 3.88153e-07 2.09137e-22 -6.37496e-07 1.61873e-22 0)
(1.84562e-06 4.45906e-07 -3.90971e-22 -7.0189e-07 -3.82641e-22 0)
(1.91874e-06 4.85389e-07 -5.08982e-22 -7.6348e-07 -3.62204e-22 0)
(1.99994e-06 5.17483e-07 7.16339e-22 -8.16025e-07 6.70878e-22 0)
(1.19439e-06 -2.76385e-07 0 -8.01389e-08 0 0)
(1.28147e-06 -1.69016e-07 0 -2.1848e-07 0 0)
(1.37036e-06 -3.56239e-08 -2.68637e-22 -3.30373e-07 -2.73008e-22 0)
(1.43975e-06 8.40582e-08 0 -4.18105e-07 0 0)
(1.50985e-06 1.89237e-07 -9.27899e-22 -4.90868e-07 -6.58431e-22 0)
(1.57956e-06 2.77233e-07 3.95671e-22 -5.54666e-07 3.06141e-22 0)
(1.65101e-06 3.47847e-07 1.25287e-21 -6.1365e-07 1.11546e-21 0)
(1.7276e-06 4.04091e-07 8.67983e-22 -6.69961e-07 9.55788e-22 0)
(1.79929e-06 4.43238e-07 -4.15042e-22 -7.24356e-07 -4.37547e-22 0)
(1.87841e-06 4.76159e-07 -1.5344e-21 -7.71071e-07 -1.56079e-21 0)
(1.11147e-06 -3.27712e-07 -1.74968e-23 -9.06027e-08 -2.44687e-23 0)
(1.19749e-06 -2.07451e-07 6.92519e-22 -2.33915e-07 -1.36983e-22 0)
(1.27749e-06 -6.77085e-08 1.68365e-22 -3.41388e-07 1.83347e-22 0)
(1.33672e-06 5.30983e-08 6.96851e-24 -4.19811e-07 5.49872e-24 0)
(1.398e-06 1.55067e-07 -5.71776e-22 -4.823e-07 -3.73898e-22 0)
(1.46129e-06 2.38382e-07 -1.28084e-21 -5.36551e-07 -1.02341e-21 0)
(1.52886e-06 3.04233e-07 1.41809e-21 -5.87123e-07 1.23033e-21 0)
(1.60283e-06 3.56581e-07 2.50972e-22 -6.36045e-07 1.553e-22 0)
(1.67446e-06 3.93261e-07 8.36258e-22 -6.84105e-07 4.93391e-22 0)
(1.75305e-06 4.24898e-07 3.90243e-22 -7.26077e-07 4.51225e-22 0)
(1.03739e-06 -3.80955e-07 -1.99876e-22 -1.11653e-07 1.37371e-22 0)
(1.11599e-06 -2.39491e-07 -6.47127e-22 -2.55605e-07 1.91833e-22 0)
(1.17782e-06 -9.23449e-08 2.44876e-22 -3.50398e-07 2.89365e-22 0)
(1.22225e-06 2.72805e-08 1.06935e-22 -4.13862e-07 -1.43728e-22 0)
(1.27303e-06 1.22854e-07 5.05142e-22 -4.63496e-07 3.80438e-22 0)
(1.33033e-06 1.98166e-07 -9.64585e-22 -5.07665e-07 -7.53608e-22 0)
(1.39541e-06 2.56376e-07 8.12189e-24 -5.505e-07 5.94296e-24 0)
(1.46865e-06 3.02275e-07 8.93824e-22 -5.93326e-07 8.49351e-22 0)
(1.54229e-06 3.34298e-07 -2.94969e-22 -6.36643e-07 -1.51751e-22 0)
(1.62255e-06 3.62539e-07 -3.08895e-22 -6.75665e-07 -1.50479e-22 0)
(9.81012e-07 -4.2909e-07 1.26631e-30 -1.478e-07 -1.85637e-30 0)
(1.03693e-06 -2.50585e-07 5.02982e-23 -2.85678e-07 1.54729e-22 0)
(1.06689e-06 -9.92865e-08 2.79524e-22 -3.58884e-07 -4.60919e-22 0)
(1.09104e-06 1.0862e-08 -1.25401e-22 -4.03839e-07 -1.13713e-22 0)
(1.1303e-06 9.26373e-08 -6.75264e-22 -4.39453e-07 -4.90582e-22 0)
(1.18278e-06 1.54253e-07 0 -4.74067e-07 0 0)
(1.24766e-06 2.00636e-07 -5.2556e-22 -5.1038e-07 -2.68889e-22 0)
(1.32281e-06 2.36845e-07 2.80945e-22 -5.48627e-07 3.42648e-22 0)
(1.40119e-06 2.61724e-07 6.02319e-22 -5.88698e-07 7.74337e-22 0)
(1.48582e-06 2.84332e-07 -3.26829e-22 -6.2632e-07 -4.56275e-22 0)
(9.79197e-07 -4.52051e-07 -6.33908e-22 -2.35369e-07 7.23438e-22 0)
(9.54206e-07 -2.34724e-07 3.75736e-22 -3.23581e-07 -2.77558e-22 0)
(9.29077e-07 -8.70233e-08 5.43229e-22 -3.47351e-07 -3.51631e-25 0)
(9.28531e-07 2.04143e-09 -1.96814e-22 -3.63407e-07 4.7736e-23 0)
(9.59366e-07 6.28748e-08 -3.71848e-22 -3.84603e-07 -2.62921e-22 0)
(1.01174e-06 1.05443e-07 -2.38237e-22 -4.12034e-07 -1.12263e-22 0)
(1.08113e-06 1.36455e-07 0 -4.45308e-07 0 0)
(1.16266e-06 1.60298e-07 -3.23343e-22 -4.82626e-07 -1.2286e-22 0)
(1.24969e-06 1.7611e-07 3.5123e-22 -5.23097e-07 1.25611e-22 0)
(1.34229e-06 1.9121e-07 -2.03769e-27 -5.62892e-07 -6.93333e-28 0)
(1.08336e-06 -2.61754e-07 8.84882e-23 -3.80829e-07 1.77732e-20 -6.04676e-35)
(8.36505e-07 -1.06048e-07 7.2606e-22 -3.48825e-07 1.77473e-20 6.04613e-35)
(7.51292e-07 -3.46555e-08 1.77754e-22 -3.23508e-07 1.84671e-20 -5.95479e-35)
(7.25527e-07 -6.22822e-10 6.00273e-22 -3.1595e-07 1.83228e-20 -1.92454e-35)
(7.55448e-07 2.11706e-08 3.59196e-22 -3.29154e-07 1.81401e-20 1.90639e-35)
(8.13709e-07 3.57141e-08 2.09038e-23 -3.53949e-07 1.76776e-20 1.80787e-35)
(8.93435e-07 4.6192e-08 4.67405e-22 -3.87601e-07 1.78938e-20 -2.64008e-38)
(9.86668e-07 5.42958e-08 9.49889e-23 -4.26716e-07 1.7681e-20 1.69003e-35)
(1.08707e-06 5.95746e-08 6.4998e-22 -4.69298e-07 1.8052e-20 6.5069e-38)
(1.19205e-06 6.49316e-08 -3.03929e-22 -5.12939e-07 1.77381e-20 3.07097e-35)
)
;

boundaryField
{
    left
    {
        type            calculated;
        value           nonuniform List<symmTensor> 
30
(
(2.53208e-06 8.37856e-08 9.83786e-22 -2.71819e-08 1.93114e-22 0)
(2.3975e-06 7.52981e-08 3.02566e-23 -2.93776e-08 8.6165e-24 0)
(2.27653e-06 6.39133e-08 -5.48931e-23 -3.28706e-08 -1.9063e-23 0)
(2.16568e-06 4.81958e-08 0 -3.68032e-08 0 0)
(2.0617e-06 2.8449e-08 3.76113e-22 -4.07197e-08 5.22519e-23 0)
(1.96376e-06 5.243e-09 -7.2099e-22 -4.45502e-08 -8.37479e-23 0)
(1.86975e-06 -2.15609e-08 0 -4.82868e-08 0 0)
(1.77891e-06 -5.14684e-08 3.09926e-22 -5.18279e-08 4.06516e-24 0)
(1.68998e-06 -8.45136e-08 4.06603e-23 -5.52691e-08 3.06917e-23 0)
(1.60228e-06 -1.20415e-07 5.9892e-23 -5.85747e-08 4.85449e-23 0)
(1.51502e-06 -1.59156e-07 -9.86567e-23 -6.18557e-08 -8.50305e-23 0)
(1.4277e-06 -2.00618e-07 -5.84772e-22 -6.51978e-08 4.21304e-23 0)
(1.33999e-06 -2.44859e-07 3.16351e-22 -6.89114e-08 6.31625e-25 0)
(1.25187e-06 -2.92071e-07 0 -7.3425e-08 0 0)
(1.16415e-06 -3.42669e-07 0 -8.01389e-08 0 0)
(1.07865e-06 -3.97945e-07 -1.74968e-23 -9.06027e-08 -2.44687e-23 0)
(1.00214e-06 -4.58552e-07 -1.99876e-22 -1.11653e-07 1.37371e-22 0)
(9.4917e-07 -5.2512e-07 1.26631e-30 -1.478e-07 -1.85637e-30 0)
(9.90682e-07 -5.82897e-07 -6.33908e-22 -2.35369e-07 7.23438e-22 0)
(1.27875e-06 -4.90531e-07 3.37429e-23 -3.80829e-07 1.77732e-20 -6.04676e-35)
(9.40917e-06 1.76416e-06 2.56543e-21 -2.79102e-06 -3.98325e-20 -1.76245e-34)
(6.4906e-06 9.30112e-07 -3.69412e-22 -1.25339e-06 -6.40721e-22 0)
(5.23403e-06 4.20351e-07 1.68872e-21 -5.23128e-07 7.08304e-22 0)
(4.48414e-06 1.66958e-07 8.65069e-23 -2.56525e-07 1.2007e-22 0)
(3.97883e-06 9.39783e-08 2.9557e-27 -1.19708e-07 2.69167e-27 0)
(3.59425e-06 6.60909e-08 1.61815e-21 -6.49259e-08 2.88579e-22 0)
(3.29803e-06 6.84257e-08 2.48252e-23 -3.59355e-08 6.5019e-24 0)
(3.0555e-06 7.48325e-08 1.24045e-21 -2.63495e-08 2.34188e-22 0)
(2.85547e-06 8.06506e-08 -1.34735e-23 -2.22175e-08 -2.93302e-25 0)
(2.67989e-06 8.6472e-08 -2.07326e-23 -2.4053e-08 -4.0509e-24 0)
)
;
    }
    right
    {
        type            calculated;
        value           nonuniform List<symmTensor> 
30
(
(2.28076e-06 -1.76214e-09 3.74897e-20 -9.7028e-07 1.42403e-20 -4.08233e-35)
(2.28044e-06 -1.75906e-09 4.00314e-20 -9.69546e-07 1.09496e-21 4.46873e-35)
(2.28336e-06 -1.78755e-09 4.08204e-20 -9.76329e-07 2.91694e-22 3.36728e-38)
(2.2909e-06 -1.86515e-09 3.90329e-20 -9.93869e-07 -2.21709e-21 -6.69809e-35)
(2.30218e-06 -1.97941e-09 4.51244e-20 -1.02012e-06 2.47361e-21 6.88729e-35)
(2.31645e-06 -2.12335e-09 4.71957e-20 -1.05333e-06 9.98844e-22 -5.21474e-37)
(2.33244e-06 -2.28576e-09 4.91843e-20 -1.09054e-06 8.56097e-22 -2.23949e-37)
(2.349e-06 -2.45332e-09 5.29413e-20 -1.12907e-06 1.35402e-21 -6.2248e-37)
(2.365e-06 -2.61543e-09 5.21185e-20 -1.1663e-06 -8.64529e-22 -4.90088e-35)
(2.37939e-06 -2.76204e-09 5.49668e-20 -1.19979e-06 -1.37657e-23 -2.15048e-37)
(2.3912e-06 -2.88108e-09 5.79186e-20 -1.22728e-06 1.48693e-22 2.57709e-37)
(2.39999e-06 -2.97045e-09 5.93372e-20 -1.24774e-06 -4.90179e-36 -1.74845e-49)
(2.40595e-06 -3.03124e-09 5.97159e-20 -1.2616e-06 -2.70838e-22 -1.33244e-49)
(2.40919e-06 -3.06373e-09 6.02539e-20 -1.26914e-06 -2.72456e-22 0)
(2.40919e-06 -3.06414e-09 6.19523e-20 -1.26914e-06 5.44913e-22 0)
(2.40618e-06 -3.03292e-09 6.03816e-20 -1.26213e-06 4.8982e-35 -8.89612e-50)
(2.40062e-06 -2.97591e-09 5.95229e-20 -1.24919e-06 -5.5632e-36 -1.75392e-49)
(2.3925e-06 -2.89455e-09 5.87914e-20 -1.2303e-06 2.64119e-22 1.42734e-64)
(2.38229e-06 -2.79085e-09 5.61509e-20 -1.20655e-06 -2.5902e-22 -1.25246e-49)
(2.3704e-06 -2.67104e-09 5.48186e-20 -1.17887e-06 4.43552e-35 -8.07655e-50)
(2.35734e-06 -2.53859e-09 5.27817e-20 -1.14849e-06 -1.69874e-36 0)
(2.34368e-06 -2.39978e-09 5.06486e-20 -1.1167e-06 -1.65172e-36 0)
(2.33002e-06 -2.26151e-09 4.85161e-20 -1.08491e-06 -8.02355e-37 0)
(2.31698e-06 -2.12871e-09 4.64801e-20 -1.05457e-06 -4.08807e-35 -6.84805e-50)
(2.30521e-06 -2.00936e-09 4.46407e-20 -1.02716e-06 -1.33581e-36 -1.31541e-49)
(2.29525e-06 -1.90943e-09 4.3082e-20 -1.004e-06 3.80984e-35 -6.34742e-50)
(2.28771e-06 -1.83372e-09 4.19082e-20 -9.8644e-07 7.40925e-35 -6.38125e-64)
(2.2828e-06 -1.7832e-09 4.11131e-20 -9.75021e-07 -1.4662e-36 0)
(2.28085e-06 -1.76255e-09 4.13517e-20 -9.70485e-07 2.08342e-22 0)
(2.28098e-06 -1.76403e-09 4.07533e-20 -9.70786e-07 1.68266e-20 0)
)
;
    }
    down
    {
        type            calculated;
        value           nonuniform List<symmTensor> 
30
(
(-1.30991e-09 6.25201e-10 3.16817e-20 4.33091e-09 3.94412e-20 1.63321e-34)
(1.77395e-08 6.04858e-10 -9.00562e-23 -3.81133e-09 3.83563e-20 1.56283e-36)
(1.13052e-07 5.04827e-10 -1.1856e-21 -4.45474e-08 3.46442e-20 1.9468e-35)
(2.63666e-07 3.47277e-10 -2.16067e-24 -1.08921e-07 3.5811e-20 0)
(4.37238e-07 1.65155e-10 -1.63542e-22 -1.83106e-07 3.37754e-20 -1.55353e-36)
(6.18763e-07 -2.42954e-11 -1.62148e-21 -2.6069e-07 3.53091e-20 3.23584e-35)
(7.96128e-07 -2.10842e-10 3.67465e-22 -3.36497e-07 3.70576e-20 1.5404e-36)
(9.65256e-07 -3.87371e-10 -1.07374e-21 -4.08783e-07 3.57612e-20 2.9176e-35)
(1.12041e-06 -5.5009e-10 8.7056e-22 -4.75099e-07 3.59665e-20 -1.26153e-35)
(1.26416e-06 -7.00515e-10 1.82292e-21 -5.36535e-07 3.53431e-20 -3.79158e-35)
(1.39358e-06 -8.36421e-10 1.83951e-21 -5.9185e-07 3.63523e-20 -1.12494e-35)
(1.50636e-06 -9.54102e-10 1.71662e-21 -6.40053e-07 3.4966e-20 -2.46479e-35)
(1.60996e-06 -1.06312e-09 -1.80064e-22 -6.84333e-07 3.26514e-20 -1.43396e-35)
(1.70313e-06 -1.16121e-09 1.58282e-22 -7.24152e-07 3.37639e-20 -6.27758e-37)
(1.78717e-06 -1.24878e-09 -8.74428e-22 -7.60072e-07 3.3845e-20 3.72005e-35)
(1.86248e-06 -1.3275e-09 5.66419e-22 -7.92259e-07 3.42479e-20 0)
(1.92998e-06 -1.39802e-09 5.33018e-22 -8.21112e-07 3.41622e-20 0)
(1.99015e-06 -1.46134e-09 1.05381e-21 -8.46828e-07 3.47604e-20 4.80583e-37)
(2.04369e-06 -1.51786e-09 9.55891e-22 -8.6971e-07 3.41942e-20 -1.25427e-35)
(2.091e-06 -1.56656e-09 1.59666e-21 -8.8993e-07 3.53159e-20 8.12607e-37)
(2.13256e-06 -1.60967e-09 1.8828e-21 -9.07691e-07 3.44507e-20 -3.78885e-35)
(2.16865e-06 -1.64846e-09 -1.33887e-22 -9.23119e-07 3.36452e-20 1.26765e-35)
(2.19953e-06 -1.68043e-09 1.83604e-21 -9.36319e-07 3.43619e-20 -3.81778e-35)
(2.22537e-06 -1.70808e-09 -1.56295e-21 -9.47363e-07 3.16143e-20 -7.65915e-37)
(2.24624e-06 -1.73025e-09 3.75656e-22 -9.56278e-07 3.4235e-20 1.30489e-35)
(2.26224e-06 -1.74604e-09 2.25879e-22 -9.63119e-07 3.36806e-20 -3.08709e-45)
(2.27334e-06 -1.75729e-09 -4.42216e-22 -9.67862e-07 3.2924e-20 -1.39216e-37)
(2.27995e-06 -1.76547e-09 7.89794e-22 -9.70688e-07 3.43808e-20 9.98625e-38)
(2.28204e-06 -1.76727e-09 4.25265e-22 -9.71582e-07 3.27202e-20 -3.93501e-35)
(2.28127e-06 -1.76645e-09 1.72963e-20 -9.71255e-07 3.10125e-20 -4.08233e-35)
)
;
    }
    up
    {
        type            calculated;
        value           nonuniform List<symmTensor> 
30
(
(1.08336e-06 -5.11936e-10 8.84882e-23 -4.59259e-07 3.6003e-20 -6.04676e-35)
(8.36505e-07 -2.52942e-10 7.2606e-22 -3.53754e-07 3.60086e-20 6.04613e-35)
(7.51292e-07 -1.63564e-10 1.77754e-22 -3.17334e-07 3.66945e-20 -5.95479e-35)
(7.25527e-07 -1.37053e-10 6.00273e-22 -3.06322e-07 3.64935e-20 -1.92454e-35)
(7.55448e-07 -1.67917e-10 3.59196e-22 -3.19111e-07 3.62282e-20 1.90639e-35)
(8.13709e-07 -2.2936e-10 2.09038e-23 -3.44012e-07 3.56741e-20 1.80787e-35)
(8.93435e-07 -3.1238e-10 4.67405e-22 -3.78087e-07 3.57941e-20 -2.64008e-38)
(9.86668e-07 -4.10511e-10 9.49889e-23 -4.17935e-07 3.54847e-20 1.69003e-35)
(1.08707e-06 -5.1535e-10 6.4998e-22 -4.60848e-07 3.57619e-20 6.5069e-38)
(1.19205e-06 -6.24824e-10 -3.03929e-22 -5.05714e-07 3.53569e-20 3.07097e-35)
(1.29356e-06 -7.31248e-10 -6.17929e-22 -5.49102e-07 3.44549e-20 1.50988e-35)
(1.38805e-06 -8.30553e-10 -2.97983e-22 -5.89486e-07 3.43729e-20 -2.56839e-50)
(1.48158e-06 -9.2833e-10 -3.18063e-22 -6.29462e-07 3.42008e-20 -2.55731e-50)
(1.57145e-06 -1.02318e-09 1.48304e-35 -6.67875e-07 3.45764e-20 0)
(1.65777e-06 -1.11299e-09 3.55888e-22 -7.04768e-07 3.49939e-20 0)
(1.73923e-06 -1.19801e-09 3.73374e-22 -7.39582e-07 3.48861e-20 2.52869e-50)
(1.81576e-06 -1.27866e-09 -3.89803e-22 -7.72292e-07 3.36532e-20 -5.04144e-50)
(1.88681e-06 -1.35302e-09 -4.05056e-22 -8.02657e-07 3.35502e-20 1.73153e-64)
(1.95234e-06 -1.42154e-09 4.19124e-22 -8.30665e-07 3.46108e-20 -7.52145e-50)
(2.01216e-06 -1.4845e-09 2.95672e-35 -8.56235e-07 3.39588e-20 -5.00301e-50)
(2.06628e-06 -1.54131e-09 0 -8.79367e-07 3.38921e-20 0)
(2.11464e-06 -1.59117e-09 -2.55321e-35 -9.00033e-07 3.38349e-20 -4.98476e-50)
(2.15718e-06 -1.63535e-09 5.44254e-36 -9.18215e-07 3.3787e-20 -9.9554e-50)
(2.19381e-06 -1.67509e-09 3.82974e-36 -9.33871e-07 3.37484e-20 -9.94403e-50)
(2.22434e-06 -1.70659e-09 5.45152e-36 -9.4692e-07 3.37186e-20 -9.93526e-50)
(2.24861e-06 -1.73172e-09 7.10542e-36 -9.57293e-07 3.36978e-20 -9.92913e-50)
(2.26625e-06 -1.75036e-09 -4.86515e-22 -9.64834e-07 3.31362e-20 -4.96275e-50)
(2.27742e-06 -1.76221e-09 2.8893e-35 -9.69609e-07 3.36815e-20 0)
(2.28183e-06 -1.76658e-09 0 -9.71492e-07 3.36829e-20 0)
(2.28156e-06 -1.7671e-09 2.03567e-20 -9.71378e-07 3.36877e-20 0)
)
;
    }
    hole
    {
        type            calculated;
        value           nonuniform List<symmTensor> 
20
(
(1.39656e-06 -2.88455e-06 5.13125e-19 9.35514e-07 5.5966e-19 7.62743e-34)
(2.16401e-06 -3.30163e-06 5.34112e-19 5.69039e-07 6.82948e-19 4.59781e-35)
(3.05506e-06 -3.59047e-06 5.25279e-19 6.95649e-08 7.86134e-19 0)
(4.03054e-06 -3.71407e-06 4.70675e-19 -5.31803e-07 8.44503e-19 -2.55416e-35)
(5.03865e-06 -3.63988e-06 3.6576e-19 -1.19414e-06 7.95712e-19 -4.63216e-34)
(6.03362e-06 -3.36606e-06 2.48794e-19 -1.87023e-06 6.84682e-19 -4.44015e-34)
(6.94234e-06 -2.88549e-06 1.5483e-19 -2.50438e-06 5.28605e-19 -8.37816e-34)
(7.77314e-06 -2.23717e-06 7.55282e-20 -3.07084e-06 3.3653e-19 -2.6932e-35)
(8.4018e-06 -1.42e-06 1.89789e-20 -3.49765e-06 1.25472e-19 1.46317e-34)
(8.95745e-06 -4.94027e-07 -6.30236e-22 -3.81927e-06 -8.0601e-20 -1.76245e-34)
(9.52404e-09 7.32393e-10 6.60538e-20 -2.17646e-09 2.42372e-20 1.63321e-34)
(9.5893e-09 1.02823e-09 6.87768e-20 -2.38856e-09 9.56621e-21 4.408e-35)
(-2.17004e-08 -2.09992e-08 7.13103e-20 7.63824e-08 1.41467e-20 -1.96207e-36)
(-8.00764e-08 -9.99676e-08 8.44957e-20 2.44841e-07 2.24354e-20 -3.75638e-35)
(-1.39763e-07 -2.62856e-07 9.84845e-20 4.76476e-07 3.93616e-20 9.89582e-35)
(-1.6692e-07 -5.27314e-07 1.42169e-19 7.3592e-07 6.37043e-20 -1.49945e-34)
(-1.21836e-07 -8.93607e-07 2.13909e-19 9.75715e-07 1.17535e-19 -1.60961e-34)
(3.28239e-08 -1.34738e-06 3.03249e-19 1.15033e-06 1.9671e-19 -3.27063e-34)
(3.2739e-07 -1.85875e-06 3.86293e-19 1.21899e-06 3.04764e-19 4.48381e-34)
(7.8061e-07 -2.38723e-06 4.59122e-19 1.15251e-06 4.24859e-19 6.59809e-35)
)
;
    }
    frontAndBack
    {
        type            empty;
    }
}


// ************************************************************************* //
