/*--------------------------------*- C++ -*----------------------------------*\
  =========                 |
  \\      /  F ield         | OpenFOAM: The Open Source CFD Toolbox
   \\    /   O peration     | Website:  https://openfoam.org
    \\  /    A nd           | Version:  9
     \\/     M anipulation  |
\*---------------------------------------------------------------------------*/
FoamFile
{
    format      ascii;
    class       pointVectorField;
    location    "5";
    object      pointD;
}
// * * * * * * * * * * * * * * * * * * * * * * * * * * * * * * * * * * * * * //

dimensions      [0 1 0 0 0 0 0];

internalField   nonuniform List<vector> 
2142
(
(3.70556e-06 1.08087e-06 -3.51287e-20)
(3.4347e-06 1.25259e-06 0)
(3.24545e-06 1.37498e-06 0)
(3.10779e-06 1.47437e-06 0)
(3.00877e-06 1.55579e-06 0)
(2.9386e-06 1.62589e-06 0)
(2.89027e-06 1.68752e-06 0)
(2.8588e-06 1.74322e-06 0)
(2.84039e-06 1.7945e-06 0)
(2.83222e-06 1.84239e-06 0)
(2.8342e-06 1.89437e-06 0)
(3.38567e-06 9.91249e-07 -4.13725e-20)
(3.09894e-06 1.12662e-06 0)
(2.90022e-06 1.22196e-06 0)
(2.75653e-06 1.30009e-06 0)
(2.65346e-06 1.36397e-06 0)
(2.58031e-06 1.41921e-06 0)
(2.52945e-06 1.46783e-06 0)
(2.49563e-06 1.51195e-06 0)
(2.4747e-06 1.55259e-06 0)
(2.46376e-06 1.59098e-06 0)
(2.41481e-06 1.59294e-06 0)
(3.0528e-06 9.0318e-07 -4.60735e-20)
(2.75824e-06 9.98056e-07 0)
(2.55537e-06 1.06426e-06 0)
(2.40952e-06 1.12016e-06 0)
(2.30531e-06 1.1662e-06 0)
(2.23139e-06 1.20673e-06 0)
(2.17976e-06 1.24269e-06 0)
(2.14489e-06 1.27567e-06 0)
(2.12253e-06 1.3061e-06 0)
(2.10956e-06 1.33519e-06 0)
(2.06572e-06 1.33234e-06 0)
(2.70826e-06 8.17433e-07 -4.85338e-20)
(2.41464e-06 8.69484e-07 0)
(2.21339e-06 9.05554e-07 0)
(2.06961e-06 9.3898e-07 0)
(1.96744e-06 9.67506e-07 0)
(1.89521e-06 9.93962e-07 0)
(1.84472e-06 1.01812e-06 0)
(1.81036e-06 1.04091e-06 0)
(1.78789e-06 1.06218e-06 0)
(1.77413e-06 1.08284e-06 0)
(1.73628e-06 1.07676e-06 0)
(2.35325e-06 7.34475e-07 -4.67995e-20)
(2.06957e-06 7.43317e-07 0)
(1.876e-06 7.49466e-07 0)
(1.73876e-06 7.61082e-07 0)
(1.64205e-06 7.73076e-07 0)
(1.57413e-06 7.86642e-07 0)
(1.52683e-06 8.00278e-07 0)
(1.4946e-06 8.14162e-07 0)
(1.47331e-06 8.27555e-07 0)
(1.45987e-06 8.40974e-07 0)
(1.42831e-06 8.33109e-07 0)
(1.98943e-06 6.54288e-07 -4.07725e-20)
(1.72417e-06 6.21493e-07 0)
(1.5443e-06 5.99266e-07 0)
(1.4183e-06 5.90812e-07 0)
(1.33064e-06 5.88109e-07 0)
(1.26975e-06 5.90643e-07 0)
(1.22769e-06 5.95556e-07 0)
(1.19912e-06 6.02236e-07 0)
(1.18022e-06 6.09361e-07 0)
(1.16805e-06 6.17008e-07 0)
(1.14274e-06 6.08763e-07 0)
(1.61798e-06 5.75998e-07 -3.24044e-20)
(1.37853e-06 5.05136e-07 0)
(1.21853e-06 4.57575e-07 0)
(1.10869e-06 4.32169e-07 0)
(1.03385e-06 4.17692e-07 0)
(9.82721e-07 4.1185e-07 0)
(9.47862e-07 4.10393e-07 0)
(9.24364e-07 4.1194e-07 0)
(9.08844e-07 4.14663e-07 0)
(8.98695e-07 4.18228e-07 0)
(8.79369e-07 4.10896e-07 0)
(1.24209e-06 4.97299e-07 -2.24989e-20)
(1.0331e-06 3.93818e-07 0)
(8.99174e-07 3.26092e-07 0)
(8.1067e-07 2.88878e-07 0)
(7.52305e-07 2.66993e-07 0)
(7.13383e-07 2.56352e-07 0)
(6.87295e-07 2.51409e-07 0)
(6.69886e-07 2.50176e-07 0)
(6.58402e-07 2.50496e-07 0)
(6.50755e-07 2.5174e-07 0)
(6.36973e-07 2.4636e-07 0)
(8.63761e-07 4.1119e-07 -1.18247e-20)
(6.86278e-07 2.83494e-07 0)
(5.86214e-07 2.0485e-07 0)
(5.2446e-07 1.64277e-07 0)
(4.85763e-07 1.41352e-07 0)
(4.60832e-07 1.30388e-07 0)
(4.44423e-07 1.25125e-07 0)
(4.33564e-07 1.23396e-07 0)
(4.26355e-07 1.23087e-07 0)
(4.2141e-07 1.23517e-07 0)
(4.12628e-07 1.20616e-07 0)
(5.06685e-07 3.02749e-07 -1.12942e-21)
(3.41049e-07 1.66823e-07 0)
(2.84291e-07 9.72643e-08 0)
(2.53875e-07 6.61508e-08 0)
(2.36007e-07 5.0327e-08 0)
(2.24848e-07 4.35258e-08 0)
(2.17526e-07 4.05851e-08 0)
(2.12658e-07 3.98659e-08 0)
(2.09346e-07 3.99264e-08 0)
(2.0696e-07 4.03287e-08 0)
(2.02635e-07 3.95284e-08 0)
(1.7001e-07 1.20392e-07 2.06547e-21)
(0 0 0)
(0 0 0)
(0 0 0)
(0 0 0)
(0 0 0)
(0 0 0)
(0 0 0)
(0 0 0)
(0 0 0)
(0 0 0)
(3.70556e-06 1.08087e-06 -3.51287e-20)
(3.4347e-06 1.25259e-06 0)
(3.24545e-06 1.37498e-06 0)
(3.10779e-06 1.47437e-06 0)
(3.00877e-06 1.55579e-06 0)
(2.9386e-06 1.62589e-06 0)
(2.89027e-06 1.68752e-06 0)
(2.8588e-06 1.74322e-06 0)
(2.84039e-06 1.7945e-06 0)
(2.83222e-06 1.84239e-06 0)
(2.8342e-06 1.89437e-06 0)
(3.38567e-06 9.91249e-07 -4.13725e-20)
(3.09894e-06 1.12662e-06 0)
(2.90022e-06 1.22196e-06 0)
(2.75653e-06 1.30009e-06 0)
(2.65346e-06 1.36397e-06 0)
(2.58031e-06 1.41921e-06 0)
(2.52945e-06 1.46783e-06 0)
(2.49563e-06 1.51195e-06 0)
(2.4747e-06 1.55259e-06 0)
(2.46376e-06 1.59098e-06 0)
(2.41481e-06 1.59294e-06 0)
(3.0528e-06 9.0318e-07 -4.60735e-20)
(2.75824e-06 9.98056e-07 0)
(2.55537e-06 1.06426e-06 0)
(2.40952e-06 1.12016e-06 0)
(2.30531e-06 1.1662e-06 0)
(2.23139e-06 1.20673e-06 0)
(2.17976e-06 1.24269e-06 0)
(2.14489e-06 1.27567e-06 0)
(2.12253e-06 1.3061e-06 0)
(2.10956e-06 1.33519e-06 0)
(2.06572e-06 1.33234e-06 0)
(2.70826e-06 8.17433e-07 -4.85338e-20)
(2.41464e-06 8.69484e-07 0)
(2.21339e-06 9.05554e-07 0)
(2.06961e-06 9.3898e-07 0)
(1.96744e-06 9.67506e-07 0)
(1.89521e-06 9.93962e-07 0)
(1.84472e-06 1.01812e-06 0)
(1.81036e-06 1.04091e-06 0)
(1.78789e-06 1.06218e-06 0)
(1.77413e-06 1.08284e-06 0)
(1.73628e-06 1.07676e-06 0)
(2.35325e-06 7.34475e-07 -4.67995e-20)
(2.06957e-06 7.43317e-07 0)
(1.876e-06 7.49466e-07 0)
(1.73876e-06 7.61082e-07 0)
(1.64205e-06 7.73076e-07 0)
(1.57413e-06 7.86642e-07 0)
(1.52683e-06 8.00278e-07 0)
(1.4946e-06 8.14162e-07 0)
(1.47331e-06 8.27555e-07 0)
(1.45987e-06 8.40974e-07 0)
(1.42831e-06 8.33109e-07 0)
(1.98943e-06 6.54288e-07 -4.07725e-20)
(1.72417e-06 6.21493e-07 0)
(1.5443e-06 5.99266e-07 0)
(1.4183e-06 5.90812e-07 0)
(1.33064e-06 5.88109e-07 0)
(1.26975e-06 5.90643e-07 0)
(1.22769e-06 5.95556e-07 0)
(1.19912e-06 6.02236e-07 0)
(1.18022e-06 6.09361e-07 0)
(1.16805e-06 6.17008e-07 0)
(1.14274e-06 6.08763e-07 0)
(1.61798e-06 5.75998e-07 -3.24044e-20)
(1.37853e-06 5.05136e-07 0)
(1.21853e-06 4.57575e-07 0)
(1.10869e-06 4.32169e-07 0)
(1.03385e-06 4.17692e-07 0)
(9.82721e-07 4.1185e-07 0)
(9.47862e-07 4.10393e-07 0)
(9.24364e-07 4.1194e-07 0)
(9.08844e-07 4.14663e-07 0)
(8.98695e-07 4.18228e-07 0)
(8.79369e-07 4.10896e-07 0)
(1.24209e-06 4.97299e-07 -2.24989e-20)
(1.0331e-06 3.93818e-07 0)
(8.99174e-07 3.26092e-07 0)
(8.1067e-07 2.88878e-07 0)
(7.52305e-07 2.66993e-07 0)
(7.13383e-07 2.56352e-07 0)
(6.87295e-07 2.51409e-07 0)
(6.69886e-07 2.50176e-07 0)
(6.58402e-07 2.50496e-07 0)
(6.50755e-07 2.5174e-07 0)
(6.36973e-07 2.4636e-07 0)
(8.63761e-07 4.1119e-07 -1.18247e-20)
(6.86278e-07 2.83494e-07 0)
(5.86214e-07 2.0485e-07 0)
(5.2446e-07 1.64277e-07 0)
(4.85763e-07 1.41352e-07 0)
(4.60832e-07 1.30388e-07 0)
(4.44423e-07 1.25125e-07 0)
(4.33564e-07 1.23396e-07 0)
(4.26355e-07 1.23087e-07 0)
(4.2141e-07 1.23517e-07 0)
(4.12628e-07 1.20616e-07 0)
(5.06685e-07 3.02749e-07 -1.12942e-21)
(3.41049e-07 1.66823e-07 0)
(2.84291e-07 9.72643e-08 0)
(2.53875e-07 6.61508e-08 0)
(2.36007e-07 5.0327e-08 0)
(2.24848e-07 4.35258e-08 0)
(2.17526e-07 4.05851e-08 0)
(2.12658e-07 3.98659e-08 0)
(2.09346e-07 3.99264e-08 0)
(2.0696e-07 4.03287e-08 0)
(2.02635e-07 3.95284e-08 0)
(1.7001e-07 1.20392e-07 2.06547e-21)
(0 0 0)
(0 0 0)
(0 0 0)
(0 0 0)
(0 0 0)
(0 0 0)
(0 0 0)
(0 0 0)
(0 0 0)
(0 0 0)
(6.01332e-06 1.77803e-06 -2.51485e-21)
(6.05649e-06 1.95054e-06 -1.54783e-21)
(6.05159e-06 2.17237e-06 -1.68874e-21)
(6.04837e-06 2.37814e-06 -1.82716e-21)
(6.05226e-06 2.56747e-06 -1.96224e-21)
(6.06531e-06 2.74229e-06 -2.09455e-21)
(6.08824e-06 2.90487e-06 -2.22468e-21)
(6.12097e-06 3.05751e-06 -2.35318e-21)
(6.16312e-06 3.20214e-06 -2.48052e-21)
(6.21378e-06 3.34059e-06 -2.60711e-21)
(6.27241e-06 3.47358e-06 -2.69609e-21)
(5.87958e-06 1.71121e-06 -3.61562e-21)
(5.86162e-06 1.9428e-06 0)
(5.84666e-06 2.16323e-06 0)
(5.83884e-06 2.36596e-06 0)
(5.84021e-06 2.55106e-06 0)
(5.85145e-06 2.72078e-06 0)
(5.87249e-06 2.87762e-06 0)
(5.90285e-06 3.02412e-06 0)
(5.9419e-06 3.16233e-06 0)
(5.98877e-06 3.29422e-06 0)
(6.0463e-06 3.42138e-06 0)
(5.69767e-06 1.68288e-06 -3.72684e-21)
(5.65984e-06 1.91959e-06 0)
(5.62915e-06 2.13799e-06 0)
(5.60961e-06 2.33648e-06 0)
(5.60203e-06 2.51614e-06 0)
(5.60613e-06 2.67982e-06 0)
(5.62105e-06 2.83024e-06 0)
(5.64573e-06 2.97007e-06 0)
(5.67923e-06 3.10146e-06 0)
(5.72036e-06 3.22649e-06 0)
(5.77638e-06 3.34809e-06 0)
(5.50487e-06 1.63702e-06 -4.00731e-21)
(5.44299e-06 1.88152e-06 0)
(5.39354e-06 2.09713e-06 0)
(5.35912e-06 2.28979e-06 0)
(5.33961e-06 2.46229e-06 0)
(5.3339e-06 2.61837e-06 0)
(5.34037e-06 2.76108e-06 0)
(5.35747e-06 2.89323e-06 0)
(5.38387e-06 3.017e-06 0)
(5.41803e-06 3.13452e-06 0)
(5.47245e-06 3.25072e-06 0)
(5.29774e-06 1.57784e-06 -4.91425e-21)
(5.20773e-06 1.82915e-06 0)
(5.13745e-06 2.04073e-06 0)
(5.08645e-06 2.22614e-06 0)
(5.05354e-06 2.38994e-06 0)
(5.03667e-06 2.537e-06 0)
(5.03353e-06 2.67072e-06 0)
(5.04204e-06 2.79407e-06 0)
(5.06054e-06 2.90927e-06 0)
(5.08711e-06 3.01845e-06 0)
(5.14009e-06 3.12924e-06 0)
(5.07432e-06 1.5082e-06 -6.90553e-21)
(4.95294e-06 1.76273e-06 0)
(4.86053e-06 1.96813e-06 0)
(4.79233e-06 2.14453e-06 0)
(4.74569e-06 2.29808e-06 0)
(4.7174e-06 2.43474e-06 0)
(4.70445e-06 2.55826e-06 0)
(4.70421e-06 2.67174e-06 0)
(4.71471e-06 2.77746e-06 0)
(4.73365e-06 2.87749e-06 0)
(4.7856e-06 2.98294e-06 0)
(4.83386e-06 1.4307e-06 -1.0295e-20)
(4.67919e-06 1.68286e-06 0)
(4.56421e-06 1.87915e-06 0)
(4.47901e-06 2.04457e-06 0)
(4.41902e-06 2.18638e-06 0)
(4.37975e-06 2.31145e-06 0)
(4.35739e-06 2.42376e-06 0)
(4.34881e-06 2.5265e-06 0)
(4.35168e-06 2.62197e-06 0)
(4.36339e-06 2.71214e-06 0)
(4.41485e-06 2.81238e-06 0)
(4.57624e-06 1.34743e-06 -1.51522e-20)
(4.38809e-06 1.59041e-06 0)
(4.25109e-06 1.774e-06 0)
(4.14975e-06 1.92623e-06 0)
(4.07739e-06 2.05486e-06 0)
(4.02809e-06 2.16728e-06 0)
(3.99721e-06 2.26756e-06 0)
(3.98109e-06 2.3589e-06 0)
(3.97707e-06 2.44354e-06 0)
(3.98226e-06 2.52333e-06 0)
(4.03381e-06 2.61854e-06 0)
(4.30183e-06 1.26031e-06 -2.12655e-20)
(4.08191e-06 1.4867e-06 0)
(3.92447e-06 1.65368e-06 0)
(3.80858e-06 1.79044e-06 0)
(3.7253e-06 1.9045e-06 0)
(3.66729e-06 2.0034e-06 0)
(3.62908e-06 2.09106e-06 0)
(3.60651e-06 2.17057e-06 0)
(3.59654e-06 2.24403e-06 0)
(3.59616e-06 2.31309e-06 0)
(3.64835e-06 2.40339e-06 0)
(4.01131e-06 1.17097e-06 -2.81565e-20)
(3.76322e-06 1.3734e-06 0)
(3.58802e-06 1.51988e-06 0)
(3.45981e-06 1.63894e-06 0)
(3.3675e-06 1.73718e-06 0)
(3.30244e-06 1.8219e-06 0)
(3.25833e-06 1.89659e-06 0)
(3.23058e-06 1.96409e-06 0)
(3.21578e-06 2.02629e-06 0)
(3.21095e-06 2.08439e-06 0)
(3.26403e-06 2.16976e-06 0)
(6.01332e-06 1.77803e-06 -2.51485e-21)
(6.05649e-06 1.95054e-06 -1.54783e-21)
(6.05159e-06 2.17237e-06 -1.68874e-21)
(6.04837e-06 2.37814e-06 -1.82716e-21)
(6.05226e-06 2.56747e-06 -1.96224e-21)
(6.06531e-06 2.74229e-06 -2.09455e-21)
(6.08824e-06 2.90487e-06 -2.22468e-21)
(6.12097e-06 3.05751e-06 -2.35318e-21)
(6.16312e-06 3.20214e-06 -2.48052e-21)
(6.21378e-06 3.34059e-06 -2.60711e-21)
(6.27241e-06 3.47358e-06 -2.69609e-21)
(5.87958e-06 1.71121e-06 -3.61562e-21)
(5.86162e-06 1.9428e-06 0)
(5.84666e-06 2.16323e-06 0)
(5.83884e-06 2.36596e-06 0)
(5.84021e-06 2.55106e-06 0)
(5.85145e-06 2.72078e-06 0)
(5.87249e-06 2.87762e-06 0)
(5.90285e-06 3.02412e-06 0)
(5.9419e-06 3.16233e-06 0)
(5.98877e-06 3.29422e-06 0)
(6.0463e-06 3.42138e-06 0)
(5.69767e-06 1.68288e-06 -3.72684e-21)
(5.65984e-06 1.91959e-06 0)
(5.62915e-06 2.13799e-06 0)
(5.60961e-06 2.33648e-06 0)
(5.60203e-06 2.51614e-06 0)
(5.60613e-06 2.67982e-06 0)
(5.62105e-06 2.83024e-06 0)
(5.64573e-06 2.97007e-06 0)
(5.67923e-06 3.10146e-06 0)
(5.72036e-06 3.22649e-06 0)
(5.77638e-06 3.34809e-06 0)
(5.50487e-06 1.63702e-06 -4.00731e-21)
(5.44299e-06 1.88152e-06 0)
(5.39354e-06 2.09713e-06 0)
(5.35912e-06 2.28979e-06 0)
(5.33961e-06 2.46229e-06 0)
(5.3339e-06 2.61837e-06 0)
(5.34037e-06 2.76108e-06 0)
(5.35747e-06 2.89323e-06 0)
(5.38387e-06 3.017e-06 0)
(5.41803e-06 3.13452e-06 0)
(5.47245e-06 3.25072e-06 0)
(5.29774e-06 1.57784e-06 -4.91425e-21)
(5.20773e-06 1.82915e-06 0)
(5.13745e-06 2.04073e-06 0)
(5.08645e-06 2.22614e-06 0)
(5.05354e-06 2.38994e-06 0)
(5.03667e-06 2.537e-06 0)
(5.03353e-06 2.67072e-06 0)
(5.04204e-06 2.79407e-06 0)
(5.06054e-06 2.90927e-06 0)
(5.08711e-06 3.01845e-06 0)
(5.14009e-06 3.12924e-06 0)
(5.07432e-06 1.5082e-06 -6.90553e-21)
(4.95294e-06 1.76273e-06 0)
(4.86053e-06 1.96813e-06 0)
(4.79233e-06 2.14453e-06 0)
(4.74569e-06 2.29808e-06 0)
(4.7174e-06 2.43474e-06 0)
(4.70445e-06 2.55826e-06 0)
(4.70421e-06 2.67174e-06 0)
(4.71471e-06 2.77746e-06 0)
(4.73365e-06 2.87749e-06 0)
(4.7856e-06 2.98294e-06 0)
(4.83386e-06 1.4307e-06 -1.0295e-20)
(4.67919e-06 1.68286e-06 0)
(4.56421e-06 1.87915e-06 0)
(4.47901e-06 2.04457e-06 0)
(4.41902e-06 2.18638e-06 0)
(4.37975e-06 2.31145e-06 0)
(4.35739e-06 2.42376e-06 0)
(4.34881e-06 2.5265e-06 0)
(4.35168e-06 2.62197e-06 0)
(4.36339e-06 2.71214e-06 0)
(4.41485e-06 2.81238e-06 0)
(4.57624e-06 1.34743e-06 -1.51522e-20)
(4.38809e-06 1.59041e-06 0)
(4.25109e-06 1.774e-06 0)
(4.14975e-06 1.92623e-06 0)
(4.07739e-06 2.05486e-06 0)
(4.02809e-06 2.16728e-06 0)
(3.99721e-06 2.26756e-06 0)
(3.98109e-06 2.3589e-06 0)
(3.97707e-06 2.44354e-06 0)
(3.98226e-06 2.52333e-06 0)
(4.03381e-06 2.61854e-06 0)
(4.30183e-06 1.26031e-06 -2.12655e-20)
(4.08191e-06 1.4867e-06 0)
(3.92447e-06 1.65368e-06 0)
(3.80858e-06 1.79044e-06 0)
(3.7253e-06 1.9045e-06 0)
(3.66729e-06 2.0034e-06 0)
(3.62908e-06 2.09106e-06 0)
(3.60651e-06 2.17057e-06 0)
(3.59654e-06 2.24403e-06 0)
(3.59616e-06 2.31309e-06 0)
(3.64835e-06 2.40339e-06 0)
(4.01131e-06 1.17097e-06 -2.81565e-20)
(3.76322e-06 1.3734e-06 0)
(3.58802e-06 1.51988e-06 0)
(3.45981e-06 1.63894e-06 0)
(3.3675e-06 1.73718e-06 0)
(3.30244e-06 1.8219e-06 0)
(3.25833e-06 1.89659e-06 0)
(3.23058e-06 1.96409e-06 0)
(3.21578e-06 2.02629e-06 0)
(3.21095e-06 2.08439e-06 0)
(3.26403e-06 2.16976e-06 0)
(6.33904e-06 3.60279e-06 -2.71024e-21)
(6.41252e-06 3.72996e-06 -2.68727e-21)
(6.49169e-06 3.85521e-06 -2.66507e-21)
(6.57601e-06 3.97915e-06 -2.64361e-21)
(6.66493e-06 4.1023e-06 -2.62285e-21)
(6.75795e-06 4.22506e-06 -2.60277e-21)
(6.85462e-06 4.34778e-06 -2.58333e-21)
(6.95453e-06 4.47077e-06 -2.56448e-21)
(7.05731e-06 4.59426e-06 -2.54617e-21)
(7.16261e-06 4.71848e-06 -2.52839e-21)
(7.27013e-06 4.84359e-06 -2.5111e-21)
(7.37957e-06 4.96975e-06 -2.49429e-21)
(7.49064e-06 5.09707e-06 -2.47794e-21)
(7.60305e-06 5.22566e-06 -2.46205e-21)
(7.71654e-06 5.35555e-06 -2.44662e-21)
(7.83081e-06 5.48677e-06 -2.43166e-21)
(7.94555e-06 5.61924e-06 -2.41721e-21)
(8.06044e-06 5.75282e-06 -2.40328e-21)
(8.1751e-06 5.88718e-06 -2.38993e-21)
(8.21321e-06 5.97089e-06 -1.84427e-22)
(6.11737e-06 3.5467e-06 0)
(6.19705e-06 3.67118e-06 0)
(6.28136e-06 3.79399e-06 0)
(6.36982e-06 3.91581e-06 0)
(6.46207e-06 4.0371e-06 0)
(6.55773e-06 4.15827e-06 0)
(6.65646e-06 4.27966e-06 0)
(6.75795e-06 4.40153e-06 0)
(6.86191e-06 4.52412e-06 0)
(6.96806e-06 4.64764e-06 0)
(7.07615e-06 4.77223e-06 0)
(7.18594e-06 4.89805e-06 0)
(7.29721e-06 5.02521e-06 0)
(7.40973e-06 5.1538e-06 0)
(7.52328e-06 5.28386e-06 0)
(7.63766e-06 5.41539e-06 0)
(7.75265e-06 5.54835e-06 0)
(7.86805e-06 5.68255e-06 0)
(7.98363e-06 5.81772e-06 0)
(8.09876e-06 5.9531e-06 2.02899e-21)
(5.85427e-06 3.47087e-06 0)
(5.94357e-06 3.59446e-06 0)
(6.03622e-06 3.71648e-06 0)
(6.13186e-06 3.83763e-06 0)
(6.23029e-06 3.95842e-06 0)
(6.33126e-06 4.07922e-06 0)
(6.43457e-06 4.20039e-06 0)
(6.54e-06 4.32219e-06 0)
(6.64737e-06 4.44486e-06 0)
(6.75648e-06 4.56858e-06 0)
(6.86718e-06 4.69353e-06 0)
(6.97929e-06 4.81983e-06 0)
(7.09266e-06 4.94762e-06 0)
(7.20713e-06 5.07696e-06 0)
(7.32255e-06 5.20793e-06 0)
(7.43878e-06 5.34054e-06 0)
(7.55566e-06 5.47474e-06 0)
(7.67302e-06 5.61042e-06 0)
(7.79066e-06 5.74736e-06 0)
(7.90737e-06 5.88486e-06 2.05688e-21)
(5.55884e-06 3.3725e-06 0)
(5.66014e-06 3.49726e-06 0)
(5.76346e-06 3.62042e-06 0)
(5.86849e-06 3.74265e-06 0)
(5.97524e-06 3.86452e-06 0)
(6.08354e-06 3.98641e-06 0)
(6.19335e-06 4.10868e-06 0)
(6.30456e-06 4.23162e-06 0)
(6.41708e-06 4.35547e-06 0)
(6.53081e-06 4.48044e-06 0)
(6.64568e-06 4.60669e-06 0)
(6.76161e-06 4.73438e-06 0)
(6.87849e-06 4.86363e-06 0)
(6.99627e-06 4.99454e-06 0)
(7.11483e-06 5.12719e-06 0)
(7.2341e-06 5.26163e-06 0)
(7.35396e-06 5.39787e-06 0)
(7.47428e-06 5.53589e-06 0)
(7.59485e-06 5.6756e-06 0)
(7.71401e-06 5.81646e-06 2.13062e-21)
(5.23638e-06 3.25143e-06 0)
(5.3516e-06 3.37929e-06 0)
(5.46747e-06 3.50542e-06 0)
(5.5837e-06 3.63042e-06 0)
(5.70051e-06 3.75493e-06 0)
(5.81782e-06 3.87932e-06 0)
(5.93573e-06 4.00402e-06 0)
(6.05422e-06 4.12931e-06 0)
(6.17333e-06 4.25547e-06 0)
(6.29306e-06 4.38272e-06 0)
(6.4134e-06 4.51125e-06 0)
(6.53435e-06 4.64123e-06 0)
(6.65591e-06 4.7728e-06 0)
(6.77805e-06 4.9061e-06 0)
(6.90076e-06 5.04122e-06 0)
(7.024e-06 5.17827e-06 0)
(7.14769e-06 5.31733e-06 0)
(7.27175e-06 5.45848e-06 0)
(7.39598e-06 5.60178e-06 0)
(7.51841e-06 5.74689e-06 2.25308e-21)
(4.8929e-06 3.10702e-06 0)
(5.02347e-06 3.23998e-06 0)
(5.1533e-06 3.37099e-06 0)
(5.28208e-06 3.50048e-06 0)
(5.41027e-06 3.62923e-06 0)
(5.53786e-06 3.7576e-06 0)
(5.6651e-06 3.88608e-06 0)
(5.79206e-06 4.01498e-06 0)
(5.91887e-06 4.14461e-06 0)
(6.04564e-06 4.27522e-06 0)
(6.17245e-06 4.40704e-06 0)
(6.29937e-06 4.54024e-06 0)
(6.42647e-06 4.67502e-06 0)
(6.5538e-06 4.81152e-06 0)
(6.6814e-06 4.94989e-06 0)
(6.80929e-06 5.0903e-06 0)
(6.93746e-06 5.23289e-06 0)
(7.06586e-06 5.37787e-06 0)
(7.19436e-06 5.52542e-06 0)
(7.32079e-06 5.67538e-06 2.4205e-21)
(4.53395e-06 2.9398e-06 0)
(4.6808e-06 3.07978e-06 0)
(4.82556e-06 3.21748e-06 0)
(4.96785e-06 3.35313e-06 0)
(5.10839e-06 3.48767e-06 0)
(5.2472e-06 3.62146e-06 0)
(5.38467e-06 3.75505e-06 0)
(5.52097e-06 3.88879e-06 0)
(5.65634e-06 4.02303e-06 0)
(5.79095e-06 4.15807e-06 0)
(5.92498e-06 4.29416e-06 0)
(6.05857e-06 4.43152e-06 0)
(6.19187e-06 4.57037e-06 0)
(6.325e-06 4.71088e-06 0)
(6.45805e-06 4.85326e-06 0)
(6.59111e-06 4.99772e-06 0)
(6.72422e-06 5.14448e-06 0)
(6.85742e-06 5.29386e-06 0)
(6.99064e-06 5.44615e-06 0)
(7.12173e-06 5.60135e-06 2.62705e-21)
(4.16504e-06 2.75073e-06 0)
(4.32858e-06 2.89948e-06 0)
(4.48878e-06 3.04558e-06 0)
(4.64513e-06 3.18899e-06 0)
(4.7986e-06 3.33081e-06 0)
(4.94925e-06 3.47141e-06 0)
(5.09759e-06 3.61139e-06 0)
(5.24386e-06 3.75118e-06 0)
(5.38838e-06 3.89116e-06 0)
(5.53141e-06 4.03166e-06 0)
(5.6732e-06 4.173e-06 0)
(5.81397e-06 4.31542e-06 0)
(5.95394e-06 4.45917e-06 0)
(6.09328e-06 4.60448e-06 0)
(6.23217e-06 4.75158e-06 0)
(6.37075e-06 4.90073e-06 0)
(6.50914e-06 5.05222e-06 0)
(6.64744e-06 5.20645e-06 0)
(6.7857e-06 5.3638e-06 0)
(6.92199e-06 5.52447e-06 2.86513e-21)
(3.79165e-06 2.5416e-06 0)
(3.9717e-06 2.70072e-06 0)
(4.14738e-06 2.85665e-06 0)
(4.31798e-06 3.00926e-06 0)
(4.4846e-06 3.15963e-06 0)
(4.64739e-06 3.30828e-06 0)
(4.80692e-06 3.45582e-06 0)
(4.9635e-06 3.60276e-06 0)
(5.11753e-06 3.74952e-06 0)
(5.26933e-06 3.89649e-06 0)
(5.41923e-06 4.04401e-06 0)
(5.56751e-06 4.19236e-06 0)
(5.71444e-06 4.34184e-06 0)
(5.86027e-06 4.49269e-06 0)
(6.00524e-06 4.64518e-06 0)
(6.14956e-06 4.79962e-06 0)
(6.29342e-06 4.95633e-06 0)
(6.43701e-06 5.11578e-06 0)
(6.58051e-06 5.27841e-06 0)
(6.72242e-06 5.44462e-06 3.12633e-21)
(3.41869e-06 2.31494e-06 0)
(3.61437e-06 2.48557e-06 0)
(3.80494e-06 2.65238e-06 0)
(3.98962e-06 2.81543e-06 0)
(4.16937e-06 2.97554e-06 0)
(4.34443e-06 3.13337e-06 0)
(4.51531e-06 3.28955e-06 0)
(4.68241e-06 3.44463e-06 0)
(4.84616e-06 3.59912e-06 0)
(5.00694e-06 3.75345e-06 0)
(5.16514e-06 3.90799e-06 0)
(5.3211e-06 4.06307e-06 0)
(5.47515e-06 4.21901e-06 0)
(5.62761e-06 4.37609e-06 0)
(5.77877e-06 4.53459e-06 0)
(5.92891e-06 4.69485e-06 0)
(6.07831e-06 4.8572e-06 0)
(6.22725e-06 5.02215e-06 0)
(6.37603e-06 5.19017e-06 0)
(6.52391e-06 5.3619e-06 3.40126e-21)
(3.08768e-06 2.10874e-06 0)
(3.295e-06 2.28928e-06 0)
(3.49667e-06 2.46494e-06 0)
(3.69225e-06 2.63683e-06 0)
(3.88234e-06 2.80541e-06 0)
(4.06722e-06 2.97136e-06 0)
(4.24731e-06 3.13529e-06 0)
(4.42301e-06 3.29775e-06 0)
(4.59475e-06 3.45925e-06 0)
(4.76293e-06 3.62024e-06 0)
(4.92796e-06 3.78111e-06 0)
(5.09022e-06 3.94222e-06 0)
(5.25008e-06 4.10388e-06 0)
(5.40791e-06 4.26638e-06 0)
(5.56405e-06 4.43001e-06 0)
(5.71883e-06 4.5951e-06 0)
(5.87262e-06 4.76198e-06 0)
(6.02574e-06 4.93112e-06 0)
(6.17867e-06 5.10297e-06 0)
(6.33141e-06 5.27843e-06 3.64133e-21)
(6.33904e-06 3.60279e-06 -2.71024e-21)
(6.41252e-06 3.72996e-06 -2.68727e-21)
(6.49169e-06 3.85521e-06 -2.66507e-21)
(6.57601e-06 3.97915e-06 -2.64361e-21)
(6.66493e-06 4.1023e-06 -2.62285e-21)
(6.75795e-06 4.22506e-06 -2.60277e-21)
(6.85462e-06 4.34778e-06 -2.58333e-21)
(6.95453e-06 4.47077e-06 -2.56448e-21)
(7.05731e-06 4.59426e-06 -2.54617e-21)
(7.16261e-06 4.71848e-06 -2.52839e-21)
(7.27013e-06 4.84359e-06 -2.5111e-21)
(7.37957e-06 4.96975e-06 -2.49429e-21)
(7.49064e-06 5.09707e-06 -2.47794e-21)
(7.60305e-06 5.22566e-06 -2.46205e-21)
(7.71654e-06 5.35555e-06 -2.44662e-21)
(7.83081e-06 5.48677e-06 -2.43166e-21)
(7.94555e-06 5.61924e-06 -2.41721e-21)
(8.06044e-06 5.75282e-06 -2.40328e-21)
(8.1751e-06 5.88718e-06 -2.38993e-21)
(8.21321e-06 5.97089e-06 -1.84427e-22)
(6.11737e-06 3.5467e-06 0)
(6.19705e-06 3.67118e-06 0)
(6.28136e-06 3.79399e-06 0)
(6.36982e-06 3.91581e-06 0)
(6.46207e-06 4.0371e-06 0)
(6.55773e-06 4.15827e-06 0)
(6.65646e-06 4.27966e-06 0)
(6.75795e-06 4.40153e-06 0)
(6.86191e-06 4.52412e-06 0)
(6.96806e-06 4.64764e-06 0)
(7.07615e-06 4.77223e-06 0)
(7.18594e-06 4.89805e-06 0)
(7.29721e-06 5.02521e-06 0)
(7.40973e-06 5.1538e-06 0)
(7.52328e-06 5.28386e-06 0)
(7.63766e-06 5.41539e-06 0)
(7.75265e-06 5.54835e-06 0)
(7.86805e-06 5.68255e-06 0)
(7.98363e-06 5.81772e-06 0)
(8.09876e-06 5.9531e-06 2.02899e-21)
(5.85427e-06 3.47087e-06 0)
(5.94357e-06 3.59446e-06 0)
(6.03622e-06 3.71648e-06 0)
(6.13186e-06 3.83763e-06 0)
(6.23029e-06 3.95842e-06 0)
(6.33126e-06 4.07922e-06 0)
(6.43457e-06 4.20039e-06 0)
(6.54e-06 4.32219e-06 0)
(6.64737e-06 4.44486e-06 0)
(6.75648e-06 4.56858e-06 0)
(6.86718e-06 4.69353e-06 0)
(6.97929e-06 4.81983e-06 0)
(7.09266e-06 4.94762e-06 0)
(7.20713e-06 5.07696e-06 0)
(7.32255e-06 5.20793e-06 0)
(7.43878e-06 5.34054e-06 0)
(7.55566e-06 5.47474e-06 0)
(7.67302e-06 5.61042e-06 0)
(7.79066e-06 5.74736e-06 0)
(7.90737e-06 5.88486e-06 2.05688e-21)
(5.55884e-06 3.3725e-06 0)
(5.66014e-06 3.49726e-06 0)
(5.76346e-06 3.62042e-06 0)
(5.86849e-06 3.74265e-06 0)
(5.97524e-06 3.86452e-06 0)
(6.08354e-06 3.98641e-06 0)
(6.19335e-06 4.10868e-06 0)
(6.30456e-06 4.23162e-06 0)
(6.41708e-06 4.35547e-06 0)
(6.53081e-06 4.48044e-06 0)
(6.64568e-06 4.60669e-06 0)
(6.76161e-06 4.73438e-06 0)
(6.87849e-06 4.86363e-06 0)
(6.99627e-06 4.99454e-06 0)
(7.11483e-06 5.12719e-06 0)
(7.2341e-06 5.26163e-06 0)
(7.35396e-06 5.39787e-06 0)
(7.47428e-06 5.53589e-06 0)
(7.59485e-06 5.6756e-06 0)
(7.71401e-06 5.81646e-06 2.13062e-21)
(5.23638e-06 3.25143e-06 0)
(5.3516e-06 3.37929e-06 0)
(5.46747e-06 3.50542e-06 0)
(5.5837e-06 3.63042e-06 0)
(5.70051e-06 3.75493e-06 0)
(5.81782e-06 3.87932e-06 0)
(5.93573e-06 4.00402e-06 0)
(6.05422e-06 4.12931e-06 0)
(6.17333e-06 4.25547e-06 0)
(6.29306e-06 4.38272e-06 0)
(6.4134e-06 4.51125e-06 0)
(6.53435e-06 4.64123e-06 0)
(6.65591e-06 4.7728e-06 0)
(6.77805e-06 4.9061e-06 0)
(6.90076e-06 5.04122e-06 0)
(7.024e-06 5.17827e-06 0)
(7.14769e-06 5.31733e-06 0)
(7.27175e-06 5.45848e-06 0)
(7.39598e-06 5.60178e-06 0)
(7.51841e-06 5.74689e-06 2.25308e-21)
(4.8929e-06 3.10702e-06 0)
(5.02347e-06 3.23998e-06 0)
(5.1533e-06 3.37099e-06 0)
(5.28208e-06 3.50048e-06 0)
(5.41027e-06 3.62923e-06 0)
(5.53786e-06 3.7576e-06 0)
(5.6651e-06 3.88608e-06 0)
(5.79206e-06 4.01498e-06 0)
(5.91887e-06 4.14461e-06 0)
(6.04564e-06 4.27522e-06 0)
(6.17245e-06 4.40704e-06 0)
(6.29937e-06 4.54024e-06 0)
(6.42647e-06 4.67502e-06 0)
(6.5538e-06 4.81152e-06 0)
(6.6814e-06 4.94989e-06 0)
(6.80929e-06 5.0903e-06 0)
(6.93746e-06 5.23289e-06 0)
(7.06586e-06 5.37787e-06 0)
(7.19436e-06 5.52542e-06 0)
(7.32079e-06 5.67538e-06 2.4205e-21)
(4.53395e-06 2.9398e-06 0)
(4.6808e-06 3.07978e-06 0)
(4.82556e-06 3.21748e-06 0)
(4.96785e-06 3.35313e-06 0)
(5.10839e-06 3.48767e-06 0)
(5.2472e-06 3.62146e-06 0)
(5.38467e-06 3.75505e-06 0)
(5.52097e-06 3.88879e-06 0)
(5.65634e-06 4.02303e-06 0)
(5.79095e-06 4.15807e-06 0)
(5.92498e-06 4.29416e-06 0)
(6.05857e-06 4.43152e-06 0)
(6.19187e-06 4.57037e-06 0)
(6.325e-06 4.71088e-06 0)
(6.45805e-06 4.85326e-06 0)
(6.59111e-06 4.99772e-06 0)
(6.72422e-06 5.14448e-06 0)
(6.85742e-06 5.29386e-06 0)
(6.99064e-06 5.44615e-06 0)
(7.12173e-06 5.60135e-06 2.62705e-21)
(4.16504e-06 2.75073e-06 0)
(4.32858e-06 2.89948e-06 0)
(4.48878e-06 3.04558e-06 0)
(4.64513e-06 3.18899e-06 0)
(4.7986e-06 3.33081e-06 0)
(4.94925e-06 3.47141e-06 0)
(5.09759e-06 3.61139e-06 0)
(5.24386e-06 3.75118e-06 0)
(5.38838e-06 3.89116e-06 0)
(5.53141e-06 4.03166e-06 0)
(5.6732e-06 4.173e-06 0)
(5.81397e-06 4.31542e-06 0)
(5.95394e-06 4.45917e-06 0)
(6.09328e-06 4.60448e-06 0)
(6.23217e-06 4.75158e-06 0)
(6.37075e-06 4.90073e-06 0)
(6.50914e-06 5.05222e-06 0)
(6.64744e-06 5.20645e-06 0)
(6.7857e-06 5.3638e-06 0)
(6.92199e-06 5.52447e-06 2.86513e-21)
(3.79165e-06 2.5416e-06 0)
(3.9717e-06 2.70072e-06 0)
(4.14738e-06 2.85665e-06 0)
(4.31798e-06 3.00926e-06 0)
(4.4846e-06 3.15963e-06 0)
(4.64739e-06 3.30828e-06 0)
(4.80692e-06 3.45582e-06 0)
(4.9635e-06 3.60276e-06 0)
(5.11753e-06 3.74952e-06 0)
(5.26933e-06 3.89649e-06 0)
(5.41923e-06 4.04401e-06 0)
(5.56751e-06 4.19236e-06 0)
(5.71444e-06 4.34184e-06 0)
(5.86027e-06 4.49269e-06 0)
(6.00524e-06 4.64518e-06 0)
(6.14956e-06 4.79962e-06 0)
(6.29342e-06 4.95633e-06 0)
(6.43701e-06 5.11578e-06 0)
(6.58051e-06 5.27841e-06 0)
(6.72242e-06 5.44462e-06 3.12633e-21)
(3.41869e-06 2.31494e-06 0)
(3.61437e-06 2.48557e-06 0)
(3.80494e-06 2.65238e-06 0)
(3.98962e-06 2.81543e-06 0)
(4.16937e-06 2.97554e-06 0)
(4.34443e-06 3.13337e-06 0)
(4.51531e-06 3.28955e-06 0)
(4.68241e-06 3.44463e-06 0)
(4.84616e-06 3.59912e-06 0)
(5.00694e-06 3.75345e-06 0)
(5.16514e-06 3.90799e-06 0)
(5.3211e-06 4.06307e-06 0)
(5.47515e-06 4.21901e-06 0)
(5.62761e-06 4.37609e-06 0)
(5.77877e-06 4.53459e-06 0)
(5.92891e-06 4.69485e-06 0)
(6.07831e-06 4.8572e-06 0)
(6.22725e-06 5.02215e-06 0)
(6.37603e-06 5.19017e-06 0)
(6.52391e-06 5.3619e-06 3.40126e-21)
(3.08768e-06 2.10874e-06 0)
(3.295e-06 2.28928e-06 0)
(3.49667e-06 2.46494e-06 0)
(3.69225e-06 2.63683e-06 0)
(3.88234e-06 2.80541e-06 0)
(4.06722e-06 2.97136e-06 0)
(4.24731e-06 3.13529e-06 0)
(4.42301e-06 3.29775e-06 0)
(4.59475e-06 3.45925e-06 0)
(4.76293e-06 3.62024e-06 0)
(4.92796e-06 3.78111e-06 0)
(5.09022e-06 3.94222e-06 0)
(5.25008e-06 4.10388e-06 0)
(5.40791e-06 4.26638e-06 0)
(5.56405e-06 4.43001e-06 0)
(5.71883e-06 4.5951e-06 0)
(5.87262e-06 4.76198e-06 0)
(6.02574e-06 4.93112e-06 0)
(6.17867e-06 5.10297e-06 0)
(6.33141e-06 5.27843e-06 3.64133e-21)
(2.59733e-06 1.76452e-06 0)
(2.84682e-06 1.96734e-06 0)
(3.05812e-06 2.15204e-06 0)
(3.2637e-06 2.33169e-06 0)
(3.46347e-06 2.50789e-06 0)
(3.65778e-06 2.68094e-06 0)
(3.84685e-06 2.85142e-06 0)
(4.03104e-06 3.01983e-06 0)
(4.21067e-06 3.18666e-06 0)
(4.38614e-06 3.35236e-06 0)
(4.55781e-06 3.51732e-06 0)
(4.72607e-06 3.68191e-06 0)
(4.8913e-06 3.84646e-06 0)
(5.05387e-06 4.01125e-06 0)
(5.21415e-06 4.17656e-06 0)
(5.37251e-06 4.34265e-06 0)
(5.52931e-06 4.5098e-06 0)
(5.68495e-06 4.67831e-06 0)
(5.83981e-06 4.84858e-06 0)
(5.99445e-06 5.02099e-06 0)
(6.14925e-06 5.19639e-06 3.78681e-21)
(2.42096e-06 1.66115e-06 0)
(2.6622e-06 1.86132e-06 0)
(2.872e-06 2.04634e-06 0)
(3.07681e-06 2.22728e-06 0)
(3.27638e-06 2.40532e-06 0)
(3.47094e-06 2.58062e-06 0)
(3.66058e-06 2.75361e-06 0)
(3.84555e-06 2.92465e-06 0)
(4.02611e-06 3.09413e-06 0)
(4.20257e-06 3.26241e-06 0)
(4.37525e-06 3.42982e-06 0)
(4.54448e-06 3.59667e-06 0)
(4.71063e-06 3.76322e-06 0)
(4.87403e-06 3.92974e-06 0)
(5.03504e-06 4.09645e-06 0)
(5.19404e-06 4.26357e-06 0)
(5.35138e-06 4.43134e-06 0)
(5.5075e-06 4.59999e-06 0)
(5.66278e-06 4.76981e-06 0)
(5.81785e-06 4.94108e-06 0)
(5.97312e-06 5.1144e-06 3.86288e-21)
(2.26446e-06 1.56166e-06 0)
(2.49674e-06 1.75905e-06 0)
(2.70283e-06 1.94361e-06 0)
(2.90501e-06 2.12509e-06 0)
(3.10267e-06 2.30437e-06 0)
(3.29595e-06 2.48142e-06 0)
(3.48476e-06 2.65649e-06 0)
(3.66929e-06 2.82984e-06 0)
(3.84968e-06 3.00171e-06 0)
(4.02616e-06 3.17238e-06 0)
(4.19901e-06 3.3421e-06 0)
(4.3685e-06 3.5111e-06 0)
(4.53494e-06 3.67961e-06 0)
(4.69866e-06 3.84781e-06 0)
(4.85998e-06 4.01589e-06 0)
(5.01927e-06 4.18401e-06 0)
(5.17689e-06 4.35235e-06 0)
(5.33325e-06 4.52108e-06 0)
(5.48879e-06 4.69037e-06 0)
(5.64413e-06 4.86036e-06 0)
(5.79969e-06 5.03138e-06 3.91077e-21)
(2.12493e-06 1.46686e-06 0)
(2.34771e-06 1.66082e-06 0)
(2.54881e-06 1.8442e-06 0)
(2.747e-06 2.02561e-06 0)
(2.94143e-06 2.20561e-06 0)
(3.13218e-06 2.38395e-06 0)
(3.31901e-06 2.56073e-06 0)
(3.50203e-06 2.73604e-06 0)
(3.68127e-06 2.91003e-06 0)
(3.85693e-06 3.08287e-06 0)
(4.02917e-06 3.25471e-06 0)
(4.19825e-06 3.42572e-06 0)
(4.36442e-06 3.59606e-06 0)
(4.52797e-06 3.76585e-06 0)
(4.6892e-06 3.93523e-06 0)
(4.84844e-06 4.10431e-06 0)
(5.00606e-06 4.27317e-06 0)
(5.16243e-06 4.44191e-06 0)
(5.31803e-06 4.61059e-06 0)
(5.47352e-06 4.7792e-06 0)
(5.62922e-06 4.94783e-06 3.92843e-21)
(1.99997e-06 1.37702e-06 0)
(2.21305e-06 1.56721e-06 0)
(2.4082e-06 1.74887e-06 0)
(2.60136e-06 1.92966e-06 0)
(2.79154e-06 2.10983e-06 0)
(2.97874e-06 2.28898e-06 0)
(3.16263e-06 2.46703e-06 0)
(3.34323e-06 2.64394e-06 0)
(3.52051e-06 2.81973e-06 0)
(3.69458e-06 2.99445e-06 0)
(3.86555e-06 3.16818e-06 0)
(4.03362e-06 3.34101e-06 0)
(4.19899e-06 3.51302e-06 0)
(4.36193e-06 3.68428e-06 0)
(4.52269e-06 3.85486e-06 0)
(4.68159e-06 4.02479e-06 0)
(4.83894e-06 4.19411e-06 0)
(4.99513e-06 4.36281e-06 0)
(5.1506e-06 4.5308e-06 0)
(5.306e-06 4.69803e-06 0)
(5.4616e-06 4.86432e-06 3.91427e-21)
(1.88709e-06 1.29214e-06 0)
(2.09054e-06 1.47828e-06 0)
(2.27913e-06 1.6578e-06 0)
(2.46655e-06 1.83752e-06 0)
(2.65172e-06 2.01742e-06 0)
(2.83459e-06 2.19695e-06 0)
(3.01478e-06 2.37588e-06 0)
(3.19223e-06 2.55401e-06 0)
(3.36684e-06 2.73126e-06 0)
(3.53867e-06 2.90758e-06 0)
(3.70778e-06 3.08295e-06 0)
(3.87431e-06 3.25738e-06 0)
(4.03844e-06 3.43087e-06 0)
(4.20036e-06 3.60344e-06 0)
(4.36032e-06 3.77508e-06 0)
(4.51858e-06 3.94577e-06 0)
(4.67545e-06 4.11547e-06 0)
(4.83128e-06 4.28407e-06 0)
(4.98644e-06 4.4514e-06 0)
(5.14149e-06 4.61729e-06 0)
(5.29679e-06 4.7813e-06 3.87176e-21)
(1.78409e-06 1.21206e-06 0)
(1.97812e-06 1.39404e-06 0)
(2.15979e-06 1.57112e-06 0)
(2.34097e-06 1.74944e-06 0)
(2.52058e-06 1.92869e-06 0)
(2.69855e-06 2.10822e-06 0)
(2.87443e-06 2.28765e-06 0)
(3.04814e-06 2.46666e-06 0)
(3.21951e-06 2.64505e-06 0)
(3.38857e-06 2.82267e-06 0)
(3.55533e-06 2.99941e-06 0)
(3.71988e-06 3.17519e-06 0)
(3.88235e-06 3.34995e-06 0)
(4.04292e-06 3.52365e-06 0)
(4.20178e-06 3.6962e-06 0)
(4.35916e-06 3.86754e-06 0)
(4.51533e-06 4.03753e-06 0)
(4.6706e-06 4.20602e-06 0)
(4.82529e-06 4.37271e-06 0)
(4.97991e-06 4.53734e-06 0)
(5.13476e-06 4.6992e-06 3.80334e-21)
(1.68895e-06 1.1365e-06 0)
(1.87385e-06 1.3143e-06 0)
(2.0484e-06 1.48879e-06 0)
(2.22304e-06 1.66545e-06 0)
(2.39672e-06 1.84377e-06 0)
(2.56936e-06 2.02299e-06 0)
(2.74049e-06 2.20259e-06 0)
(2.90999e-06 2.38217e-06 0)
(3.07768e-06 2.56139e-06 0)
(3.24354e-06 2.74001e-06 0)
(3.40753e-06 2.91784e-06 0)
(3.56973e-06 3.09473e-06 0)
(3.73023e-06 3.27055e-06 0)
(3.88914e-06 3.44517e-06 0)
(4.04664e-06 3.61849e-06 0)
(4.20293e-06 3.79034e-06 0)
(4.35821e-06 3.96056e-06 0)
(4.51276e-06 4.1289e-06 0)
(4.66686e-06 4.29501e-06 0)
(4.82091e-06 4.45851e-06 0)
(4.97518e-06 4.61851e-06 3.71131e-21)
(1.59988e-06 1.06514e-06 0)
(1.77597e-06 1.23887e-06 0)
(1.9433e-06 1.41069e-06 0)
(2.11121e-06 1.58554e-06 0)
(2.27872e-06 1.76272e-06 0)
(2.44572e-06 1.94138e-06 0)
(2.61177e-06 2.12089e-06 0)
(2.77672e-06 2.30073e-06 0)
(2.94039e-06 2.4805e-06 0)
(3.1027e-06 2.65984e-06 0)
(3.26363e-06 2.8385e-06 0)
(3.42318e-06 3.01625e-06 0)
(3.58142e-06 3.19289e-06 0)
(3.73844e-06 3.36825e-06 0)
(3.89438e-06 3.54215e-06 0)
(4.04938e-06 3.7144e-06 0)
(4.20363e-06 3.88477e-06 0)
(4.35734e-06 4.05295e-06 0)
(4.51071e-06 4.21855e-06 0)
(4.66409e-06 4.38111e-06 0)
(4.81766e-06 4.53958e-06 3.60011e-21)
(1.51523e-06 9.97646e-07 0)
(1.68279e-06 1.16748e-06 0)
(1.84288e-06 1.33667e-06 0)
(2.00396e-06 1.50964e-06 0)
(2.16514e-06 1.68554e-06 0)
(2.32631e-06 1.86343e-06 0)
(2.48705e-06 2.04262e-06 0)
(2.64721e-06 2.22249e-06 0)
(2.8066e-06 2.40254e-06 0)
(2.96513e-06 2.58234e-06 0)
(3.12274e-06 2.76157e-06 0)
(3.27942e-06 2.93993e-06 0)
(3.4352e-06 3.11717e-06 0)
(3.59015e-06 3.29306e-06 0)
(3.74436e-06 3.46738e-06 0)
(3.89795e-06 3.63989e-06 0)
(4.05103e-06 3.81033e-06 0)
(4.20379e-06 3.97836e-06 0)
(4.35636e-06 4.14352e-06 0)
(4.50898e-06 4.30535e-06 0)
(4.66175e-06 4.46268e-06 3.47447e-21)
(1.4335e-06 9.33726e-07 0)
(1.59278e-06 1.09991e-06 0)
(1.74562e-06 1.26655e-06 0)
(1.89982e-06 1.43762e-06 0)
(2.05457e-06 1.61215e-06 0)
(2.20978e-06 1.78915e-06 0)
(2.36506e-06 1.96784e-06 0)
(2.52027e-06 2.14751e-06 0)
(2.67522e-06 2.3276e-06 0)
(2.8298e-06 2.50762e-06 0)
(2.98393e-06 2.68717e-06 0)
(3.13759e-06 2.8659e-06 0)
(3.29078e-06 3.04351e-06 0)
(3.44352e-06 3.21973e-06 0)
(3.59589e-06 3.3943e-06 0)
(3.74795e-06 3.56694e-06 0)
(3.8998e-06 3.73738e-06 0)
(4.05153e-06 3.90525e-06 0)
(4.20324e-06 4.07009e-06 0)
(4.35503e-06 4.2314e-06 0)
(4.50696e-06 4.38801e-06 3.33982e-21)
(1.35328e-06 8.73131e-07 0)
(1.50442e-06 1.03594e-06 0)
(1.65002e-06 1.20017e-06 0)
(1.79731e-06 1.36938e-06 0)
(1.94558e-06 1.5425e-06 0)
(2.09476e-06 1.71849e-06 0)
(2.24451e-06 1.89651e-06 0)
(2.39469e-06 2.0758e-06 0)
(2.5451e-06 2.25571e-06 0)
(2.69564e-06 2.43572e-06 0)
(2.84621e-06 2.61537e-06 0)
(2.99676e-06 2.79424e-06 0)
(3.14728e-06 2.97201e-06 0)
(3.29776e-06 3.14836e-06 0)
(3.44822e-06 3.323e-06 0)
(3.59871e-06 3.49566e-06 0)
(3.74926e-06 3.66601e-06 0)
(3.89992e-06 3.83372e-06 0)
(4.05073e-06 3.99832e-06 0)
(4.20168e-06 4.15936e-06 0)
(4.35273e-06 4.31569e-06 3.20209e-21)
(1.27319e-06 8.157e-07 0)
(1.41628e-06 9.75429e-07 0)
(1.55461e-06 1.13739e-06 0)
(1.69496e-06 1.30479e-06 0)
(1.83673e-06 1.47649e-06 0)
(1.97987e-06 1.65139e-06 0)
(2.12407e-06 1.82861e-06 0)
(2.26919e-06 2.00733e-06 0)
(2.41505e-06 2.18688e-06 0)
(2.56154e-06 2.36667e-06 0)
(2.70854e-06 2.54618e-06 0)
(2.85599e-06 2.72498e-06 0)
(3.00382e-06 2.9027e-06 0)
(3.15203e-06 3.07899e-06 0)
(3.30058e-06 3.25354e-06 0)
(3.44947e-06 3.42607e-06 0)
(3.59872e-06 3.59626e-06 0)
(3.74832e-06 3.76379e-06 0)
(3.89822e-06 3.92825e-06 0)
(4.04833e-06 4.08923e-06 0)
(4.19853e-06 4.24569e-06 3.06749e-21)
(1.19185e-06 7.61311e-07 0)
(1.32685e-06 9.1824e-07 0)
(1.45787e-06 1.0781e-06 0)
(1.59128e-06 1.24375e-06 0)
(1.72655e-06 1.41401e-06 0)
(1.86367e-06 1.58775e-06 0)
(2.00235e-06 1.76404e-06 0)
(2.14247e-06 1.94205e-06 0)
(2.28384e-06 2.12104e-06 0)
(2.42634e-06 2.30039e-06 0)
(2.56985e-06 2.47956e-06 0)
(2.71426e-06 2.65808e-06 0)
(2.85949e-06 2.83555e-06 0)
(3.00548e-06 3.0116e-06 0)
(3.15218e-06 3.18591e-06 0)
(3.29954e-06 3.35818e-06 0)
(3.44752e-06 3.52812e-06 0)
(3.59607e-06 3.69545e-06 0)
(3.7451e-06 3.85983e-06 0)
(3.89442e-06 4.02093e-06 0)
(4.04383e-06 4.17792e-06 2.94235e-21)
(1.10783e-06 7.09988e-07 0)
(1.2346e-06 8.64367e-07 0)
(1.35825e-06 1.02225e-06 0)
(1.48469e-06 1.1862e-06 0)
(1.6135e-06 1.35499e-06 0)
(1.74466e-06 1.52748e-06 0)
(1.87793e-06 1.70271e-06 0)
(2.01317e-06 1.87983e-06 0)
(2.1502e-06 2.05807e-06 0)
(2.28887e-06 2.23679e-06 0)
(2.42904e-06 2.41542e-06 0)
(2.57058e-06 2.59346e-06 0)
(2.71336e-06 2.77049e-06 0)
(2.85729e-06 2.94613e-06 0)
(3.00226e-06 3.12004e-06 0)
(3.1482e-06 3.29193e-06 0)
(3.29502e-06 3.46154e-06 0)
(3.44261e-06 3.62863e-06 0)
(3.59083e-06 3.79295e-06 0)
(3.73944e-06 3.95431e-06 0)
(3.88815e-06 4.11214e-06 2.83263e-21)
(1.01955e-06 6.61711e-07 0)
(1.13786e-06 8.13743e-07 0)
(1.25405e-06 9.69741e-07 0)
(1.37352e-06 1.132e-06 0)
(1.49594e-06 1.29926e-06 0)
(1.62128e-06 1.4704e-06 0)
(1.7493e-06 1.64443e-06 0)
(1.87987e-06 1.82049e-06 0)
(2.01279e-06 1.99779e-06 0)
(2.14789e-06 2.17568e-06 0)
(2.28499e-06 2.35357e-06 0)
(2.42392e-06 2.53094e-06 0)
(2.56451e-06 2.70736e-06 0)
(2.70662e-06 2.88242e-06 0)
(2.8501e-06 3.05581e-06 0)
(2.99482e-06 3.22721e-06 0)
(3.14064e-06 3.39641e-06 0)
(3.28741e-06 3.5632e-06 0)
(3.43495e-06 3.72746e-06 0)
(3.58296e-06 3.88914e-06 0)
(3.7311e-06 4.04802e-06 2.7444e-21)
(9.25296e-07 6.16772e-07 0)
(1.03484e-06 7.66558e-07 0)
(1.14349e-06 9.2067e-07 0)
(1.25602e-06 1.08116e-06 0)
(1.37217e-06 1.24678e-06 0)
(1.49188e-06 1.4164e-06 0)
(1.61492e-06 1.58905e-06 0)
(1.74113e-06 1.76384e-06 0)
(1.87028e-06 1.94e-06 0)
(2.00217e-06 2.11685e-06 0)
(2.13657e-06 2.29379e-06 0)
(2.27327e-06 2.4703e-06 0)
(2.41205e-06 2.64593e-06 0)
(2.55271e-06 2.82028e-06 0)
(2.69504e-06 2.99301e-06 0)
(2.83885e-06 3.16383e-06 0)
(2.98395e-06 3.33253e-06 0)
(3.13012e-06 3.49897e-06 0)
(3.27714e-06 3.66313e-06 0)
(3.42471e-06 3.8251e-06 0)
(3.57244e-06 3.98511e-06 2.68082e-21)
(8.22975e-07 5.75062e-07 0)
(9.23364e-07 7.22621e-07 0)
(1.02443e-06 8.74775e-07 0)
(1.13012e-06 1.03337e-06 0)
(1.24022e-06 1.19719e-06 0)
(1.35461e-06 1.36511e-06 0)
(1.47305e-06 1.53618e-06 0)
(1.59533e-06 1.70949e-06 0)
(1.72119e-06 1.88429e-06 0)
(1.85037e-06 2.05989e-06 0)
(1.98258e-06 2.2357e-06 0)
(2.11757e-06 2.41117e-06 0)
(2.25506e-06 2.58587e-06 0)
(2.39478e-06 2.75937e-06 0)
(2.53645e-06 2.93134e-06 0)
(2.67981e-06 3.10151e-06 0)
(2.8246e-06 3.26966e-06 0)
(2.97053e-06 3.4357e-06 0)
(3.11732e-06 3.59968e-06 0)
(3.26466e-06 3.76186e-06 0)
(3.41216e-06 3.92287e-06 2.64553e-21)
(7.10611e-07 5.37367e-07 0)
(8.01442e-07 6.82509e-07 0)
(8.9494e-07 8.32434e-07 0)
(9.93983e-07 9.8884e-07 0)
(1.09834e-06 1.15055e-06 0)
(1.20784e-06 1.31648e-06 0)
(1.32218e-06 1.48565e-06 0)
(1.4411e-06 1.6572e-06 0)
(1.56426e-06 1.83037e-06 0)
(1.69134e-06 2.00447e-06 0)
(1.82202e-06 2.1789e-06 0)
(1.95595e-06 2.35314e-06 0)
(2.0928e-06 2.52673e-06 0)
(2.23222e-06 2.69925e-06 0)
(2.37387e-06 2.87038e-06 0)
(2.51741e-06 3.03982e-06 0)
(2.66247e-06 3.2074e-06 0)
(2.80868e-06 3.37302e-06 0)
(2.95567e-06 3.53678e-06 0)
(3.10306e-06 3.69901e-06 0)
(3.25053e-06 3.86061e-06 2.63391e-21)
(5.845e-07 5.03002e-07 2.24266e-21)
(6.65238e-07 6.45283e-07 2.25675e-21)
(7.5139e-07 7.92677e-07 2.24678e-21)
(8.44197e-07 9.466e-07 2.2374e-21)
(9.43373e-07 1.10593e-06 2.2287e-21)
(1.04864e-06 1.26958e-06 2.22067e-21)
(1.15962e-06 1.43661e-06 2.21334e-21)
(1.27597e-06 1.60616e-06 2.2067e-21)
(1.39726e-06 1.77747e-06 2.20075e-21)
(1.52311e-06 1.94987e-06 2.19547e-21)
(1.65311e-06 2.12275e-06 2.19085e-21)
(1.78685e-06 2.2956e-06 2.18685e-21)
(1.92394e-06 2.46795e-06 2.18345e-21)
(2.06396e-06 2.63939e-06 2.18066e-21)
(2.20651e-06 2.8096e-06 2.17845e-21)
(2.35115e-06 2.97829e-06 2.17682e-21)
(2.49742e-06 3.14529e-06 2.17575e-21)
(2.64483e-06 3.3105e-06 2.17522e-21)
(2.79285e-06 3.47404e-06 2.17514e-21)
(2.94083e-06 3.63623e-06 2.17534e-21)
(3.09207e-06 3.77321e-06 2.4037e-21)
(2.59733e-06 1.76452e-06 0)
(2.84682e-06 1.96734e-06 0)
(3.05812e-06 2.15204e-06 0)
(3.2637e-06 2.33169e-06 0)
(3.46347e-06 2.50789e-06 0)
(3.65778e-06 2.68094e-06 0)
(3.84685e-06 2.85142e-06 0)
(4.03104e-06 3.01983e-06 0)
(4.21067e-06 3.18666e-06 0)
(4.38614e-06 3.35236e-06 0)
(4.55781e-06 3.51732e-06 0)
(4.72607e-06 3.68191e-06 0)
(4.8913e-06 3.84646e-06 0)
(5.05387e-06 4.01125e-06 0)
(5.21415e-06 4.17656e-06 0)
(5.37251e-06 4.34265e-06 0)
(5.52931e-06 4.5098e-06 0)
(5.68495e-06 4.67831e-06 0)
(5.83981e-06 4.84858e-06 0)
(5.99445e-06 5.02099e-06 0)
(6.14925e-06 5.19639e-06 3.78681e-21)
(2.42096e-06 1.66115e-06 0)
(2.6622e-06 1.86132e-06 0)
(2.872e-06 2.04634e-06 0)
(3.07681e-06 2.22728e-06 0)
(3.27638e-06 2.40532e-06 0)
(3.47094e-06 2.58062e-06 0)
(3.66058e-06 2.75361e-06 0)
(3.84555e-06 2.92465e-06 0)
(4.02611e-06 3.09413e-06 0)
(4.20257e-06 3.26241e-06 0)
(4.37525e-06 3.42982e-06 0)
(4.54448e-06 3.59667e-06 0)
(4.71063e-06 3.76322e-06 0)
(4.87403e-06 3.92974e-06 0)
(5.03504e-06 4.09645e-06 0)
(5.19404e-06 4.26357e-06 0)
(5.35138e-06 4.43134e-06 0)
(5.5075e-06 4.59999e-06 0)
(5.66278e-06 4.76981e-06 0)
(5.81785e-06 4.94108e-06 0)
(5.97312e-06 5.1144e-06 3.86288e-21)
(2.26446e-06 1.56166e-06 0)
(2.49674e-06 1.75905e-06 0)
(2.70283e-06 1.94361e-06 0)
(2.90501e-06 2.12509e-06 0)
(3.10267e-06 2.30437e-06 0)
(3.29595e-06 2.48142e-06 0)
(3.48476e-06 2.65649e-06 0)
(3.66929e-06 2.82984e-06 0)
(3.84968e-06 3.00171e-06 0)
(4.02616e-06 3.17238e-06 0)
(4.19901e-06 3.3421e-06 0)
(4.3685e-06 3.5111e-06 0)
(4.53494e-06 3.67961e-06 0)
(4.69866e-06 3.84781e-06 0)
(4.85998e-06 4.01589e-06 0)
(5.01927e-06 4.18401e-06 0)
(5.17689e-06 4.35235e-06 0)
(5.33325e-06 4.52108e-06 0)
(5.48879e-06 4.69037e-06 0)
(5.64413e-06 4.86036e-06 0)
(5.79969e-06 5.03138e-06 3.91077e-21)
(2.12493e-06 1.46686e-06 0)
(2.34771e-06 1.66082e-06 0)
(2.54881e-06 1.8442e-06 0)
(2.747e-06 2.02561e-06 0)
(2.94143e-06 2.20561e-06 0)
(3.13218e-06 2.38395e-06 0)
(3.31901e-06 2.56073e-06 0)
(3.50203e-06 2.73604e-06 0)
(3.68127e-06 2.91003e-06 0)
(3.85693e-06 3.08287e-06 0)
(4.02917e-06 3.25471e-06 0)
(4.19825e-06 3.42572e-06 0)
(4.36442e-06 3.59606e-06 0)
(4.52797e-06 3.76585e-06 0)
(4.6892e-06 3.93523e-06 0)
(4.84844e-06 4.10431e-06 0)
(5.00606e-06 4.27317e-06 0)
(5.16243e-06 4.44191e-06 0)
(5.31803e-06 4.61059e-06 0)
(5.47352e-06 4.7792e-06 0)
(5.62922e-06 4.94783e-06 3.92843e-21)
(1.99997e-06 1.37702e-06 0)
(2.21305e-06 1.56721e-06 0)
(2.4082e-06 1.74887e-06 0)
(2.60136e-06 1.92966e-06 0)
(2.79154e-06 2.10983e-06 0)
(2.97874e-06 2.28898e-06 0)
(3.16263e-06 2.46703e-06 0)
(3.34323e-06 2.64394e-06 0)
(3.52051e-06 2.81973e-06 0)
(3.69458e-06 2.99445e-06 0)
(3.86555e-06 3.16818e-06 0)
(4.03362e-06 3.34101e-06 0)
(4.19899e-06 3.51302e-06 0)
(4.36193e-06 3.68428e-06 0)
(4.52269e-06 3.85486e-06 0)
(4.68159e-06 4.02479e-06 0)
(4.83894e-06 4.19411e-06 0)
(4.99513e-06 4.36281e-06 0)
(5.1506e-06 4.5308e-06 0)
(5.306e-06 4.69803e-06 0)
(5.4616e-06 4.86432e-06 3.91427e-21)
(1.88709e-06 1.29214e-06 0)
(2.09054e-06 1.47828e-06 0)
(2.27913e-06 1.6578e-06 0)
(2.46655e-06 1.83752e-06 0)
(2.65172e-06 2.01742e-06 0)
(2.83459e-06 2.19695e-06 0)
(3.01478e-06 2.37588e-06 0)
(3.19223e-06 2.55401e-06 0)
(3.36684e-06 2.73126e-06 0)
(3.53867e-06 2.90758e-06 0)
(3.70778e-06 3.08295e-06 0)
(3.87431e-06 3.25738e-06 0)
(4.03844e-06 3.43087e-06 0)
(4.20036e-06 3.60344e-06 0)
(4.36032e-06 3.77508e-06 0)
(4.51858e-06 3.94577e-06 0)
(4.67545e-06 4.11547e-06 0)
(4.83128e-06 4.28407e-06 0)
(4.98644e-06 4.4514e-06 0)
(5.14149e-06 4.61729e-06 0)
(5.29679e-06 4.7813e-06 3.87176e-21)
(1.78409e-06 1.21206e-06 0)
(1.97812e-06 1.39404e-06 0)
(2.15979e-06 1.57112e-06 0)
(2.34097e-06 1.74944e-06 0)
(2.52058e-06 1.92869e-06 0)
(2.69855e-06 2.10822e-06 0)
(2.87443e-06 2.28765e-06 0)
(3.04814e-06 2.46666e-06 0)
(3.21951e-06 2.64505e-06 0)
(3.38857e-06 2.82267e-06 0)
(3.55533e-06 2.99941e-06 0)
(3.71988e-06 3.17519e-06 0)
(3.88235e-06 3.34995e-06 0)
(4.04292e-06 3.52365e-06 0)
(4.20178e-06 3.6962e-06 0)
(4.35916e-06 3.86754e-06 0)
(4.51533e-06 4.03753e-06 0)
(4.6706e-06 4.20602e-06 0)
(4.82529e-06 4.37271e-06 0)
(4.97991e-06 4.53734e-06 0)
(5.13476e-06 4.6992e-06 3.80334e-21)
(1.68895e-06 1.1365e-06 0)
(1.87385e-06 1.3143e-06 0)
(2.0484e-06 1.48879e-06 0)
(2.22304e-06 1.66545e-06 0)
(2.39672e-06 1.84377e-06 0)
(2.56936e-06 2.02299e-06 0)
(2.74049e-06 2.20259e-06 0)
(2.90999e-06 2.38217e-06 0)
(3.07768e-06 2.56139e-06 0)
(3.24354e-06 2.74001e-06 0)
(3.40753e-06 2.91784e-06 0)
(3.56973e-06 3.09473e-06 0)
(3.73023e-06 3.27055e-06 0)
(3.88914e-06 3.44517e-06 0)
(4.04664e-06 3.61849e-06 0)
(4.20293e-06 3.79034e-06 0)
(4.35821e-06 3.96056e-06 0)
(4.51276e-06 4.1289e-06 0)
(4.66686e-06 4.29501e-06 0)
(4.82091e-06 4.45851e-06 0)
(4.97518e-06 4.61851e-06 3.71131e-21)
(1.59988e-06 1.06514e-06 0)
(1.77597e-06 1.23887e-06 0)
(1.9433e-06 1.41069e-06 0)
(2.11121e-06 1.58554e-06 0)
(2.27872e-06 1.76272e-06 0)
(2.44572e-06 1.94138e-06 0)
(2.61177e-06 2.12089e-06 0)
(2.77672e-06 2.30073e-06 0)
(2.94039e-06 2.4805e-06 0)
(3.1027e-06 2.65984e-06 0)
(3.26363e-06 2.8385e-06 0)
(3.42318e-06 3.01625e-06 0)
(3.58142e-06 3.19289e-06 0)
(3.73844e-06 3.36825e-06 0)
(3.89438e-06 3.54215e-06 0)
(4.04938e-06 3.7144e-06 0)
(4.20363e-06 3.88477e-06 0)
(4.35734e-06 4.05295e-06 0)
(4.51071e-06 4.21855e-06 0)
(4.66409e-06 4.38111e-06 0)
(4.81766e-06 4.53958e-06 3.60011e-21)
(1.51523e-06 9.97646e-07 0)
(1.68279e-06 1.16748e-06 0)
(1.84288e-06 1.33667e-06 0)
(2.00396e-06 1.50964e-06 0)
(2.16514e-06 1.68554e-06 0)
(2.32631e-06 1.86343e-06 0)
(2.48705e-06 2.04262e-06 0)
(2.64721e-06 2.22249e-06 0)
(2.8066e-06 2.40254e-06 0)
(2.96513e-06 2.58234e-06 0)
(3.12274e-06 2.76157e-06 0)
(3.27942e-06 2.93993e-06 0)
(3.4352e-06 3.11717e-06 0)
(3.59015e-06 3.29306e-06 0)
(3.74436e-06 3.46738e-06 0)
(3.89795e-06 3.63989e-06 0)
(4.05103e-06 3.81033e-06 0)
(4.20379e-06 3.97836e-06 0)
(4.35636e-06 4.14352e-06 0)
(4.50898e-06 4.30535e-06 0)
(4.66175e-06 4.46268e-06 3.47447e-21)
(1.4335e-06 9.33726e-07 0)
(1.59278e-06 1.09991e-06 0)
(1.74562e-06 1.26655e-06 0)
(1.89982e-06 1.43762e-06 0)
(2.05457e-06 1.61215e-06 0)
(2.20978e-06 1.78915e-06 0)
(2.36506e-06 1.96784e-06 0)
(2.52027e-06 2.14751e-06 0)
(2.67522e-06 2.3276e-06 0)
(2.8298e-06 2.50762e-06 0)
(2.98393e-06 2.68717e-06 0)
(3.13759e-06 2.8659e-06 0)
(3.29078e-06 3.04351e-06 0)
(3.44352e-06 3.21973e-06 0)
(3.59589e-06 3.3943e-06 0)
(3.74795e-06 3.56694e-06 0)
(3.8998e-06 3.73738e-06 0)
(4.05153e-06 3.90525e-06 0)
(4.20324e-06 4.07009e-06 0)
(4.35503e-06 4.2314e-06 0)
(4.50696e-06 4.38801e-06 3.33982e-21)
(1.35328e-06 8.73131e-07 0)
(1.50442e-06 1.03594e-06 0)
(1.65002e-06 1.20017e-06 0)
(1.79731e-06 1.36938e-06 0)
(1.94558e-06 1.5425e-06 0)
(2.09476e-06 1.71849e-06 0)
(2.24451e-06 1.89651e-06 0)
(2.39469e-06 2.0758e-06 0)
(2.5451e-06 2.25571e-06 0)
(2.69564e-06 2.43572e-06 0)
(2.84621e-06 2.61537e-06 0)
(2.99676e-06 2.79424e-06 0)
(3.14728e-06 2.97201e-06 0)
(3.29776e-06 3.14836e-06 0)
(3.44822e-06 3.323e-06 0)
(3.59871e-06 3.49566e-06 0)
(3.74926e-06 3.66601e-06 0)
(3.89992e-06 3.83372e-06 0)
(4.05073e-06 3.99832e-06 0)
(4.20168e-06 4.15936e-06 0)
(4.35273e-06 4.31569e-06 3.20209e-21)
(1.27319e-06 8.157e-07 0)
(1.41628e-06 9.75429e-07 0)
(1.55461e-06 1.13739e-06 0)
(1.69496e-06 1.30479e-06 0)
(1.83673e-06 1.47649e-06 0)
(1.97987e-06 1.65139e-06 0)
(2.12407e-06 1.82861e-06 0)
(2.26919e-06 2.00733e-06 0)
(2.41505e-06 2.18688e-06 0)
(2.56154e-06 2.36667e-06 0)
(2.70854e-06 2.54618e-06 0)
(2.85599e-06 2.72498e-06 0)
(3.00382e-06 2.9027e-06 0)
(3.15203e-06 3.07899e-06 0)
(3.30058e-06 3.25354e-06 0)
(3.44947e-06 3.42607e-06 0)
(3.59872e-06 3.59626e-06 0)
(3.74832e-06 3.76379e-06 0)
(3.89822e-06 3.92825e-06 0)
(4.04833e-06 4.08923e-06 0)
(4.19853e-06 4.24569e-06 3.06749e-21)
(1.19185e-06 7.61311e-07 0)
(1.32685e-06 9.1824e-07 0)
(1.45787e-06 1.0781e-06 0)
(1.59128e-06 1.24375e-06 0)
(1.72655e-06 1.41401e-06 0)
(1.86367e-06 1.58775e-06 0)
(2.00235e-06 1.76404e-06 0)
(2.14247e-06 1.94205e-06 0)
(2.28384e-06 2.12104e-06 0)
(2.42634e-06 2.30039e-06 0)
(2.56985e-06 2.47956e-06 0)
(2.71426e-06 2.65808e-06 0)
(2.85949e-06 2.83555e-06 0)
(3.00548e-06 3.0116e-06 0)
(3.15218e-06 3.18591e-06 0)
(3.29954e-06 3.35818e-06 0)
(3.44752e-06 3.52812e-06 0)
(3.59607e-06 3.69545e-06 0)
(3.7451e-06 3.85983e-06 0)
(3.89442e-06 4.02093e-06 0)
(4.04383e-06 4.17792e-06 2.94235e-21)
(1.10783e-06 7.09988e-07 0)
(1.2346e-06 8.64367e-07 0)
(1.35825e-06 1.02225e-06 0)
(1.48469e-06 1.1862e-06 0)
(1.6135e-06 1.35499e-06 0)
(1.74466e-06 1.52748e-06 0)
(1.87793e-06 1.70271e-06 0)
(2.01317e-06 1.87983e-06 0)
(2.1502e-06 2.05807e-06 0)
(2.28887e-06 2.23679e-06 0)
(2.42904e-06 2.41542e-06 0)
(2.57058e-06 2.59346e-06 0)
(2.71336e-06 2.77049e-06 0)
(2.85729e-06 2.94613e-06 0)
(3.00226e-06 3.12004e-06 0)
(3.1482e-06 3.29193e-06 0)
(3.29502e-06 3.46154e-06 0)
(3.44261e-06 3.62863e-06 0)
(3.59083e-06 3.79295e-06 0)
(3.73944e-06 3.95431e-06 0)
(3.88815e-06 4.11214e-06 2.83263e-21)
(1.01955e-06 6.61711e-07 0)
(1.13786e-06 8.13743e-07 0)
(1.25405e-06 9.69741e-07 0)
(1.37352e-06 1.132e-06 0)
(1.49594e-06 1.29926e-06 0)
(1.62128e-06 1.4704e-06 0)
(1.7493e-06 1.64443e-06 0)
(1.87987e-06 1.82049e-06 0)
(2.01279e-06 1.99779e-06 0)
(2.14789e-06 2.17568e-06 0)
(2.28499e-06 2.35357e-06 0)
(2.42392e-06 2.53094e-06 0)
(2.56451e-06 2.70736e-06 0)
(2.70662e-06 2.88242e-06 0)
(2.8501e-06 3.05581e-06 0)
(2.99482e-06 3.22721e-06 0)
(3.14064e-06 3.39641e-06 0)
(3.28741e-06 3.5632e-06 0)
(3.43495e-06 3.72746e-06 0)
(3.58296e-06 3.88914e-06 0)
(3.7311e-06 4.04802e-06 2.7444e-21)
(9.25296e-07 6.16772e-07 0)
(1.03484e-06 7.66558e-07 0)
(1.14349e-06 9.2067e-07 0)
(1.25602e-06 1.08116e-06 0)
(1.37217e-06 1.24678e-06 0)
(1.49188e-06 1.4164e-06 0)
(1.61492e-06 1.58905e-06 0)
(1.74113e-06 1.76384e-06 0)
(1.87028e-06 1.94e-06 0)
(2.00217e-06 2.11685e-06 0)
(2.13657e-06 2.29379e-06 0)
(2.27327e-06 2.4703e-06 0)
(2.41205e-06 2.64593e-06 0)
(2.55271e-06 2.82028e-06 0)
(2.69504e-06 2.99301e-06 0)
(2.83885e-06 3.16383e-06 0)
(2.98395e-06 3.33253e-06 0)
(3.13012e-06 3.49897e-06 0)
(3.27714e-06 3.66313e-06 0)
(3.42471e-06 3.8251e-06 0)
(3.57244e-06 3.98511e-06 2.68082e-21)
(8.22975e-07 5.75062e-07 0)
(9.23364e-07 7.22621e-07 0)
(1.02443e-06 8.74775e-07 0)
(1.13012e-06 1.03337e-06 0)
(1.24022e-06 1.19719e-06 0)
(1.35461e-06 1.36511e-06 0)
(1.47305e-06 1.53618e-06 0)
(1.59533e-06 1.70949e-06 0)
(1.72119e-06 1.88429e-06 0)
(1.85037e-06 2.05989e-06 0)
(1.98258e-06 2.2357e-06 0)
(2.11757e-06 2.41117e-06 0)
(2.25506e-06 2.58587e-06 0)
(2.39478e-06 2.75937e-06 0)
(2.53645e-06 2.93134e-06 0)
(2.67981e-06 3.10151e-06 0)
(2.8246e-06 3.26966e-06 0)
(2.97053e-06 3.4357e-06 0)
(3.11732e-06 3.59968e-06 0)
(3.26466e-06 3.76186e-06 0)
(3.41216e-06 3.92287e-06 2.64553e-21)
(7.10611e-07 5.37367e-07 0)
(8.01442e-07 6.82509e-07 0)
(8.9494e-07 8.32434e-07 0)
(9.93983e-07 9.8884e-07 0)
(1.09834e-06 1.15055e-06 0)
(1.20784e-06 1.31648e-06 0)
(1.32218e-06 1.48565e-06 0)
(1.4411e-06 1.6572e-06 0)
(1.56426e-06 1.83037e-06 0)
(1.69134e-06 2.00447e-06 0)
(1.82202e-06 2.1789e-06 0)
(1.95595e-06 2.35314e-06 0)
(2.0928e-06 2.52673e-06 0)
(2.23222e-06 2.69925e-06 0)
(2.37387e-06 2.87038e-06 0)
(2.51741e-06 3.03982e-06 0)
(2.66247e-06 3.2074e-06 0)
(2.80868e-06 3.37302e-06 0)
(2.95567e-06 3.53678e-06 0)
(3.10306e-06 3.69901e-06 0)
(3.25053e-06 3.86061e-06 2.63391e-21)
(5.845e-07 5.03002e-07 2.24266e-21)
(6.65238e-07 6.45283e-07 2.25675e-21)
(7.5139e-07 7.92677e-07 2.24678e-21)
(8.44197e-07 9.466e-07 2.2374e-21)
(9.43373e-07 1.10593e-06 2.2287e-21)
(1.04864e-06 1.26958e-06 2.22067e-21)
(1.15962e-06 1.43661e-06 2.21334e-21)
(1.27597e-06 1.60616e-06 2.2067e-21)
(1.39726e-06 1.77747e-06 2.20075e-21)
(1.52311e-06 1.94987e-06 2.19547e-21)
(1.65311e-06 2.12275e-06 2.19085e-21)
(1.78685e-06 2.2956e-06 2.18685e-21)
(1.92394e-06 2.46795e-06 2.18345e-21)
(2.06396e-06 2.63939e-06 2.18066e-21)
(2.20651e-06 2.8096e-06 2.17845e-21)
(2.35115e-06 2.97829e-06 2.17682e-21)
(2.49742e-06 3.14529e-06 2.17575e-21)
(2.64483e-06 3.3105e-06 2.17522e-21)
(2.79285e-06 3.47404e-06 2.17514e-21)
(2.94083e-06 3.63623e-06 2.17534e-21)
(3.09207e-06 3.77321e-06 2.4037e-21)
(0 0 0)
(1.9353e-07 3.65134e-08 0)
(3.9397e-07 1.11583e-07 0)
(6.07429e-07 2.28893e-07 0)
(8.37225e-07 3.83715e-07 0)
(1.08615e-06 5.71482e-07 0)
(1.35545e-06 7.86132e-07 0)
(1.64549e-06 1.02116e-06 0)
(1.95557e-06 1.2697e-06 0)
(2.28429e-06 1.52557e-06 0)
(0 0 0)
(1.82698e-07 3.25944e-08 0)
(3.71822e-07 1.00432e-07 0)
(5.72563e-07 2.07475e-07 0)
(7.87696e-07 3.49972e-07 0)
(1.01972e-06 5.24229e-07 0)
(1.26982e-06 7.25053e-07 0)
(1.53846e-06 9.46792e-07 0)
(1.82516e-06 1.18324e-06 0)
(2.12861e-06 1.4291e-06 0)
(0 0 0)
(1.72899e-07 2.85347e-08 0)
(3.51914e-07 8.9573e-08 0)
(5.41448e-07 1.87217e-07 0)
(7.43732e-07 3.18447e-07 0)
(9.6093e-07 4.80234e-07 0)
(1.19411e-06 6.68073e-07 0)
(1.44374e-06 8.77003e-07 0)
(1.70966e-06 1.10143e-06 0)
(1.9907e-06 1.33674e-06 0)
(0 0 0)
(1.63859e-07 2.42829e-08 0)
(3.33673e-07 7.88663e-08 0)
(5.13203e-07 1.67899e-07 0)
(7.04193e-07 2.88895e-07 0)
(9.08483e-07 4.39335e-07 0)
(1.12697e-06 6.15251e-07 0)
(1.36003e-06 8.12218e-07 0)
(1.60766e-06 1.02513e-06 0)
(1.86862e-06 1.2497e-06 0)
(0 0 0)
(1.55401e-07 1.97969e-08 0)
(3.16688e-07 6.81176e-08 0)
(4.87089e-07 1.49105e-07 0)
(6.67914e-07 2.60668e-07 0)
(8.60703e-07 4.00666e-07 0)
(1.06619e-06 5.65555e-07 0)
(1.28466e-06 7.51341e-07 0)
(1.51623e-06 9.53391e-07 0)
(1.75957e-06 1.1676e-06 0)
(0 0 0)
(1.47403e-07 1.50675e-08 0)
(3.00692e-07 5.72565e-08 0)
(4.62659e-07 1.30679e-07 0)
(6.34232e-07 2.33533e-07 0)
(8.16679e-07 3.63957e-07 0)
(1.01058e-06 5.18732e-07 0)
(1.21609e-06 6.9418e-07 0)
(1.43339e-06 8.86059e-07 0)
(1.66115e-06 1.09037e-06 0)
(0 0 0)
(1.39748e-07 1.00819e-08 0)
(2.85426e-07 4.6193e-08 0)
(4.39467e-07 1.12405e-07 0)
(6.02462e-07 2.07125e-07 0)
(7.75446e-07 3.287e-07 0)
(9.58857e-07 4.74162e-07 0)
(1.15274e-06 6.40078e-07 0)
(1.35733e-06 8.2254e-07 0)
(1.57126e-06 1.01762e-06 0)
(0 0 0)
(1.32353e-07 4.84479e-09 0)
(2.70714e-07 3.48936e-08 0)
(4.17214e-07 9.41821e-08 0)
(5.72145e-07 1.81272e-07 0)
(7.3634e-07 2.94649e-07 0)
(9.1011e-07 4.31539e-07 0)
(1.09342e-06 5.88685e-07 0)
(1.28651e-06 7.62452e-07 0)
(1.48806e-06 9.48993e-07 0)
(0 0 0)
(1.25144e-07 -6.46332e-10 0)
(2.56395e-07 2.33153e-08 0)
(3.95622e-07 7.58979e-08 0)
(5.42852e-07 1.55771e-07 0)
(6.98748e-07 2.61515e-07 0)
(8.63513e-07 3.90496e-07 0)
(1.03706e-06 5.39588e-07 0)
(1.21961e-06 7.0537e-07 0)
(1.40992e-06 8.8408e-07 0)
(0 0 0)
(1.18063e-07 -6.38778e-09 0)
(2.42345e-07 1.14373e-08 0)
(3.74482e-07 5.74883e-08 0)
(5.14253e-07 1.30508e-07 0)
(6.6218e-07 2.29125e-07 0)
(8.18377e-07 3.50799e-07 0)
(9.82737e-07 4.92496e-07 0)
(1.15546e-06 6.50962e-07 0)
(1.33543e-06 8.22527e-07 0)
(0 0 0)
(1.11065e-07 -1.2383e-08 0)
(2.28465e-07 -7.66579e-10 0)
(3.53613e-07 3.88928e-08 0)
(4.86055e-07 1.0538e-07 0)
(6.26199e-07 1.97329e-07 0)
(7.74091e-07 3.1225e-07 0)
(9.29636e-07 4.47169e-07 0)
(1.09302e-06 5.98954e-07 0)
(1.26327e-06 7.64033e-07 0)
(0 0 0)
(1.04122e-07 -1.86402e-08 0)
(2.1469e-07 -1.3321e-08 0)
(3.32884e-07 2.0069e-08 0)
(4.58022e-07 8.03239e-08 0)
(5.90423e-07 1.66037e-07 0)
(7.30101e-07 2.74724e-07 0)
(8.77002e-07 4.0344e-07 0)
(1.03133e-06 5.49142e-07 0)
(1.19223e-06 7.08355e-07 0)
(0 0 0)
(9.72278e-08 -2.51832e-08 0)
(2.00993e-07 -2.62577e-08 0)
(3.12203e-07 9.89121e-10 0)
(4.29953e-07 5.53193e-08 0)
(5.54508e-07 1.35223e-07 0)
(6.85887e-07 2.38177e-07 0)
(8.24117e-07 3.61236e-07 0)
(9.69432e-07 5.0142e-07 0)
(1.12115e-06 6.55352e-07 0)
(0 0 0)
(9.04245e-08 -3.20613e-08 0)
(1.87425e-07 -3.96302e-08 0)
(2.91552e-07 -1.83781e-08 0)
(4.01702e-07 3.03615e-08 0)
(5.18136e-07 1.04896e-07 0)
(6.40938e-07 2.02611e-07 0)
(7.70259e-07 3.20537e-07 0)
(9.06393e-07 4.55737e-07 0)
(1.04883e-06 6.0493e-07 0)
(0 0 0)
(8.38168e-08 -3.93815e-08 0)
(1.74125e-07 -5.35034e-08 0)
(2.70982e-07 -3.80078e-08 0)
(3.73162e-07 5.55767e-09 0)
(4.81e-07 7.52088e-08 0)
(5.9473e-07 1.68193e-07 0)
(7.14673e-07 2.81494e-07 0)
(8.41222e-07 4.12212e-07 0)
(9.74055e-07 5.57162e-07 0)
(0 0 0)
(7.76887e-08 -4.733e-08 0)
(1.61466e-07 -6.80041e-08 0)
(2.50714e-07 -5.79108e-08 0)
(3.44304e-07 -1.90087e-08 0)
(4.42793e-07 4.6298e-08 0)
(5.46679e-07 1.35068e-07 0)
(6.5651e-07 2.44234e-07 0)
(7.72808e-07 3.7093e-07 0)
(8.95453e-07 5.12082e-07 0)
(0 0 0)
(7.25685e-08 -5.63281e-08 0)
(1.5004e-07 -8.32416e-08 0)
(2.31079e-07 -7.78448e-08 0)
(3.15111e-07 -4.28774e-08 0)
(4.03158e-07 1.87185e-08 0)
(4.96113e-07 1.03805e-07 0)
(5.9481e-07 2.09289e-07 0)
(6.9992e-07 3.32363e-07 0)
(8.11532e-07 4.7008e-07 0)
(0 0 0)
(7.00726e-08 -6.69644e-08 0)
(1.41258e-07 -9.94241e-08 0)
(2.12806e-07 -9.77065e-08 0)
(2.85628e-07 -6.58186e-08 0)
(3.61594e-07 -7.27381e-09 0)
(4.42101e-07 7.46238e-08 0)
(5.28285e-07 1.76813e-07 0)
(6.20961e-07 2.96582e-07 0)
(7.20404e-07 4.31136e-07 0)
(0 0 0)
(7.32648e-08 -8.07268e-08 0)
(1.36851e-07 -1.1625e-07 0)
(1.96649e-07 -1.1621e-07 0)
(2.55801e-07 -8.62374e-08 0)
(3.17524e-07 -3.00935e-08 0)
(3.83673e-07 4.89985e-08 0)
(4.55658e-07 1.48128e-07 0)
(5.34388e-07 2.64745e-07 0)
(6.20282e-07 3.96233e-07 0)
(3.82452e-08 -3.59645e-08 9.09685e-22)
(9.87929e-08 -9.89066e-08 1.83109e-21)
(1.42334e-07 -1.33208e-07 1.84785e-21)
(1.83811e-07 -1.32775e-07 1.87116e-21)
(2.25106e-07 -1.03562e-07 1.90252e-21)
(2.69526e-07 -4.91607e-08 1.94205e-21)
(3.18886e-07 2.75241e-08 1.99024e-21)
(3.74571e-07 1.23756e-07 2.04693e-21)
(4.37477e-07 2.37145e-07 2.11197e-21)
(5.07968e-07 3.65205e-07 2.18499e-21)
(0 0 0)
(1.9353e-07 3.65134e-08 0)
(3.9397e-07 1.11583e-07 0)
(6.07429e-07 2.28893e-07 0)
(8.37225e-07 3.83715e-07 0)
(1.08615e-06 5.71482e-07 0)
(1.35545e-06 7.86132e-07 0)
(1.64549e-06 1.02116e-06 0)
(1.95557e-06 1.2697e-06 0)
(2.28429e-06 1.52557e-06 0)
(0 0 0)
(1.82698e-07 3.25944e-08 0)
(3.71822e-07 1.00432e-07 0)
(5.72563e-07 2.07475e-07 0)
(7.87696e-07 3.49972e-07 0)
(1.01972e-06 5.24229e-07 0)
(1.26982e-06 7.25053e-07 0)
(1.53846e-06 9.46792e-07 0)
(1.82516e-06 1.18324e-06 0)
(2.12861e-06 1.4291e-06 0)
(0 0 0)
(1.72899e-07 2.85347e-08 0)
(3.51914e-07 8.9573e-08 0)
(5.41448e-07 1.87217e-07 0)
(7.43732e-07 3.18447e-07 0)
(9.6093e-07 4.80234e-07 0)
(1.19411e-06 6.68073e-07 0)
(1.44374e-06 8.77003e-07 0)
(1.70966e-06 1.10143e-06 0)
(1.9907e-06 1.33674e-06 0)
(0 0 0)
(1.63859e-07 2.42829e-08 0)
(3.33673e-07 7.88663e-08 0)
(5.13203e-07 1.67899e-07 0)
(7.04193e-07 2.88895e-07 0)
(9.08483e-07 4.39335e-07 0)
(1.12697e-06 6.15251e-07 0)
(1.36003e-06 8.12218e-07 0)
(1.60766e-06 1.02513e-06 0)
(1.86862e-06 1.2497e-06 0)
(0 0 0)
(1.55401e-07 1.97969e-08 0)
(3.16688e-07 6.81176e-08 0)
(4.87089e-07 1.49105e-07 0)
(6.67914e-07 2.60668e-07 0)
(8.60703e-07 4.00666e-07 0)
(1.06619e-06 5.65555e-07 0)
(1.28466e-06 7.51341e-07 0)
(1.51623e-06 9.53391e-07 0)
(1.75957e-06 1.1676e-06 0)
(0 0 0)
(1.47403e-07 1.50675e-08 0)
(3.00692e-07 5.72565e-08 0)
(4.62659e-07 1.30679e-07 0)
(6.34232e-07 2.33533e-07 0)
(8.16679e-07 3.63957e-07 0)
(1.01058e-06 5.18732e-07 0)
(1.21609e-06 6.9418e-07 0)
(1.43339e-06 8.86059e-07 0)
(1.66115e-06 1.09037e-06 0)
(0 0 0)
(1.39748e-07 1.00819e-08 0)
(2.85426e-07 4.6193e-08 0)
(4.39467e-07 1.12405e-07 0)
(6.02462e-07 2.07125e-07 0)
(7.75446e-07 3.287e-07 0)
(9.58857e-07 4.74162e-07 0)
(1.15274e-06 6.40078e-07 0)
(1.35733e-06 8.2254e-07 0)
(1.57126e-06 1.01762e-06 0)
(0 0 0)
(1.32353e-07 4.84479e-09 0)
(2.70714e-07 3.48936e-08 0)
(4.17214e-07 9.41821e-08 0)
(5.72145e-07 1.81272e-07 0)
(7.3634e-07 2.94649e-07 0)
(9.1011e-07 4.31539e-07 0)
(1.09342e-06 5.88685e-07 0)
(1.28651e-06 7.62452e-07 0)
(1.48806e-06 9.48993e-07 0)
(0 0 0)
(1.25144e-07 -6.46332e-10 0)
(2.56395e-07 2.33153e-08 0)
(3.95622e-07 7.58979e-08 0)
(5.42852e-07 1.55771e-07 0)
(6.98748e-07 2.61515e-07 0)
(8.63513e-07 3.90496e-07 0)
(1.03706e-06 5.39588e-07 0)
(1.21961e-06 7.0537e-07 0)
(1.40992e-06 8.8408e-07 0)
(0 0 0)
(1.18063e-07 -6.38778e-09 0)
(2.42345e-07 1.14373e-08 0)
(3.74482e-07 5.74883e-08 0)
(5.14253e-07 1.30508e-07 0)
(6.6218e-07 2.29125e-07 0)
(8.18377e-07 3.50799e-07 0)
(9.82737e-07 4.92496e-07 0)
(1.15546e-06 6.50962e-07 0)
(1.33543e-06 8.22527e-07 0)
(0 0 0)
(1.11065e-07 -1.2383e-08 0)
(2.28465e-07 -7.66579e-10 0)
(3.53613e-07 3.88928e-08 0)
(4.86055e-07 1.0538e-07 0)
(6.26199e-07 1.97329e-07 0)
(7.74091e-07 3.1225e-07 0)
(9.29636e-07 4.47169e-07 0)
(1.09302e-06 5.98954e-07 0)
(1.26327e-06 7.64033e-07 0)
(0 0 0)
(1.04122e-07 -1.86402e-08 0)
(2.1469e-07 -1.3321e-08 0)
(3.32884e-07 2.0069e-08 0)
(4.58022e-07 8.03239e-08 0)
(5.90423e-07 1.66037e-07 0)
(7.30101e-07 2.74724e-07 0)
(8.77002e-07 4.0344e-07 0)
(1.03133e-06 5.49142e-07 0)
(1.19223e-06 7.08355e-07 0)
(0 0 0)
(9.72278e-08 -2.51832e-08 0)
(2.00993e-07 -2.62577e-08 0)
(3.12203e-07 9.89121e-10 0)
(4.29953e-07 5.53193e-08 0)
(5.54508e-07 1.35223e-07 0)
(6.85887e-07 2.38177e-07 0)
(8.24117e-07 3.61236e-07 0)
(9.69432e-07 5.0142e-07 0)
(1.12115e-06 6.55352e-07 0)
(0 0 0)
(9.04245e-08 -3.20613e-08 0)
(1.87425e-07 -3.96302e-08 0)
(2.91552e-07 -1.83781e-08 0)
(4.01702e-07 3.03615e-08 0)
(5.18136e-07 1.04896e-07 0)
(6.40938e-07 2.02611e-07 0)
(7.70259e-07 3.20537e-07 0)
(9.06393e-07 4.55737e-07 0)
(1.04883e-06 6.0493e-07 0)
(0 0 0)
(8.38168e-08 -3.93815e-08 0)
(1.74125e-07 -5.35034e-08 0)
(2.70982e-07 -3.80078e-08 0)
(3.73162e-07 5.55767e-09 0)
(4.81e-07 7.52088e-08 0)
(5.9473e-07 1.68193e-07 0)
(7.14673e-07 2.81494e-07 0)
(8.41222e-07 4.12212e-07 0)
(9.74055e-07 5.57162e-07 0)
(0 0 0)
(7.76887e-08 -4.733e-08 0)
(1.61466e-07 -6.80041e-08 0)
(2.50714e-07 -5.79108e-08 0)
(3.44304e-07 -1.90087e-08 0)
(4.42793e-07 4.6298e-08 0)
(5.46679e-07 1.35068e-07 0)
(6.5651e-07 2.44234e-07 0)
(7.72808e-07 3.7093e-07 0)
(8.95453e-07 5.12082e-07 0)
(0 0 0)
(7.25685e-08 -5.63281e-08 0)
(1.5004e-07 -8.32416e-08 0)
(2.31079e-07 -7.78448e-08 0)
(3.15111e-07 -4.28774e-08 0)
(4.03158e-07 1.87185e-08 0)
(4.96113e-07 1.03805e-07 0)
(5.9481e-07 2.09289e-07 0)
(6.9992e-07 3.32363e-07 0)
(8.11532e-07 4.7008e-07 0)
(0 0 0)
(7.00726e-08 -6.69644e-08 0)
(1.41258e-07 -9.94241e-08 0)
(2.12806e-07 -9.77065e-08 0)
(2.85628e-07 -6.58186e-08 0)
(3.61594e-07 -7.27381e-09 0)
(4.42101e-07 7.46238e-08 0)
(5.28285e-07 1.76813e-07 0)
(6.20961e-07 2.96582e-07 0)
(7.20404e-07 4.31136e-07 0)
(0 0 0)
(7.32648e-08 -8.07268e-08 0)
(1.36851e-07 -1.1625e-07 0)
(1.96649e-07 -1.1621e-07 0)
(2.55801e-07 -8.62374e-08 0)
(3.17524e-07 -3.00935e-08 0)
(3.83673e-07 4.89985e-08 0)
(4.55658e-07 1.48128e-07 0)
(5.34388e-07 2.64745e-07 0)
(6.20282e-07 3.96233e-07 0)
(3.82452e-08 -3.59645e-08 9.09685e-22)
(9.87929e-08 -9.89066e-08 1.83109e-21)
(1.42334e-07 -1.33208e-07 1.84785e-21)
(1.83811e-07 -1.32775e-07 1.87116e-21)
(2.25106e-07 -1.03562e-07 1.90252e-21)
(2.69526e-07 -4.91607e-08 1.94205e-21)
(3.18886e-07 2.75241e-08 1.99024e-21)
(3.74571e-07 1.23756e-07 2.04693e-21)
(4.37477e-07 2.37145e-07 2.11197e-21)
(5.07968e-07 3.65205e-07 2.18499e-21)
)
;

boundaryField
{
    left
    {
        type            calculated;
    }
    right
    {
        type            calculated;
    }
    down
    {
        type            calculated;
    }
    up
    {
        type            calculated;
    }
    hole
    {
        type            calculated;
    }
    frontAndBack
    {
        type            empty;
    }
}


// ************************************************************************* //
