/*--------------------------------*- C++ -*----------------------------------*\
  =========                 |
  \\      /  F ield         | OpenFOAM: The Open Source CFD Toolbox
   \\    /   O peration     | Website:  https://openfoam.org
    \\  /    A nd           | Version:  9
     \\/     M anipulation  |
\*---------------------------------------------------------------------------*/
FoamFile
{
    format      ascii;
    class       volSymmTensorField;
    location    "15";
    object      epsilon;
}
// * * * * * * * * * * * * * * * * * * * * * * * * * * * * * * * * * * * * * //

dimensions      [0 0 0 0 0 0 0];

internalField   nonuniform List<symmTensor> 
1000
(
(6.27349e-06 -8.23351e-06 5.95157e-19 1.2938e-06 6.57561e-19 1.78922e-33)
(8.70274e-06 -6.33767e-06 -1.30484e-20 -1.57769e-06 7.27917e-21 0)
(9.88007e-06 -4.85885e-06 1.52255e-20 -2.91717e-06 -2.91334e-21 0)
(1.05463e-05 -3.74354e-06 3.91525e-21 -3.87457e-06 -2.78333e-21 0)
(1.08658e-05 -2.842e-06 -1.65361e-20 -4.39997e-06 1.20208e-21 0)
(1.09739e-05 -2.13949e-06 -1.79493e-21 -4.73767e-06 1.95639e-21 0)
(1.09627e-05 -1.56715e-06 -1.50063e-20 -4.92025e-06 -8.05252e-21 0)
(1.08636e-05 -1.11258e-06 1.03032e-20 -5.01319e-06 4.81498e-21 0)
(1.07348e-05 -7.34409e-07 -5.30185e-21 -5.04712e-06 -6.03761e-21 0)
(1.05467e-05 -4.19847e-07 0 -5.05172e-06 0 0)
(8.46509e-06 -9.22e-06 5.5581e-19 4.49587e-07 7.2142e-19 9.78446e-35)
(1.04226e-05 -6.54618e-06 0 -2.20978e-06 0 0)
(1.12073e-05 -4.67077e-06 1.21767e-20 -3.29499e-06 5.80443e-21 0)
(1.1579e-05 -3.33102e-06 -2.08956e-20 -4.09185e-06 -1.11417e-20 0)
(1.16714e-05 -2.30125e-06 -8.88052e-21 -4.49003e-06 -5.35516e-21 0)
(1.15994e-05 -1.53511e-06 6.17427e-21 -4.73738e-06 6.29806e-21 0)
(1.14428e-05 -9.34562e-07 6.92155e-21 -4.84932e-06 4.63848e-21 0)
(1.12301e-05 -4.78769e-07 1.62806e-20 -4.89891e-06 9.5021e-21 0)
(1.09911e-05 -1.08869e-07 0 -4.88237e-06 0 0)
(1.07381e-05 1.86901e-07 0 -4.88999e-06 0 0)
(1.09163e-05 -9.78223e-06 5.39132e-19 -7.2832e-07 8.06866e-19 0)
(1.22003e-05 -6.51537e-06 0 -2.90628e-06 0 0)
(1.24742e-05 -4.3399e-06 1.16076e-20 -3.63294e-06 6.01028e-21 0)
(1.24861e-05 -2.82566e-06 -3.49108e-21 -4.19226e-06 1.22648e-21 0)
(1.23127e-05 -1.7082e-06 -1.71063e-22 -4.4255e-06 7.57045e-23 0)
(1.20369e-05 -9.06273e-07 -5.75701e-21 -4.55598e-06 -5.9607e-21 0)
(1.17225e-05 -3.01298e-07 7.87731e-21 -4.58306e-06 3.64562e-21 0)
(1.13869e-05 1.39978e-07 -5.84331e-21 -4.57772e-06 -4.31584e-21 0)
(1.10469e-05 4.83491e-07 -4.76677e-22 -4.51439e-06 8.09996e-22 0)
(1.07187e-05 7.62502e-07 -1.23659e-21 -4.50812e-06 -5.32962e-22 0)
(1.35919e-05 -9.87767e-06 5.1188e-19 -2.19346e-06 9.26122e-19 -5.92235e-35)
(1.39598e-05 -6.2685e-06 6.62176e-21 -3.60043e-06 -6.80463e-22 0)
(1.36549e-05 -3.887e-06 -5.30181e-21 -3.91096e-06 -2.9991e-21 0)
(1.32593e-05 -2.25977e-06 -3.37131e-21 -4.17658e-06 6.51847e-22 0)
(1.27878e-05 -1.10243e-06 6.01226e-21 -4.21579e-06 5.81727e-21 0)
(1.22934e-05 -2.97115e-07 -7.24651e-21 -4.21331e-06 -4.79345e-21 0)
(1.18144e-05 2.86712e-07 -6.26013e-21 -4.15103e-06 -4.45694e-21 0)
(1.13582e-05 6.97476e-07 -1.39521e-20 -4.0901e-06 -1.02112e-20 0)
(1.09237e-05 1.00055e-06 -1.99523e-21 -3.98892e-06 -2.43964e-21 0)
(1.05307e-05 1.24714e-06 3.41441e-21 -3.96462e-06 3.02183e-21 0)
(1.63863e-05 -9.53738e-06 4.75385e-19 -3.92367e-06 1.03804e-18 -1.21323e-33)
(1.56656e-05 -5.78161e-06 3.47317e-25 -4.34705e-06 1.69388e-26 0)
(1.47472e-05 -3.30787e-06 -1.71774e-20 -4.15415e-06 -8.42731e-21 0)
(1.3894e-05 -1.65177e-06 1.56824e-21 -4.06514e-06 -5.7889e-23 0)
(1.30996e-05 -5.11399e-07 -2.19729e-21 -3.87797e-06 2.22884e-22 0)
(1.23755e-05 2.53414e-07 5.21169e-21 -3.72812e-06 4.81905e-21 0)
(1.17325e-05 7.84689e-07 -5.87865e-22 -3.57429e-06 1.69923e-22 0)
(1.11609e-05 1.14277e-06 5.50856e-21 -3.4601e-06 3.68435e-21 0)
(1.06447e-05 1.38936e-06 -1.1813e-21 -3.33198e-06 -2.54207e-21 0)
(1.01957e-05 1.59014e-06 -2.17705e-21 -3.2934e-06 -1.75977e-21 0)
(1.89929e-05 -8.86411e-06 3.69153e-19 -5.59117e-06 1.03105e-18 -1.34644e-33)
(1.73471e-05 -4.9594e-06 3.17262e-25 -5.09594e-06 6.7188e-26 0)
(1.57387e-05 -2.56962e-06 -1.72935e-25 -4.33267e-06 -2.77641e-26 0)
(1.43909e-05 -9.91255e-07 1.38679e-21 -3.84387e-06 1.70621e-22 0)
(1.3256e-05 4.79548e-08 -7.43994e-21 -3.41858e-06 -4.53239e-21 0)
(1.23012e-05 7.16181e-07 8.51296e-23 -3.11997e-06 -5.70401e-25 0)
(1.15024e-05 1.15735e-06 5.53432e-21 -2.88408e-06 3.75324e-21 0)
(1.08277e-05 1.43914e-06 1.17636e-20 -2.7264e-06 8.61362e-21 0)
(1.02447e-05 1.61539e-06 2.13081e-21 -2.58501e-06 1.56539e-21 0)
(9.75141e-06 1.75932e-06 -3.71879e-21 -2.53849e-06 -2.93214e-21 0)
(2.13758e-05 -7.47055e-06 2.53255e-19 -7.05884e-06 8.34573e-19 -2.64227e-33)
(1.88578e-05 -3.73295e-06 4.97417e-21 -5.69426e-06 1.9681e-21 0)
(1.65072e-05 -1.62412e-06 5.26658e-21 -4.33034e-06 2.4189e-21 0)
(1.46704e-05 -2.81196e-07 -1.13711e-21 -3.45642e-06 -3.34022e-22 0)
(1.32168e-05 5.49939e-07 5.3756e-21 -2.8203e-06 3.60465e-21 0)
(1.20619e-05 1.05483e-06 -4.94514e-21 -2.40418e-06 -3.41821e-21 0)
(1.11383e-05 1.36652e-06 1.40999e-21 -2.11537e-06 9.2929e-23 0)
(1.03869e-05 1.55052e-06 -4.41475e-21 -1.93692e-06 -2.89881e-21 0)
(9.7604e-06 1.64794e-06 -3.06976e-22 -1.80163e-06 3.67529e-23 0)
(9.23829e-06 1.72948e-06 -2.2373e-21 -1.7575e-06 -1.46252e-21 0)
(2.36557e-05 -5.42693e-06 1.19298e-19 -8.21632e-06 4.70746e-19 -7.48106e-35)
(2.00781e-05 -2.19246e-06 -1.32873e-20 -5.92729e-06 -4.81675e-21 0)
(1.69711e-05 -5.25702e-07 1.03366e-22 -3.99453e-06 5.63807e-23 0)
(1.47029e-05 3.99923e-07 1.662e-21 -2.83329e-06 8.09998e-22 0)
(1.29948e-05 9.22777e-07 1.22796e-20 -2.07365e-06 6.14032e-21 0)
(1.17011e-05 1.21081e-06 -7.26589e-22 -1.61222e-06 -2.19356e-22 0)
(1.07018e-05 1.37141e-06 1.80954e-26 -1.32329e-06 3.59156e-27 0)
(9.91081e-06 1.45293e-06 -4.31791e-21 -1.15946e-06 -2.28161e-21 0)
(9.26783e-06 1.47818e-06 1.05198e-22 -1.05339e-06 4.50124e-24 0)
(8.7343e-06 1.50369e-06 3.2353e-22 -1.02348e-06 1.59191e-22 0)
(2.56092e-05 -2.30727e-06 -1.22062e-20 -9.08559e-06 -2.08908e-19 -4.92876e-34)
(2.06503e-05 -3.07002e-07 -1.46363e-20 -5.54056e-06 -5.98644e-21 0)
(1.68861e-05 5.49549e-07 1.52359e-21 -3.1945e-06 1.31824e-21 0)
(1.43189e-05 8.55282e-07 1.44772e-21 -1.91516e-06 1.08054e-21 0)
(1.25247e-05 1.00694e-06 -6.03314e-22 -1.20647e-06 -3.66029e-22 0)
(1.1213e-05 1.0646e-06 4.77925e-21 -8.16554e-07 1.7486e-21 0)
(1.02222e-05 1.0891e-06 2.62784e-22 -6.00424e-07 7.89505e-23 0)
(9.444e-06 1.09099e-06 7.71231e-21 -4.92094e-07 2.95301e-21 0)
(8.81563e-06 1.07171e-06 1.70273e-21 -4.34273e-07 6.58649e-22 0)
(8.2873e-06 1.06271e-06 9.53235e-22 -4.26113e-07 3.84213e-22 0)
(2.74813e-05 2.12009e-06 -1.50373e-20 -8.59973e-06 -5.91313e-19 -2.57631e-33)
(2.01281e-05 2.49021e-06 -1.17755e-21 -3.63583e-06 -1.84767e-21 0)
(1.62026e-05 1.55587e-06 5.07926e-21 -1.68229e-06 2.17042e-21 0)
(1.37366e-05 1.0549e-06 2.62536e-22 -7.54701e-07 3.50995e-22 0)
(1.20752e-05 8.11234e-07 9.05106e-27 -3.78738e-07 8.68865e-27 0)
(1.08582e-05 7.04946e-07 4.85145e-21 -1.93433e-07 8.69694e-22 0)
(9.9306e-06 6.57846e-07 7.61079e-23 -1.13279e-07 2.26939e-23 0)
(9.18843e-06 6.36842e-07 3.71691e-21 -8.0566e-08 7.00341e-22 0)
(8.58073e-06 6.16523e-07 -4.15381e-23 -6.97138e-08 -2.82166e-24 0)
(8.05575e-06 6.04241e-07 -6.25676e-23 -7.43732e-08 -1.28353e-23 0)
(-2.74481e-08 2.00533e-08 3.19433e-20 -7.12436e-09 2.82715e-20 1.79319e-34)
(3.1268e-08 -6.79946e-08 -2.77878e-22 -1.11432e-08 2.33683e-20 1.39075e-36)
(3.1867e-07 -2.15314e-07 -3.54718e-21 -1.50049e-07 1.23401e-20 1.7425e-35)
(7.71281e-07 -3.33241e-07 -1.9433e-24 -3.56929e-07 1.61122e-20 0)
(1.29244e-06 -4.06005e-07 -4.75196e-22 -5.86801e-07 1.03573e-20 -1.40215e-36)
(1.8371e-06 -4.47523e-07 -4.86473e-21 -8.23219e-07 1.53673e-20 2.92729e-35)
(2.36916e-06 -4.63891e-07 1.09589e-21 -1.05147e-06 2.10425e-20 1.39539e-36)
(2.87643e-06 -4.6528e-07 -3.22827e-21 -1.26718e-06 1.75608e-20 2.64457e-35)
(3.34193e-06 -4.53016e-07 2.61376e-21 -1.46587e-06 1.7429e-20 -1.06129e-35)
(3.77336e-06 -4.43457e-07 5.00205e-21 -1.64507e-06 8.37132e-21 -1.54832e-35)
(5.40694e-08 -7.34589e-08 3.26191e-20 -2.66749e-08 8.13877e-21 5.21734e-35)
(3.38945e-07 -3.99552e-07 3.92661e-21 -5.63818e-09 4.30806e-21 0)
(8.57694e-07 -7.59258e-07 -3.6749e-21 -2.21351e-07 -3.69154e-21 0)
(1.43419e-06 -1.03418e-06 3.54746e-23 -5.12309e-07 -3.05633e-21 0)
(2.0125e-06 -1.20325e-06 0 -8.02194e-07 0 0)
(2.56091e-06 -1.2981e-06 -5.57682e-21 -1.07538e-06 -8.27927e-22 0)
(3.06629e-06 -1.33233e-06 9.39666e-22 -1.32134e-06 4.8007e-21 0)
(3.53091e-06 -1.33008e-06 7.01628e-23 -1.54169e-06 2.58291e-22 0)
(3.94041e-06 -1.29336e-06 -3.00456e-21 -1.73551e-06 -8.73072e-21 0)
(4.32064e-06 -1.26408e-06 2.20323e-21 -1.90033e-06 3.42279e-22 0)
(8.57077e-08 -3.63271e-07 3.85506e-20 1.03768e-07 7.55437e-21 -2.34854e-36)
(6.30614e-07 -9.97934e-07 4.01594e-21 3.19696e-08 4.2554e-21 0)
(1.36254e-06 -1.44332e-06 4.20072e-21 -3.03235e-07 8.79989e-22 0)
(2.08061e-06 -1.74188e-06 2.15833e-22 -7.19124e-07 -2.94754e-21 0)
(2.74152e-06 -1.90642e-06 0 -1.10238e-06 0 0)
(3.32315e-06 -1.98387e-06 -6.24091e-21 -1.43904e-06 -1.62917e-21 0)
(3.82861e-06 -1.99335e-06 -8.51294e-21 -1.7222e-06 -2.38415e-21 0)
(4.27312e-06 -1.96163e-06 5.63176e-21 -1.96087e-06 3.44367e-21 0)
(4.64268e-06 -1.89227e-06 3.41661e-23 -2.15564e-06 1.09971e-22 0)
(4.98751e-06 -1.83396e-06 -5.06562e-21 -2.3141e-06 -3.20283e-21 0)
(1.33615e-07 -8.17095e-07 6.84366e-20 4.13061e-07 1.51163e-20 -5.28325e-35)
(1.02985e-06 -1.71472e-06 9.89497e-22 7.11073e-08 -3.57328e-21 0)
(1.95924e-06 -2.18293e-06 4.61604e-21 -4.13345e-07 9.02558e-22 0)
(2.80601e-06 -2.44578e-06 0 -9.52215e-07 0 0)
(3.53981e-06 -2.55465e-06 -7.86795e-21 -1.42157e-06 2.92999e-21 0)
(4.15371e-06 -2.57502e-06 9.35265e-23 -1.81933e-06 7.25374e-21 0)
(4.66166e-06 -2.53129e-06 -3.90556e-22 -2.14058e-06 -3.897e-21 0)
(5.09079e-06 -2.45025e-06 -1.12555e-21 -2.40116e-06 -6.01551e-21 0)
(5.42548e-06 -2.33746e-06 2.57017e-21 -2.60255e-06 8.34069e-22 0)
(5.74086e-06 -2.24213e-06 4.79775e-21 -2.76103e-06 1.79966e-21 0)
(2.56926e-07 -1.45801e-06 7.91399e-20 8.42998e-07 3.82799e-20 1.80356e-34)
(1.59148e-06 -2.49474e-06 -8.10165e-21 6.1833e-08 5.42758e-21 0)
(2.71872e-06 -2.91558e-06 -4.91454e-21 -6.24953e-07 -1.4459e-21 0)
(3.6753e-06 -3.09091e-06 -1.32626e-21 -1.29787e-06 5.31655e-21 0)
(4.45749e-06 -3.10266e-06 -5.20602e-23 -1.84548e-06 3.27974e-22 0)
(5.08324e-06 -3.03447e-06 7.57933e-21 -2.29208e-06 -2.03341e-21 0)
(5.57848e-06 -2.91486e-06 3.30162e-21 -2.63945e-06 8.66615e-22 0)
(5.98117e-06 -2.76825e-06 0 -2.91183e-06 0 0)
(6.27437e-06 -2.6034e-06 -3.52441e-21 -3.11194e-06 -4.63828e-21 0)
(6.55513e-06 -2.46322e-06 1.40638e-21 -3.26436e-06 3.41307e-22 0)
(5.24727e-07 -2.29963e-06 1.48098e-19 1.32583e-06 6.27703e-20 -3.33662e-34)
(2.33444e-06 -3.28516e-06 3.30441e-21 2.03032e-09 -6.4407e-21 0)
(3.64846e-06 -3.57444e-06 -4.05864e-21 -9.1523e-07 -4.37754e-21 0)
(4.68739e-06 -3.61757e-06 8.92238e-22 -1.71953e-06 -2.47547e-21 0)
(5.48758e-06 -3.50629e-06 8.58608e-21 -2.32919e-06 2.87286e-21 0)
(6.09871e-06 -3.33392e-06 -8.28479e-21 -2.80722e-06 9.22253e-22 0)
(6.56063e-06 -3.12884e-06 -9.50686e-24 -3.16562e-06 2.1986e-22 0)
(6.92026e-06 -2.91098e-06 -6.4529e-21 -3.4371e-06 -4.44438e-21 0)
(7.16149e-06 -2.69254e-06 1.35162e-23 -3.62784e-06 8.62961e-23 0)
(7.39766e-06 -2.50524e-06 -7.04782e-21 -3.76694e-06 -3.22106e-21 0)
(1.01369e-06 -3.33376e-06 2.68878e-19 1.7604e-06 1.4381e-19 -4.0187e-34)
(3.26428e-06 -4.05471e-06 1.82913e-22 -1.27906e-07 -2.7701e-22 0)
(4.73107e-06 -4.12045e-06 -1.3409e-25 -1.2761e-06 2.28843e-25 0)
(5.81533e-06 -3.98702e-06 -8.76986e-21 -2.19982e-06 -6.14563e-21 0)
(6.59997e-06 -3.73227e-06 -1.49045e-21 -2.85343e-06 3.98152e-21 0)
(7.16768e-06 -3.44726e-06 -8.03857e-21 -3.34495e-06 -3.27081e-21 0)
(7.57366e-06 -3.15436e-06 1.44517e-20 -3.69802e-06 6.44111e-21 0)
(7.87143e-06 -2.86636e-06 -1.93008e-24 -3.95515e-06 1.72662e-22 0)
(8.04934e-06 -2.59793e-06 2.84626e-21 -4.12673e-06 -1.22167e-23 0)
(8.22829e-06 -2.36502e-06 -3.85556e-21 -4.24473e-06 -1.83531e-21 0)
(1.79502e-06 -4.51932e-06 4.1797e-19 2.04723e-06 2.61561e-19 -8.71093e-34)
(4.37816e-06 -4.77305e-06 4.71078e-21 -3.38989e-07 -5.62632e-21 0)
(5.9318e-06 -4.52847e-06 -1.82001e-21 -1.67668e-06 2.42352e-21 0)
(7.01205e-06 -4.17902e-06 1.11333e-21 -2.69019e-06 -1.73289e-21 0)
(7.74413e-06 -3.76667e-06 9.93672e-26 -3.36353e-06 -1.94671e-25 0)
(8.23954e-06 -3.36744e-06 9.33302e-21 -3.84914e-06 7.8937e-22 0)
(8.56864e-06 -2.99104e-06 7.04035e-22 -4.18238e-06 -3.03707e-21 0)
(8.78734e-06 -2.64064e-06 -2.37339e-22 -4.41264e-06 2.49929e-21 0)
(8.89393e-06 -2.3308e-06 3.0678e-23 -4.5606e-06 1.24816e-21 0)
(9.00277e-06 -2.05822e-06 2.94521e-21 -4.64911e-06 2.75245e-21 0)
(2.92243e-06 -5.79296e-06 5.39779e-19 2.10351e-06 4.26209e-19 1.23593e-33)
(5.66481e-06 -5.41242e-06 -1.52056e-21 -6.4197e-07 1.03155e-20 0)
(7.21298e-06 -4.78739e-06 -1.76033e-25 -2.09444e-06 1.84351e-25 0)
(8.22868e-06 -4.19206e-06 1.20711e-20 -3.15367e-06 2.83281e-21 0)
(8.86789e-06 -3.61402e-06 9.21943e-21 -3.81628e-06 4.60077e-21 0)
(9.26211e-06 -3.10451e-06 8.31956e-21 -4.27572e-06 4.15275e-21 0)
(9.4944e-06 -2.6527e-06 -9.14286e-22 -4.57326e-06 2.60978e-21 0)
(9.6182e-06 -2.25276e-06 -1.00205e-20 -4.76821e-06 -5.59702e-21 0)
(9.64765e-06 -1.91191e-06 6.15802e-21 -4.88513e-06 1.45789e-21 0)
(9.67796e-06 -1.60712e-06 2.76003e-21 -4.95197e-06 1.63962e-21 0)
(4.42427e-06 -7.05439e-06 6.42073e-19 1.8478e-06 5.94872e-19 1.85142e-34)
(7.11209e-06 -5.94585e-06 -3.05689e-21 -1.0545e-06 2.25124e-21 0)
(8.53852e-06 -4.8983e-06 -5.92539e-21 -2.5115e-06 -2.76017e-21 0)
(9.41732e-06 -4.04084e-06 2.56902e-20 -3.5549e-06 6.01548e-21 0)
(9.91881e-06 -3.29624e-06 1.57669e-22 -4.16945e-06 -1.78542e-22 0)
(1.01821e-05 -2.68364e-06 -8.18354e-21 -4.57881e-06 -4.64366e-21 0)
(1.02984e-05 -2.16746e-06 -8.77797e-21 -4.82682e-06 -1.38343e-21 0)
(1.03132e-05 -1.73225e-06 -3.30482e-21 -4.97186e-06 -1.97565e-21 0)
(1.02687e-05 -1.37911e-06 3.75425e-22 -5.06563e-06 -2.73196e-21 0)
(1.01946e-05 -1.07275e-06 1.6464e-21 -5.0739e-06 3.4556e-21 0)
(4.16183e-06 -4.11428e-07 3.89039e-21 -1.81175e-06 4.9285e-21 -1.60015e-37)
(4.50033e-06 -3.67129e-07 2.82393e-21 -1.95066e-06 -4.89376e-21 8.19617e-36)
(4.81124e-06 -3.28639e-07 -2.95642e-21 -2.07956e-06 -1.70444e-20 9.37085e-36)
(5.09081e-06 -2.93701e-07 -2.01718e-21 -2.19619e-06 -1.83469e-20 5.92829e-37)
(5.34299e-06 -2.61312e-07 -5.15685e-21 -2.3011e-06 -2.2291e-20 -4.49623e-35)
(5.56896e-06 -2.32318e-07 -8.19674e-22 -2.39566e-06 -2.48242e-20 0)
(5.77152e-06 -2.05732e-07 -8.86027e-22 -2.48027e-06 -2.84344e-20 0)
(5.95206e-06 -1.81756e-07 7.30937e-22 -2.55597e-06 -2.96164e-20 -8.91613e-37)
(6.11271e-06 -1.59777e-07 5.27803e-22 -2.62334e-06 -3.39701e-20 2.54376e-35)
(6.2547e-06 -1.39645e-07 2.5402e-21 -2.68305e-06 -3.29301e-20 -1.77285e-36)
(6.37944e-06 -1.20919e-07 3.53883e-21 -2.73558e-06 -3.75822e-20 8.78025e-35)
(6.4878e-06 -1.03331e-07 -2.38476e-21 -2.78135e-06 -4.17835e-20 -3.08793e-35)
(6.58056e-06 -8.65338e-08 3.68873e-21 -2.82066e-06 -4.11403e-20 9.68977e-35)
(6.65819e-06 -7.02791e-08 -6.33626e-21 -2.85373e-06 -5.06755e-20 2.00981e-36)
(6.72091e-06 -5.43597e-08 -3.6598e-22 -2.88065e-06 -4.38064e-20 -3.51546e-35)
(6.76907e-06 -3.87562e-08 -6.20777e-22 -2.90152e-06 -4.62503e-20 8.48415e-45)
(6.80249e-06 -2.36906e-08 -2.42491e-21 -2.9163e-06 -4.90616e-20 3.8792e-37)
(6.82245e-06 -1.0019e-08 1.46354e-21 -2.9252e-06 -4.49903e-20 -2.80575e-37)
(6.82884e-06 4.57576e-10 5.9998e-22 -2.92791e-06 -5.00853e-20 1.10895e-34)
(6.82663e-06 2.92154e-09 -1.09464e-19 -2.92397e-06 -5.54682e-20 2.59777e-34)
(4.63343e-06 -1.17706e-06 5.38933e-21 -2.04892e-06 6.62611e-21 0)
(4.88434e-06 -1.05942e-06 3.49469e-21 -2.15503e-06 9.5754e-22 0)
(5.12428e-06 -9.55841e-07 2.62825e-22 -2.25277e-06 -1.51424e-21 0)
(5.33948e-06 -8.59206e-07 7.93727e-21 -2.34248e-06 7.15602e-21 0)
(5.53764e-06 -7.68666e-07 -1.52575e-21 -2.42252e-06 -3.60302e-22 0)
(5.71652e-06 -6.86864e-07 -6.47214e-21 -2.49601e-06 -6.56061e-21 0)
(5.87941e-06 -6.1115e-07 3.30159e-21 -2.56195e-06 1.22119e-21 0)
(6.02605e-06 -5.42399e-07 0 -2.62188e-06 0 0)
(6.15839e-06 -4.78971e-07 1.5734e-21 -2.67579e-06 5.56975e-22 0)
(6.27679e-06 -4.20619e-07 3.23495e-21 -2.72438e-06 1.24613e-21 0)
(6.38245e-06 -3.66224e-07 9.7015e-21 -2.76786e-06 5.01053e-21 0)
(6.47584e-06 -3.15157e-07 4.37584e-23 -2.8066e-06 5.00548e-23 0)
(6.55768e-06 -2.66573e-07 1.26077e-21 -2.84074e-06 -9.78594e-22 0)
(6.62839e-06 -2.19891e-07 1.85065e-21 -2.87041e-06 2.11826e-21 0)
(6.68827e-06 -1.74651e-07 1.89857e-21 -2.89551e-06 2.17874e-21 0)
(6.73766e-06 -1.30835e-07 -1.88076e-21 -2.9158e-06 -2.16926e-21 0)
(6.77627e-06 -8.89686e-08 -1.89141e-21 -2.93058e-06 -2.19381e-21 0)
(6.80455e-06 -5.08729e-08 -3.79841e-21 -2.93866e-06 -4.43148e-21 0)
(6.82028e-06 -1.93072e-08 -2.87431e-23 -2.93724e-06 -3.1475e-23 0)
(6.82417e-06 -2.54893e-09 -1.01422e-19 -2.92184e-06 1.86375e-21 -2.22723e-34)
(5.22833e-06 -1.70354e-06 1.47449e-21 -2.43646e-06 2.0173e-21 0)
(5.38619e-06 -1.54322e-06 2.01169e-21 -2.49953e-06 7.17749e-22 0)
(5.54974e-06 -1.39943e-06 -4.67397e-21 -2.55251e-06 -5.8882e-21 0)
(5.69305e-06 -1.26594e-06 -4.1934e-22 -2.60279e-06 1.07515e-21 0)
(5.83042e-06 -1.13879e-06 8.52766e-21 -2.64568e-06 7.10117e-21 0)
(5.95489e-06 -1.02339e-06 -6.77389e-21 -2.68677e-06 -6.46919e-21 0)
(6.07154e-06 -9.15431e-07 -1.80318e-21 -2.72377e-06 -2.08937e-21 0)
(6.17792e-06 -8.16808e-07 3.44636e-21 -2.75869e-06 3.92187e-21 0)
(6.27623e-06 -7.25255e-07 1.68467e-23 -2.79104e-06 -2.5461e-21 0)
(6.36579e-06 -6.4074e-07 -3.64674e-21 -2.82144e-06 -4.10281e-21 0)
(6.44763e-06 -5.6187e-07 3.49443e-21 -2.84985e-06 3.91734e-21 0)
(6.52173e-06 -4.87963e-07 5.3997e-21 -2.87646e-06 6.05659e-21 0)
(6.58859e-06 -4.18002e-07 4.13166e-23 -2.90122e-06 4.55613e-23 0)
(6.6484e-06 -3.51281e-07 -1.84886e-21 -2.92398e-06 -2.08575e-21 0)
(6.70121e-06 -2.87176e-07 1.83025e-21 -2.94431e-06 2.07723e-21 0)
(6.74707e-06 -2.25451e-07 2.69808e-28 -2.96139e-06 3.00632e-28 0)
(6.785e-06 -1.66254e-07 -1.88567e-21 -2.97359e-06 -2.16708e-21 0)
(6.81454e-06 -1.10518e-07 2.54322e-22 -2.97824e-06 1.56525e-21 0)
(6.83088e-06 -5.99627e-08 -6.20588e-21 -2.96979e-06 -7.98335e-22 0)
(6.83364e-06 -1.6875e-08 -1.00315e-19 -2.94204e-06 -1.42512e-21 -1.65618e-37)
(5.91093e-06 -2.07517e-06 0 -2.85961e-06 0 0)
(5.97233e-06 -1.89149e-06 2.15069e-21 -2.88309e-06 7.83405e-22 0)
(6.05843e-06 -1.72214e-06 1.6833e-21 -2.89366e-06 1.92469e-21 0)
(6.12663e-06 -1.56767e-06 1.84743e-21 -2.90702e-06 2.14005e-21 0)
(6.20005e-06 -1.41734e-06 0 -2.91354e-06 0 0)
(6.26592e-06 -1.2809e-06 2.50289e-22 -2.92231e-06 -1.0804e-21 0)
(6.33223e-06 -1.15167e-06 -5.53043e-21 -2.92973e-06 -3.39642e-21 0)
(6.39394e-06 -1.03305e-06 -3.52874e-21 -2.93849e-06 -3.83686e-21 0)
(6.45397e-06 -9.22186e-07 -1.98449e-21 -2.94777e-06 -9.15855e-22 0)
(6.51044e-06 -8.19456e-07 -1.28846e-23 -2.95817e-06 2.45387e-21 0)
(6.56434e-06 -7.23347e-07 -1.7466e-21 -2.96949e-06 5.39269e-22 0)
(6.61504e-06 -6.33247e-07 3.65207e-21 -2.98176e-06 1.56606e-21 0)
(6.66279e-06 -5.48075e-07 3.46808e-21 -2.99471e-06 1.71846e-22 0)
(6.70736e-06 -4.67041e-07 8.3414e-23 -3.00797e-06 1.312e-21 0)
(6.74844e-06 -3.89356e-07 1.48547e-22 -3.02078e-06 1.39086e-21 0)
(6.78568e-06 -3.14425e-07 -1.86436e-21 -3.03193e-06 -2.09903e-21 0)
(6.81742e-06 -2.41861e-07 -3.98184e-28 -3.03924e-06 -4.48544e-28 0)
(6.8428e-06 -1.71192e-07 3.97457e-21 -3.03955e-06 5.83536e-21 0)
(6.85572e-06 -1.03025e-07 -2.00987e-22 -3.02664e-06 -1.53464e-21 0)
(6.85636e-06 -3.24366e-08 -1.08895e-19 -2.99416e-06 -9.7477e-21 3.189e-34)
(6.65145e-06 -2.26778e-06 1.6358e-22 -3.33259e-06 2.6874e-21 0)
(6.6128e-06 -2.08331e-06 -2.33695e-21 -3.31553e-06 -1.02107e-21 0)
(6.62104e-06 -1.90345e-06 -5.87636e-21 -3.28013e-06 -4.79006e-21 0)
(6.61212e-06 -1.74507e-06 3.86908e-21 -3.25501e-06 2.6341e-21 0)
(6.62051e-06 -1.58597e-06 1.0069e-20 -3.22289e-06 6.6148e-21 0)
(6.62552e-06 -1.4422e-06 -1.84933e-21 -3.19684e-06 -1.93429e-21 0)
(6.63929e-06 -1.30393e-06 0 -3.17203e-06 0 0)
(6.65363e-06 -1.17634e-06 1.80104e-21 -3.1517e-06 1.87557e-21 0)
(6.67253e-06 -1.05611e-06 -5.79878e-21 -3.13501e-06 -2.47714e-21 0)
(6.69289e-06 -9.4409e-07 -3.76107e-21 -3.12249e-06 -2.77271e-21 0)
(6.71568e-06 -8.38867e-07 2.12243e-22 -3.11393e-06 -2.14067e-21 0)
(6.7397e-06 -7.39963e-07 -1.89403e-21 -3.10918e-06 -3.20649e-21 0)
(6.76495e-06 -6.46355e-07 -1.95697e-22 -3.10787e-06 3.36804e-21 0)
(6.79078e-06 -5.57179e-07 3.7031e-21 -3.10943e-06 5.22503e-21 0)
(6.81657e-06 -4.71478e-07 1.80461e-21 -3.11292e-06 7.69042e-22 0)
(6.84161e-06 -3.88185e-07 -6.68745e-23 -3.11692e-06 -1.30294e-21 0)
(6.86391e-06 -3.06342e-07 3.49829e-21 -3.11907e-06 1.43826e-21 0)
(6.8824e-06 -2.23913e-07 1.72064e-21 -3.11621e-06 6.90287e-22 0)
(6.89087e-06 -1.40826e-07 7.0596e-21 -3.10249e-06 5.57602e-21 0)
(6.8899e-06 -4.61273e-08 -9.55157e-20 -3.07208e-06 3.72203e-21 -3.12687e-34)
(7.41775e-06 -2.29133e-06 1.37721e-21 -3.80218e-06 1.89323e-21 0)
(7.27813e-06 -2.12983e-06 3.31393e-23 -3.75057e-06 7.27083e-23 0)
(7.21091e-06 -1.95387e-06 -4.24871e-21 -3.6719e-06 -2.94507e-21 0)
(7.12497e-06 -1.80718e-06 -1.0203e-20 -3.61132e-06 -7.63766e-21 0)
(7.06952e-06 -1.65226e-06 3.98626e-21 -3.54347e-06 2.71625e-21 0)
(7.01374e-06 -1.51282e-06 3.75118e-21 -3.48431e-06 3.72641e-21 0)
(6.97482e-06 -1.37623e-06 -1.83792e-21 -3.42887e-06 -1.82859e-21 0)
(6.94113e-06 -1.24915e-06 -2.95984e-22 -3.38017e-06 8.19969e-22 0)
(6.91773e-06 -1.12828e-06 8.06634e-21 -3.33776e-06 4.80485e-21 0)
(6.90041e-06 -1.01477e-06 -5.38982e-21 -3.30195e-06 -5.50288e-21 0)
(6.89014e-06 -9.07526e-07 -1.91721e-21 -3.27269e-06 -1.98192e-21 0)
(6.88525e-06 -8.06183e-07 5.20966e-21 -3.24976e-06 7.72666e-21 0)
(6.88548e-06 -7.09883e-07 -7.61965e-21 -3.23284e-06 -2.26758e-21 0)
(6.88993e-06 -6.17737e-07 -5.42662e-21 -3.22132e-06 -5.80138e-21 0)
(6.89775e-06 -5.28697e-07 1.45293e-23 -3.21431e-06 -1.17187e-21 0)
(6.90802e-06 -4.41294e-07 -7.31471e-21 -3.21048e-06 -5.59744e-21 0)
(6.91879e-06 -3.54122e-07 -5.32389e-23 -3.20771e-06 -5.00701e-23 0)
(6.9289e-06 -2.63807e-07 7.18818e-21 -3.20332e-06 6.87311e-21 0)
(6.9332e-06 -1.69894e-07 1.1186e-22 -3.19261e-06 1.4186e-21 0)
(6.93191e-06 -5.67961e-08 -9.54067e-20 -3.17063e-06 -1.18481e-21 2.23543e-36)
(8.17263e-06 -2.14575e-06 -1.44311e-21 -4.24415e-06 -1.85234e-21 0)
(7.93648e-06 -2.03295e-06 1.99484e-21 -4.16745e-06 1.82168e-21 0)
(7.80109e-06 -1.87592e-06 2.4635e-21 -4.05285e-06 1.28662e-21 0)
(7.6418e-06 -1.75572e-06 -1.94625e-21 -3.96106e-06 -1.82581e-21 0)
(7.52627e-06 -1.61884e-06 -4.61278e-21 -3.86247e-06 -2.30343e-21 0)
(7.41218e-06 -1.49485e-06 2.25193e-21 -3.77227e-06 1.11954e-21 0)
(7.32178e-06 -1.37042e-06 6.37265e-21 -3.68785e-06 4.10019e-21 0)
(7.24097e-06 -1.25244e-06 -1.02527e-20 -3.6114e-06 -6.88386e-21 0)
(7.17531e-06 -1.1387e-06 -6.3243e-21 -3.54352e-06 -4.16577e-21 0)
(7.12016e-06 -1.03047e-06 9.9262e-21 -3.4844e-06 6.72176e-21 0)
(7.07616e-06 -9.2732e-07 -4.04921e-21 -3.43423e-06 -1.93572e-21 0)
(7.04143e-06 -8.29081e-07 5.36202e-21 -3.39281e-06 5.49536e-21 0)
(7.01545e-06 -7.35186e-07 5.77607e-21 -3.35988e-06 3.76291e-21 0)
(6.99712e-06 -6.44792e-07 -3.36858e-21 -3.33494e-06 -4.69417e-21 0)
(6.98551e-06 -5.56842e-07 -2.2031e-21 -3.31726e-06 1.14147e-21 0)
(6.97958e-06 -4.69577e-07 1.04221e-22 -3.30576e-06 9.61699e-23 0)
(6.97776e-06 -3.81291e-07 -8.91233e-21 -3.29886e-06 -7.41723e-21 0)
(6.97878e-06 -2.87625e-07 1.76918e-21 -3.2946e-06 1.98845e-21 0)
(6.97942e-06 -1.87953e-07 3.50858e-21 -3.28991e-06 2.74501e-21 0)
(6.97878e-06 -6.36554e-08 -9.62977e-20 -3.28103e-06 -1.88782e-21 9.02811e-37)
(8.87674e-06 -1.84178e-06 1.7232e-23 -4.61986e-06 5.90083e-23 0)
(8.55527e-06 -1.80278e-06 -2.06245e-21 -4.53036e-06 -1.81472e-21 0)
(8.36321e-06 -1.68094e-06 4.43825e-22 -4.39495e-06 -4.80861e-22 0)
(8.13857e-06 -1.59718e-06 0 -4.27744e-06 0 0)
(7.96901e-06 -1.49068e-06 0 -4.15763e-06 0 0)
(7.80334e-06 -1.39083e-06 -6.17717e-21 -4.04344e-06 -4.83714e-21 0)
(7.66547e-06 -1.28817e-06 5.4949e-21 -3.93635e-06 5.12598e-21 0)
(7.54118e-06 -1.18767e-06 1.15859e-20 -3.83689e-06 1.01069e-20 0)
(7.4352e-06 -1.08893e-06 -8.76298e-21 -3.74665e-06 -8.41972e-21 0)
(7.34343e-06 -9.92933e-07 -7.67736e-21 -3.66603e-06 -6.53911e-21 0)
(7.26605e-06 -9.00011e-07 3.53997e-21 -3.59567e-06 3.52214e-21 0)
(7.20136e-06 -8.10259e-07 -3.47491e-22 -3.53576e-06 6.98141e-22 0)
(7.14864e-06 -7.23502e-07 6.06158e-21 -3.48637e-06 2.9944e-21 0)
(7.10677e-06 -6.39114e-07 9.43979e-21 -3.44735e-06 6.52914e-21 0)
(7.07489e-06 -5.56182e-07 1.28817e-22 -3.41836e-06 1.17737e-22 0)
(7.05194e-06 -4.72883e-07 4.3002e-21 -3.39883e-06 -1.17522e-21 0)
(7.03697e-06 -3.87416e-07 0 -3.38798e-06 0 0)
(7.02863e-06 -2.94882e-07 -3.61724e-21 -3.38474e-06 -1.59651e-21 0)
(7.02617e-06 -1.94635e-07 1.74036e-21 -3.38795e-06 7.35962e-22 0)
(7.02708e-06 -6.65255e-08 -9.2107e-20 -3.39532e-06 -4.34469e-22 2.36174e-36)
(9.50015e-06 -1.4088e-06 -1.34652e-23 -4.90205e-06 -5.16001e-23 0)
(9.10549e-06 -1.45714e-06 2.56155e-21 -4.80853e-06 1.53038e-21 0)
(8.87376e-06 -1.39561e-06 -2.54767e-21 -4.68353e-06 -1.5512e-21 0)
(8.59862e-06 -1.35545e-06 -2.50747e-21 -4.55017e-06 -1.51078e-21 0)
(8.38027e-06 -1.29207e-06 6.88325e-21 -4.41675e-06 4.69491e-21 0)
(8.17058e-06 -1.22233e-06 4.90432e-21 -4.28287e-06 2.92717e-21 0)
(7.98932e-06 -1.1464e-06 -6.51319e-21 -4.15584e-06 -4.35889e-21 0)
(7.82613e-06 -1.06714e-06 8.67971e-22 -4.03644e-06 -9.16509e-22 0)
(7.6834e-06 -9.8675e-07 1.47814e-21 -3.9268e-06 1.37137e-21 0)
(7.55812e-06 -9.06426e-07 -8.05262e-22 -3.82776e-06 1.0808e-21 0)
(7.44977e-06 -8.272e-07 -6.61426e-21 -3.74007e-06 -3.62567e-21 0)
(7.35688e-06 -7.49514e-07 5.91605e-23 -3.6642e-06 5.70938e-23 0)
(7.2786e-06 -6.735e-07 -3.02255e-21 -3.60047e-06 -4.11731e-21 0)
(7.21389e-06 -5.9876e-07 -1.02169e-22 -3.54906e-06 -9.34858e-23 0)
(7.16207e-06 -5.24542e-07 3.86387e-21 -3.51011e-06 1.88051e-21 0)
(7.12215e-06 -4.49106e-07 -7.7038e-23 -3.48361e-06 -6.73401e-23 0)
(7.09406e-06 -3.7068e-07 4.70667e-21 -3.46973e-06 6.31694e-21 0)
(7.07631e-06 -2.84258e-07 -1.77902e-21 -3.46842e-06 -7.955e-22 0)
(7.07102e-06 -1.89173e-07 -8.33049e-21 -3.48062e-06 -8.24717e-21 0)
(7.07371e-06 -6.51683e-08 -1.014e-19 -3.5057e-06 -6.89728e-21 1.75807e-34)
(9.99715e-06 -8.5282e-07 -3.26808e-22 -5.08647e-06 -1.64701e-22 0)
(9.5879e-06 -9.59467e-07 -2.7471e-21 -4.97188e-06 -1.61872e-21 0)
(9.32286e-06 -9.8415e-07 2.22914e-21 -4.8853e-06 1.75024e-21 0)
(9.02818e-06 -9.93856e-07 -5.83249e-21 -4.76366e-06 -5.31296e-21 0)
(8.77023e-06 -9.8853e-07 -6.00191e-21 -4.63722e-06 -4.99053e-21 0)
(8.52645e-06 -9.65758e-07 3.54956e-21 -4.50195e-06 3.66803e-21 0)
(8.3061e-06 -9.30838e-07 3.0845e-21 -4.36581e-06 3.68134e-21 0)
(8.10617e-06 -8.85785e-07 5.37943e-21 -4.23296e-06 4.8503e-21 0)
(7.92768e-06 -8.3373e-07 -6.31365e-21 -4.10683e-06 -4.71408e-21 0)
(7.76915e-06 -7.77002e-07 1.53173e-23 -3.99005e-06 1.29383e-22 0)
(7.62996e-06 -7.17482e-07 -7.60081e-23 -3.88437e-06 -3.85768e-22 0)
(7.50886e-06 -6.56507e-07 -4.9359e-21 -3.79113e-06 -4.82728e-21 0)
(7.40499e-06 -5.94879e-07 0 -3.71129e-06 0 0)
(7.31731e-06 -5.32789e-07 -4.47691e-21 -3.64564e-06 -1.45351e-21 0)
(7.24533e-06 -4.6993e-07 -2.08074e-23 -3.59491e-06 -8.91224e-23 0)
(7.18814e-06 -4.04955e-07 -5.77847e-21 -3.55981e-06 -2.81186e-21 0)
(7.14651e-06 -3.36358e-07 1.58156e-21 -3.54153e-06 1.66943e-21 0)
(7.11894e-06 -2.59508e-07 3.64451e-21 -3.54118e-06 1.66659e-21 0)
(7.1106e-06 -1.73811e-07 4.53431e-23 -3.56192e-06 -3.7045e-24 0)
(7.11527e-06 -6.02229e-08 -9.90019e-20 -3.60498e-06 -3.06405e-21 7.34923e-37)
(1.02414e-05 -3.93878e-07 2.82435e-21 -5.10342e-06 2.48499e-21 0)
(9.86818e-06 -4.50645e-07 -2.61461e-21 -5.00688e-06 -1.64316e-21 0)
(9.58136e-06 -5.56013e-07 -1.51385e-21 -4.94586e-06 -1.2566e-21 0)
(9.28866e-06 -6.05714e-07 2.51217e-21 -4.84697e-06 1.53519e-21 0)
(9.01764e-06 -6.40645e-07 -4.96732e-21 -4.73126e-06 -2.25646e-21 0)
(8.7605e-06 -6.56203e-07 -3.34958e-21 -4.60448e-06 -1.5815e-21 0)
(8.5234e-06 -6.56495e-07 -4.1732e-21 -4.47187e-06 -3.02809e-21 0)
(8.30481e-06 -6.442e-07 5.04441e-22 -4.33904e-06 -3.49387e-22 0)
(8.10655e-06 -6.21733e-07 8.43719e-21 -4.20998e-06 5.37698e-21 0)
(7.92778e-06 -5.91629e-07 -2.89936e-22 -4.08803e-06 -3.11956e-22 0)
(7.76854e-06 -5.55854e-07 4.51009e-21 -3.97571e-06 2.55357e-21 0)
(7.62801e-06 -5.16062e-07 -2.22292e-22 -3.87499e-06 -2.52026e-22 0)
(7.50574e-06 -4.73386e-07 1.64677e-35 -3.78748e-06 1.67329e-35 0)
(7.40097e-06 -4.28415e-07 -1.98296e-21 -3.71454e-06 -9.8753e-22 0)
(7.31364e-06 -3.81239e-07 1.93847e-21 -3.6576e-06 9.43424e-22 0)
(7.24303e-06 -3.31044e-07 -8.69069e-23 -3.61805e-06 -1.25672e-22 0)
(7.1908e-06 -2.76764e-07 3.0981e-22 -3.59811e-06 -8.17424e-22 0)
(7.15537e-06 -2.14802e-07 1.74847e-23 -3.59983e-06 5.83298e-23 0)
(7.14434e-06 -1.44742e-07 -1.79708e-23 -3.6283e-06 2.32446e-23 0)
(7.14997e-06 -5.04019e-08 -9.52108e-20 -3.68648e-06 -5.16252e-22 -8.47399e-37)
(1.00397e-05 5.71005e-08 2.62404e-21 -4.91867e-06 2.07473e-21 0)
(9.79047e-06 -8.43931e-09 0 -4.945e-06 0 0)
(9.53075e-06 -1.37313e-07 -2.04604e-21 -4.89785e-06 -1.80297e-21 0)
(9.27115e-06 -2.21708e-07 2.67514e-35 -4.82263e-06 2.16566e-35 0)
(9.02365e-06 -2.88132e-07 6.13247e-36 -4.72349e-06 4.44751e-36 0)
(8.7847e-06 -3.35161e-07 2.9081e-35 -4.61048e-06 2.16224e-35 0)
(8.5605e-06 -3.65504e-07 4.45985e-35 -4.48887e-06 3.60369e-35 0)
(8.35019e-06 -3.81897e-07 -1.7926e-21 -4.36438e-06 -1.68058e-21 0)
(8.15633e-06 -3.86507e-07 0 -4.24128e-06 0 0)
(7.97881e-06 -3.8174e-07 1.71287e-21 -4.12323e-06 1.6606e-21 0)
(7.81839e-06 -3.69498e-07 -2.44841e-36 -4.01312e-06 -4.12132e-36 0)
(7.67489e-06 -3.5147e-07 -1.64763e-21 -3.91333e-06 -1.65404e-21 0)
(7.54847e-06 -3.28884e-07 1.62049e-21 -3.82587e-06 1.65499e-21 0)
(7.43885e-06 -3.02563e-07 2.32885e-35 -3.75257e-06 1.69609e-35 0)
(7.34651e-06 -2.72824e-07 -1.57713e-21 -3.69531e-06 -1.6644e-21 0)
(7.27117e-06 -2.39413e-07 -1.39858e-35 -3.65605e-06 -1.29343e-35 0)
(7.21519e-06 -2.01585e-07 1.54894e-21 -3.63763e-06 1.68413e-21 0)
(7.17725e-06 -1.5709e-07 1.5408e-21 -3.64281e-06 1.69884e-21 0)
(7.16675e-06 -1.05979e-07 -1.66404e-35 -3.67815e-06 -1.4514e-35 0)
(7.17496e-06 -3.69591e-08 -9.47605e-20 -3.7471e-06 -1.47378e-35 5.59001e-49)
(9.86491e-06 5.09464e-07 4.82883e-22 -4.72728e-06 8.38794e-22 0)
(9.65227e-06 4.05948e-07 -1.67381e-21 -4.79094e-06 -1.02851e-21 0)
(9.44571e-06 2.53814e-07 -3.73057e-21 -4.78209e-06 -2.83836e-21 0)
(9.21688e-06 1.41422e-07 0 -4.73679e-06 0 0)
(8.99697e-06 4.84289e-08 1.91122e-22 -4.66365e-06 7.59941e-22 0)
(8.77699e-06 -2.55389e-08 -1.61659e-21 -4.5715e-06 -2.23357e-22 0)
(8.56739e-06 -8.20018e-08 -3.59541e-21 -4.46682e-06 -2.6799e-21 0)
(8.36699e-06 -1.23911e-07 -5.31402e-21 -4.35558e-06 -3.5758e-21 0)
(8.1797e-06 -1.52975e-07 1.756e-21 -4.24259e-06 1.69359e-21 0)
(8.00581e-06 -1.71477e-07 -3.51608e-21 -4.13196e-06 -1.77408e-21 0)
(7.84684e-06 -1.81154e-07 -1.75573e-21 -4.02704e-06 -8.64518e-22 0)
(7.70305e-06 -1.8368e-07 -3.5056e-21 -3.93071e-06 -1.68767e-21 0)
(7.5751e-06 -1.80345e-07 -3.4992e-21 -3.84544e-06 -1.65106e-21 0)
(7.46317e-06 -1.72159e-07 -1.74638e-21 -3.77351e-06 -8.1009e-22 0)
(7.36813e-06 -1.59714e-07 -3.48663e-21 -3.71732e-06 -1.59605e-21 0)
(7.29018e-06 -1.43284e-07 -3.48099e-21 -3.67927e-06 -1.57972e-21 0)
(7.23212e-06 -1.22512e-07 -1.55258e-21 -3.66297e-06 -1.68528e-21 0)
(7.19283e-06 -9.68215e-08 -1.7355e-21 -3.67118e-06 -7.88122e-22 0)
(7.18287e-06 -6.5953e-08 -1.73303e-21 -3.71136e-06 -7.96748e-22 0)
(7.19233e-06 -2.32335e-08 -9.62268e-20 -3.78816e-06 -8.13236e-22 4.18083e-49)
(9.61404e-06 8.60106e-07 9.56472e-21 -4.5219e-06 8.06665e-21 0)
(9.44999e-06 7.542e-07 1.51601e-21 -4.62399e-06 9.9267e-22 0)
(9.29051e-06 5.94884e-07 -5.54811e-21 -4.64506e-06 -4.62638e-21 0)
(9.09623e-06 4.69212e-07 5.67992e-35 -4.62565e-06 4.73658e-35 0)
(8.90707e-06 3.58801e-07 2.20138e-21 -4.57545e-06 2.5717e-21 0)
(8.71088e-06 2.65548e-07 -3.02241e-36 -4.50257e-06 -1.77595e-36 0)
(8.52093e-06 1.88533e-07 1.66191e-21 -4.41447e-06 9.4769e-22 0)
(8.33578e-06 1.25681e-07 -3.57902e-21 -4.31705e-06 -3.45743e-21 0)
(8.16036e-06 7.57181e-08 7.10184e-35 -4.21551e-06 5.93524e-35 0)
(7.99533e-06 3.6771e-08 3.43285e-21 -4.11413e-06 3.41374e-21 0)
(7.84279e-06 7.33783e-09 -1.69587e-21 -4.01661e-06 -8.62277e-22 0)
(7.70343e-06 -1.41216e-08 -1.99456e-35 -3.92606e-06 -1.58891e-35 0)
(7.57835e-06 -2.88752e-08 -8.50298e-35 -3.84527e-06 -7.83274e-35 0)
(7.46813e-06 -3.80992e-08 1.70233e-21 -3.77686e-06 8.10808e-22 0)
(7.37394e-06 -4.25364e-08 -5.0615e-35 -3.72342e-06 -4.31634e-35 0)
(7.29647e-06 -4.32286e-08 -3.13278e-21 -3.68792e-06 -3.36912e-21 0)
(7.23846e-06 -3.96111e-08 2.24047e-35 -3.67376e-06 1.70335e-35 0)
(7.19988e-06 -3.37346e-08 1.38838e-21 -3.6847e-06 2.58587e-21 0)
(7.19146e-06 -2.29038e-08 -1.70151e-21 -3.72952e-06 -8.00647e-22 0)
(7.20173e-06 -7.9981e-09 -9.60623e-20 -3.81047e-06 -8.18023e-22 0)
(9.31212e-06 1.15151e-06 2.63283e-21 -4.29542e-06 1.84427e-21 0)
(9.1918e-06 1.04407e-06 3.35076e-21 -4.42344e-06 2.77538e-21 0)
(9.07756e-06 8.85648e-07 2.86229e-21 -4.47041e-06 1.9194e-21 0)
(8.91995e-06 7.54139e-07 4.6012e-36 -4.47661e-06 5.79898e-36 0)
(8.76416e-06 6.33707e-07 4.91239e-21 -4.45015e-06 3.69825e-21 0)
(8.59535e-06 5.27769e-07 -2.97831e-22 -4.39848e-06 -8.29746e-22 0)
(8.42889e-06 4.35949e-07 -2.35875e-22 -4.32911e-06 -8.31434e-22 0)
(8.26303e-06 3.57073e-07 3.19021e-21 -4.24787e-06 1.82385e-21 0)
(8.10363e-06 2.90349e-07 1.73967e-21 -4.16016e-06 1.73716e-21 0)
(7.9516e-06 2.34392e-07 3.33351e-21 -4.07044e-06 2.60095e-21 0)
(7.80955e-06 1.88009e-07 3.2752e-21 -3.98261e-06 1.70996e-21 0)
(7.67855e-06 1.4989e-07 -2.05402e-24 -3.90003e-06 -8.73466e-22 0)
(7.56002e-06 1.18821e-07 1.68339e-21 -3.82572e-06 -6.16002e-23 0)
(7.45494e-06 9.36576e-08 1.65841e-21 -3.76255e-06 8.07736e-22 0)
(7.36444e-06 7.32883e-08 4.90572e-21 -3.71322e-06 3.28813e-21 0)
(7.29027e-06 5.67453e-08 1.66527e-21 -3.68117e-06 7.90267e-22 0)
(7.23299e-06 4.32015e-08 0 -3.66935e-06 0 0)
(7.19919e-06 3.05535e-08 4.88319e-21 -3.68402e-06 3.26371e-21 0)
(7.18092e-06 2.26432e-08 4.93714e-21 -3.72382e-06 2.83669e-21 0)
(7.20431e-06 5.4618e-09 -9.10381e-20 -3.81042e-06 1.63603e-21 0)
(8.98043e-06 1.37546e-06 -1.42598e-21 -4.06906e-06 -1.02336e-21 0)
(8.89991e-06 1.27452e-06 -1.25926e-21 -4.21652e-06 -9.05195e-22 0)
(8.82578e-06 1.12533e-06 -1.8947e-21 -4.28431e-06 -1.80318e-21 0)
(8.70347e-06 9.95574e-07 0 -4.31173e-06 0 0)
(8.58029e-06 8.71784e-07 1.842e-21 -4.30579e-06 1.79375e-21 0)
(8.43995e-06 7.59037e-07 3.271e-21 -4.27333e-06 2.70241e-21 0)
(8.29873e-06 6.57406e-07 -3.27449e-21 -4.22167e-06 -2.68149e-21 0)
(8.15471e-06 5.66839e-07 -1.75064e-21 -4.15641e-06 -1.76498e-21 0)
(8.01423e-06 4.87038e-07 1.72048e-21 -4.08297e-06 1.75483e-21 0)
(7.87839e-06 4.17221e-07 1.56585e-21 -4.00579e-06 8.59956e-22 0)
(7.75016e-06 3.56548e-07 -2.63159e-37 -3.92888e-06 -3.0559e-36 0)
(7.63084e-06 3.03999e-07 1.59618e-21 -3.85568e-06 8.27729e-22 0)
(7.52222e-06 2.58486e-07 5.56311e-36 -3.78932e-06 5.91929e-36 0)
(7.42534e-06 2.18917e-07 -1.61613e-21 -3.73272e-06 -8.01332e-22 0)
(7.34198e-06 1.83918e-07 5.42981e-36 -3.68882e-06 5.86367e-36 0)
(7.27292e-06 1.52514e-07 1.62849e-21 -3.66071e-06 7.85874e-22 0)
(7.22184e-06 1.22251e-07 -1.55037e-21 -3.65212e-06 -1.68526e-21 0)
(7.18821e-06 9.26087e-08 -3.33894e-37 -3.66772e-06 3.04194e-36 0)
(7.18234e-06 5.9488e-08 -5.64628e-36 -3.71187e-06 -2.74514e-36 0)
(7.1932e-06 1.9274e-08 -9.45393e-20 -3.78956e-06 -1.70836e-34 2.78848e-49)
(8.63117e-06 1.543e-06 2.05247e-21 -3.84637e-06 1.88576e-21 0)
(8.58528e-06 1.45225e-06 1.16025e-21 -4.00528e-06 8.59845e-22 0)
(8.54594e-06 1.3165e-06 -1.83463e-21 -4.08834e-06 -1.79096e-21 0)
(8.45681e-06 1.19296e-06 2.5742e-35 -4.13308e-06 2.15203e-35 0)
(8.3648e-06 1.07065e-06 -2.71533e-36 -4.14488e-06 -2.76666e-36 0)
(8.25302e-06 9.55707e-07 1.38172e-21 -4.13004e-06 8.86629e-22 0)
(8.13782e-06 8.48637e-07 1.42153e-21 -4.09523e-06 8.79156e-22 0)
(8.01715e-06 7.50353e-07 -1.72111e-21 -4.04578e-06 -1.77819e-21 0)
(7.89754e-06 6.61046e-07 0 -3.98689e-06 0 0)
(7.78019e-06 5.80515e-07 3.18118e-21 -3.92291e-06 2.60236e-21 0)
(7.66827e-06 5.08297e-07 -2.18664e-35 -3.8578e-06 -1.77319e-35 0)
(7.56326e-06 4.43675e-07 -7.34832e-23 -3.79499e-06 -9.25976e-22 0)
(7.46711e-06 3.85753e-07 1.60302e-21 -3.73764e-06 1.73059e-21 0)
(7.38102e-06 3.33433e-07 1.57704e-21 -3.68861e-06 7.91865e-22 0)
(7.30682e-06 2.85406e-07 -1.56861e-21 -3.65085e-06 -1.70929e-21 0)
(7.24539e-06 2.40004e-07 1.59447e-21 -3.62714e-06 7.78667e-22 0)
(7.20015e-06 1.95426e-07 1.54571e-21 -3.62128e-06 1.68447e-21 0)
(7.17018e-06 1.48232e-07 1.53928e-21 -3.63611e-06 1.66913e-21 0)
(7.16542e-06 9.74734e-08 -1.10907e-35 -3.67782e-06 -5.43992e-36 0)
(7.1764e-06 3.27109e-08 -9.48185e-20 -3.75113e-06 -1.67328e-35 5.59343e-49)
(8.27447e-06 1.65923e-06 1.00733e-21 -3.6343e-06 7.80206e-22 0)
(8.258e-06 1.58147e-06 1.07969e-21 -3.79865e-06 8.15487e-22 0)
(8.24829e-06 1.46211e-06 1.14798e-21 -3.8921e-06 8.35548e-22 0)
(8.18928e-06 1.34805e-06 0 -3.94975e-06 0 0)
(8.12614e-06 1.23085e-06 1.26593e-21 -3.97578e-06 8.53514e-22 0)
(8.04199e-06 1.11726e-06 0 -3.97594e-06 0 0)
(7.95264e-06 1.00823e-06 1.36039e-21 -3.95616e-06 8.49301e-22 0)
(7.85597e-06 9.05503e-07 0 -3.92141e-06 0 0)
(7.75839e-06 8.09732e-07 0 -3.87653e-06 0 0)
(7.66112e-06 7.21268e-07 0 -3.82567e-06 0 0)
(7.56738e-06 6.4002e-07 1.48827e-21 -3.77264e-06 8.09903e-22 0)
(7.47871e-06 5.65594e-07 0 -3.72074e-06 0 0)
(7.39713e-06 4.9729e-07 0 -3.67301e-06 0 0)
(7.32387e-06 4.34109e-07 1.54236e-21 -3.63219e-06 7.79752e-22 0)
(7.26079e-06 3.7471e-07 0 -3.60099e-06 0 0)
(7.2086e-06 3.17251e-07 0 -3.58201e-06 0 0)
(7.17052e-06 2.59597e-07 0 -3.57834e-06 0 0)
(7.14561e-06 1.97763e-07 1.57826e-21 -3.59307e-06 7.71352e-22 0)
(7.14247e-06 1.30792e-07 1.58369e-21 -3.63077e-06 7.79446e-22 0)
(7.1527e-06 4.42497e-08 -9.36263e-20 -3.69504e-06 7.93243e-22 -4.66989e-64)
(7.91609e-06 1.7316e-06 -2.7917e-21 -3.43466e-06 -2.52627e-21 0)
(7.9241e-06 1.66793e-06 0 -3.59882e-06 0 0)
(7.93932e-06 1.56577e-06 -1.08625e-21 -3.69806e-06 -7.93893e-22 0)
(7.90739e-06 1.46282e-06 0 -3.76463e-06 0 0)
(7.87076e-06 1.35294e-06 -1.20928e-21 -3.80171e-06 -8.16143e-22 0)
(7.81299e-06 1.24317e-06 -1.26251e-21 -3.81439e-06 -8.18867e-22 0)
(7.74893e-06 1.13484e-06 0 -3.80786e-06 0 0)
(7.67639e-06 1.03034e-06 0 -3.7866e-06 0 0)
(7.60146e-06 9.30722e-07 0 -3.75503e-06 0 0)
(7.52529e-06 8.36825e-07 -1.4232e-21 -3.717e-06 -7.97957e-22 0)
(7.45102e-06 7.48897e-07 -1.45153e-21 -3.67604e-06 -7.89166e-22 0)
(7.38018e-06 6.66846e-07 -1.47575e-21 -3.63528e-06 -7.80415e-22 0)
(7.31476e-06 5.90196e-07 0 -3.59753e-06 0 0)
(7.25597e-06 5.18051e-07 0 -3.56531e-06 0 0)
(7.20553e-06 4.49174e-07 0 -3.54102e-06 0 0)
(7.16407e-06 3.81525e-07 -1.53857e-21 -3.52687e-06 -7.57142e-22 0)
(7.13425e-06 3.13007e-07 0 -3.5254e-06 0 0)
(7.11512e-06 2.38883e-07 -1.55531e-21 -3.53885e-06 -7.59714e-22 0)
(7.11376e-06 1.58077e-07 -1.56179e-21 -3.57103e-06 -7.66622e-22 0)
(7.12291e-06 5.35066e-08 -9.72773e-20 -3.62451e-06 -7.78102e-22 4.23446e-49)
(7.55929e-06 1.76559e-06 -5.1288e-21 -3.24854e-06 -5.13661e-21 0)
(7.58762e-06 1.71594e-06 -9.69299e-22 -3.40825e-06 -7.31676e-22 0)
(7.62389e-06 1.63068e-06 1.10397e-36 -3.50948e-06 3.60135e-36 0)
(7.61622e-06 1.53941e-06 6.66729e-37 -3.58147e-06 3.64337e-36 0)
(7.60389e-06 1.43808e-06 1.63239e-21 -3.62661e-06 1.78372e-21 0)
(7.57113e-06 1.33373e-06 -2.84707e-21 -3.64938e-06 -2.5778e-21 0)
(7.53159e-06 1.22803e-06 -2.88886e-21 -3.65419e-06 -2.58372e-21 0)
(7.48298e-06 1.12383e-06 0 -3.64502e-06 0 0)
(7.43095e-06 1.02254e-06 1.59526e-21 -3.62579e-06 1.79615e-21 0)
(7.3765e-06 9.2538e-07 1.91232e-22 -3.59999e-06 1.01682e-21 0)
(7.32258e-06 8.32893e-07 4.40477e-36 -3.57083e-06 -8.3445e-37 0)
(7.27063e-06 7.45268e-07 -3.01022e-21 -3.54113e-06 -2.52956e-21 0)
(7.22253e-06 6.62241e-07 -1.55052e-21 -3.51345e-06 -1.75611e-21 0)
(7.17941e-06 5.83071e-07 -1.49054e-21 -3.49e-06 -7.49226e-22 0)
(7.14278e-06 5.06622e-07 1.5334e-21 -3.47279e-06 1.72355e-21 0)
(7.11315e-06 4.30854e-07 -1.51869e-21 -3.4636e-06 -7.43559e-22 0)
(7.09252e-06 3.53637e-07 1.05032e-35 -3.46419e-06 5.10889e-36 0)
(7.07997e-06 2.69916e-07 1.51992e-21 -3.47614e-06 1.65337e-21 0)
(7.08054e-06 1.78585e-07 0 -3.5017e-06 0 0)
(7.08823e-06 6.04677e-08 -9.62781e-20 -3.54233e-06 -1.73392e-34 2.83977e-49)
(7.20504e-06 1.76608e-06 1.54676e-21 -3.07471e-06 1.6225e-21 0)
(7.25051e-06 1.72934e-06 3.97388e-36 -3.22665e-06 2.08844e-36 0)
(7.30488e-06 1.65962e-06 -1.5682e-21 -3.32688e-06 -1.72134e-21 0)
(7.31923e-06 1.57972e-06 0 -3.40147e-06 0 0)
(7.32944e-06 1.48728e-06 1.57347e-21 -3.45228e-06 1.77559e-21 0)
(7.32053e-06 1.38924e-06 1.57156e-21 -3.4831e-06 1.79036e-21 0)
(7.30479e-06 1.28748e-06 -1.56818e-21 -3.49762e-06 -1.79854e-21 0)
(7.27986e-06 1.18521e-06 -1.56283e-21 -3.49927e-06 -1.80138e-21 0)
(7.25079e-06 1.08405e-06 1.55658e-21 -3.49146e-06 1.79971e-21 0)
(7.2184e-06 9.85528e-07 -3.46761e-35 -3.47725e-06 -2.85941e-35 0)
(7.18537e-06 8.90437e-07 -1.98179e-35 -3.45946e-06 -1.38271e-35 0)
(7.153e-06 7.9919e-07 5.71533e-37 -3.44062e-06 6.94748e-36 0)
(7.123e-06 7.11723e-07 2.56234e-35 -3.42292e-06 2.30413e-35 0)
(7.09639e-06 6.27461e-07 3.09729e-35 -3.40827e-06 2.55722e-35 0)
(7.0744e-06 5.45426e-07 1.02465e-35 -3.39823e-06 5.01163e-36 0)
(7.05742e-06 4.6367e-07 -5.16994e-36 -3.39407e-06 -2.50274e-36 0)
(7.04669e-06 3.80165e-07 -1.51277e-21 -3.39674e-06 -1.6794e-21 0)
(7.04125e-06 2.89771e-07 -1.05099e-35 -3.40693e-06 -5.03924e-36 0)
(7.04395e-06 1.91375e-07 -2.09524e-35 -3.42529e-06 -1.61641e-35 0)
(7.05014e-06 6.47402e-08 -9.68987e-20 -3.45213e-06 -5.1061e-36 0)
(6.85276e-06 1.7361e-06 -4.61304e-21 -2.91179e-06 -4.89557e-21 0)
(6.91335e-06 1.7105e-06 -8.27056e-36 -3.05374e-06 -7.94444e-36 0)
(6.98392e-06 1.65435e-06 -1.67193e-36 -3.15083e-06 1.205e-36 0)
(7.01884e-06 1.5849e-06 2.76844e-36 -3.22597e-06 3.19607e-36 0)
(7.05043e-06 1.50116e-06 1.51357e-21 -3.28061e-06 1.76619e-21 0)
(7.06459e-06 1.40982e-06 -1.51661e-21 -3.31785e-06 -1.78463e-21 0)
(7.07216e-06 1.31292e-06 -1.51824e-21 -3.3407e-06 -1.79578e-21 0)
(7.0707e-06 1.21384e-06 0 -3.35205e-06 0 0)
(7.06461e-06 1.11437e-06 1.51662e-21 -3.35476e-06 1.80088e-21 0)
(7.05448e-06 1.01624e-06 1.51444e-21 -3.35144e-06 1.79653e-21 0)
(7.04265e-06 9.20391e-07 -9.43968e-36 -3.34453e-06 -4.86449e-36 0)
(7.03025e-06 8.27429e-07 -1.50924e-21 -3.33617e-06 -1.7772e-21 0)
(7.01879e-06 7.3745e-07 -1.50678e-21 -3.32823e-06 -1.76305e-21 0)
(7.00915e-06 6.50058e-07 5.28289e-36 -3.32225e-06 9.53876e-36 0)
(7.0023e-06 5.64455e-07 1.50324e-21 -3.31936e-06 1.7266e-21 0)
(6.99845e-06 4.78906e-07 5.17575e-36 -3.3203e-06 5.8702e-36 0)
(6.99813e-06 3.91577e-07 0 -3.3252e-06 0 0)
(7.00027e-06 2.97574e-07 1.50281e-21 -3.33381e-06 1.64725e-21 0)
(7.00546e-06 1.95876e-07 -2.08569e-35 -3.34498e-06 -1.60199e-35 0)
(7.01028e-06 6.61311e-08 -9.75441e-20 -3.35778e-06 -4.96654e-36 0)
(6.50078e-06 1.67754e-06 -8.68557e-23 -2.75627e-06 -4.42897e-23 0)
(6.57571e-06 1.66079e-06 -9.19008e-22 -2.88711e-06 -6.198e-22 0)
(6.66174e-06 1.61585e-06 -1.43013e-21 -2.97999e-06 -1.68436e-21 0)
(6.71669e-06 1.55557e-06 0 -3.05456e-06 0 0)
(6.76924e-06 1.47995e-06 1.45321e-21 -3.11197e-06 1.75586e-21 0)
(6.80623e-06 1.39541e-06 2.63948e-21 -3.15466e-06 2.45469e-21 0)
(6.837e-06 1.30402e-06 -2.69907e-21 -3.18499e-06 -2.47495e-21 0)
(6.85901e-06 1.20923e-06 -4.03082e-21 -3.20529e-06 -3.17457e-21 0)
(6.87598e-06 1.11289e-06 1.47612e-21 -3.21787e-06 1.79984e-21 0)
(6.88824e-06 1.01681e-06 1.35992e-21 -3.22491e-06 6.92317e-22 0)
(6.89778e-06 9.2204e-07 -1.42135e-37 -3.2284e-06 -3.69582e-36 0)
(6.90552e-06 8.29287e-07 1.42182e-21 -3.23013e-06 6.93439e-22 0)
(6.91274e-06 7.38775e-07 -2.89275e-21 -3.23164e-06 -1.38753e-21 0)
(6.9202e-06 6.50269e-07 -1.4671e-21 -3.23411e-06 -6.94293e-22 0)
(6.9286e-06 5.63173e-07 -2.9687e-21 -3.23829e-06 -1.39038e-21 0)
(6.93804e-06 4.76057e-07 1.49857e-21 -3.24439e-06 6.96499e-22 0)
(6.94838e-06 3.874e-07 -1.49166e-21 -3.25181e-06 -1.6765e-21 0)
(6.95842e-06 2.9288e-07 -5.23575e-36 -3.25932e-06 -2.41045e-36 0)
(6.96656e-06 1.91669e-07 -1.5538e-35 -3.26396e-06 -1.34762e-35 0)
(6.97038e-06 6.44561e-08 -9.81868e-20 -3.26346e-06 -2.41352e-36 0)
(6.14663e-06 1.5901e-06 1.39409e-21 -2.60672e-06 1.57036e-21 0)
(6.23655e-06 1.57969e-06 9.32037e-22 -2.72625e-06 5.85266e-22 0)
(6.33849e-06 1.54348e-06 -1.36073e-21 -2.81463e-06 -1.66667e-21 0)
(6.41397e-06 1.491e-06 -4.00552e-37 -2.88827e-06 4.38649e-36 0)
(6.4879e-06 1.42283e-06 -9.18845e-36 -2.94803e-06 -3.46282e-36 0)
(6.54812e-06 1.34513e-06 1.19141e-21 -2.99567e-06 6.43105e-22 0)
(6.60242e-06 1.25989e-06 4.07876e-21 -3.03297e-06 4.22093e-21 0)
(6.64822e-06 1.17051e-06 -1.42723e-21 -3.0617e-06 -1.79385e-21 0)
(6.68848e-06 1.07877e-06 -2.87174e-21 -3.08364e-06 -3.59333e-21 0)
(6.72331e-06 9.86511e-07 2.81405e-21 -3.10051e-06 2.45988e-21 0)
(6.75428e-06 8.94773e-07 -1.44723e-35 -3.11389e-06 -6.87256e-36 0)
(6.78213e-06 8.04306e-07 2.88714e-21 -3.12523e-06 2.44742e-21 0)
(6.80791e-06 7.15398e-07 1.46151e-21 -3.13573e-06 1.7622e-21 0)
(6.83225e-06 6.27949e-07 1.47514e-21 -3.14628e-06 6.75437e-22 0)
(6.85568e-06 5.41557e-07 -1.47176e-21 -3.15727e-06 -1.72439e-21 0)
(6.87818e-06 4.55167e-07 -1.44752e-21 -3.16854e-06 -2.72197e-21 0)
(6.89912e-06 3.67671e-07 1.48109e-21 -3.17883e-06 1.67479e-21 0)
(6.91716e-06 2.75655e-07 1.48496e-21 -3.18605e-06 1.64464e-21 0)
(6.92881e-06 1.78634e-07 1.03944e-35 -3.18549e-06 7.88893e-36 0)
(6.93222e-06 5.96384e-08 -9.87965e-20 -3.17344e-06 1.66638e-34 2.91405e-49)
(5.78768e-06 1.47263e-06 -7.31652e-36 -2.45684e-06 -7.02857e-36 0)
(5.89467e-06 1.46602e-06 9.60593e-22 -2.56634e-06 5.50936e-22 0)
(6.01427e-06 1.43611e-06 1.05571e-35 -2.65137e-06 5.81715e-36 0)
(6.11188e-06 1.39012e-06 0 -2.72497e-06 0 0)
(6.20851e-06 1.32885e-06 -1.18783e-35 -2.78776e-06 -6.1164e-36 0)
(6.29307e-06 1.25817e-06 -1.21902e-21 -2.84083e-06 -6.09865e-22 0)
(6.37178e-06 1.17983e-06 1.27046e-21 -2.88539e-06 6.19431e-22 0)
(6.44202e-06 1.09709e-06 2.63288e-21 -2.92267e-06 1.25487e-21 0)
(6.50603e-06 1.01161e-06 0 -2.95396e-06 0 0)
(6.56366e-06 9.25096e-07 -1.3928e-21 -2.9805e-06 -6.39849e-22 0)
(6.61612e-06 8.38535e-07 -1.95145e-35 -3.00352e-06 -2.45067e-35 0)
(6.66392e-06 7.52633e-07 -1.45005e-21 -3.02411e-06 -6.4921e-22 0)
(6.7079e-06 6.67678e-07 2.94476e-21 -3.04318e-06 1.30661e-21 0)
(6.74861e-06 5.83654e-07 1.49107e-21 -3.06138e-06 6.5721e-22 0)
(6.78642e-06 5.00318e-07 3.01311e-21 -3.07886e-06 1.32193e-21 0)
(6.82131e-06 4.17019e-07 -1.51929e-21 -3.09519e-06 -6.64469e-22 0)
(6.85234e-06 3.33133e-07 0 -3.10869e-06 0 0)
(6.87813e-06 2.46459e-07 1.57218e-35 -3.11664e-06 6.83797e-36 0)
(6.89383e-06 1.57051e-07 3.61296e-35 -3.11286e-06 2.89915e-35 0)
(6.89764e-06 5.1722e-08 -9.93425e-20 -3.09215e-06 -4.0329e-36 5.86031e-49)
(5.42103e-06 1.32023e-06 -1.16378e-21 -2.30916e-06 -1.49598e-21 0)
(5.5489e-06 1.31522e-06 4.10373e-36 -2.4105e-06 5.41121e-36 0)
(5.68926e-06 1.28962e-06 6.04715e-36 -2.49378e-06 8.18748e-36 0)
(5.81179e-06 1.24928e-06 -1.56551e-36 -2.56864e-06 4.70992e-36 0)
(5.93336e-06 1.19483e-06 1.27376e-21 -2.63539e-06 1.71983e-21 0)
(6.04409e-06 1.13176e-06 -1.29753e-21 -2.69451e-06 -1.74799e-21 0)
(6.14861e-06 1.06151e-06 -1.31997e-21 -2.74667e-06 -1.76734e-21 0)
(6.24433e-06 9.87092e-07 0 -2.79259e-06 0 0)
(6.33279e-06 9.09909e-07 1.35951e-21 -2.83309e-06 1.78425e-21 0)
(6.41361e-06 8.31501e-07 1.37686e-21 -2.86901e-06 1.78363e-21 0)
(6.48762e-06 7.52691e-07 -1.43516e-35 -2.9012e-06 -1.83213e-35 0)
(6.55513e-06 6.74077e-07 -1.40724e-21 -2.93045e-06 -1.76799e-21 0)
(6.6168e-06 5.95878e-07 -1.42048e-21 -2.95741e-06 -1.7542e-21 0)
(6.67306e-06 5.1809e-07 0 -2.98254e-06 0 0)
(6.72423e-06 4.40568e-07 1.44354e-21 -3.00589e-06 1.71713e-21 0)
(6.77033e-06 3.63008e-07 0 -3.0269e-06 0 0)
(6.81044e-06 2.85282e-07 -2.12645e-35 -3.04379e-06 -8.9778e-36 0)
(6.84322e-06 2.06575e-07 1.46909e-21 -3.05348e-06 1.64374e-21 0)
(6.86323e-06 1.27741e-07 2.06995e-35 -3.04891e-06 1.55368e-35 0)
(6.86828e-06 4.09419e-08 -9.9802e-20 -3.02349e-06 -1.67975e-34 2.94371e-49)
(5.04472e-06 1.12963e-06 9.91077e-22 -2.15013e-06 4.61585e-22 0)
(5.19897e-06 1.12445e-06 0 -2.2478e-06 0 0)
(5.3646e-06 1.10176e-06 5.91404e-36 -2.33333e-06 4.50035e-36 0)
(5.51602e-06 1.06677e-06 0 -2.41293e-06 0 0)
(5.6657e-06 1.01956e-06 -2.08891e-36 -2.48648e-06 -2.92956e-36 0)
(5.80513e-06 9.65182e-07 5.09033e-36 -2.55396e-06 -6.25481e-36 0)
(5.93741e-06 9.04639e-07 0 -2.6155e-06 0 0)
(6.06003e-06 8.40561e-07 0 -2.6714e-06 0 0)
(6.17389e-06 7.74054e-07 0 -2.72207e-06 0 0)
(6.27842e-06 7.06395e-07 -9.70088e-36 -2.76796e-06 -8.14521e-36 0)
(6.37411e-06 6.38196e-07 4.55125e-37 -2.80959e-06 -4.00352e-36 0)
(6.4611e-06 5.69886e-07 5.22409e-36 -2.84746e-06 2.10586e-36 0)
(6.53983e-06 5.01557e-07 0 -2.88203e-06 0 0)
(6.61064e-06 4.33142e-07 0 -2.91359e-06 0 0)
(6.67379e-06 3.64514e-07 0 -2.94214e-06 0 0)
(6.7294e-06 2.95601e-07 5.38547e-36 -2.96721e-06 2.19442e-36 0)
(6.77679e-06 2.26713e-07 0 -2.98725e-06 0 0)
(6.81489e-06 1.58384e-07 3.0552e-35 -2.99935e-06 3.04363e-35 0)
(6.83884e-06 9.25249e-08 -5.44209e-36 -2.99662e-06 -2.21617e-36 0)
(6.84579e-06 2.79096e-08 -1.00142e-19 -2.9715e-06 -3.3738e-34 3.05265e-63)
(4.65727e-06 8.87106e-07 -2.04049e-21 -1.99824e-06 -2.86016e-21 0)
(4.84531e-06 8.81266e-07 -1.14339e-22 -2.09587e-06 1.08296e-21 0)
(5.04212e-06 8.61422e-07 -2.50449e-36 -2.18645e-06 1.08017e-36 0)
(5.22744e-06 8.32739e-07 -2.37425e-36 -2.27294e-06 1.35377e-36 0)
(5.40921e-06 7.94499e-07 1.16124e-21 -2.35477e-06 1.68956e-21 0)
(5.58046e-06 7.51049e-07 -2.59583e-21 -2.43151e-06 -2.24229e-21 0)
(5.74285e-06 7.02916e-07 -2.67319e-21 -2.50287e-06 -2.27944e-21 0)
(5.89407e-06 6.52213e-07 0 -2.5688e-06 0 0)
(6.03445e-06 5.99697e-07 1.29546e-21 -2.62935e-06 1.76352e-21 0)
(6.16335e-06 5.46324e-07 -2.07133e-22 -2.68469e-06 1.18849e-21 0)
(6.28096e-06 4.92473e-07 -5.28442e-37 -2.73504e-06 4.09319e-36 0)
(6.38724e-06 4.3838e-07 -2.93542e-21 -2.78068e-06 -2.34939e-21 0)
(6.48244e-06 3.83995e-07 -1.39164e-21 -2.82184e-06 -1.74e-21 0)
(6.56676e-06 3.29141e-07 -1.58287e-21 -2.85874e-06 -6.13708e-22 0)
(6.64038e-06 2.73622e-07 1.42554e-21 -2.89137e-06 1.70562e-21 0)
(6.70347e-06 2.17392e-07 -1.59167e-21 -2.91944e-06 -6.26739e-22 0)
(6.75568e-06 1.60965e-07 6.12187e-36 -2.94188e-06 -1.20036e-36 0)
(6.79649e-06 1.05707e-07 1.45906e-21 -2.95646e-06 1.64173e-21 0)
(6.82254e-06 5.4703e-08 -2.22122e-35 -2.95758e-06 -8.82212e-36 0)
(6.83101e-06 1.3834e-08 -1.00366e-19 -2.93774e-06 -4.41767e-36 0)
(4.25961e-06 5.96693e-07 -2.64591e-22 -1.81415e-06 1.04577e-21 0)
(4.49101e-06 5.90525e-07 -1.25937e-21 -1.92175e-06 -4.12559e-22 0)
(4.72652e-06 5.74601e-07 3.16229e-22 -2.02592e-06 -1.1427e-21 0)
(4.9518e-06 5.53834e-07 0 -2.12669e-06 0 0)
(5.17043e-06 5.26765e-07 2.55555e-21 -2.22295e-06 2.14896e-21 0)
(5.37708e-06 4.96711e-07 1.15434e-21 -2.31404e-06 1.70354e-21 0)
(5.57225e-06 4.63746e-07 -2.72363e-21 -2.39938e-06 -2.24159e-21 0)
(5.75393e-06 4.29341e-07 -1.23524e-21 -2.47869e-06 -1.74178e-21 0)
(5.9221e-06 3.93897e-07 1.27135e-21 -2.55181e-06 1.75022e-21 0)
(6.07611e-06 3.58011e-07 -8.83748e-36 -2.61869e-06 -1.18746e-35 0)
(6.21598e-06 3.21845e-07 1.6117e-21 -2.67936e-06 5.75199e-22 0)
(6.34157e-06 2.85459e-07 4.68996e-36 -2.73389e-06 6.00282e-36 0)
(6.45293e-06 2.48686e-07 -6.38638e-36 -2.78236e-06 1.86026e-36 0)
(6.55004e-06 2.11255e-07 -1.62563e-21 -2.82479e-06 -6.0642e-22 0)
(6.63281e-06 1.72883e-07 -6.2551e-36 -2.86112e-06 1.63286e-36 0)
(6.70127e-06 1.33413e-07 4.34033e-36 -2.89117e-06 9.43877e-36 0)
(6.755e-06 9.33341e-08 -1.45015e-21 -2.91437e-06 -1.65909e-21 0)
(6.79423e-06 5.41906e-08 1.61641e-21 -2.92976e-06 6.28955e-22 0)
(6.8175e-06 1.98242e-08 1.61496e-21 -2.93469e-06 6.30013e-22 0)
(6.82493e-06 1.30449e-09 -9.88226e-20 -2.92442e-06 6.27809e-22 0)
(3.85401e-06 2.03795e-07 -2.10143e-21 -1.67242e-06 3.86204e-21 4.8156e-36)
(4.1395e-06 2.00938e-07 -8.8866e-22 -1.79261e-06 -1.04125e-21 -6.58973e-52)
(4.422e-06 1.94429e-07 -9.49305e-22 -1.91102e-06 -6.17557e-21 6.817e-51)
(4.69332e-06 1.86861e-07 -8.14351e-36 -2.0253e-06 -9.4834e-21 0)
(4.95377e-06 1.77176e-07 1.06347e-21 -2.13477e-06 -1.24926e-20 0)
(5.19937e-06 1.66651e-07 1.11619e-21 -2.23824e-06 -1.68472e-20 -2.7327e-50)
(5.42997e-06 1.55209e-07 -1.16569e-21 -2.33531e-06 -2.43511e-20 6.67904e-50)
(5.64387e-06 1.43378e-07 -1.21161e-21 -2.42545e-06 -2.81796e-20 -2.68778e-64)
(5.841e-06 1.31258e-07 1.25393e-21 -2.50851e-06 -2.82299e-20 1.32567e-49)
(6.02081e-06 1.19044e-07 -5.56071e-35 -2.58433e-06 -3.31582e-20 9.78017e-50)
(6.18332e-06 1.06762e-07 0 -2.65289e-06 -3.60432e-20 0)
(6.32838e-06 9.44096e-08 7.68009e-35 -2.71414e-06 -3.86139e-20 1.13894e-49)
(6.45589e-06 8.18857e-08 1.63522e-35 -2.76804e-06 -4.08694e-20 2.41093e-49)
(6.56558e-06 6.90508e-08 1.15248e-35 -2.81451e-06 -4.28055e-20 2.52514e-49)
(6.65691e-06 5.57445e-08 1.6378e-35 -2.85333e-06 -4.44187e-20 2.6203e-49)
(6.72944e-06 4.18459e-08 2.13271e-35 -2.88435e-06 -4.56887e-20 2.69522e-49)
(6.7821e-06 2.7486e-08 -1.45597e-21 -2.90715e-06 -4.82758e-20 1.3751e-49)
(6.81538e-06 1.32337e-08 -8.1024e-35 -2.9218e-06 -4.71776e-20 0)
(6.82841e-06 1.07427e-09 0 -2.92783e-06 -4.7435e-20 0)
(6.82748e-06 -3.18943e-09 -1.00455e-19 -2.92543e-06 -4.73723e-20 0)
(7.61652e-06 5.6202e-07 2.9461e-21 -8.40416e-08 5.74666e-22 0)
(7.84143e-06 1.00187e-06 -3.93289e-22 -4.19236e-07 -1.29065e-22 0)
(8.26154e-06 1.45237e-06 -2.71747e-21 -9.67635e-07 -1.51553e-21 0)
(8.74429e-06 1.72209e-06 3.33807e-22 -1.64767e-06 2.30136e-22 0)
(9.25149e-06 1.81822e-06 -9.65861e-22 -2.38393e-06 -6.71985e-22 0)
(9.70817e-06 1.72629e-06 1.02262e-21 -3.11074e-06 1.11844e-21 0)
(1.00741e-05 1.46266e-06 3.46226e-21 -3.77374e-06 2.47053e-21 0)
(1.03105e-05 1.05121e-06 -1.577e-21 -4.32881e-06 -1.16875e-21 0)
(1.04053e-05 5.35277e-07 -2.32845e-21 -4.75246e-06 -1.79828e-21 0)
(1.03295e-05 -5.53895e-08 0 -4.97447e-06 0 0)
(7.21438e-06 5.04844e-07 9.09936e-23 -9.02182e-08 2.64061e-23 0)
(7.42937e-06 9.12186e-07 3.4737e-21 -4.02723e-07 1.33737e-21 0)
(7.81934e-06 1.35603e-06 3.74428e-21 -8.88614e-07 2.06613e-21 0)
(8.27505e-06 1.65942e-06 3.47922e-21 -1.49195e-06 2.32584e-21 0)
(8.77381e-06 1.824e-06 -8.57075e-22 -2.15495e-06 -6.08486e-22 0)
(9.25114e-06 1.82783e-06 -4.34048e-21 -2.82476e-06 -3.57333e-21 0)
(9.67132e-06 1.6792e-06 -3.77771e-21 -3.45586e-06 -2.71397e-21 0)
(9.9899e-06 1.38879e-06 5.61966e-21 -4.00556e-06 4.41817e-21 0)
(1.0183e-05 9.93219e-07 -1.61505e-21 -4.4584e-06 -1.04728e-21 0)
(1.02003e-05 4.20255e-07 2.60567e-21 -4.77187e-06 2.08046e-21 0)
(6.85327e-06 4.43723e-07 -1.6509e-22 -1.00653e-07 -5.82711e-23 0)
(7.06186e-06 8.25371e-07 -3.03298e-21 -4.05505e-07 -1.12979e-21 0)
(7.42307e-06 1.25831e-06 -3.10901e-21 -8.52101e-07 -1.66946e-21 0)
(7.84176e-06 1.57815e-06 4.36349e-21 -1.40042e-06 2.8748e-21 0)
(8.30683e-06 1.7836e-06 3.89087e-21 -2.00602e-06 2.92291e-21 0)
(8.76379e-06 1.84802e-06 4.17901e-21 -2.62724e-06 3.41597e-21 0)
(9.1861e-06 1.77579e-06 -2.1374e-23 -3.22786e-06 3.19758e-24 0)
(9.54073e-06 1.57081e-06 -3.35354e-21 -3.77093e-06 -3.116e-21 0)
(9.80641e-06 1.28222e-06 -5.40247e-24 -4.23858e-06 8.65215e-24 0)
(9.96561e-06 8.21422e-07 8.5898e-22 -4.59466e-06 2.53416e-22 0)
(6.52345e-06 3.75544e-07 0 -1.12257e-07 0 0)
(6.73074e-06 7.35081e-07 9.95863e-22 -4.13863e-07 2.83316e-22 0)
(7.07206e-06 1.15737e-06 -1.11539e-21 -8.26357e-07 -7.3013e-22 0)
(7.46219e-06 1.49033e-06 -2.95118e-21 -1.32242e-06 -2.03784e-21 0)
(7.89993e-06 1.73258e-06 2.17655e-21 -1.86851e-06 1.64434e-21 0)
(8.33852e-06 1.85476e-06 -3.24716e-21 -2.43258e-06 -2.6285e-21 0)
(8.75507e-06 1.85697e-06 -1.27859e-21 -2.98632e-06 -1.30193e-21 0)
(9.12339e-06 1.73162e-06 3.7649e-21 -3.50125e-06 3.21948e-21 0)
(9.41201e-06 1.52164e-06 -1.61658e-23 -3.9618e-06 5.45054e-24 0)
(9.64947e-06 1.14207e-06 5.15274e-21 -4.35416e-06 4.45667e-21 0)
(6.21435e-06 2.99209e-07 1.12467e-21 -1.23908e-07 1.51725e-22 0)
(6.4224e-06 6.38982e-07 1.58624e-21 -4.28377e-07 6.07964e-22 0)
(6.74742e-06 1.04807e-06 0 -8.18535e-07 0 0)
(7.11051e-06 1.38497e-06 -1.8109e-21 -1.27567e-06 -1.20386e-21 0)
(7.51865e-06 1.64896e-06 -1.42613e-21 -1.77461e-06 -1.04686e-21 0)
(7.93306e-06 1.81024e-06 7.5743e-22 -2.29134e-06 6.25327e-22 0)
(8.3353e-06 1.86828e-06 -1.78236e-21 -2.80326e-06 -1.4675e-21 0)
(8.70992e-06 1.81223e-06 -1.26087e-21 -3.28812e-06 -8.95113e-22 0)
(9.01224e-06 1.67885e-06 -1.14273e-21 -3.72557e-06 -8.80573e-22 0)
(9.29936e-06 1.39609e-06 -5.70843e-21 -4.11066e-06 -4.47046e-21 0)
(5.92353e-06 2.16224e-07 -2.15526e-21 -1.35251e-07 -2.40319e-22 0)
(6.13471e-06 5.40529e-07 1.3279e-21 -4.44874e-07 4.57795e-22 0)
(6.4484e-06 9.38889e-07 3.89147e-21 -8.17266e-07 1.89039e-21 0)
(6.78951e-06 1.2786e-06 -1.27641e-21 -1.24017e-06 -7.8099e-22 0)
(7.17124e-06 1.55991e-06 -1.9377e-21 -1.69486e-06 -1.46426e-21 0)
(7.56092e-06 1.7529e-06 1.39083e-21 -2.16431e-06 1.18139e-21 0)
(7.94235e-06 1.85531e-06 1.59407e-21 -2.63135e-06 1.36549e-21 0)
(8.3105e-06 1.85425e-06 7.78452e-22 -3.08171e-06 7.36021e-22 0)
(8.61173e-06 1.77745e-06 3.07026e-21 -3.49482e-06 2.47202e-21 0)
(8.92512e-06 1.57771e-06 -2.11495e-21 -3.86726e-06 -1.88672e-21 0)
(5.64448e-06 1.25385e-07 0 -1.46326e-07 0 0)
(5.85998e-06 4.36942e-07 -5.68203e-22 -4.63872e-07 -3.97204e-22 0)
(6.16531e-06 8.25359e-07 1.456e-21 -8.24802e-07 7.46499e-22 0)
(6.4876e-06 1.16522e-06 1.21927e-21 -1.2214e-06 7.20273e-22 0)
(6.84532e-06 1.45781e-06 -3.95481e-21 -1.6399e-06 -2.82095e-21 0)
(7.21128e-06 1.6744e-06 -1.38505e-21 -2.06873e-06 -1.10286e-21 0)
(7.57119e-06 1.81182e-06 3.80139e-21 -2.49452e-06 3.26024e-21 0)
(7.92839e-06 1.85815e-06 -2.45282e-21 -2.90837e-06 -2.2192e-21 0)
(8.22278e-06 1.83041e-06 1.10745e-21 -3.29049e-06 7.68653e-22 0)
(8.54379e-06 1.70328e-06 6.73679e-21 -3.63637e-06 5.99542e-21 0)
(5.37489e-06 2.77685e-08 9.25443e-22 -1.56775e-07 5.62338e-24 0)
(5.59573e-06 3.29855e-07 -1.86657e-22 -4.83374e-07 -1.41164e-22 0)
(5.89545e-06 7.10857e-07 6.02392e-24 -8.36032e-07 6.55784e-24 0)
(6.20203e-06 1.05092e-06 3.98025e-22 -1.21034e-06 3.35859e-22 0)
(6.53833e-06 1.35203e-06 -2.28035e-21 -1.59657e-06 -1.77211e-21 0)
(6.88149e-06 1.58676e-06 1.35524e-22 -1.98793e-06 5.17897e-25 0)
(7.21912e-06 1.75074e-06 -1.5449e-23 -2.37492e-06 -1.38522e-23 0)
(7.56101e-06 1.83437e-06 -4.71327e-21 -2.75325e-06 -4.24481e-21 0)
(7.84519e-06 1.84565e-06 -4.31174e-21 -3.10554e-06 -3.63517e-21 0)
(8.16323e-06 1.77883e-06 2.64307e-21 -3.42265e-06 2.53384e-21 0)
(5.11103e-06 -7.71064e-08 1.2222e-22 -1.66947e-07 9.26303e-23 0)
(5.33784e-06 2.18096e-07 -4.5927e-22 -5.03901e-07 2.28596e-22 0)
(5.63384e-06 5.9369e-07 -1.05482e-21 -8.51726e-07 -4.10055e-22 0)
(5.92706e-06 9.33951e-07 3.40236e-21 -1.20819e-06 1.8907e-21 0)
(6.24439e-06 1.24129e-06 9.5244e-22 -1.56696e-06 8.41219e-22 0)
(6.56644e-06 1.49001e-06 -4.47165e-21 -1.92507e-06 -3.58555e-21 0)
(6.88296e-06 1.67475e-06 3.43043e-21 -2.27631e-06 3.00312e-21 0)
(7.20771e-06 1.78866e-06 2.26081e-21 -2.61957e-06 2.14355e-21 0)
(7.48003e-06 1.83217e-06 -4.14905e-21 -2.94107e-06 -3.51284e-21 0)
(7.78817e-06 1.81414e-06 -7.82623e-21 -3.22752e-06 -7.0866e-21 0)
(4.85084e-06 -1.88713e-07 1.79984e-22 -1.7676e-07 1.46376e-22 0)
(5.08402e-06 1.02278e-07 2.42809e-21 -5.24727e-07 7.47689e-22 0)
(5.37769e-06 4.75015e-07 2.76077e-21 -8.69777e-07 8.54437e-22 0)
(5.65919e-06 8.16317e-07 -2.18798e-21 -1.21097e-06 -1.17628e-21 0)
(5.95931e-06 1.12858e-06 2.44105e-21 -1.54524e-06 2.18564e-21 0)
(6.26152e-06 1.38785e-06 1.09591e-21 -1.87298e-06 9.75391e-22 0)
(6.55811e-06 1.58808e-06 2.75324e-21 -2.19138e-06 2.38334e-21 0)
(6.86496e-06 1.72531e-06 7.87196e-21 -2.50162e-06 7.18909e-21 0)
(7.12512e-06 1.79471e-06 2.35389e-21 -2.79363e-06 1.98198e-21 0)
(7.42011e-06 1.81544e-06 -2.58192e-21 -3.05049e-06 -2.64792e-21 0)
(4.59204e-06 -3.07241e-07 -2.96407e-22 -1.86501e-07 -2.56178e-22 0)
(4.83187e-06 -1.78945e-08 2.20992e-21 -5.46323e-07 -1.31963e-22 0)
(5.12394e-06 3.54538e-07 1.65298e-21 -8.90371e-07 3.81415e-22 0)
(5.39455e-06 6.97916e-07 -2.74382e-21 -1.21824e-06 -1.26294e-21 0)
(5.67868e-06 1.01422e-06 -3.16354e-21 -1.53033e-06 -2.31765e-21 0)
(5.96219e-06 1.28137e-06 4.08926e-21 -1.83007e-06 3.37197e-21 0)
(6.24027e-06 1.49298e-06 2.54606e-21 -2.11792e-06 2.21317e-21 0)
(6.52941e-06 1.64777e-06 2.11728e-21 -2.39674e-06 1.79856e-21 0)
(6.77771e-06 1.73757e-06 2.28596e-21 -2.66015e-06 1.88849e-21 0)
(7.05842e-06 1.78819e-06 -8.40371e-27 -2.88903e-06 -6.73912e-27 0)
(4.33322e-06 -4.3246e-07 -1.74487e-21 -1.96392e-07 1.40962e-22 0)
(4.57981e-06 -1.41771e-07 -2.23829e-21 -5.68948e-07 -5.87675e-22 0)
(4.87022e-06 2.33288e-07 -9.32594e-22 -9.1302e-07 -2.80057e-22 0)
(5.12977e-06 5.80036e-07 -9.88579e-22 -1.2283e-06 -4.84813e-22 0)
(5.3982e-06 8.99576e-07 -3.55489e-21 -1.51931e-06 -2.66491e-21 0)
(5.66366e-06 1.17191e-06 -2.26805e-21 -1.79254e-06 -1.77048e-21 0)
(5.92448e-06 1.39089e-06 1.83466e-21 -2.05173e-06 1.62527e-21 0)
(6.19668e-06 1.55778e-06 1.90932e-21 -2.30106e-06 1.88158e-21 0)
(6.43408e-06 1.66277e-06 3.50877e-21 -2.53733e-06 3.5876e-21 0)
(6.70091e-06 1.73563e-06 6.42166e-22 -2.74047e-06 7.76836e-22 0)
(4.07366e-06 -5.64574e-07 9.44296e-22 -2.074e-07 -5.37121e-24 0)
(4.32679e-06 -2.68824e-07 9.8857e-22 -5.93592e-07 1.72705e-22 0)
(4.6142e-06 1.12155e-07 -6.13244e-22 -9.37622e-07 2.63937e-23 0)
(4.86115e-06 4.6368e-07 9.45548e-24 -1.23948e-06 8.21322e-24 0)
(5.11314e-06 7.8552e-07 -2.52369e-21 -1.50915e-06 -1.74776e-21 0)
(5.36072e-06 1.06028e-06 -1.07176e-21 -1.75638e-06 -9.09404e-22 0)
(5.60541e-06 1.28271e-06 1.55332e-21 -1.98812e-06 1.51532e-21 0)
(5.86195e-06 1.45653e-06 7.9621e-28 -2.20961e-06 6.28707e-28 0)
(6.08992e-06 1.57159e-06 1.57435e-27 -2.42021e-06 1.19958e-27 0)
(6.34446e-06 1.65975e-06 9.21435e-22 -2.60007e-06 2.15055e-22 0)
(3.81369e-06 -7.03669e-07 0 -2.20789e-07 0 0)
(4.0725e-06 -3.96788e-07 1.67119e-22 -6.21938e-07 1.70557e-22 0)
(4.35364e-06 -5.94033e-09 2.72702e-22 -9.64976e-07 2.66926e-22 0)
(4.58476e-06 3.51405e-07 9.00297e-22 -1.25136e-06 4.08346e-22 0)
(4.81828e-06 6.73584e-07 4.64282e-22 -1.49823e-06 4.02054e-22 0)
(5.04762e-06 9.4701e-07 1.49215e-23 -1.71925e-06 1.21174e-23 0)
(5.27718e-06 1.16818e-06 6.29529e-22 -1.92435e-06 4.88559e-22 0)
(5.51978e-06 1.3434e-06 -1.17005e-21 -2.11962e-06 -1.15285e-21 0)
(5.7404e-06 1.46317e-06 -1.5331e-21 -2.30624e-06 -1.09401e-21 0)
(5.98512e-06 1.56019e-06 2.14981e-21 -2.46539e-06 2.02346e-21 0)
(3.55654e-06 -8.50286e-07 0 -2.40833e-07 0 0)
(3.81828e-06 -5.23197e-07 0 -6.56692e-07 0 0)
(4.08566e-06 -1.17968e-07 -8.06298e-22 -9.93673e-07 -8.20801e-22 0)
(4.29492e-06 2.45619e-07 0 -1.25865e-06 0 0)
(4.50645e-06 5.65084e-07 -2.77682e-21 -1.47888e-06 -1.97839e-21 0)
(4.71692e-06 8.32345e-07 1.18991e-21 -1.6723e-06 9.22827e-22 0)
(4.93268e-06 1.04679e-06 3.74951e-21 -1.85125e-06 3.35866e-21 0)
(5.16384e-06 1.21749e-06 2.59147e-21 -2.02211e-06 2.87819e-21 0)
(5.38014e-06 1.33628e-06 -1.24226e-21 -2.18703e-06 -1.31863e-21 0)
(5.61867e-06 1.43587e-06 -4.59872e-21 -2.32863e-06 -4.70554e-21 0)
(3.30789e-06 -1.00437e-06 -5.23796e-23 -2.72093e-07 -7.34393e-23 0)
(3.56615e-06 -6.38399e-07 2.06241e-21 -7.02676e-07 -4.29852e-22 0)
(3.80639e-06 -2.14157e-07 5.04723e-22 -1.02616e-06 5.50911e-22 0)
(3.98478e-06 1.52704e-07 2.08758e-23 -1.26297e-06 1.65157e-23 0)
(4.16944e-06 4.624e-07 -1.70593e-21 -1.45215e-06 -1.12093e-21 0)
(4.36039e-06 7.15484e-07 -3.83161e-21 -1.61667e-06 -3.07772e-21 0)
(4.56427e-06 9.15526e-07 4.24548e-21 -1.77014e-06 3.70406e-21 0)
(4.78745e-06 1.07448e-06 7.55335e-22 -1.91864e-06 4.6843e-22 0)
(5.00359e-06 1.18584e-06 2.51769e-21 -2.06443e-06 1.4888e-21 0)
(5.24058e-06 1.2816e-06 1.16757e-21 -2.19173e-06 1.35994e-21 0)
(3.08629e-06 -1.16395e-06 -5.94643e-22 -3.35429e-07 4.20412e-22 0)
(3.32187e-06 -7.3407e-07 -1.92627e-21 -7.6767e-07 5.94874e-22 0)
(3.5069e-06 -2.87605e-07 7.3243e-22 -1.05279e-06 8.69047e-22 0)
(3.64022e-06 7.55549e-08 3.11713e-22 -1.24422e-06 -4.38193e-22 0)
(3.79286e-06 3.65868e-07 1.51604e-21 -1.39443e-06 1.14432e-21 0)
(3.96547e-06 5.94725e-07 -2.8858e-21 -1.52839e-06 -2.26568e-21 0)
(4.1617e-06 7.71641e-07 2.43609e-23 -1.65842e-06 1.7892e-23 0)
(4.38261e-06 9.11086e-07 2.67511e-21 -1.78844e-06 2.55794e-21 0)
(4.60478e-06 1.00837e-06 -8.87886e-22 -1.91986e-06 -4.576e-22 0)
(4.84687e-06 1.09392e-06 -9.30153e-22 -2.03826e-06 -4.53939e-22 0)
(2.9188e-06 -1.30771e-06 3.7812e-30 -4.44073e-07 -5.62986e-30 0)
(3.08547e-06 -7.65887e-07 1.47666e-22 -8.58051e-07 4.64535e-22 0)
(3.1737e-06 -3.07063e-07 8.3081e-22 -1.07812e-06 -1.39803e-21 0)
(3.24526e-06 2.72613e-08 -3.75042e-22 -1.2136e-06 -3.41604e-22 0)
(3.36267e-06 2.75702e-07 -2.0093e-21 -1.32118e-06 -1.46898e-21 0)
(3.52039e-06 4.63024e-07 0 -1.42603e-06 0 0)
(3.7158e-06 6.04097e-07 -1.57974e-21 -1.53616e-06 -8.09277e-22 0)
(3.94239e-06 7.14198e-07 8.37866e-22 -1.65223e-06 1.03158e-21 0)
(4.17886e-06 7.89849e-07 1.79766e-21 -1.77384e-06 2.33249e-21 0)
(4.43421e-06 8.58386e-07 -9.75485e-22 -1.888e-06 -1.37484e-21 0)
(2.91766e-06 -1.37449e-06 -1.89434e-21 -7.08966e-07 2.19768e-21 0)
(2.8385e-06 -7.15707e-07 1.12087e-21 -9.72546e-07 -8.46406e-22 0)
(2.75938e-06 -2.67928e-07 1.61338e-21 -1.04322e-06 -1.5246e-23 0)
(2.75563e-06 2.39264e-09 -5.79147e-22 -1.09121e-06 1.52302e-22 0)
(2.84706e-06 1.87294e-07 -1.10853e-21 -1.15495e-06 -7.87968e-22 0)
(3.00412e-06 3.16806e-07 -7.15007e-22 -1.23775e-06 -3.37226e-22 0)
(3.21293e-06 4.11225e-07 0 -1.33835e-06 0 0)
(3.45871e-06 4.83811e-07 -9.725e-22 -1.45136e-06 -3.69492e-22 0)
(3.72137e-06 5.31991e-07 1.057e-21 -1.57407e-06 3.77997e-22 0)
(4.00091e-06 5.77856e-07 -6.13488e-27 -1.69483e-06 -2.08761e-27 0)
(3.23922e-06 -7.93741e-07 1.22537e-22 -1.15002e-06 1.626e-20 -5.8309e-35)
(2.48649e-06 -3.22387e-07 1.86218e-21 -1.04982e-06 1.63035e-20 5.89232e-35)
(2.22431e-06 -1.06176e-07 -4.21691e-24 -9.71536e-07 1.83834e-20 -5.75289e-35)
(2.14324e-06 -2.91187e-09 1.09175e-21 -9.47568e-07 1.79033e-20 -1.84469e-35)
(2.23135e-06 6.33808e-08 2.39467e-22 -9.86757e-07 1.73778e-20 1.81318e-35)
(2.40591e-06 1.07714e-07 -8.52758e-22 -1.06129e-06 1.60444e-20 1.70673e-35)
(2.64586e-06 1.39721e-07 4.39507e-22 -1.16279e-06 1.67741e-20 -2.47475e-38)
(2.92703e-06 1.64505e-07 -6.69934e-22 -1.281e-06 1.62348e-20 1.57357e-35)
(3.23014e-06 1.80681e-07 1.04949e-21 -1.40985e-06 1.72817e-20 5.95437e-38)
(3.54727e-06 1.97106e-07 -1.62604e-21 -1.54222e-06 1.157e-20 1.94001e-35)
)
;

boundaryField
{
    left
    {
        type            calculated;
        value           nonuniform List<symmTensor> 
30
(
(7.57898e-06 2.38407e-07 2.9461e-21 -8.40416e-08 5.74666e-22 0)
(7.1742e-06 2.11928e-07 9.09936e-23 -9.02182e-08 2.64061e-23 0)
(6.81018e-06 1.76505e-07 -1.6509e-22 -1.00653e-07 -5.82711e-23 0)
(6.47671e-06 1.2833e-07 0 -1.12257e-07 0 0)
(6.16388e-06 6.80139e-08 1.12467e-21 -1.23908e-07 1.51725e-22 0)
(5.86922e-06 -2.55343e-09 -2.15526e-21 -1.35251e-07 -2.40319e-22 0)
(5.58639e-06 -8.38829e-08 0 -1.46326e-07 0 0)
(5.31311e-06 -1.74413e-07 9.25443e-22 -1.56775e-07 5.62338e-24 0)
(5.04561e-06 -2.74256e-07 1.2222e-22 -1.66947e-07 9.26303e-23 0)
(4.78186e-06 -3.82585e-07 1.79984e-22 -1.7676e-07 1.46376e-22 0)
(4.51952e-06 -4.99396e-07 -2.96407e-22 -1.86501e-07 -2.56178e-22 0)
(4.25704e-06 -6.24295e-07 -1.74487e-21 -1.96392e-07 1.40962e-22 0)
(3.99347e-06 -7.57438e-07 9.44296e-22 -2.074e-07 -5.37121e-24 0)
(3.72876e-06 -8.99397e-07 0 -2.20789e-07 0 0)
(3.46546e-06 -1.05137e-06 0 -2.40833e-07 0 0)
(3.20909e-06 -1.2173e-06 -5.23796e-23 -2.72093e-07 -7.34393e-23 0)
(2.98024e-06 -1.39891e-06 -5.94643e-22 -3.35429e-07 4.20412e-22 0)
(2.82322e-06 -1.59819e-06 3.7812e-30 -4.44073e-07 -5.62986e-30 0)
(2.95381e-06 -1.76951e-06 -1.89434e-21 -7.08966e-07 2.19768e-21 0)
(3.8335e-06 -1.48482e-06 6.97459e-23 -1.15002e-06 1.626e-20 -5.8309e-35)
(2.88544e-05 5.10106e-06 8.26035e-21 -8.59973e-06 -5.91313e-19 -2.57631e-33)
(1.9524e-05 3.02513e-06 -1.17755e-21 -3.63583e-06 -1.84767e-21 0)
(1.57184e-05 1.20895e-06 5.07926e-21 -1.68229e-06 2.17042e-21 0)
(1.34699e-05 5.34896e-07 2.62536e-22 -7.54701e-07 3.50995e-22 0)
(1.19308e-05 2.64907e-07 9.05106e-27 -3.78738e-07 8.68865e-27 0)
(1.07787e-05 1.97565e-07 4.85145e-21 -1.93433e-07 8.69694e-22 0)
(9.88282e-06 1.94524e-07 7.61079e-23 -1.13279e-07 2.26939e-23 0)
(9.15453e-06 2.16403e-07 3.71691e-21 -8.0566e-08 7.00341e-22 0)
(8.55174e-06 2.30871e-07 -4.15381e-23 -6.97138e-08 -2.82166e-24 0)
(8.02382e-06 2.48118e-07 -6.25676e-23 -7.43732e-08 -1.28353e-23 0)
)
;
    }
    right
    {
        type            calculated;
        value           nonuniform List<symmTensor> 
30
(
(6.8251e-06 -5.33744e-10 -2.09975e-19 -2.92397e-06 -5.54682e-20 2.59777e-34)
(6.82418e-06 -5.33243e-10 -2.02058e-19 -2.92184e-06 1.86375e-21 -2.22723e-34)
(6.83285e-06 -5.36409e-10 -2.0077e-19 -2.94204e-06 -1.42512e-21 -1.65618e-37)
(6.8552e-06 -5.46919e-10 -2.08954e-19 -2.99416e-06 -9.7477e-21 3.189e-34)
(6.88861e-06 -5.60534e-10 -1.95002e-19 -3.07208e-06 3.72203e-21 -3.12687e-34)
(6.93087e-06 -5.78371e-10 -1.94194e-19 -3.17063e-06 -1.18481e-21 2.23543e-36)
(6.9782e-06 -5.98228e-10 -1.94324e-19 -3.28103e-06 -1.88782e-21 9.02811e-37)
(7.02721e-06 -6.1888e-10 -1.89365e-19 -3.39532e-06 -4.34469e-22 2.36174e-36)
(7.07454e-06 -6.39056e-10 -1.97931e-19 -3.5057e-06 -6.89728e-21 1.75807e-34)
(7.11711e-06 -6.56692e-10 -1.94892e-19 -3.60498e-06 -3.06405e-21 7.34923e-37)
(7.15206e-06 -6.71239e-10 -1.90566e-19 -3.68648e-06 -5.16252e-22 -8.47399e-37)
(7.17805e-06 -6.82742e-10 -1.89714e-19 -3.7471e-06 -1.47378e-35 5.59001e-49)
(7.19566e-06 -6.90065e-10 -1.90916e-19 -3.78816e-06 -8.13236e-22 4.18083e-49)
(7.20522e-06 -6.93074e-10 -1.90617e-19 -3.81047e-06 -8.18023e-22 0)
(7.2052e-06 -6.94154e-10 -1.8561e-19 -3.81042e-06 1.63603e-21 0)
(7.19626e-06 -6.90262e-10 -1.89271e-19 -3.78956e-06 -1.70836e-34 2.78848e-49)
(7.17978e-06 -6.834e-10 -1.8983e-19 -3.75113e-06 -1.67328e-35 5.59343e-49)
(7.15573e-06 -6.73026e-10 -1.89035e-19 -3.69504e-06 7.93243e-22 -4.66989e-64)
(7.12548e-06 -6.59516e-10 -1.93181e-19 -3.62451e-06 -7.78102e-22 4.23446e-49)
(7.09025e-06 -6.45874e-10 -1.92752e-19 -3.54233e-06 -1.73392e-34 2.83977e-49)
(7.05157e-06 -6.28479e-10 -1.93994e-19 -3.45213e-06 -5.1061e-36 0)
(7.01111e-06 -6.12334e-10 -1.95286e-19 -3.35778e-06 -4.96654e-36 0)
(6.97067e-06 -5.95402e-10 -1.96573e-19 -3.26346e-06 -2.41352e-36 0)
(6.93207e-06 -5.78377e-10 -1.97794e-19 -3.17344e-06 1.66638e-34 2.91405e-49)
(6.89721e-06 -5.63796e-10 -1.98887e-19 -3.09215e-06 -4.0329e-36 5.86031e-49)
(6.86777e-06 -5.51854e-10 -1.99807e-19 -3.02349e-06 -1.67975e-34 2.94371e-49)
(6.84548e-06 -5.42262e-10 -2.00488e-19 -2.9715e-06 -3.3738e-34 3.05265e-63)
(6.831e-06 -5.36106e-10 -2.00935e-19 -2.93774e-06 -4.41767e-36 0)
(6.82529e-06 -5.33644e-10 -1.99464e-19 -2.92442e-06 6.27809e-22 0)
(6.82573e-06 -5.3388e-10 -2.01114e-19 -2.92543e-06 -4.73723e-20 0)
)
;
    }
    down
    {
        type            calculated;
        value           nonuniform List<symmTensor> 
30
(
(-2.74481e-08 1.08646e-09 3.19433e-20 1.05556e-08 4.25454e-20 1.79319e-34)
(3.1268e-08 1.05812e-09 -2.77878e-22 -1.45752e-08 3.9334e-20 1.39075e-36)
(3.1867e-07 9.21643e-10 -3.54718e-21 -1.37591e-07 2.83952e-20 1.7425e-35)
(7.71281e-07 7.07469e-10 -1.9433e-24 -3.3132e-07 3.22109e-20 0)
(1.29244e-06 4.5914e-10 -4.75196e-22 -5.54391e-07 2.64591e-20 -1.40215e-36)
(1.8371e-06 1.99947e-10 -4.86473e-21 -7.87519e-07 3.14408e-20 2.92729e-35)
(2.36916e-06 -5.28662e-11 1.09589e-21 -1.01525e-06 3.70671e-20 1.39539e-36)
(2.87643e-06 -2.93912e-10 -3.22827e-21 -1.23238e-06 3.35232e-20 2.64457e-35)
(3.34193e-06 -4.84076e-10 2.61376e-21 -1.4317e-06 3.21795e-20 -1.06129e-35)
(3.77336e-06 -4.90344e-10 5.00205e-21 -1.61681e-06 1.54976e-20 -1.54832e-35)
(4.16183e-06 -4.96196e-10 3.89039e-21 -1.78349e-06 5.17769e-21 -1.60015e-37)
(4.50033e-06 -5.01478e-10 2.82393e-21 -1.92872e-06 -1.06368e-20 8.19617e-36)
(4.81124e-06 -5.05343e-10 -2.95642e-21 -2.06212e-06 -2.8299e-20 9.37085e-36)
(5.09081e-06 -5.09259e-10 -2.01718e-21 -2.18207e-06 -3.45665e-20 5.92829e-37)
(5.34299e-06 -5.12449e-10 -5.15685e-21 -2.29027e-06 -4.29969e-20 -4.49623e-35)
(5.56896e-06 -5.16156e-10 -8.19674e-22 -2.38723e-06 -4.95573e-20 0)
(5.77152e-06 -5.18897e-10 -8.86027e-22 -2.47414e-06 -5.67837e-20 0)
(5.95206e-06 -5.2095e-10 7.30937e-22 -2.5516e-06 -6.11949e-20 -8.91613e-37)
(6.11271e-06 -5.23967e-10 5.27803e-22 -2.62053e-06 -6.84278e-20 2.54376e-35)
(6.2547e-06 -5.25544e-10 2.5402e-21 -2.68145e-06 -6.99367e-20 -1.77285e-36)
(6.37944e-06 -5.27578e-10 3.53883e-21 -2.73497e-06 -7.68328e-20 8.78025e-35)
(6.4878e-06 -5.29055e-10 -2.38476e-21 -2.78147e-06 -8.29872e-20 -3.08793e-35)
(6.58056e-06 -5.30649e-10 3.68873e-21 -2.82126e-06 -8.40206e-20 9.68977e-35)
(6.65819e-06 -5.31863e-10 -6.33626e-21 -2.85457e-06 -9.49628e-20 2.00981e-36)
(6.72091e-06 -5.31455e-10 -3.6598e-22 -2.88148e-06 -8.92349e-20 -3.51546e-35)
(6.76907e-06 -5.33651e-10 -6.20777e-22 -2.90215e-06 -9.25587e-20 8.48415e-45)
(6.80249e-06 -5.33309e-10 -2.42491e-21 -2.91649e-06 -9.59867e-20 3.8792e-37)
(6.82245e-06 -5.33879e-10 1.46354e-21 -2.92505e-06 -9.2287e-20 -2.80575e-37)
(6.82884e-06 -5.34356e-10 5.9998e-22 -2.92779e-06 -9.75169e-20 1.10895e-34)
(6.82663e-06 -5.3395e-10 -1.09464e-19 -2.92684e-06 -1.02542e-19 2.59777e-34)
)
;
    }
    up
    {
        type            calculated;
        value           nonuniform List<symmTensor> 
30
(
(3.23922e-06 -4.66293e-10 1.22537e-22 -1.38766e-06 3.38389e-20 -5.8309e-35)
(2.48649e-06 -1.09482e-10 1.86218e-21 -1.06548e-06 3.40998e-20 5.89232e-35)
(2.22431e-06 1.62909e-11 -4.21691e-24 -9.53254e-07 3.59927e-20 -5.75289e-35)
(2.14324e-06 5.52066e-11 1.09175e-21 -9.18558e-07 3.53203e-20 -1.84469e-35)
(2.23135e-06 1.25509e-11 2.39467e-22 -9.56268e-07 3.4582e-20 1.81318e-35)
(2.40591e-06 -6.97324e-11 -8.52758e-22 -1.03099e-06 3.30348e-20 1.70673e-35)
(2.64586e-06 -1.83864e-10 4.39507e-22 -1.13369e-06 3.35544e-20 -2.47475e-38)
(2.92703e-06 -3.18236e-10 -6.69934e-22 -1.25404e-06 3.28127e-20 1.57357e-35)
(3.23014e-06 -4.62182e-10 1.04949e-21 -1.38378e-06 3.34895e-20 5.95437e-38)
(3.54727e-06 -4.87409e-10 -1.62604e-21 -1.5198e-06 2.27024e-20 1.94001e-35)
(3.85401e-06 -4.92161e-10 -2.10143e-21 -1.65141e-06 9.45581e-21 4.8156e-36)
(4.1395e-06 -4.9541e-10 -8.8866e-22 -1.7739e-06 -5.90739e-22 -6.58973e-52)
(4.422e-06 -4.99514e-10 -9.49305e-22 -1.89511e-06 -1.08044e-20 6.817e-51)
(4.69332e-06 -5.03228e-10 -8.14351e-36 -2.01153e-06 -1.89829e-20 0)
(4.95377e-06 -5.07158e-10 1.06347e-21 -2.12327e-06 -2.666e-20 0)
(5.19937e-06 -5.10846e-10 1.11619e-21 -2.22865e-06 -3.5411e-20 -2.7327e-50)
(5.42997e-06 -5.14089e-10 -1.16569e-21 -2.32759e-06 -4.70378e-20 6.67904e-50)
(5.64387e-06 -5.17898e-10 -1.21161e-21 -2.41937e-06 -5.46857e-20 -2.68778e-64)
(5.841e-06 -5.1948e-10 1.25393e-21 -2.50395e-06 -5.82504e-20 1.32567e-49)
(6.02081e-06 -5.21864e-10 -5.56071e-35 -2.5811e-06 -6.638e-20 9.78017e-50)
(6.18332e-06 -5.25351e-10 0 -2.65083e-06 -7.21557e-20 0)
(6.32838e-06 -5.27136e-10 7.68009e-35 -2.71307e-06 -7.73024e-20 1.13894e-49)
(6.45589e-06 -5.28566e-10 1.63522e-35 -2.76777e-06 -8.1818e-20 2.41093e-49)
(6.56558e-06 -5.30061e-10 1.15248e-35 -2.81484e-06 -8.5694e-20 2.52514e-49)
(6.65691e-06 -5.31433e-10 1.6378e-35 -2.85402e-06 -8.89237e-20 2.6203e-49)
(6.72944e-06 -5.32861e-10 2.13271e-35 -2.88515e-06 -9.14664e-20 2.69522e-49)
(6.7821e-06 -5.33669e-10 -1.45597e-21 -2.90774e-06 -9.49874e-20 1.3751e-49)
(6.81538e-06 -5.34348e-10 -8.1024e-35 -2.92202e-06 -9.44472e-20 0)
(6.82841e-06 -5.33841e-10 0 -2.92761e-06 -9.49625e-20 0)
(6.82748e-06 -5.3405e-10 -1.00455e-19 -2.92721e-06 -9.4837e-20 0)
)
;
    }
    hole
    {
        type            calculated;
        value           nonuniform List<symmTensor> 
20
(
(4.09496e-06 -8.69502e-06 1.2018e-18 2.84479e-06 1.31382e-18 1.78922e-33)
(6.22329e-06 -1.00502e-05 1.13161e-18 1.95053e-06 1.45182e-18 9.78446e-35)
(8.75168e-06 -1.09592e-05 1.081e-18 5.96966e-07 1.61783e-18 0)
(1.17662e-05 -1.12609e-05 1.0347e-18 -1.31198e-06 1.85969e-18 -5.62685e-35)
(1.49799e-05 -1.10027e-05 9.57477e-19 -3.66325e-06 2.08378e-18 -1.21323e-33)
(1.77484e-05 -1.05951e-05 7.52983e-19 -5.83142e-06 2.07147e-18 -1.34338e-33)
(2.0382e-05 -9.32626e-06 4.87981e-19 -7.72492e-06 1.66684e-18 -2.64227e-33)
(2.29822e-05 -7.23154e-06 2.11792e-19 -9.33831e-06 9.35739e-19 -7.48106e-35)
(2.52592e-05 -3.90438e-06 -3.72024e-20 -1.10885e-05 -4.20096e-19 -4.92876e-34)
(2.72184e-05 -1.30095e-06 -3.84535e-20 -1.24664e-05 -1.18727e-18 -2.57631e-33)
(4.5103e-09 1.44796e-09 7.3136e-20 -8.63578e-09 2.989e-20 1.79319e-34)
(4.20907e-09 2.12503e-09 7.53832e-20 -8.08418e-09 1.32003e-20 5.21734e-35)
(-8.95554e-08 -6.57389e-08 8.23365e-20 2.29069e-07 1.6264e-20 -2.34854e-36)
(-2.62955e-07 -3.05922e-07 1.25194e-19 7.32938e-07 3.11237e-20 -5.28325e-35)
(-4.38746e-07 -7.9872e-07 1.73435e-19 1.42413e-06 7.3066e-20 1.80078e-34)
(-5.15522e-07 -1.59555e-06 3.12398e-19 2.19608e-06 1.38514e-19 -3.33662e-34)
(-3.75363e-07 -2.69722e-06 5.35744e-19 2.90902e-06 2.9326e-19 -4.02715e-34)
(9.30382e-08 -4.05712e-06 8.10701e-19 3.42476e-06 5.23976e-19 -8.71093e-34)
(9.79878e-07 -5.59187e-06 1.06607e-18 3.62781e-06 8.41105e-19 1.23593e-33)
(2.33832e-06 -7.16663e-06 1.28824e-18 3.42273e-06 1.19218e-18 1.85142e-34)
)
;
    }
    frontAndBack
    {
        type            empty;
    }
}


// ************************************************************************* //
