/*--------------------------------*- C++ -*----------------------------------*\
  =========                 |
  \\      /  F ield         | OpenFOAM: The Open Source CFD Toolbox
   \\    /   O peration     | Website:  https://openfoam.org
    \\  /    A nd           | Version:  9
     \\/     M anipulation  |
\*---------------------------------------------------------------------------*/
FoamFile
{
    format      ascii;
    class       pointVectorField;
    location    "5";
    object      pointD;
}
// * * * * * * * * * * * * * * * * * * * * * * * * * * * * * * * * * * * * * //

dimensions      [0 1 0 0 0 0 0];

internalField   nonuniform List<vector> 
2142
(
(3.64948e-06 1.05777e-06 -3.50149e-20)
(3.38176e-06 1.23001e-06 0)
(3.19502e-06 1.35141e-06 0)
(3.05904e-06 1.44915e-06 0)
(2.9612e-06 1.52862e-06 0)
(2.89187e-06 1.59651e-06 0)
(2.84416e-06 1.65579e-06 0)
(2.81312e-06 1.70904e-06 0)
(2.79492e-06 1.7578e-06 0)
(2.78681e-06 1.80314e-06 0)
(2.78863e-06 1.85213e-06 0)
(3.3356e-06 9.68354e-07 -4.14248e-20)
(3.05204e-06 1.1048e-06 0)
(2.85572e-06 1.20006e-06 0)
(2.71356e-06 1.27742e-06 0)
(2.61159e-06 1.34011e-06 0)
(2.53919e-06 1.39382e-06 0)
(2.48884e-06 1.44072e-06 0)
(2.45531e-06 1.48298e-06 0)
(2.4345e-06 1.52168e-06 0)
(2.4236e-06 1.55805e-06 0)
(2.37519e-06 1.55887e-06 0)
(3.00907e-06 8.80725e-07 -4.62785e-20)
(2.71762e-06 9.77089e-07 0)
(2.51697e-06 1.04401e-06 0)
(2.37243e-06 1.09996e-06 0)
(2.26907e-06 1.1456e-06 0)
(2.19565e-06 1.18533e-06 0)
(2.14428e-06 1.22026e-06 0)
(2.10956e-06 1.25203e-06 0)
(2.08726e-06 1.28115e-06 0)
(2.07431e-06 1.30884e-06 0)
(2.03099e-06 1.30535e-06 0)
(2.67111e-06 7.9531e-07 -4.88823e-20)
(2.38027e-06 8.49271e-07 0)
(2.18109e-06 8.86732e-07 0)
(2.03826e-06 9.20995e-07 0)
(1.93655e-06 9.4993e-07 0)
(1.86449e-06 9.76356e-07 0)
(1.81406e-06 1.00023e-06 0)
(1.77975e-06 1.02252e-06 0)
(1.75734e-06 1.04319e-06 0)
(1.74371e-06 1.06314e-06 0)
(1.70645e-06 1.057e-06 0)
(2.32108e-06 7.12825e-07 -4.70206e-20)
(2.04104e-06 7.23496e-07 0)
(1.84946e-06 7.31641e-07 0)
(1.7128e-06 7.44867e-07 0)
(1.61617e-06 7.58095e-07 0)
(1.54815e-06 7.72445e-07 0)
(1.50081e-06 7.86601e-07 0)
(1.46865e-06 8.0077e-07 0)
(1.44758e-06 8.14334e-07 0)
(1.43441e-06 8.27802e-07 0)
(1.40356e-06 8.20469e-07 0)
(1.96051e-06 6.33638e-07 -4.07093e-20)
(1.70099e-06 6.02064e-07 0)
(1.52313e-06 5.82232e-07 0)
(1.39742e-06 5.76038e-07 0)
(1.30956e-06 5.75332e-07 0)
(1.24843e-06 5.79445e-07 0)
(1.20636e-06 5.85692e-07 0)
(1.17801e-06 5.93461e-07 0)
(1.15949e-06 6.01511e-07 0)
(1.14773e-06 6.09896e-07 0)
(1.12318e-06 6.02657e-07 0)
(1.59218e-06 5.56664e-07 -3.22032e-20)
(1.36026e-06 4.86629e-07 0)
(1.20234e-06 4.41617e-07 0)
(1.09264e-06 4.18882e-07 0)
(1.01748e-06 4.06975e-07 0)
(9.6615e-07 4.03368e-07 0)
(9.31409e-07 4.0394e-07 0)
(9.08258e-07 4.07222e-07 0)
(8.93187e-07 4.11419e-07 0)
(8.83494e-07 4.16195e-07 0)
(8.64826e-07 4.1014e-07 0)
(1.21957e-06 4.79649e-07 -2.22505e-20)
(1.0193e-06 3.77048e-07 0)
(8.87512e-07 3.11925e-07 0)
(7.99178e-07 2.77532e-07 0)
(7.4058e-07 2.58517e-07 0)
(7.01634e-07 2.50495e-07 0)
(6.7579e-07 2.47945e-07 0)
(6.58721e-07 2.48708e-07 0)
(6.47611e-07 2.50704e-07 0)
(6.40314e-07 2.53337e-07 0)
(6.27002e-07 2.49262e-07 0)
(8.44759e-07 3.9584e-07 -1.16535e-20)
(6.7662e-07 2.69671e-07 0)
(5.78614e-07 1.93748e-07 0)
(5.17259e-07 1.5584e-07 0)
(4.78601e-07 1.35656e-07 0)
(4.53835e-07 1.27167e-07 0)
(4.3764e-07 1.24063e-07 0)
(4.26971e-07 1.24077e-07 0)
(4.19963e-07 1.25231e-07 0)
(4.15207e-07 1.26871e-07 0)
(4.06678e-07 1.25037e-07 0)
(4.90856e-07 2.91089e-07 -1.17318e-21)
(3.35838e-07 1.57813e-07 0)
(2.8061e-07 9.09553e-08 0)
(2.50609e-07 6.18188e-08 0)
(2.32899e-07 4.78785e-08 0)
(2.21885e-07 4.26271e-08 0)
(2.14622e-07 4.09398e-08 0)
(2.09799e-07 4.12122e-08 0)
(2.06539e-07 4.21035e-08 0)
(2.04207e-07 4.31962e-08 0)
(1.99967e-07 4.29801e-08 0)
(1.62772e-07 1.1573e-07 1.97199e-21)
(0 0 0)
(0 0 0)
(0 0 0)
(0 0 0)
(0 0 0)
(0 0 0)
(0 0 0)
(0 0 0)
(0 0 0)
(0 0 0)
(3.64948e-06 1.05777e-06 -3.50149e-20)
(3.38176e-06 1.23001e-06 0)
(3.19502e-06 1.35141e-06 0)
(3.05904e-06 1.44915e-06 0)
(2.9612e-06 1.52862e-06 0)
(2.89187e-06 1.59651e-06 0)
(2.84416e-06 1.65579e-06 0)
(2.81312e-06 1.70904e-06 0)
(2.79492e-06 1.7578e-06 0)
(2.78681e-06 1.80314e-06 0)
(2.78863e-06 1.85213e-06 0)
(3.3356e-06 9.68354e-07 -4.14248e-20)
(3.05204e-06 1.1048e-06 0)
(2.85572e-06 1.20006e-06 0)
(2.71356e-06 1.27742e-06 0)
(2.61159e-06 1.34011e-06 0)
(2.53919e-06 1.39382e-06 0)
(2.48884e-06 1.44072e-06 0)
(2.45531e-06 1.48298e-06 0)
(2.4345e-06 1.52168e-06 0)
(2.4236e-06 1.55805e-06 0)
(2.37519e-06 1.55887e-06 0)
(3.00907e-06 8.80725e-07 -4.62785e-20)
(2.71762e-06 9.77089e-07 0)
(2.51697e-06 1.04401e-06 0)
(2.37243e-06 1.09996e-06 0)
(2.26907e-06 1.1456e-06 0)
(2.19565e-06 1.18533e-06 0)
(2.14428e-06 1.22026e-06 0)
(2.10956e-06 1.25203e-06 0)
(2.08726e-06 1.28115e-06 0)
(2.07431e-06 1.30884e-06 0)
(2.03099e-06 1.30535e-06 0)
(2.67111e-06 7.9531e-07 -4.88823e-20)
(2.38027e-06 8.49271e-07 0)
(2.18109e-06 8.86732e-07 0)
(2.03826e-06 9.20995e-07 0)
(1.93655e-06 9.4993e-07 0)
(1.86449e-06 9.76356e-07 0)
(1.81406e-06 1.00023e-06 0)
(1.77975e-06 1.02252e-06 0)
(1.75734e-06 1.04319e-06 0)
(1.74371e-06 1.06314e-06 0)
(1.70645e-06 1.057e-06 0)
(2.32108e-06 7.12825e-07 -4.70206e-20)
(2.04104e-06 7.23496e-07 0)
(1.84946e-06 7.31641e-07 0)
(1.7128e-06 7.44867e-07 0)
(1.61617e-06 7.58095e-07 0)
(1.54815e-06 7.72445e-07 0)
(1.50081e-06 7.86601e-07 0)
(1.46865e-06 8.0077e-07 0)
(1.44758e-06 8.14334e-07 0)
(1.43441e-06 8.27802e-07 0)
(1.40356e-06 8.20469e-07 0)
(1.96051e-06 6.33638e-07 -4.07093e-20)
(1.70099e-06 6.02064e-07 0)
(1.52313e-06 5.82232e-07 0)
(1.39742e-06 5.76038e-07 0)
(1.30956e-06 5.75332e-07 0)
(1.24843e-06 5.79445e-07 0)
(1.20636e-06 5.85692e-07 0)
(1.17801e-06 5.93461e-07 0)
(1.15949e-06 6.01511e-07 0)
(1.14773e-06 6.09896e-07 0)
(1.12318e-06 6.02657e-07 0)
(1.59218e-06 5.56664e-07 -3.22032e-20)
(1.36026e-06 4.86629e-07 0)
(1.20234e-06 4.41617e-07 0)
(1.09264e-06 4.18882e-07 0)
(1.01748e-06 4.06975e-07 0)
(9.6615e-07 4.03368e-07 0)
(9.31409e-07 4.0394e-07 0)
(9.08258e-07 4.07222e-07 0)
(8.93187e-07 4.11419e-07 0)
(8.83494e-07 4.16195e-07 0)
(8.64826e-07 4.1014e-07 0)
(1.21957e-06 4.79649e-07 -2.22505e-20)
(1.0193e-06 3.77048e-07 0)
(8.87512e-07 3.11925e-07 0)
(7.99178e-07 2.77532e-07 0)
(7.4058e-07 2.58517e-07 0)
(7.01634e-07 2.50495e-07 0)
(6.7579e-07 2.47945e-07 0)
(6.58721e-07 2.48708e-07 0)
(6.47611e-07 2.50704e-07 0)
(6.40314e-07 2.53337e-07 0)
(6.27002e-07 2.49262e-07 0)
(8.44759e-07 3.9584e-07 -1.16535e-20)
(6.7662e-07 2.69671e-07 0)
(5.78614e-07 1.93748e-07 0)
(5.17259e-07 1.5584e-07 0)
(4.78601e-07 1.35656e-07 0)
(4.53835e-07 1.27167e-07 0)
(4.3764e-07 1.24063e-07 0)
(4.26971e-07 1.24077e-07 0)
(4.19963e-07 1.25231e-07 0)
(4.15207e-07 1.26871e-07 0)
(4.06678e-07 1.25037e-07 0)
(4.90856e-07 2.91089e-07 -1.17318e-21)
(3.35838e-07 1.57813e-07 0)
(2.8061e-07 9.09553e-08 0)
(2.50609e-07 6.18188e-08 0)
(2.32899e-07 4.78785e-08 0)
(2.21885e-07 4.26271e-08 0)
(2.14622e-07 4.09398e-08 0)
(2.09799e-07 4.12122e-08 0)
(2.06539e-07 4.21035e-08 0)
(2.04207e-07 4.31962e-08 0)
(1.99967e-07 4.29801e-08 0)
(1.62772e-07 1.1573e-07 1.97199e-21)
(0 0 0)
(0 0 0)
(0 0 0)
(0 0 0)
(0 0 0)
(0 0 0)
(0 0 0)
(0 0 0)
(0 0 0)
(0 0 0)
(5.91258e-06 1.75531e-06 -2.29319e-21)
(5.95592e-06 1.92362e-06 -1.53265e-21)
(5.95205e-06 2.13995e-06 -1.67402e-21)
(5.94944e-06 2.34053e-06 -1.81548e-21)
(5.95351e-06 2.52472e-06 -1.95571e-21)
(5.96638e-06 2.69432e-06 -2.09462e-21)
(5.98888e-06 2.85158e-06 -2.23235e-21)
(6.02095e-06 2.99883e-06 -2.3691e-21)
(6.06227e-06 3.13799e-06 -2.50505e-21)
(6.11195e-06 3.27093e-06 -2.64047e-21)
(6.16949e-06 3.39841e-06 -2.73774e-21)
(5.78081e-06 1.68971e-06 -3.1904e-21)
(5.76422e-06 1.91519e-06 0)
(5.75033e-06 2.13016e-06 0)
(5.7432e-06 2.32781e-06 0)
(5.74494e-06 2.50789e-06 0)
(5.75627e-06 2.67254e-06 0)
(5.77716e-06 2.82426e-06 0)
(5.80714e-06 2.96554e-06 0)
(5.84565e-06 3.09847e-06 0)
(5.89182e-06 3.22505e-06 0)
(5.94843e-06 3.34689e-06 0)
(5.60216e-06 1.66124e-06 -3.30475e-21)
(5.56607e-06 1.89166e-06 0)
(5.53663e-06 2.10471e-06 0)
(5.51794e-06 2.2982e-06 0)
(5.51089e-06 2.47296e-06 0)
(5.51527e-06 2.63169e-06 0)
(5.53023e-06 2.77712e-06 0)
(5.55476e-06 2.91191e-06 0)
(5.58793e-06 3.0382e-06 0)
(5.62857e-06 3.15811e-06 0)
(5.68381e-06 3.27457e-06 0)
(5.41306e-06 1.61523e-06 -3.57568e-21)
(5.3533e-06 1.85362e-06 0)
(5.30532e-06 2.06406e-06 0)
(5.27192e-06 2.25187e-06 0)
(5.25311e-06 2.41957e-06 0)
(5.24783e-06 2.57083e-06 0)
(5.2545e-06 2.70869e-06 0)
(5.27158e-06 2.83595e-06 0)
(5.29781e-06 2.95481e-06 0)
(5.33163e-06 3.0674e-06 0)
(5.38534e-06 3.17863e-06 0)
(5.21003e-06 1.55585e-06 -4.45583e-21)
(5.12251e-06 1.80159e-06 0)
(5.05393e-06 2.00826e-06 0)
(5.00414e-06 2.18899e-06 0)
(4.97209e-06 2.34815e-06 0)
(4.95577e-06 2.49054e-06 0)
(4.95294e-06 2.61957e-06 0)
(4.96154e-06 2.7382e-06 0)
(4.97997e-06 2.84867e-06 0)
(5.00629e-06 2.95312e-06 0)
(5.05857e-06 3.05911e-06 0)
(4.99113e-06 1.48597e-06 -6.4157e-21)
(4.87251e-06 1.73578e-06 0)
(4.78205e-06 1.93663e-06 0)
(4.71525e-06 2.10858e-06 0)
(4.6696e-06 2.25769e-06 0)
(4.64197e-06 2.38988e-06 0)
(4.6294e-06 2.50892e-06 0)
(4.62932e-06 2.6179e-06 0)
(4.6398e-06 2.71911e-06 0)
(4.65856e-06 2.81463e-06 0)
(4.70978e-06 2.91544e-06 0)
(4.75554e-06 1.40818e-06 -9.79153e-21)
(4.60385e-06 1.65673e-06 0)
(4.49105e-06 1.84893e-06 0)
(4.4074e-06 2.0102e-06 0)
(4.34852e-06 2.14786e-06 0)
(4.30997e-06 2.26873e-06 0)
(4.28806e-06 2.37683e-06 0)
(4.27968e-06 2.47535e-06 0)
(4.28258e-06 2.56656e-06 0)
(4.29415e-06 2.65249e-06 0)
(4.34484e-06 2.74824e-06 0)
(4.50312e-06 1.32466e-06 -1.46748e-20)
(4.31807e-06 1.56521e-06 0)
(4.18344e-06 1.74531e-06 0)
(4.08379e-06 1.89382e-06 0)
(4.01262e-06 2.01866e-06 0)
(3.9641e-06 2.12725e-06 0)
(3.93371e-06 2.22368e-06 0)
(3.91786e-06 2.31114e-06 0)
(3.91392e-06 2.39188e-06 0)
(3.91904e-06 2.46775e-06 0)
(3.96975e-06 2.55865e-06 0)
(4.23418e-06 1.23733e-06 -2.08656e-20)
(4.01741e-06 1.46244e-06 0)
(3.86249e-06 1.62668e-06 0)
(3.74836e-06 1.76027e-06 0)
(3.66633e-06 1.87103e-06 0)
(3.60914e-06 1.96656e-06 0)
(3.57144e-06 2.05082e-06 0)
(3.54921e-06 2.12688e-06 0)
(3.53943e-06 2.19686e-06 0)
(3.53908e-06 2.26242e-06 0)
(3.59044e-06 2.34865e-06 0)
(3.94935e-06 1.14787e-06 -2.7883e-20)
(3.70443e-06 1.35002e-06 0)
(3.53179e-06 1.4946e-06 0)
(3.40535e-06 1.61119e-06 0)
(3.31427e-06 1.70676e-06 0)
(3.25002e-06 1.78866e-06 0)
(3.20649e-06 1.86045e-06 0)
(3.17916e-06 1.92497e-06 0)
(3.16462e-06 1.98415e-06 0)
(3.1599e-06 2.03922e-06 0)
(3.21217e-06 2.12082e-06 0)
(5.91258e-06 1.75531e-06 -2.29319e-21)
(5.95592e-06 1.92362e-06 -1.53265e-21)
(5.95205e-06 2.13995e-06 -1.67402e-21)
(5.94944e-06 2.34053e-06 -1.81548e-21)
(5.95351e-06 2.52472e-06 -1.95571e-21)
(5.96638e-06 2.69432e-06 -2.09462e-21)
(5.98888e-06 2.85158e-06 -2.23235e-21)
(6.02095e-06 2.99883e-06 -2.3691e-21)
(6.06227e-06 3.13799e-06 -2.50505e-21)
(6.11195e-06 3.27093e-06 -2.64047e-21)
(6.16949e-06 3.39841e-06 -2.73774e-21)
(5.78081e-06 1.68971e-06 -3.1904e-21)
(5.76422e-06 1.91519e-06 0)
(5.75033e-06 2.13016e-06 0)
(5.7432e-06 2.32781e-06 0)
(5.74494e-06 2.50789e-06 0)
(5.75627e-06 2.67254e-06 0)
(5.77716e-06 2.82426e-06 0)
(5.80714e-06 2.96554e-06 0)
(5.84565e-06 3.09847e-06 0)
(5.89182e-06 3.22505e-06 0)
(5.94843e-06 3.34689e-06 0)
(5.60216e-06 1.66124e-06 -3.30475e-21)
(5.56607e-06 1.89166e-06 0)
(5.53663e-06 2.10471e-06 0)
(5.51794e-06 2.2982e-06 0)
(5.51089e-06 2.47296e-06 0)
(5.51527e-06 2.63169e-06 0)
(5.53023e-06 2.77712e-06 0)
(5.55476e-06 2.91191e-06 0)
(5.58793e-06 3.0382e-06 0)
(5.62857e-06 3.15811e-06 0)
(5.68381e-06 3.27457e-06 0)
(5.41306e-06 1.61523e-06 -3.57568e-21)
(5.3533e-06 1.85362e-06 0)
(5.30532e-06 2.06406e-06 0)
(5.27192e-06 2.25187e-06 0)
(5.25311e-06 2.41957e-06 0)
(5.24783e-06 2.57083e-06 0)
(5.2545e-06 2.70869e-06 0)
(5.27158e-06 2.83595e-06 0)
(5.29781e-06 2.95481e-06 0)
(5.33163e-06 3.0674e-06 0)
(5.38534e-06 3.17863e-06 0)
(5.21003e-06 1.55585e-06 -4.45583e-21)
(5.12251e-06 1.80159e-06 0)
(5.05393e-06 2.00826e-06 0)
(5.00414e-06 2.18899e-06 0)
(4.97209e-06 2.34815e-06 0)
(4.95577e-06 2.49054e-06 0)
(4.95294e-06 2.61957e-06 0)
(4.96154e-06 2.7382e-06 0)
(4.97997e-06 2.84867e-06 0)
(5.00629e-06 2.95312e-06 0)
(5.05857e-06 3.05911e-06 0)
(4.99113e-06 1.48597e-06 -6.4157e-21)
(4.87251e-06 1.73578e-06 0)
(4.78205e-06 1.93663e-06 0)
(4.71525e-06 2.10858e-06 0)
(4.6696e-06 2.25769e-06 0)
(4.64197e-06 2.38988e-06 0)
(4.6294e-06 2.50892e-06 0)
(4.62932e-06 2.6179e-06 0)
(4.6398e-06 2.71911e-06 0)
(4.65856e-06 2.81463e-06 0)
(4.70978e-06 2.91544e-06 0)
(4.75554e-06 1.40818e-06 -9.79153e-21)
(4.60385e-06 1.65673e-06 0)
(4.49105e-06 1.84893e-06 0)
(4.4074e-06 2.0102e-06 0)
(4.34852e-06 2.14786e-06 0)
(4.30997e-06 2.26873e-06 0)
(4.28806e-06 2.37683e-06 0)
(4.27968e-06 2.47535e-06 0)
(4.28258e-06 2.56656e-06 0)
(4.29415e-06 2.65249e-06 0)
(4.34484e-06 2.74824e-06 0)
(4.50312e-06 1.32466e-06 -1.46748e-20)
(4.31807e-06 1.56521e-06 0)
(4.18344e-06 1.74531e-06 0)
(4.08379e-06 1.89382e-06 0)
(4.01262e-06 2.01866e-06 0)
(3.9641e-06 2.12725e-06 0)
(3.93371e-06 2.22368e-06 0)
(3.91786e-06 2.31114e-06 0)
(3.91392e-06 2.39188e-06 0)
(3.91904e-06 2.46775e-06 0)
(3.96975e-06 2.55865e-06 0)
(4.23418e-06 1.23733e-06 -2.08656e-20)
(4.01741e-06 1.46244e-06 0)
(3.86249e-06 1.62668e-06 0)
(3.74836e-06 1.76027e-06 0)
(3.66633e-06 1.87103e-06 0)
(3.60914e-06 1.96656e-06 0)
(3.57144e-06 2.05082e-06 0)
(3.54921e-06 2.12688e-06 0)
(3.53943e-06 2.19686e-06 0)
(3.53908e-06 2.26242e-06 0)
(3.59044e-06 2.34865e-06 0)
(3.94935e-06 1.14787e-06 -2.7883e-20)
(3.70443e-06 1.35002e-06 0)
(3.53179e-06 1.4946e-06 0)
(3.40535e-06 1.61119e-06 0)
(3.31427e-06 1.70676e-06 0)
(3.25002e-06 1.78866e-06 0)
(3.20649e-06 1.86045e-06 0)
(3.17916e-06 1.92497e-06 0)
(3.16462e-06 1.98415e-06 0)
(3.1599e-06 2.03922e-06 0)
(3.21217e-06 2.12082e-06 0)
(6.2349e-06 3.52208e-06 -2.75856e-21)
(6.30707e-06 3.64369e-06 -2.74098e-21)
(6.38486e-06 3.76339e-06 -2.72359e-21)
(6.46773e-06 3.88181e-06 -2.70638e-21)
(6.55514e-06 3.99946e-06 -2.68938e-21)
(6.64659e-06 4.11674e-06 -2.6726e-21)
(6.74164e-06 4.23402e-06 -2.65602e-21)
(6.83989e-06 4.35159e-06 -2.63966e-21)
(6.94096e-06 4.46969e-06 -2.6235e-21)
(7.04452e-06 4.58854e-06 -2.60754e-21)
(7.15026e-06 4.7083e-06 -2.59177e-21)
(7.25788e-06 4.82912e-06 -2.5762e-21)
(7.3671e-06 4.95111e-06 -2.56082e-21)
(7.47765e-06 5.07437e-06 -2.54564e-21)
(7.58924e-06 5.19893e-06 -2.53068e-21)
(7.7016e-06 5.32481e-06 -2.51595e-21)
(7.81442e-06 5.45194e-06 -2.50149e-21)
(7.92739e-06 5.58015e-06 -2.48734e-21)
(8.04013e-06 5.70917e-06 -2.47358e-21)
(8.07788e-06 5.78924e-06 -2.59867e-22)
(6.01833e-06 3.46682e-06 0)
(6.09666e-06 3.58586e-06 0)
(6.17953e-06 3.70324e-06 0)
(6.26648e-06 3.81961e-06 0)
(6.35716e-06 3.93549e-06 0)
(6.45119e-06 4.05126e-06 0)
(6.54824e-06 4.16725e-06 0)
(6.64801e-06 4.28376e-06 0)
(6.7502e-06 4.401e-06 0)
(6.85455e-06 4.51918e-06 0)
(6.96082e-06 4.63845e-06 0)
(7.06876e-06 4.75895e-06 0)
(7.17814e-06 4.8808e-06 0)
(7.28876e-06 5.00406e-06 0)
(7.4004e-06 5.12879e-06 0)
(7.51285e-06 5.25499e-06 0)
(7.6259e-06 5.38258e-06 0)
(7.73936e-06 5.51142e-06 0)
(7.85299e-06 5.64122e-06 0)
(7.96617e-06 5.77125e-06 1.96158e-21)
(5.7605e-06 3.39212e-06 0)
(5.84836e-06 3.51037e-06 0)
(5.9395e-06 3.62705e-06 0)
(6.03355e-06 3.74285e-06 0)
(6.13034e-06 3.85828e-06 0)
(6.22961e-06 3.97374e-06 0)
(6.33117e-06 4.08956e-06 0)
(6.43481e-06 4.20603e-06 0)
(6.54035e-06 4.32337e-06 0)
(6.64762e-06 4.44177e-06 0)
(6.75643e-06 4.5614e-06 0)
(6.86664e-06 4.68239e-06 0)
(6.97809e-06 4.80486e-06 0)
(7.09062e-06 4.92888e-06 0)
(7.20409e-06 5.0545e-06 0)
(7.31836e-06 5.18175e-06 0)
(7.43327e-06 5.31057e-06 0)
(7.54866e-06 5.44086e-06 0)
(7.66431e-06 5.5724e-06 0)
(7.77906e-06 5.70452e-06 1.9895e-21)
(5.47044e-06 3.29527e-06 0)
(5.57017e-06 3.41476e-06 0)
(5.67186e-06 3.53264e-06 0)
(5.7752e-06 3.64957e-06 0)
(5.88021e-06 3.76613e-06 0)
(5.98673e-06 3.8827e-06 0)
(6.09472e-06 3.99965e-06 0)
(6.20406e-06 4.11727e-06 0)
(6.31469e-06 4.2358e-06 0)
(6.42652e-06 4.35544e-06 0)
(6.53945e-06 4.47637e-06 0)
(6.65342e-06 4.59872e-06 0)
(6.76834e-06 4.72263e-06 0)
(6.88413e-06 4.84818e-06 0)
(7.00071e-06 4.97545e-06 0)
(7.11798e-06 5.10449e-06 0)
(7.23583e-06 5.23531e-06 0)
(7.35415e-06 5.3679e-06 0)
(7.47269e-06 5.50216e-06 0)
(7.58987e-06 5.63761e-06 2.06335e-21)
(5.15343e-06 3.17622e-06 0)
(5.2669e-06 3.29882e-06 0)
(5.38098e-06 3.41968e-06 0)
(5.49539e-06 3.53939e-06 0)
(5.61035e-06 3.6586e-06 0)
(5.72577e-06 3.77767e-06 0)
(5.84177e-06 3.89703e-06 0)
(5.95832e-06 4.01698e-06 0)
(6.07547e-06 4.1378e-06 0)
(6.19321e-06 4.25969e-06 0)
(6.31156e-06 4.38286e-06 0)
(6.43051e-06 4.50747e-06 0)
(6.55005e-06 4.63365e-06 0)
(6.67016e-06 4.76153e-06 0)
(6.79084e-06 4.89122e-06 0)
(6.91203e-06 5.02282e-06 0)
(7.03368e-06 5.15639e-06 0)
(7.15569e-06 5.29205e-06 0)
(7.27787e-06 5.42984e-06 0)
(7.39829e-06 5.56945e-06 2.18586e-21)
(4.81547e-06 3.03445e-06 0)
(4.94406e-06 3.16208e-06 0)
(5.0719e-06 3.28775e-06 0)
(5.1987e-06 3.4119e-06 0)
(5.3249e-06 3.5353e-06 0)
(5.45048e-06 3.65832e-06 0)
(5.5757e-06 3.78142e-06 0)
(5.70062e-06 3.90493e-06 0)
(5.82539e-06 4.02916e-06 0)
(5.9501e-06 4.15435e-06 0)
(6.07485e-06 4.28073e-06 0)
(6.1997e-06 4.40849e-06 0)
(6.32473e-06 4.53781e-06 0)
(6.44998e-06 4.66882e-06 0)
(6.5755e-06 4.80168e-06 0)
(6.70131e-06 4.93655e-06 0)
(6.82739e-06 5.07357e-06 0)
(6.95371e-06 5.21296e-06 0)
(7.08012e-06 5.35491e-06 0)
(7.20451e-06 5.49926e-06 2.35306e-21)
(4.4621e-06 2.87055e-06 0)
(4.6067e-06 3.00504e-06 0)
(4.74925e-06 3.13728e-06 0)
(4.88936e-06 3.26749e-06 0)
(5.02773e-06 3.39658e-06 0)
(5.16438e-06 3.52491e-06 0)
(5.29971e-06 3.65303e-06 0)
(5.43386e-06 3.78128e-06 0)
(5.56709e-06 3.91003e-06 0)
(5.69956e-06 4.03956e-06 0)
(5.83144e-06 4.17011e-06 0)
(5.9629e-06 4.30193e-06 0)
(6.09407e-06 4.4352e-06 0)
(6.22506e-06 4.57013e-06 0)
(6.35598e-06 4.70689e-06 0)
(6.48691e-06 4.8457e-06 0)
(6.6179e-06 4.98679e-06 0)
(6.74897e-06 5.13045e-06 0)
(6.88007e-06 5.27699e-06 0)
(7.00909e-06 5.42643e-06 2.55894e-21)
(4.09889e-06 2.68561e-06 0)
(4.25987e-06 2.82864e-06 0)
(4.41759e-06 2.96905e-06 0)
(4.57152e-06 3.10683e-06 0)
(4.72262e-06 3.24302e-06 0)
(4.87093e-06 3.37801e-06 0)
(5.01697e-06 3.51238e-06 0)
(5.16095e-06 3.64653e-06 0)
(5.30322e-06 3.78087e-06 0)
(5.444e-06 3.91573e-06 0)
(5.58357e-06 4.05139e-06 0)
(5.72213e-06 4.18813e-06 0)
(5.85989e-06 4.32617e-06 0)
(5.99704e-06 4.46575e-06 0)
(6.13375e-06 4.6071e-06 0)
(6.27015e-06 4.75046e-06 0)
(6.40637e-06 4.89613e-06 0)
(6.5425e-06 5.0445e-06 0)
(6.67861e-06 5.19594e-06 0)
(6.8128e-06 5.35064e-06 2.79574e-21)
(3.73145e-06 2.4815e-06 0)
(3.9086e-06 2.63459e-06 0)
(4.08144e-06 2.78452e-06 0)
(4.24931e-06 2.93119e-06 0)
(4.4133e-06 3.07569e-06 0)
(4.57354e-06 3.2185e-06 0)
(4.73057e-06 3.36023e-06 0)
(4.88471e-06 3.50134e-06 0)
(5.03635e-06 3.64227e-06 0)
(5.18579e-06 3.7834e-06 0)
(5.33337e-06 3.92506e-06 0)
(5.47934e-06 4.06755e-06 0)
(5.62399e-06 4.21114e-06 0)
(5.76756e-06 4.35609e-06 0)
(5.91029e-06 4.50266e-06 0)
(6.05237e-06 4.65114e-06 0)
(6.19401e-06 4.80185e-06 0)
(6.33539e-06 4.95525e-06 0)
(6.4767e-06 5.11176e-06 0)
(6.61648e-06 5.27178e-06 3.055e-21)
(3.36442e-06 2.26059e-06 0)
(3.55699e-06 2.42496e-06 0)
(3.74441e-06 2.58544e-06 0)
(3.92603e-06 2.74218e-06 0)
(4.10282e-06 2.89606e-06 0)
(4.27504e-06 3.04775e-06 0)
(4.4432e-06 3.19782e-06 0)
(4.60767e-06 3.34682e-06 0)
(4.76887e-06 3.49524e-06 0)
(4.92716e-06 3.64349e-06 0)
(5.08292e-06 3.79194e-06 0)
(5.23648e-06 3.94094e-06 0)
(5.38816e-06 4.09078e-06 0)
(5.53828e-06 4.24174e-06 0)
(5.68713e-06 4.3941e-06 0)
(5.83497e-06 4.54819e-06 0)
(5.98211e-06 4.70434e-06 0)
(6.12879e-06 4.86302e-06 0)
(6.27535e-06 5.02469e-06 0)
(6.42104e-06 5.18995e-06 3.32722e-21)
(3.03836e-06 2.05936e-06 0)
(3.2425e-06 2.2335e-06 0)
(3.44093e-06 2.40266e-06 0)
(3.63326e-06 2.56797e-06 0)
(3.82011e-06 2.72999e-06 0)
(4.00191e-06 2.8895e-06 0)
(4.17907e-06 3.04704e-06 0)
(4.35196e-06 3.20316e-06 0)
(4.521e-06 3.35834e-06 0)
(4.68657e-06 3.51303e-06 0)
(4.84905e-06 3.66761e-06 0)
(5.00883e-06 3.82243e-06 0)
(5.16625e-06 3.97779e-06 0)
(5.32168e-06 4.13399e-06 0)
(5.47545e-06 4.2913e-06 0)
(5.62789e-06 4.45004e-06 0)
(5.77937e-06 4.61054e-06 0)
(5.93021e-06 4.77323e-06 0)
(6.08088e-06 4.93852e-06 0)
(6.23141e-06 5.10728e-06 3.56462e-21)
(6.2349e-06 3.52208e-06 -2.75856e-21)
(6.30707e-06 3.64369e-06 -2.74098e-21)
(6.38486e-06 3.76339e-06 -2.72359e-21)
(6.46773e-06 3.88181e-06 -2.70638e-21)
(6.55514e-06 3.99946e-06 -2.68938e-21)
(6.64659e-06 4.11674e-06 -2.6726e-21)
(6.74164e-06 4.23402e-06 -2.65602e-21)
(6.83989e-06 4.35159e-06 -2.63966e-21)
(6.94096e-06 4.46969e-06 -2.6235e-21)
(7.04452e-06 4.58854e-06 -2.60754e-21)
(7.15026e-06 4.7083e-06 -2.59177e-21)
(7.25788e-06 4.82912e-06 -2.5762e-21)
(7.3671e-06 4.95111e-06 -2.56082e-21)
(7.47765e-06 5.07437e-06 -2.54564e-21)
(7.58924e-06 5.19893e-06 -2.53068e-21)
(7.7016e-06 5.32481e-06 -2.51595e-21)
(7.81442e-06 5.45194e-06 -2.50149e-21)
(7.92739e-06 5.58015e-06 -2.48734e-21)
(8.04013e-06 5.70917e-06 -2.47358e-21)
(8.07788e-06 5.78924e-06 -2.59867e-22)
(6.01833e-06 3.46682e-06 0)
(6.09666e-06 3.58586e-06 0)
(6.17953e-06 3.70324e-06 0)
(6.26648e-06 3.81961e-06 0)
(6.35716e-06 3.93549e-06 0)
(6.45119e-06 4.05126e-06 0)
(6.54824e-06 4.16725e-06 0)
(6.64801e-06 4.28376e-06 0)
(6.7502e-06 4.401e-06 0)
(6.85455e-06 4.51918e-06 0)
(6.96082e-06 4.63845e-06 0)
(7.06876e-06 4.75895e-06 0)
(7.17814e-06 4.8808e-06 0)
(7.28876e-06 5.00406e-06 0)
(7.4004e-06 5.12879e-06 0)
(7.51285e-06 5.25499e-06 0)
(7.6259e-06 5.38258e-06 0)
(7.73936e-06 5.51142e-06 0)
(7.85299e-06 5.64122e-06 0)
(7.96617e-06 5.77125e-06 1.96158e-21)
(5.7605e-06 3.39212e-06 0)
(5.84836e-06 3.51037e-06 0)
(5.9395e-06 3.62705e-06 0)
(6.03355e-06 3.74285e-06 0)
(6.13034e-06 3.85828e-06 0)
(6.22961e-06 3.97374e-06 0)
(6.33117e-06 4.08956e-06 0)
(6.43481e-06 4.20603e-06 0)
(6.54035e-06 4.32337e-06 0)
(6.64762e-06 4.44177e-06 0)
(6.75643e-06 4.5614e-06 0)
(6.86664e-06 4.68239e-06 0)
(6.97809e-06 4.80486e-06 0)
(7.09062e-06 4.92888e-06 0)
(7.20409e-06 5.0545e-06 0)
(7.31836e-06 5.18175e-06 0)
(7.43327e-06 5.31057e-06 0)
(7.54866e-06 5.44086e-06 0)
(7.66431e-06 5.5724e-06 0)
(7.77906e-06 5.70452e-06 1.9895e-21)
(5.47044e-06 3.29527e-06 0)
(5.57017e-06 3.41476e-06 0)
(5.67186e-06 3.53264e-06 0)
(5.7752e-06 3.64957e-06 0)
(5.88021e-06 3.76613e-06 0)
(5.98673e-06 3.8827e-06 0)
(6.09472e-06 3.99965e-06 0)
(6.20406e-06 4.11727e-06 0)
(6.31469e-06 4.2358e-06 0)
(6.42652e-06 4.35544e-06 0)
(6.53945e-06 4.47637e-06 0)
(6.65342e-06 4.59872e-06 0)
(6.76834e-06 4.72263e-06 0)
(6.88413e-06 4.84818e-06 0)
(7.00071e-06 4.97545e-06 0)
(7.11798e-06 5.10449e-06 0)
(7.23583e-06 5.23531e-06 0)
(7.35415e-06 5.3679e-06 0)
(7.47269e-06 5.50216e-06 0)
(7.58987e-06 5.63761e-06 2.06335e-21)
(5.15343e-06 3.17622e-06 0)
(5.2669e-06 3.29882e-06 0)
(5.38098e-06 3.41968e-06 0)
(5.49539e-06 3.53939e-06 0)
(5.61035e-06 3.6586e-06 0)
(5.72577e-06 3.77767e-06 0)
(5.84177e-06 3.89703e-06 0)
(5.95832e-06 4.01698e-06 0)
(6.07547e-06 4.1378e-06 0)
(6.19321e-06 4.25969e-06 0)
(6.31156e-06 4.38286e-06 0)
(6.43051e-06 4.50747e-06 0)
(6.55005e-06 4.63365e-06 0)
(6.67016e-06 4.76153e-06 0)
(6.79084e-06 4.89122e-06 0)
(6.91203e-06 5.02282e-06 0)
(7.03368e-06 5.15639e-06 0)
(7.15569e-06 5.29205e-06 0)
(7.27787e-06 5.42984e-06 0)
(7.39829e-06 5.56945e-06 2.18586e-21)
(4.81547e-06 3.03445e-06 0)
(4.94406e-06 3.16208e-06 0)
(5.0719e-06 3.28775e-06 0)
(5.1987e-06 3.4119e-06 0)
(5.3249e-06 3.5353e-06 0)
(5.45048e-06 3.65832e-06 0)
(5.5757e-06 3.78142e-06 0)
(5.70062e-06 3.90493e-06 0)
(5.82539e-06 4.02916e-06 0)
(5.9501e-06 4.15435e-06 0)
(6.07485e-06 4.28073e-06 0)
(6.1997e-06 4.40849e-06 0)
(6.32473e-06 4.53781e-06 0)
(6.44998e-06 4.66882e-06 0)
(6.5755e-06 4.80168e-06 0)
(6.70131e-06 4.93655e-06 0)
(6.82739e-06 5.07357e-06 0)
(6.95371e-06 5.21296e-06 0)
(7.08012e-06 5.35491e-06 0)
(7.20451e-06 5.49926e-06 2.35306e-21)
(4.4621e-06 2.87055e-06 0)
(4.6067e-06 3.00504e-06 0)
(4.74925e-06 3.13728e-06 0)
(4.88936e-06 3.26749e-06 0)
(5.02773e-06 3.39658e-06 0)
(5.16438e-06 3.52491e-06 0)
(5.29971e-06 3.65303e-06 0)
(5.43386e-06 3.78128e-06 0)
(5.56709e-06 3.91003e-06 0)
(5.69956e-06 4.03956e-06 0)
(5.83144e-06 4.17011e-06 0)
(5.9629e-06 4.30193e-06 0)
(6.09407e-06 4.4352e-06 0)
(6.22506e-06 4.57013e-06 0)
(6.35598e-06 4.70689e-06 0)
(6.48691e-06 4.8457e-06 0)
(6.6179e-06 4.98679e-06 0)
(6.74897e-06 5.13045e-06 0)
(6.88007e-06 5.27699e-06 0)
(7.00909e-06 5.42643e-06 2.55894e-21)
(4.09889e-06 2.68561e-06 0)
(4.25987e-06 2.82864e-06 0)
(4.41759e-06 2.96905e-06 0)
(4.57152e-06 3.10683e-06 0)
(4.72262e-06 3.24302e-06 0)
(4.87093e-06 3.37801e-06 0)
(5.01697e-06 3.51238e-06 0)
(5.16095e-06 3.64653e-06 0)
(5.30322e-06 3.78087e-06 0)
(5.444e-06 3.91573e-06 0)
(5.58357e-06 4.05139e-06 0)
(5.72213e-06 4.18813e-06 0)
(5.85989e-06 4.32617e-06 0)
(5.99704e-06 4.46575e-06 0)
(6.13375e-06 4.6071e-06 0)
(6.27015e-06 4.75046e-06 0)
(6.40637e-06 4.89613e-06 0)
(6.5425e-06 5.0445e-06 0)
(6.67861e-06 5.19594e-06 0)
(6.8128e-06 5.35064e-06 2.79574e-21)
(3.73145e-06 2.4815e-06 0)
(3.9086e-06 2.63459e-06 0)
(4.08144e-06 2.78452e-06 0)
(4.24931e-06 2.93119e-06 0)
(4.4133e-06 3.07569e-06 0)
(4.57354e-06 3.2185e-06 0)
(4.73057e-06 3.36023e-06 0)
(4.88471e-06 3.50134e-06 0)
(5.03635e-06 3.64227e-06 0)
(5.18579e-06 3.7834e-06 0)
(5.33337e-06 3.92506e-06 0)
(5.47934e-06 4.06755e-06 0)
(5.62399e-06 4.21114e-06 0)
(5.76756e-06 4.35609e-06 0)
(5.91029e-06 4.50266e-06 0)
(6.05237e-06 4.65114e-06 0)
(6.19401e-06 4.80185e-06 0)
(6.33539e-06 4.95525e-06 0)
(6.4767e-06 5.11176e-06 0)
(6.61648e-06 5.27178e-06 3.055e-21)
(3.36442e-06 2.26059e-06 0)
(3.55699e-06 2.42496e-06 0)
(3.74441e-06 2.58544e-06 0)
(3.92603e-06 2.74218e-06 0)
(4.10282e-06 2.89606e-06 0)
(4.27504e-06 3.04775e-06 0)
(4.4432e-06 3.19782e-06 0)
(4.60767e-06 3.34682e-06 0)
(4.76887e-06 3.49524e-06 0)
(4.92716e-06 3.64349e-06 0)
(5.08292e-06 3.79194e-06 0)
(5.23648e-06 3.94094e-06 0)
(5.38816e-06 4.09078e-06 0)
(5.53828e-06 4.24174e-06 0)
(5.68713e-06 4.3941e-06 0)
(5.83497e-06 4.54819e-06 0)
(5.98211e-06 4.70434e-06 0)
(6.12879e-06 4.86302e-06 0)
(6.27535e-06 5.02469e-06 0)
(6.42104e-06 5.18995e-06 3.32722e-21)
(3.03836e-06 2.05936e-06 0)
(3.2425e-06 2.2335e-06 0)
(3.44093e-06 2.40266e-06 0)
(3.63326e-06 2.56797e-06 0)
(3.82011e-06 2.72999e-06 0)
(4.00191e-06 2.8895e-06 0)
(4.17907e-06 3.04704e-06 0)
(4.35196e-06 3.20316e-06 0)
(4.521e-06 3.35834e-06 0)
(4.68657e-06 3.51303e-06 0)
(4.84905e-06 3.66761e-06 0)
(5.00883e-06 3.82243e-06 0)
(5.16625e-06 3.97779e-06 0)
(5.32168e-06 4.13399e-06 0)
(5.47545e-06 4.2913e-06 0)
(5.62789e-06 4.45004e-06 0)
(5.77937e-06 4.61054e-06 0)
(5.93021e-06 4.77323e-06 0)
(6.08088e-06 4.93852e-06 0)
(6.23141e-06 5.10728e-06 3.56462e-21)
(2.55495e-06 1.72438e-06 0)
(2.80081e-06 1.92069e-06 0)
(3.00894e-06 2.09892e-06 0)
(3.21129e-06 2.27201e-06 0)
(3.40778e-06 2.44156e-06 0)
(3.59877e-06 2.60792e-06 0)
(3.78465e-06 2.77177e-06 0)
(3.96581e-06 2.93363e-06 0)
(4.14256e-06 3.09396e-06 0)
(4.31525e-06 3.25319e-06 0)
(4.48425e-06 3.41173e-06 0)
(4.64992e-06 3.56991e-06 0)
(4.81262e-06 3.72806e-06 0)
(4.97273e-06 3.88647e-06 0)
(5.13058e-06 4.04538e-06 0)
(5.28656e-06 4.20507e-06 0)
(5.44101e-06 4.3658e-06 0)
(5.59434e-06 4.52786e-06 0)
(5.74691e-06 4.6916e-06 0)
(5.8993e-06 4.85736e-06 0)
(6.05189e-06 5.02596e-06 3.70851e-21)
(2.38095e-06 1.62286e-06 0)
(2.61862e-06 1.81642e-06 0)
(2.82525e-06 1.99492e-06 0)
(3.02685e-06 2.16924e-06 0)
(3.22314e-06 2.34061e-06 0)
(3.41441e-06 2.50918e-06 0)
(3.60088e-06 2.67544e-06 0)
(3.78283e-06 2.83982e-06 0)
(3.9605e-06 3.00269e-06 0)
(4.13417e-06 3.16441e-06 0)
(4.30417e-06 3.32531e-06 0)
(4.4708e-06 3.48568e-06 0)
(4.63441e-06 3.64578e-06 0)
(4.79534e-06 3.80586e-06 0)
(4.95393e-06 3.96614e-06 0)
(5.11055e-06 4.12683e-06 0)
(5.26555e-06 4.28814e-06 0)
(5.41936e-06 4.4503e-06 0)
(5.57238e-06 4.61357e-06 0)
(5.72521e-06 4.77816e-06 0)
(5.87828e-06 4.94463e-06 3.78347e-21)
(2.22664e-06 1.52545e-06 0)
(2.45535e-06 1.7161e-06 0)
(2.65825e-06 1.89406e-06 0)
(2.85721e-06 2.06886e-06 0)
(3.05163e-06 2.24141e-06 0)
(3.2417e-06 2.41166e-06 0)
(3.42743e-06 2.57991e-06 0)
(3.60898e-06 2.74649e-06 0)
(3.78649e-06 2.91165e-06 0)
(3.9602e-06 3.07566e-06 0)
(4.13036e-06 3.23878e-06 0)
(4.29725e-06 3.40122e-06 0)
(4.46116e-06 3.5632e-06 0)
(4.62241e-06 3.7249e-06 0)
(4.78131e-06 3.8865e-06 0)
(4.93823e-06 4.04814e-06 0)
(5.09351e-06 4.20999e-06 0)
(5.24758e-06 4.37218e-06 0)
(5.40085e-06 4.53488e-06 0)
(5.55396e-06 4.69814e-06 0)
(5.70732e-06 4.86228e-06 3.82994e-21)
(2.08924e-06 1.43294e-06 0)
(2.30842e-06 1.62005e-06 0)
(2.50628e-06 1.79673e-06 0)
(2.70126e-06 1.97137e-06 0)
(2.89252e-06 2.14452e-06 0)
(3.08017e-06 2.31596e-06 0)
(3.264e-06 2.48583e-06 0)
(3.44408e-06 2.65427e-06 0)
(3.62049e-06 2.82145e-06 0)
(3.79339e-06 2.98753e-06 0)
(3.96297e-06 3.15267e-06 0)
(4.12945e-06 3.31704e-06 0)
(4.29309e-06 3.48077e-06 0)
(4.45417e-06 3.64399e-06 0)
(4.61298e-06 3.80682e-06 0)
(4.76985e-06 3.96935e-06 0)
(4.92514e-06 4.13166e-06 0)
(5.07922e-06 4.29382e-06 0)
(5.23256e-06 4.45585e-06 0)
(5.38583e-06 4.61769e-06 0)
(5.53932e-06 4.77941e-06 3.84593e-21)
(1.9664e-06 1.34552e-06 0)
(2.1759e-06 1.52877e-06 0)
(2.3678e-06 1.70361e-06 0)
(2.55778e-06 1.87751e-06 0)
(2.74486e-06 2.05072e-06 0)
(2.92904e-06 2.22287e-06 0)
(3.10997e-06 2.39391e-06 0)
(3.28769e-06 2.56384e-06 0)
(3.46217e-06 2.73271e-06 0)
(3.6335e-06 2.90058e-06 0)
(3.80181e-06 3.06751e-06 0)
(3.9673e-06 3.2336e-06 0)
(4.13015e-06 3.39892e-06 0)
(4.29062e-06 3.56353e-06 0)
(4.44896e-06 3.72748e-06 0)
(4.60549e-06 3.8908e-06 0)
(4.76052e-06 4.0535e-06 0)
(4.91442e-06 4.21555e-06 0)
(5.06764e-06 4.37684e-06 0)
(5.22081e-06 4.53726e-06 0)
(5.37419e-06 4.69662e-06 3.83005e-21)
(1.85567e-06 1.26309e-06 0)
(2.0556e-06 1.44224e-06 0)
(2.24099e-06 1.61483e-06 0)
(2.42527e-06 1.78754e-06 0)
(2.60738e-06 1.96037e-06 0)
(2.78728e-06 2.13279e-06 0)
(2.96455e-06 2.30461e-06 0)
(3.13915e-06 2.47567e-06 0)
(3.31098e-06 2.6459e-06 0)
(3.4801e-06 2.81527e-06 0)
(3.64657e-06 2.98374e-06 0)
(3.81053e-06 3.15133e-06 0)
(3.97214e-06 3.31804e-06 0)
(4.1316e-06 3.48386e-06 0)
(4.28915e-06 3.6488e-06 0)
(4.44505e-06 3.8128e-06 0)
(4.59959e-06 3.9758e-06 0)
(4.75313e-06 4.13768e-06 0)
(4.90603e-06 4.29825e-06 0)
(5.05885e-06 4.45729e-06 0)
(5.21191e-06 4.61434e-06 3.7859e-21)
(1.75486e-06 1.18544e-06 0)
(1.94545e-06 1.36039e-06 0)
(2.12398e-06 1.53048e-06 0)
(2.30208e-06 1.70168e-06 0)
(2.47868e-06 1.87377e-06 0)
(2.65371e-06 2.04609e-06 0)
(2.82671e-06 2.21831e-06 0)
(2.9976e-06 2.39016e-06 0)
(3.16623e-06 2.56142e-06 0)
(3.3326e-06 2.73198e-06 0)
(3.49674e-06 2.90172e-06 0)
(3.65873e-06 3.07057e-06 0)
(3.8187e-06 3.23845e-06 0)
(3.97681e-06 3.40532e-06 0)
(4.13325e-06 3.57108e-06 0)
(4.28827e-06 3.73564e-06 0)
(4.44211e-06 3.89886e-06 0)
(4.59509e-06 4.06055e-06 0)
(4.74752e-06 4.22042e-06 0)
(4.89989e-06 4.37816e-06 0)
(5.05249e-06 4.53305e-06 3.71591e-21)
(1.66188e-06 1.11225e-06 0)
(1.84346e-06 1.28303e-06 0)
(2.01496e-06 1.45047e-06 0)
(2.18659e-06 1.61994e-06 0)
(2.35732e-06 1.79101e-06 0)
(2.52706e-06 1.96294e-06 0)
(2.69536e-06 2.13525e-06 0)
(2.86208e-06 2.30755e-06 0)
(3.02706e-06 2.47955e-06 0)
(3.19026e-06 2.65101e-06 0)
(3.35166e-06 2.82175e-06 0)
(3.51131e-06 2.99161e-06 0)
(3.66931e-06 3.16045e-06 0)
(3.82578e-06 3.32815e-06 0)
(3.98087e-06 3.49458e-06 0)
(4.13479e-06 3.65957e-06 0)
(4.28774e-06 3.82293e-06 0)
(4.44e-06 3.98441e-06 0)
(4.59182e-06 4.14363e-06 0)
(4.74361e-06 4.3002e-06 0)
(4.8956e-06 4.45323e-06 3.62248e-21)
(1.57492e-06 1.04315e-06 0)
(1.74784e-06 1.20989e-06 0)
(1.91223e-06 1.37465e-06 0)
(2.07723e-06 1.54228e-06 0)
(2.24186e-06 1.71214e-06 0)
(2.40603e-06 1.88342e-06 0)
(2.5693e-06 2.05556e-06 0)
(2.73153e-06 2.22805e-06 0)
(2.89252e-06 2.4005e-06 0)
(3.05221e-06 2.57259e-06 0)
(3.21056e-06 2.74405e-06 0)
(3.36759e-06 2.91467e-06 0)
(3.52335e-06 3.08424e-06 0)
(3.67794e-06 3.25258e-06 0)
(3.83148e-06 3.41951e-06 0)
(3.98412e-06 3.58481e-06 0)
(4.13603e-06 3.74824e-06 0)
(4.28744e-06 3.9095e-06 0)
(4.43852e-06 4.06815e-06 0)
(4.58962e-06 4.22373e-06 0)
(4.74088e-06 4.37523e-06 3.51016e-21)
(1.49233e-06 9.77805e-07 0)
(1.6569e-06 1.14071e-06 0)
(1.81418e-06 1.30284e-06 0)
(1.97246e-06 1.46856e-06 0)
(2.13085e-06 1.6371e-06 0)
(2.28928e-06 1.80757e-06 0)
(2.44731e-06 1.97931e-06 0)
(2.60481e-06 2.15175e-06 0)
(2.76158e-06 2.32439e-06 0)
(2.91753e-06 2.49685e-06 0)
(3.0726e-06 2.6688e-06 0)
(3.22678e-06 2.83993e-06 0)
(3.38011e-06 3.01001e-06 0)
(3.53264e-06 3.1788e-06 0)
(3.68446e-06 3.34605e-06 0)
(3.83569e-06 3.51154e-06 0)
(3.98644e-06 3.67496e-06 0)
(4.13688e-06 3.83599e-06 0)
(4.28715e-06 3.99416e-06 0)
(4.43746e-06 4.14898e-06 0)
(4.5879e-06 4.29934e-06 3.38374e-21)
(1.41261e-06 9.15893e-07 0)
(1.56908e-06 1.07523e-06 0)
(1.71926e-06 1.23484e-06 0)
(1.8708e-06 1.39866e-06 0)
(2.02289e-06 1.56581e-06 0)
(2.17546e-06 1.73534e-06 0)
(2.32813e-06 1.90652e-06 0)
(2.48075e-06 2.07869e-06 0)
(2.63313e-06 2.25131e-06 0)
(2.78519e-06 2.4239e-06 0)
(2.93683e-06 2.59609e-06 0)
(3.08803e-06 2.76751e-06 0)
(3.23879e-06 2.93788e-06 0)
(3.38913e-06 3.10691e-06 0)
(3.53912e-06 3.27433e-06 0)
(3.68883e-06 3.43987e-06 0)
(3.83834e-06 3.60322e-06 0)
(3.98774e-06 3.76403e-06 0)
(4.13713e-06 3.92182e-06 0)
(4.2866e-06 4.07611e-06 0)
(4.43617e-06 4.22575e-06 3.24871e-21)
(1.33434e-06 8.57158e-07 0)
(1.48288e-06 1.01321e-06 0)
(1.626e-06 1.17045e-06 0)
(1.77078e-06 1.33243e-06 0)
(1.91653e-06 1.49817e-06 0)
(2.0632e-06 1.66667e-06 0)
(2.21044e-06 1.83714e-06 0)
(2.35812e-06 2.00887e-06 0)
(2.50605e-06 2.18125e-06 0)
(2.65413e-06 2.35377e-06 0)
(2.80227e-06 2.52597e-06 0)
(2.95041e-06 2.69746e-06 0)
(3.09852e-06 2.86791e-06 0)
(3.24662e-06 3.03699e-06 0)
(3.39472e-06 3.20442e-06 0)
(3.54286e-06 3.3699e-06 0)
(3.69107e-06 3.5331e-06 0)
(3.8394e-06 3.6937e-06 0)
(3.98787e-06 3.85121e-06 0)
(4.13647e-06 4.0052e-06 0)
(4.28514e-06 4.15456e-06 3.11098e-21)
(1.25616e-06 8.01426e-07 0)
(1.39687e-06 9.54494e-07 0)
(1.53291e-06 1.10954e-06 0)
(1.67094e-06 1.26975e-06 0)
(1.81036e-06 1.43406e-06 0)
(1.95112e-06 1.60146e-06 0)
(2.09294e-06 1.77111e-06 0)
(2.23567e-06 1.94224e-06 0)
(2.37915e-06 2.1142e-06 0)
(2.52325e-06 2.28643e-06 0)
(2.66788e-06 2.45844e-06 0)
(2.81296e-06 2.6298e-06 0)
(2.95844e-06 2.80012e-06 0)
(3.10429e-06 2.96909e-06 0)
(3.25049e-06 3.13636e-06 0)
(3.39705e-06 3.30165e-06 0)
(3.54396e-06 3.46464e-06 0)
(3.6912e-06 3.62502e-06 0)
(3.83875e-06 3.78235e-06 0)
(3.98649e-06 3.93626e-06 0)
(4.13429e-06 4.08576e-06 2.97677e-21)
(1.1767e-06 7.48569e-07 0)
(1.30955e-06 8.98941e-07 0)
(1.43851e-06 1.05195e-06 0)
(1.56979e-06 1.21046e-06 0)
(1.70289e-06 1.37336e-06 0)
(1.8378e-06 1.5396e-06 0)
(1.97424e-06 1.70831e-06 0)
(2.11209e-06 1.87869e-06 0)
(2.25119e-06 2.05006e-06 0)
(2.3914e-06 2.22182e-06 0)
(2.5326e-06 2.39344e-06 0)
(2.6747e-06 2.56447e-06 0)
(2.81761e-06 2.73449e-06 0)
(2.96128e-06 2.90316e-06 0)
(3.10565e-06 3.07014e-06 0)
(3.25068e-06 3.23512e-06 0)
(3.39632e-06 3.39783e-06 0)
(3.54252e-06 3.55796e-06 0)
(3.68917e-06 3.71518e-06 0)
(3.8361e-06 3.86921e-06 0)
(3.98309e-06 4.01923e-06 2.8523e-21)
(1.09452e-06 6.98592e-07 0)
(1.21942e-06 8.46519e-07 0)
(1.34125e-06 9.97628e-07 0)
(1.46579e-06 1.15449e-06 0)
(1.59263e-06 1.31595e-06 0)
(1.72176e-06 1.48096e-06 0)
(1.85295e-06 1.64862e-06 0)
(1.98606e-06 1.81811e-06 0)
(2.12092e-06 1.98871e-06 0)
(2.2574e-06 2.15981e-06 0)
(2.39534e-06 2.33086e-06 0)
(2.53462e-06 2.50137e-06 0)
(2.67513e-06 2.67092e-06 0)
(2.81676e-06 2.83913e-06 0)
(2.95943e-06 3.00567e-06 0)
(3.10304e-06 3.17025e-06 0)
(3.24752e-06 3.33259e-06 0)
(3.39274e-06 3.49246e-06 0)
(3.53858e-06 3.64961e-06 0)
(3.68478e-06 3.80388e-06 0)
(3.83104e-06 3.95473e-06 2.74342e-21)
(1.00808e-06 6.51466e-07 0)
(1.12483e-06 7.97146e-07 0)
(1.23946e-06 9.46449e-07 0)
(1.35728e-06 1.10168e-06 0)
(1.47796e-06 1.26167e-06 0)
(1.60146e-06 1.42536e-06 0)
(1.72758e-06 1.59184e-06 0)
(1.85617e-06 1.76027e-06 0)
(1.98704e-06 1.92994e-06 0)
(2.12004e-06 2.10021e-06 0)
(2.25499e-06 2.2705e-06 0)
(2.39172e-06 2.44032e-06 0)
(2.53008e-06 2.60923e-06 0)
(2.66992e-06 2.77685e-06 0)
(2.81111e-06 2.94283e-06 0)
(2.9535e-06 3.1069e-06 0)
(3.09698e-06 3.2688e-06 0)
(3.24137e-06 3.42836e-06 0)
(3.38651e-06 3.58544e-06 0)
(3.53209e-06 3.74002e-06 0)
(3.67778e-06 3.89191e-06 2.65601e-21)
(9.15687e-07 6.07433e-07 0)
(1.02401e-06 7.50967e-07 0)
(1.13141e-06 8.98471e-07 0)
(1.24257e-06 1.05201e-06 0)
(1.35721e-06 1.21042e-06 0)
(1.4753e-06 1.37264e-06 0)
(1.59662e-06 1.53778e-06 0)
(1.721e-06 1.70498e-06 0)
(1.84823e-06 1.87353e-06 0)
(1.97811e-06 2.04276e-06 0)
(2.11043e-06 2.21211e-06 0)
(2.24498e-06 2.38107e-06 0)
(2.38156e-06 2.5492e-06 0)
(2.51997e-06 2.71609e-06 0)
(2.66002e-06 2.88141e-06 0)
(2.8015e-06 3.04488e-06 0)
(2.94424e-06 3.20628e-06 0)
(3.08803e-06 3.36548e-06 0)
(3.23264e-06 3.52245e-06 0)
(3.37776e-06 3.67733e-06 0)
(3.52303e-06 3.83032e-06 2.59319e-21)
(8.15309e-07 5.66371e-07 0)
(9.14879e-07 7.07778e-07 0)
(1.01503e-06 8.53419e-07 0)
(1.11964e-06 1.00515e-06 0)
(1.22849e-06 1.16184e-06 0)
(1.34148e-06 1.32244e-06 0)
(1.45837e-06 1.48605e-06 0)
(1.57897e-06 1.65183e-06 0)
(1.70301e-06 1.81906e-06 0)
(1.83027e-06 1.98708e-06 0)
(1.96047e-06 2.15533e-06 0)
(2.09335e-06 2.32327e-06 0)
(2.22867e-06 2.49047e-06 0)
(2.36614e-06 2.65653e-06 0)
(2.50552e-06 2.8211e-06 0)
(2.64655e-06 2.98391e-06 0)
(2.78896e-06 3.14476e-06 0)
(2.93249e-06 3.30356e-06 0)
(3.07685e-06 3.46036e-06 0)
(3.22172e-06 3.61543e-06 0)
(3.36676e-06 3.7694e-06 2.55834e-21)
(7.05021e-07 5.28965e-07 0)
(7.95487e-07 6.68068e-07 0)
(8.88438e-07 8.11599e-07 0)
(9.86715e-07 9.61256e-07 0)
(1.0901e-06 1.11595e-06 0)
(1.1984e-06 1.27465e-06 0)
(1.31137e-06 1.43646e-06 0)
(1.42872e-06 1.60056e-06 0)
(1.55017e-06 1.76623e-06 0)
(1.6754e-06 1.93281e-06 0)
(1.8041e-06 2.09973e-06 0)
(1.93596e-06 2.26649e-06 0)
(2.07063e-06 2.43261e-06 0)
(2.20781e-06 2.59771e-06 0)
(2.34716e-06 2.76145e-06 0)
(2.48834e-06 2.92356e-06 0)
(2.63099e-06 3.08385e-06 0)
(2.77477e-06 3.24223e-06 0)
(2.91931e-06 3.39882e-06 0)
(3.06422e-06 3.55395e-06 0)
(3.20921e-06 3.70848e-06 2.54644e-21)
(5.8128e-07 4.9452e-07 2.27276e-21)
(6.62174e-07 6.30901e-07 2.29165e-21)
(7.48176e-07 7.72045e-07 2.28595e-21)
(8.40534e-07 9.19364e-07 2.28072e-21)
(9.38981e-07 1.07181e-06 2.27596e-21)
(1.04325e-06 1.22836e-06 2.27168e-21)
(1.153e-06 1.38815e-06 2.26786e-21)
(1.26788e-06 1.55035e-06 2.26448e-21)
(1.38752e-06 1.71426e-06 2.26153e-21)
(1.51155e-06 1.87923e-06 2.25898e-21)
(1.63958e-06 2.04468e-06 2.25683e-21)
(1.77125e-06 2.2101e-06 2.25505e-21)
(1.90615e-06 2.37504e-06 2.25361e-21)
(2.04391e-06 2.53911e-06 2.25252e-21)
(2.18412e-06 2.70197e-06 2.25175e-21)
(2.32636e-06 2.86335e-06 2.25128e-21)
(2.47019e-06 3.02308e-06 2.2511e-21)
(2.61512e-06 3.18107e-06 2.25117e-21)
(2.76064e-06 3.33744e-06 2.25139e-21)
(2.90611e-06 3.49253e-06 2.25164e-21)
(3.05445e-06 3.62387e-06 2.39793e-21)
(2.55495e-06 1.72438e-06 0)
(2.80081e-06 1.92069e-06 0)
(3.00894e-06 2.09892e-06 0)
(3.21129e-06 2.27201e-06 0)
(3.40778e-06 2.44156e-06 0)
(3.59877e-06 2.60792e-06 0)
(3.78465e-06 2.77177e-06 0)
(3.96581e-06 2.93363e-06 0)
(4.14256e-06 3.09396e-06 0)
(4.31525e-06 3.25319e-06 0)
(4.48425e-06 3.41173e-06 0)
(4.64992e-06 3.56991e-06 0)
(4.81262e-06 3.72806e-06 0)
(4.97273e-06 3.88647e-06 0)
(5.13058e-06 4.04538e-06 0)
(5.28656e-06 4.20507e-06 0)
(5.44101e-06 4.3658e-06 0)
(5.59434e-06 4.52786e-06 0)
(5.74691e-06 4.6916e-06 0)
(5.8993e-06 4.85736e-06 0)
(6.05189e-06 5.02596e-06 3.70851e-21)
(2.38095e-06 1.62286e-06 0)
(2.61862e-06 1.81642e-06 0)
(2.82525e-06 1.99492e-06 0)
(3.02685e-06 2.16924e-06 0)
(3.22314e-06 2.34061e-06 0)
(3.41441e-06 2.50918e-06 0)
(3.60088e-06 2.67544e-06 0)
(3.78283e-06 2.83982e-06 0)
(3.9605e-06 3.00269e-06 0)
(4.13417e-06 3.16441e-06 0)
(4.30417e-06 3.32531e-06 0)
(4.4708e-06 3.48568e-06 0)
(4.63441e-06 3.64578e-06 0)
(4.79534e-06 3.80586e-06 0)
(4.95393e-06 3.96614e-06 0)
(5.11055e-06 4.12683e-06 0)
(5.26555e-06 4.28814e-06 0)
(5.41936e-06 4.4503e-06 0)
(5.57238e-06 4.61357e-06 0)
(5.72521e-06 4.77816e-06 0)
(5.87828e-06 4.94463e-06 3.78347e-21)
(2.22664e-06 1.52545e-06 0)
(2.45535e-06 1.7161e-06 0)
(2.65825e-06 1.89406e-06 0)
(2.85721e-06 2.06886e-06 0)
(3.05163e-06 2.24141e-06 0)
(3.2417e-06 2.41166e-06 0)
(3.42743e-06 2.57991e-06 0)
(3.60898e-06 2.74649e-06 0)
(3.78649e-06 2.91165e-06 0)
(3.9602e-06 3.07566e-06 0)
(4.13036e-06 3.23878e-06 0)
(4.29725e-06 3.40122e-06 0)
(4.46116e-06 3.5632e-06 0)
(4.62241e-06 3.7249e-06 0)
(4.78131e-06 3.8865e-06 0)
(4.93823e-06 4.04814e-06 0)
(5.09351e-06 4.20999e-06 0)
(5.24758e-06 4.37218e-06 0)
(5.40085e-06 4.53488e-06 0)
(5.55396e-06 4.69814e-06 0)
(5.70732e-06 4.86228e-06 3.82994e-21)
(2.08924e-06 1.43294e-06 0)
(2.30842e-06 1.62005e-06 0)
(2.50628e-06 1.79673e-06 0)
(2.70126e-06 1.97137e-06 0)
(2.89252e-06 2.14452e-06 0)
(3.08017e-06 2.31596e-06 0)
(3.264e-06 2.48583e-06 0)
(3.44408e-06 2.65427e-06 0)
(3.62049e-06 2.82145e-06 0)
(3.79339e-06 2.98753e-06 0)
(3.96297e-06 3.15267e-06 0)
(4.12945e-06 3.31704e-06 0)
(4.29309e-06 3.48077e-06 0)
(4.45417e-06 3.64399e-06 0)
(4.61298e-06 3.80682e-06 0)
(4.76985e-06 3.96935e-06 0)
(4.92514e-06 4.13166e-06 0)
(5.07922e-06 4.29382e-06 0)
(5.23256e-06 4.45585e-06 0)
(5.38583e-06 4.61769e-06 0)
(5.53932e-06 4.77941e-06 3.84593e-21)
(1.9664e-06 1.34552e-06 0)
(2.1759e-06 1.52877e-06 0)
(2.3678e-06 1.70361e-06 0)
(2.55778e-06 1.87751e-06 0)
(2.74486e-06 2.05072e-06 0)
(2.92904e-06 2.22287e-06 0)
(3.10997e-06 2.39391e-06 0)
(3.28769e-06 2.56384e-06 0)
(3.46217e-06 2.73271e-06 0)
(3.6335e-06 2.90058e-06 0)
(3.80181e-06 3.06751e-06 0)
(3.9673e-06 3.2336e-06 0)
(4.13015e-06 3.39892e-06 0)
(4.29062e-06 3.56353e-06 0)
(4.44896e-06 3.72748e-06 0)
(4.60549e-06 3.8908e-06 0)
(4.76052e-06 4.0535e-06 0)
(4.91442e-06 4.21555e-06 0)
(5.06764e-06 4.37684e-06 0)
(5.22081e-06 4.53726e-06 0)
(5.37419e-06 4.69662e-06 3.83005e-21)
(1.85567e-06 1.26309e-06 0)
(2.0556e-06 1.44224e-06 0)
(2.24099e-06 1.61483e-06 0)
(2.42527e-06 1.78754e-06 0)
(2.60738e-06 1.96037e-06 0)
(2.78728e-06 2.13279e-06 0)
(2.96455e-06 2.30461e-06 0)
(3.13915e-06 2.47567e-06 0)
(3.31098e-06 2.6459e-06 0)
(3.4801e-06 2.81527e-06 0)
(3.64657e-06 2.98374e-06 0)
(3.81053e-06 3.15133e-06 0)
(3.97214e-06 3.31804e-06 0)
(4.1316e-06 3.48386e-06 0)
(4.28915e-06 3.6488e-06 0)
(4.44505e-06 3.8128e-06 0)
(4.59959e-06 3.9758e-06 0)
(4.75313e-06 4.13768e-06 0)
(4.90603e-06 4.29825e-06 0)
(5.05885e-06 4.45729e-06 0)
(5.21191e-06 4.61434e-06 3.7859e-21)
(1.75486e-06 1.18544e-06 0)
(1.94545e-06 1.36039e-06 0)
(2.12398e-06 1.53048e-06 0)
(2.30208e-06 1.70168e-06 0)
(2.47868e-06 1.87377e-06 0)
(2.65371e-06 2.04609e-06 0)
(2.82671e-06 2.21831e-06 0)
(2.9976e-06 2.39016e-06 0)
(3.16623e-06 2.56142e-06 0)
(3.3326e-06 2.73198e-06 0)
(3.49674e-06 2.90172e-06 0)
(3.65873e-06 3.07057e-06 0)
(3.8187e-06 3.23845e-06 0)
(3.97681e-06 3.40532e-06 0)
(4.13325e-06 3.57108e-06 0)
(4.28827e-06 3.73564e-06 0)
(4.44211e-06 3.89886e-06 0)
(4.59509e-06 4.06055e-06 0)
(4.74752e-06 4.22042e-06 0)
(4.89989e-06 4.37816e-06 0)
(5.05249e-06 4.53305e-06 3.71591e-21)
(1.66188e-06 1.11225e-06 0)
(1.84346e-06 1.28303e-06 0)
(2.01496e-06 1.45047e-06 0)
(2.18659e-06 1.61994e-06 0)
(2.35732e-06 1.79101e-06 0)
(2.52706e-06 1.96294e-06 0)
(2.69536e-06 2.13525e-06 0)
(2.86208e-06 2.30755e-06 0)
(3.02706e-06 2.47955e-06 0)
(3.19026e-06 2.65101e-06 0)
(3.35166e-06 2.82175e-06 0)
(3.51131e-06 2.99161e-06 0)
(3.66931e-06 3.16045e-06 0)
(3.82578e-06 3.32815e-06 0)
(3.98087e-06 3.49458e-06 0)
(4.13479e-06 3.65957e-06 0)
(4.28774e-06 3.82293e-06 0)
(4.44e-06 3.98441e-06 0)
(4.59182e-06 4.14363e-06 0)
(4.74361e-06 4.3002e-06 0)
(4.8956e-06 4.45323e-06 3.62248e-21)
(1.57492e-06 1.04315e-06 0)
(1.74784e-06 1.20989e-06 0)
(1.91223e-06 1.37465e-06 0)
(2.07723e-06 1.54228e-06 0)
(2.24186e-06 1.71214e-06 0)
(2.40603e-06 1.88342e-06 0)
(2.5693e-06 2.05556e-06 0)
(2.73153e-06 2.22805e-06 0)
(2.89252e-06 2.4005e-06 0)
(3.05221e-06 2.57259e-06 0)
(3.21056e-06 2.74405e-06 0)
(3.36759e-06 2.91467e-06 0)
(3.52335e-06 3.08424e-06 0)
(3.67794e-06 3.25258e-06 0)
(3.83148e-06 3.41951e-06 0)
(3.98412e-06 3.58481e-06 0)
(4.13603e-06 3.74824e-06 0)
(4.28744e-06 3.9095e-06 0)
(4.43852e-06 4.06815e-06 0)
(4.58962e-06 4.22373e-06 0)
(4.74088e-06 4.37523e-06 3.51016e-21)
(1.49233e-06 9.77805e-07 0)
(1.6569e-06 1.14071e-06 0)
(1.81418e-06 1.30284e-06 0)
(1.97246e-06 1.46856e-06 0)
(2.13085e-06 1.6371e-06 0)
(2.28928e-06 1.80757e-06 0)
(2.44731e-06 1.97931e-06 0)
(2.60481e-06 2.15175e-06 0)
(2.76158e-06 2.32439e-06 0)
(2.91753e-06 2.49685e-06 0)
(3.0726e-06 2.6688e-06 0)
(3.22678e-06 2.83993e-06 0)
(3.38011e-06 3.01001e-06 0)
(3.53264e-06 3.1788e-06 0)
(3.68446e-06 3.34605e-06 0)
(3.83569e-06 3.51154e-06 0)
(3.98644e-06 3.67496e-06 0)
(4.13688e-06 3.83599e-06 0)
(4.28715e-06 3.99416e-06 0)
(4.43746e-06 4.14898e-06 0)
(4.5879e-06 4.29934e-06 3.38374e-21)
(1.41261e-06 9.15893e-07 0)
(1.56908e-06 1.07523e-06 0)
(1.71926e-06 1.23484e-06 0)
(1.8708e-06 1.39866e-06 0)
(2.02289e-06 1.56581e-06 0)
(2.17546e-06 1.73534e-06 0)
(2.32813e-06 1.90652e-06 0)
(2.48075e-06 2.07869e-06 0)
(2.63313e-06 2.25131e-06 0)
(2.78519e-06 2.4239e-06 0)
(2.93683e-06 2.59609e-06 0)
(3.08803e-06 2.76751e-06 0)
(3.23879e-06 2.93788e-06 0)
(3.38913e-06 3.10691e-06 0)
(3.53912e-06 3.27433e-06 0)
(3.68883e-06 3.43987e-06 0)
(3.83834e-06 3.60322e-06 0)
(3.98774e-06 3.76403e-06 0)
(4.13713e-06 3.92182e-06 0)
(4.2866e-06 4.07611e-06 0)
(4.43617e-06 4.22575e-06 3.24871e-21)
(1.33434e-06 8.57158e-07 0)
(1.48288e-06 1.01321e-06 0)
(1.626e-06 1.17045e-06 0)
(1.77078e-06 1.33243e-06 0)
(1.91653e-06 1.49817e-06 0)
(2.0632e-06 1.66667e-06 0)
(2.21044e-06 1.83714e-06 0)
(2.35812e-06 2.00887e-06 0)
(2.50605e-06 2.18125e-06 0)
(2.65413e-06 2.35377e-06 0)
(2.80227e-06 2.52597e-06 0)
(2.95041e-06 2.69746e-06 0)
(3.09852e-06 2.86791e-06 0)
(3.24662e-06 3.03699e-06 0)
(3.39472e-06 3.20442e-06 0)
(3.54286e-06 3.3699e-06 0)
(3.69107e-06 3.5331e-06 0)
(3.8394e-06 3.6937e-06 0)
(3.98787e-06 3.85121e-06 0)
(4.13647e-06 4.0052e-06 0)
(4.28514e-06 4.15456e-06 3.11098e-21)
(1.25616e-06 8.01426e-07 0)
(1.39687e-06 9.54494e-07 0)
(1.53291e-06 1.10954e-06 0)
(1.67094e-06 1.26975e-06 0)
(1.81036e-06 1.43406e-06 0)
(1.95112e-06 1.60146e-06 0)
(2.09294e-06 1.77111e-06 0)
(2.23567e-06 1.94224e-06 0)
(2.37915e-06 2.1142e-06 0)
(2.52325e-06 2.28643e-06 0)
(2.66788e-06 2.45844e-06 0)
(2.81296e-06 2.6298e-06 0)
(2.95844e-06 2.80012e-06 0)
(3.10429e-06 2.96909e-06 0)
(3.25049e-06 3.13636e-06 0)
(3.39705e-06 3.30165e-06 0)
(3.54396e-06 3.46464e-06 0)
(3.6912e-06 3.62502e-06 0)
(3.83875e-06 3.78235e-06 0)
(3.98649e-06 3.93626e-06 0)
(4.13429e-06 4.08576e-06 2.97677e-21)
(1.1767e-06 7.48569e-07 0)
(1.30955e-06 8.98941e-07 0)
(1.43851e-06 1.05195e-06 0)
(1.56979e-06 1.21046e-06 0)
(1.70289e-06 1.37336e-06 0)
(1.8378e-06 1.5396e-06 0)
(1.97424e-06 1.70831e-06 0)
(2.11209e-06 1.87869e-06 0)
(2.25119e-06 2.05006e-06 0)
(2.3914e-06 2.22182e-06 0)
(2.5326e-06 2.39344e-06 0)
(2.6747e-06 2.56447e-06 0)
(2.81761e-06 2.73449e-06 0)
(2.96128e-06 2.90316e-06 0)
(3.10565e-06 3.07014e-06 0)
(3.25068e-06 3.23512e-06 0)
(3.39632e-06 3.39783e-06 0)
(3.54252e-06 3.55796e-06 0)
(3.68917e-06 3.71518e-06 0)
(3.8361e-06 3.86921e-06 0)
(3.98309e-06 4.01923e-06 2.8523e-21)
(1.09452e-06 6.98592e-07 0)
(1.21942e-06 8.46519e-07 0)
(1.34125e-06 9.97628e-07 0)
(1.46579e-06 1.15449e-06 0)
(1.59263e-06 1.31595e-06 0)
(1.72176e-06 1.48096e-06 0)
(1.85295e-06 1.64862e-06 0)
(1.98606e-06 1.81811e-06 0)
(2.12092e-06 1.98871e-06 0)
(2.2574e-06 2.15981e-06 0)
(2.39534e-06 2.33086e-06 0)
(2.53462e-06 2.50137e-06 0)
(2.67513e-06 2.67092e-06 0)
(2.81676e-06 2.83913e-06 0)
(2.95943e-06 3.00567e-06 0)
(3.10304e-06 3.17025e-06 0)
(3.24752e-06 3.33259e-06 0)
(3.39274e-06 3.49246e-06 0)
(3.53858e-06 3.64961e-06 0)
(3.68478e-06 3.80388e-06 0)
(3.83104e-06 3.95473e-06 2.74342e-21)
(1.00808e-06 6.51466e-07 0)
(1.12483e-06 7.97146e-07 0)
(1.23946e-06 9.46449e-07 0)
(1.35728e-06 1.10168e-06 0)
(1.47796e-06 1.26167e-06 0)
(1.60146e-06 1.42536e-06 0)
(1.72758e-06 1.59184e-06 0)
(1.85617e-06 1.76027e-06 0)
(1.98704e-06 1.92994e-06 0)
(2.12004e-06 2.10021e-06 0)
(2.25499e-06 2.2705e-06 0)
(2.39172e-06 2.44032e-06 0)
(2.53008e-06 2.60923e-06 0)
(2.66992e-06 2.77685e-06 0)
(2.81111e-06 2.94283e-06 0)
(2.9535e-06 3.1069e-06 0)
(3.09698e-06 3.2688e-06 0)
(3.24137e-06 3.42836e-06 0)
(3.38651e-06 3.58544e-06 0)
(3.53209e-06 3.74002e-06 0)
(3.67778e-06 3.89191e-06 2.65601e-21)
(9.15687e-07 6.07433e-07 0)
(1.02401e-06 7.50967e-07 0)
(1.13141e-06 8.98471e-07 0)
(1.24257e-06 1.05201e-06 0)
(1.35721e-06 1.21042e-06 0)
(1.4753e-06 1.37264e-06 0)
(1.59662e-06 1.53778e-06 0)
(1.721e-06 1.70498e-06 0)
(1.84823e-06 1.87353e-06 0)
(1.97811e-06 2.04276e-06 0)
(2.11043e-06 2.21211e-06 0)
(2.24498e-06 2.38107e-06 0)
(2.38156e-06 2.5492e-06 0)
(2.51997e-06 2.71609e-06 0)
(2.66002e-06 2.88141e-06 0)
(2.8015e-06 3.04488e-06 0)
(2.94424e-06 3.20628e-06 0)
(3.08803e-06 3.36548e-06 0)
(3.23264e-06 3.52245e-06 0)
(3.37776e-06 3.67733e-06 0)
(3.52303e-06 3.83032e-06 2.59319e-21)
(8.15309e-07 5.66371e-07 0)
(9.14879e-07 7.07778e-07 0)
(1.01503e-06 8.53419e-07 0)
(1.11964e-06 1.00515e-06 0)
(1.22849e-06 1.16184e-06 0)
(1.34148e-06 1.32244e-06 0)
(1.45837e-06 1.48605e-06 0)
(1.57897e-06 1.65183e-06 0)
(1.70301e-06 1.81906e-06 0)
(1.83027e-06 1.98708e-06 0)
(1.96047e-06 2.15533e-06 0)
(2.09335e-06 2.32327e-06 0)
(2.22867e-06 2.49047e-06 0)
(2.36614e-06 2.65653e-06 0)
(2.50552e-06 2.8211e-06 0)
(2.64655e-06 2.98391e-06 0)
(2.78896e-06 3.14476e-06 0)
(2.93249e-06 3.30356e-06 0)
(3.07685e-06 3.46036e-06 0)
(3.22172e-06 3.61543e-06 0)
(3.36676e-06 3.7694e-06 2.55834e-21)
(7.05021e-07 5.28965e-07 0)
(7.95487e-07 6.68068e-07 0)
(8.88438e-07 8.11599e-07 0)
(9.86715e-07 9.61256e-07 0)
(1.0901e-06 1.11595e-06 0)
(1.1984e-06 1.27465e-06 0)
(1.31137e-06 1.43646e-06 0)
(1.42872e-06 1.60056e-06 0)
(1.55017e-06 1.76623e-06 0)
(1.6754e-06 1.93281e-06 0)
(1.8041e-06 2.09973e-06 0)
(1.93596e-06 2.26649e-06 0)
(2.07063e-06 2.43261e-06 0)
(2.20781e-06 2.59771e-06 0)
(2.34716e-06 2.76145e-06 0)
(2.48834e-06 2.92356e-06 0)
(2.63099e-06 3.08385e-06 0)
(2.77477e-06 3.24223e-06 0)
(2.91931e-06 3.39882e-06 0)
(3.06422e-06 3.55395e-06 0)
(3.20921e-06 3.70848e-06 2.54644e-21)
(5.8128e-07 4.9452e-07 2.27276e-21)
(6.62174e-07 6.30901e-07 2.29165e-21)
(7.48176e-07 7.72045e-07 2.28595e-21)
(8.40534e-07 9.19364e-07 2.28072e-21)
(9.38981e-07 1.07181e-06 2.27596e-21)
(1.04325e-06 1.22836e-06 2.27168e-21)
(1.153e-06 1.38815e-06 2.26786e-21)
(1.26788e-06 1.55035e-06 2.26448e-21)
(1.38752e-06 1.71426e-06 2.26153e-21)
(1.51155e-06 1.87923e-06 2.25898e-21)
(1.63958e-06 2.04468e-06 2.25683e-21)
(1.77125e-06 2.2101e-06 2.25505e-21)
(1.90615e-06 2.37504e-06 2.25361e-21)
(2.04391e-06 2.53911e-06 2.25252e-21)
(2.18412e-06 2.70197e-06 2.25175e-21)
(2.32636e-06 2.86335e-06 2.25128e-21)
(2.47019e-06 3.02308e-06 2.2511e-21)
(2.61512e-06 3.18107e-06 2.25117e-21)
(2.76064e-06 3.33744e-06 2.25139e-21)
(2.90611e-06 3.49253e-06 2.25164e-21)
(3.05445e-06 3.62387e-06 2.39793e-21)
(0 0 0)
(1.91021e-07 4.04105e-08 0)
(3.88435e-07 1.16926e-07 0)
(5.98215e-07 2.33123e-07 0)
(8.23786e-07 3.84567e-07 0)
(1.068e-06 5.67118e-07 0)
(1.33229e-06 7.75208e-07 0)
(1.61726e-06 1.00292e-06 0)
(1.92243e-06 1.24392e-06 0)
(2.24637e-06 1.49239e-06 0)
(0 0 0)
(1.80376e-07 3.68225e-08 0)
(3.6675e-07 1.06531e-07 0)
(5.64175e-07 2.12918e-07 0)
(7.75471e-07 3.52472e-07 0)
(1.00317e-06 5.21875e-07 0)
(1.24858e-06 7.16396e-07 0)
(1.51233e-06 9.30907e-07 0)
(1.79415e-06 1.15972e-06 0)
(2.09291e-06 1.39797e-06 0)
(0 0 0)
(1.70745e-07 3.30308e-08 0)
(3.47245e-07 9.63e-08 0)
(5.33775e-07 1.93701e-07 0)
(7.32574e-07 3.22413e-07 0)
(9.45802e-07 4.79737e-07 0)
(1.17461e-06 6.61585e-07 0)
(1.41959e-06 8.63476e-07 0)
(1.68074e-06 1.08029e-06 0)
(1.95715e-06 1.30787e-06 0)
(0 0 0)
(1.61858e-07 2.89998e-08 0)
(3.29362e-07 8.61157e-08 0)
(5.06159e-07 1.75271e-07 0)
(6.93977e-07 2.94152e-07 0)
(8.9463e-07 4.40524e-07 0)
(1.10906e-06 6.10797e-07 0)
(1.33775e-06 8.00981e-07 0)
(1.58078e-06 1.00641e-06 0)
(1.83716e-06 1.22322e-06 0)
(0 0 0)
(1.53541e-07 2.46989e-08 0)
(3.12701e-07 7.5809e-08 0)
(4.80608e-07 1.57243e-07 0)
(6.5854e-07 2.67066e-07 0)
(8.48e-07 4.03385e-07 0)
(1.04975e-06 5.62995e-07 0)
(1.26412e-06 7.42298e-07 0)
(1.49132e-06 9.37058e-07 0)
(1.73018e-06 1.14357e-06 0)
(0 0 0)
(1.45674e-07 2.01257e-08 0)
(2.97002e-07 6.53225e-08 0)
(4.56688e-07 1.39476e-07 0)
(6.25622e-07 2.40932e-07 0)
(8.05023e-07 3.68047e-07 0)
(9.9548e-07 5.17907e-07 0)
(1.19717e-06 6.87193e-07 0)
(1.41038e-06 8.72026e-07 0)
(1.63383e-06 1.06877e-06 0)
(0 0 0)
(1.38141e-07 1.52722e-08 0)
(2.82013e-07 5.45776e-08 0)
(4.33966e-07 1.21771e-07 0)
(5.94553e-07 2.15405e-07 0)
(7.64756e-07 3.34019e-07 0)
(9.45007e-07 4.74922e-07 0)
(1.13537e-06 6.35003e-07 0)
(1.33612e-06 8.10689e-07 0)
(1.54597e-06 9.9839e-07 0)
(0 0 0)
(1.30862e-07 1.01446e-08 0)
(2.6756e-07 4.35462e-08 0)
(4.12149e-07 1.04036e-07 0)
(5.64885e-07 1.9032e-07 0)
(7.26544e-07 3.0106e-07 0)
(8.97424e-07 4.33732e-07 0)
(1.07749e-06 5.85369e-07 0)
(1.26702e-06 7.52642e-07 0)
(1.46474e-06 9.32014e-07 0)
(0 0 0)
(1.23761e-07 4.74123e-09 0)
(2.53481e-07 3.21892e-08 0)
(3.90964e-07 8.61661e-08 0)
(5.36197e-07 1.65488e-07 0)
(6.89788e-07 2.68895e-07 0)
(8.51917e-07 3.9398e-07 0)
(1.02249e-06 5.3788e-07 0)
(1.20175e-06 6.97454e-07 0)
(1.38851e-06 8.6923e-07 0)
(0 0 0)
(1.16779e-07 -9.35395e-10 0)
(2.39655e-07 2.04865e-08 0)
(3.70202e-07 6.81012e-08 0)
(5.08162e-07 1.40798e-07 0)
(6.54001e-07 2.37355e-07 0)
(8.07806e-07 3.55437e-07 0)
(9.69455e-07 4.92249e-07 0)
(1.13916e-06 6.44791e-07 0)
(1.31585e-06 8.09665e-07 0)
(0 0 0)
(1.09869e-07 -6.89029e-09 0)
(2.25977e-07 8.41182e-09 0)
(3.49681e-07 4.97837e-08 0)
(4.80487e-07 1.16156e-07 0)
(6.18748e-07 2.06301e-07 0)
(7.64482e-07 3.17915e-07 0)
(9.17574e-07 4.4824e-07 0)
(1.07822e-06 5.94377e-07 0)
(1.24545e-06 7.53008e-07 0)
(0 0 0)
(1.02998e-07 -1.31346e-08 0)
(2.12376e-07 -4.06181e-09 0)
(3.2926e-07 3.11719e-08 0)
(4.52925e-07 9.15031e-08 0)
(5.83642e-07 1.7565e-07 0)
(7.2139e-07 2.81294e-07 0)
(8.66091e-07 4.05692e-07 0)
(1.01794e-06 5.46011e-07 0)
(1.17611e-06 6.99016e-07 0)
(0 0 0)
(9.61548e-08 -1.96941e-08 0)
(1.98813e-07 -1.69674e-08 0)
(3.08832e-07 1.22391e-08 0)
(4.25263e-07 6.682e-08 0)
(5.48325e-07 1.45377e-07 0)
(6.77999e-07 2.45537e-07 0)
(8.14285e-07 3.64536e-07 0)
(9.57399e-07 4.99588e-07 0)
(1.10666e-06 6.47539e-07 0)
(0 0 0)
(8.93683e-08 -2.66216e-08 0)
(1.85316e-07 -3.03602e-08 0)
(2.88351e-07 -7.04425e-09 0)
(3.97326e-07 4.21078e-08 0)
(5.12457e-07 1.155e-07 0)
(6.33784e-07 2.1065e-07 0)
(7.61423e-07 3.24755e-07 0)
(8.95643e-07 4.55057e-07 0)
(1.03593e-06 5.98484e-07 0)
(0 0 0)
(8.2724e-08 -3.40197e-08 0)
(1.71989e-07 -4.43012e-08 0)
(2.67829e-07 -2.66506e-08 0)
(3.68966e-07 1.74737e-08 0)
(4.75695e-07 8.61675e-08 0)
(5.88192e-07 1.76795e-07 0)
(7.06736e-07 2.86492e-07 0)
(8.3168e-07 4.12525e-07 0)
(9.62688e-07 5.51906e-07 0)
(0 0 0)
(7.64666e-08 -4.20745e-08 0)
(1.59141e-07 -5.89114e-08 0)
(2.47413e-07 -4.65817e-08 0)
(3.40091e-07 -6.98971e-09 0)
(4.37681e-07 5.75234e-08 0)
(5.40606e-07 1.44119e-07 0)
(6.49357e-07 2.49873e-07 0)
(7.64397e-07 3.72074e-07 0)
(8.85579e-07 5.07834e-07 0)
(0 0 0)
(7.10565e-08 -5.11694e-08 0)
(1.47262e-07 -7.42758e-08 0)
(2.27332e-07 -6.65912e-08 0)
(3.10594e-07 -3.08359e-08 0)
(3.97991e-07 3.00952e-08 0)
(4.90309e-07 1.13158e-07 0)
(5.88299e-07 2.15391e-07 0)
(6.92554e-07 3.34132e-07 0)
(8.0312e-07 4.6661e-07 0)
(0 0 0)
(6.79273e-08 -6.18724e-08 0)
(1.37555e-07 -9.05732e-08 0)
(2.0814e-07 -8.65547e-08 0)
(2.80394e-07 -5.38247e-08 0)
(3.56045e-07 4.13954e-09 0)
(4.3633e-07 8.41222e-08 0)
(5.22271e-07 1.83185e-07 0)
(6.14578e-07 2.98754e-07 0)
(7.1347e-07 4.282e-07 0)
(0 0 0)
(6.98164e-08 -7.5487e-08 0)
(1.31467e-07 -1.07453e-07 0)
(1.90374e-07 -1.05223e-07 0)
(2.49296e-07 -7.44455e-08 0)
(3.1118e-07 -1.88653e-08 0)
(3.7766e-07 5.83709e-08 0)
(4.49986e-07 1.54463e-07 0)
(5.28945e-07 2.66985e-07 0)
(6.14876e-07 3.93476e-07 0)
(3.53051e-08 -3.39977e-08 9.1842e-22)
(9.1787e-08 -9.31344e-08 1.84429e-21)
(1.33771e-07 -1.24347e-07 1.85524e-21)
(1.74862e-07 -1.22009e-07 1.87664e-21)
(2.16595e-07 -9.21487e-08 1.90825e-21)
(2.61919e-07 -3.83768e-08 1.94968e-21)
(3.12376e-07 3.64525e-08 2.0009e-21)
(3.69168e-07 1.29696e-07 2.06155e-21)
(4.33045e-07 2.39075e-07 2.13129e-21)
(5.04283e-07 3.62244e-07 2.20964e-21)
(0 0 0)
(1.91021e-07 4.04105e-08 0)
(3.88435e-07 1.16926e-07 0)
(5.98215e-07 2.33123e-07 0)
(8.23786e-07 3.84567e-07 0)
(1.068e-06 5.67118e-07 0)
(1.33229e-06 7.75208e-07 0)
(1.61726e-06 1.00292e-06 0)
(1.92243e-06 1.24392e-06 0)
(2.24637e-06 1.49239e-06 0)
(0 0 0)
(1.80376e-07 3.68225e-08 0)
(3.6675e-07 1.06531e-07 0)
(5.64175e-07 2.12918e-07 0)
(7.75471e-07 3.52472e-07 0)
(1.00317e-06 5.21875e-07 0)
(1.24858e-06 7.16396e-07 0)
(1.51233e-06 9.30907e-07 0)
(1.79415e-06 1.15972e-06 0)
(2.09291e-06 1.39797e-06 0)
(0 0 0)
(1.70745e-07 3.30308e-08 0)
(3.47245e-07 9.63e-08 0)
(5.33775e-07 1.93701e-07 0)
(7.32574e-07 3.22413e-07 0)
(9.45802e-07 4.79737e-07 0)
(1.17461e-06 6.61585e-07 0)
(1.41959e-06 8.63476e-07 0)
(1.68074e-06 1.08029e-06 0)
(1.95715e-06 1.30787e-06 0)
(0 0 0)
(1.61858e-07 2.89998e-08 0)
(3.29362e-07 8.61157e-08 0)
(5.06159e-07 1.75271e-07 0)
(6.93977e-07 2.94152e-07 0)
(8.9463e-07 4.40524e-07 0)
(1.10906e-06 6.10797e-07 0)
(1.33775e-06 8.00981e-07 0)
(1.58078e-06 1.00641e-06 0)
(1.83716e-06 1.22322e-06 0)
(0 0 0)
(1.53541e-07 2.46989e-08 0)
(3.12701e-07 7.5809e-08 0)
(4.80608e-07 1.57243e-07 0)
(6.5854e-07 2.67066e-07 0)
(8.48e-07 4.03385e-07 0)
(1.04975e-06 5.62995e-07 0)
(1.26412e-06 7.42298e-07 0)
(1.49132e-06 9.37058e-07 0)
(1.73018e-06 1.14357e-06 0)
(0 0 0)
(1.45674e-07 2.01257e-08 0)
(2.97002e-07 6.53225e-08 0)
(4.56688e-07 1.39476e-07 0)
(6.25622e-07 2.40932e-07 0)
(8.05023e-07 3.68047e-07 0)
(9.9548e-07 5.17907e-07 0)
(1.19717e-06 6.87193e-07 0)
(1.41038e-06 8.72026e-07 0)
(1.63383e-06 1.06877e-06 0)
(0 0 0)
(1.38141e-07 1.52722e-08 0)
(2.82013e-07 5.45776e-08 0)
(4.33966e-07 1.21771e-07 0)
(5.94553e-07 2.15405e-07 0)
(7.64756e-07 3.34019e-07 0)
(9.45007e-07 4.74922e-07 0)
(1.13537e-06 6.35003e-07 0)
(1.33612e-06 8.10689e-07 0)
(1.54597e-06 9.9839e-07 0)
(0 0 0)
(1.30862e-07 1.01446e-08 0)
(2.6756e-07 4.35462e-08 0)
(4.12149e-07 1.04036e-07 0)
(5.64885e-07 1.9032e-07 0)
(7.26544e-07 3.0106e-07 0)
(8.97424e-07 4.33732e-07 0)
(1.07749e-06 5.85369e-07 0)
(1.26702e-06 7.52642e-07 0)
(1.46474e-06 9.32014e-07 0)
(0 0 0)
(1.23761e-07 4.74123e-09 0)
(2.53481e-07 3.21892e-08 0)
(3.90964e-07 8.61661e-08 0)
(5.36197e-07 1.65488e-07 0)
(6.89788e-07 2.68895e-07 0)
(8.51917e-07 3.9398e-07 0)
(1.02249e-06 5.3788e-07 0)
(1.20175e-06 6.97454e-07 0)
(1.38851e-06 8.6923e-07 0)
(0 0 0)
(1.16779e-07 -9.35395e-10 0)
(2.39655e-07 2.04865e-08 0)
(3.70202e-07 6.81012e-08 0)
(5.08162e-07 1.40798e-07 0)
(6.54001e-07 2.37355e-07 0)
(8.07806e-07 3.55437e-07 0)
(9.69455e-07 4.92249e-07 0)
(1.13916e-06 6.44791e-07 0)
(1.31585e-06 8.09665e-07 0)
(0 0 0)
(1.09869e-07 -6.89029e-09 0)
(2.25977e-07 8.41182e-09 0)
(3.49681e-07 4.97837e-08 0)
(4.80487e-07 1.16156e-07 0)
(6.18748e-07 2.06301e-07 0)
(7.64482e-07 3.17915e-07 0)
(9.17574e-07 4.4824e-07 0)
(1.07822e-06 5.94377e-07 0)
(1.24545e-06 7.53008e-07 0)
(0 0 0)
(1.02998e-07 -1.31346e-08 0)
(2.12376e-07 -4.06181e-09 0)
(3.2926e-07 3.11719e-08 0)
(4.52925e-07 9.15031e-08 0)
(5.83642e-07 1.7565e-07 0)
(7.2139e-07 2.81294e-07 0)
(8.66091e-07 4.05692e-07 0)
(1.01794e-06 5.46011e-07 0)
(1.17611e-06 6.99016e-07 0)
(0 0 0)
(9.61548e-08 -1.96941e-08 0)
(1.98813e-07 -1.69674e-08 0)
(3.08832e-07 1.22391e-08 0)
(4.25263e-07 6.682e-08 0)
(5.48325e-07 1.45377e-07 0)
(6.77999e-07 2.45537e-07 0)
(8.14285e-07 3.64536e-07 0)
(9.57399e-07 4.99588e-07 0)
(1.10666e-06 6.47539e-07 0)
(0 0 0)
(8.93683e-08 -2.66216e-08 0)
(1.85316e-07 -3.03602e-08 0)
(2.88351e-07 -7.04425e-09 0)
(3.97326e-07 4.21078e-08 0)
(5.12457e-07 1.155e-07 0)
(6.33784e-07 2.1065e-07 0)
(7.61423e-07 3.24755e-07 0)
(8.95643e-07 4.55057e-07 0)
(1.03593e-06 5.98484e-07 0)
(0 0 0)
(8.2724e-08 -3.40197e-08 0)
(1.71989e-07 -4.43012e-08 0)
(2.67829e-07 -2.66506e-08 0)
(3.68966e-07 1.74737e-08 0)
(4.75695e-07 8.61675e-08 0)
(5.88192e-07 1.76795e-07 0)
(7.06736e-07 2.86492e-07 0)
(8.3168e-07 4.12525e-07 0)
(9.62688e-07 5.51906e-07 0)
(0 0 0)
(7.64666e-08 -4.20745e-08 0)
(1.59141e-07 -5.89114e-08 0)
(2.47413e-07 -4.65817e-08 0)
(3.40091e-07 -6.98971e-09 0)
(4.37681e-07 5.75234e-08 0)
(5.40606e-07 1.44119e-07 0)
(6.49357e-07 2.49873e-07 0)
(7.64397e-07 3.72074e-07 0)
(8.85579e-07 5.07834e-07 0)
(0 0 0)
(7.10565e-08 -5.11694e-08 0)
(1.47262e-07 -7.42758e-08 0)
(2.27332e-07 -6.65912e-08 0)
(3.10594e-07 -3.08359e-08 0)
(3.97991e-07 3.00952e-08 0)
(4.90309e-07 1.13158e-07 0)
(5.88299e-07 2.15391e-07 0)
(6.92554e-07 3.34132e-07 0)
(8.0312e-07 4.6661e-07 0)
(0 0 0)
(6.79273e-08 -6.18724e-08 0)
(1.37555e-07 -9.05732e-08 0)
(2.0814e-07 -8.65547e-08 0)
(2.80394e-07 -5.38247e-08 0)
(3.56045e-07 4.13954e-09 0)
(4.3633e-07 8.41222e-08 0)
(5.22271e-07 1.83185e-07 0)
(6.14578e-07 2.98754e-07 0)
(7.1347e-07 4.282e-07 0)
(0 0 0)
(6.98164e-08 -7.5487e-08 0)
(1.31467e-07 -1.07453e-07 0)
(1.90374e-07 -1.05223e-07 0)
(2.49296e-07 -7.44455e-08 0)
(3.1118e-07 -1.88653e-08 0)
(3.7766e-07 5.83709e-08 0)
(4.49986e-07 1.54463e-07 0)
(5.28945e-07 2.66985e-07 0)
(6.14876e-07 3.93476e-07 0)
(3.53051e-08 -3.39977e-08 9.1842e-22)
(9.1787e-08 -9.31344e-08 1.84429e-21)
(1.33771e-07 -1.24347e-07 1.85524e-21)
(1.74862e-07 -1.22009e-07 1.87664e-21)
(2.16595e-07 -9.21487e-08 1.90825e-21)
(2.61919e-07 -3.83768e-08 1.94968e-21)
(3.12376e-07 3.64525e-08 2.0009e-21)
(3.69168e-07 1.29696e-07 2.06155e-21)
(4.33045e-07 2.39075e-07 2.13129e-21)
(5.04283e-07 3.62244e-07 2.20964e-21)
)
;

boundaryField
{
    left
    {
        type            calculated;
    }
    right
    {
        type            calculated;
    }
    down
    {
        type            calculated;
    }
    up
    {
        type            calculated;
    }
    hole
    {
        type            calculated;
    }
    frontAndBack
    {
        type            empty;
    }
}


// ************************************************************************* //
