/*--------------------------------*- C++ -*----------------------------------*\
  =========                 |
  \\      /  F ield         | OpenFOAM: The Open Source CFD Toolbox
   \\    /   O peration     | Website:  https://openfoam.org
    \\  /    A nd           | Version:  9
     \\/     M anipulation  |
\*---------------------------------------------------------------------------*/
FoamFile
{
    format      ascii;
    class       volSymmTensorField;
    location    "1";
    object      epsilon;
}
// * * * * * * * * * * * * * * * * * * * * * * * * * * * * * * * * * * * * * //

dimensions      [0 0 0 0 0 0 0];

internalField   nonuniform List<symmTensor> 
1000
(
(4.21384e-07 -5.46863e-07 7.13107e-20 8.53352e-08 7.80558e-20 2.13048e-34)
(5.81175e-07 -4.21687e-07 -8.67962e-22 -1.03284e-07 4.86976e-22 0)
(6.59469e-07 -3.22952e-07 1.01266e-21 -1.93468e-07 -1.95193e-22 0)
(7.03352e-07 -2.48493e-07 2.59971e-22 -2.56778e-07 -1.86343e-22 0)
(7.24478e-07 -1.88608e-07 -1.0995e-21 -2.91851e-07 8.23897e-23 0)
(7.31545e-07 -1.41798e-07 -1.18912e-22 -3.143e-07 1.31056e-22 0)
(7.30686e-07 -1.03757e-07 -9.99028e-22 -3.26441e-07 -5.35476e-22 0)
(7.24019e-07 -7.35117e-08 6.85623e-22 -3.32632e-07 3.19712e-22 0)
(7.15379e-07 -4.83738e-08 -3.53718e-22 -3.34878e-07 -4.02832e-22 0)
(7.02826e-07 -2.74625e-08 0 -3.35202e-07 0 0)
(5.70254e-07 -6.08014e-07 7.03794e-20 2.39612e-08 9.03612e-20 1.22138e-35)
(6.94107e-07 -4.35267e-07 0 -1.4377e-07 0 0)
(7.4712e-07 -3.10557e-07 8.10735e-22 -2.1807e-07 3.85884e-22 0)
(7.71653e-07 -2.20947e-07 -1.39112e-21 -2.70813e-07 -7.41231e-22 0)
(7.77722e-07 -1.52627e-07 -5.91281e-22 -2.97437e-07 -3.56254e-22 0)
(7.72894e-07 -1.01531e-07 4.11625e-22 -3.13992e-07 4.1984e-22 0)
(7.62386e-07 -6.16362e-08 4.6082e-22 -3.21445e-07 3.08605e-22 0)
(7.48194e-07 -3.13103e-08 1.08338e-21 -3.24812e-07 6.31368e-22 0)
(7.32243e-07 -6.73446e-09 0 -3.23727e-07 0 0)
(7.15396e-07 1.29345e-08 0 -3.24289e-07 0 0)
(7.3705e-07 -6.46637e-07 6.73471e-20 -5.72962e-08 1.00792e-19 0)
(8.11064e-07 -4.34734e-07 0 -1.8952e-07 0 0)
(8.31227e-07 -2.89071e-07 7.72767e-22 -2.39987e-07 3.98833e-22 0)
(8.31824e-07 -1.87594e-07 -2.31763e-22 -2.77413e-07 8.24338e-23 0)
(8.20112e-07 -1.1331e-07 -1.13489e-23 -2.92755e-07 5.09642e-24 0)
(8.01763e-07 -5.97841e-08 -3.83788e-22 -3.01725e-07 -3.97238e-22 0)
(7.80753e-07 -1.95772e-08 5.23811e-22 -3.03479e-07 2.4154e-22 0)
(7.58419e-07 9.78803e-09 -3.88989e-22 -3.03268e-07 -2.87095e-22 0)
(7.3577e-07 3.26138e-08 -3.1307e-23 -2.99083e-07 5.46447e-23 0)
(7.1394e-07 5.11704e-08 -8.21319e-23 -2.98757e-07 -3.51138e-23 0)
(9.15534e-07 -6.57214e-07 5.90103e-20 -1.53846e-07 1.0618e-19 -6.78152e-36)
(9.29118e-07 -4.18376e-07 4.42415e-22 -2.38808e-07 -4.60036e-23 0)
(9.10463e-07 -2.58842e-07 -3.53213e-22 -2.58816e-07 -1.99075e-22 0)
(8.83332e-07 -1.5007e-07 -2.23671e-22 -2.76902e-07 4.38161e-23 0)
(8.51628e-07 -7.30831e-08 4.00736e-22 -2.78682e-07 3.87336e-22 0)
(8.18642e-07 -1.94093e-08 -4.82247e-22 -2.78922e-07 -3.18592e-22 0)
(7.86685e-07 1.94012e-08 -4.16637e-22 -2.74608e-07 -2.96259e-22 0)
(7.56336e-07 4.67278e-08 -9.28581e-22 -2.70762e-07 -6.78817e-22 0)
(7.27429e-07 6.6879e-08 -1.33188e-22 -2.64052e-07 -1.6295e-22 0)
(7.01302e-07 8.32881e-08 2.27462e-22 -2.62556e-07 2.01281e-22 0)
(1.09685e-06 -6.34812e-07 4.86853e-20 -2.5943e-07 1.06069e-19 -1.2387e-34)
(1.04443e-06 -3.83959e-07 2.31342e-26 -2.89365e-07 1.08792e-27 0)
(9.82834e-07 -2.19413e-07 -1.14341e-21 -2.73773e-07 -5.59313e-22 0)
(9.25271e-07 -1.09197e-07 1.03844e-22 -2.69345e-07 -4.11535e-24 0)
(8.72065e-07 -3.37433e-08 -1.45523e-22 -2.55814e-07 1.58156e-23 0)
(8.23867e-07 1.70925e-08 3.47361e-22 -2.46573e-07 3.20834e-22 0)
(7.81054e-07 5.23465e-08 -3.88808e-23 -2.36138e-07 1.17349e-23 0)
(7.43082e-07 7.61578e-08 3.66453e-22 -2.28857e-07 2.44543e-22 0)
(7.0878e-07 9.25657e-08 -7.94185e-23 -2.20359e-07 -1.70622e-22 0)
(6.78952e-07 1.05943e-07 -1.44961e-22 -2.17944e-07 -1.17058e-22 0)
(1.27493e-06 -5.78201e-07 3.60011e-20 -3.67072e-07 9.9642e-20 -1.29954e-34)
(1.15423e-06 -3.30037e-07 2.10948e-26 -3.37845e-07 4.44186e-27 0)
(1.04714e-06 -1.70232e-07 -1.14118e-26 -2.83055e-07 -1.7531e-27 0)
(9.57354e-07 -6.57655e-08 9.17553e-23 -2.54257e-07 1.11214e-23 0)
(8.81915e-07 2.9944e-09 -4.94808e-22 -2.2472e-07 -3.00429e-22 0)
(8.18658e-07 4.74372e-08 5.63617e-24 -2.06173e-07 -7.08014e-26 0)
(7.65627e-07 7.6784e-08 3.68279e-22 -1.90244e-07 2.49101e-22 0)
(7.20877e-07 9.55807e-08 7.83141e-22 -1.80204e-07 5.72322e-22 0)
(6.82174e-07 1.07373e-07 1.4186e-22 -1.70809e-07 1.04007e-22 0)
(6.49421e-07 1.17007e-07 -2.47712e-22 -1.67886e-07 -1.95106e-22 0)
(1.43782e-06 -4.83786e-07 2.59716e-20 -4.68196e-07 8.80085e-20 -2.79461e-34)
(1.25208e-06 -2.52615e-07 3.30836e-22 -3.79131e-07 1.32515e-22 0)
(1.09778e-06 -1.09854e-07 3.50036e-22 -2.82567e-07 1.58625e-22 0)
(9.75809e-07 -2.02515e-08 -7.54063e-23 -2.29481e-07 -2.24023e-23 0)
(8.79395e-07 3.54236e-08 3.57887e-22 -1.85267e-07 2.3915e-22 0)
(8.02914e-07 6.9322e-08 -3.29333e-22 -1.59168e-07 -2.26608e-22 0)
(7.41598e-07 9.03075e-08 9.35671e-23 -1.39507e-07 5.25373e-24 0)
(6.91739e-07 1.02713e-07 -2.93993e-22 -1.28095e-07 -1.9245e-22 0)
(6.50122e-07 1.09352e-07 -2.0314e-23 -1.1902e-07 2.80055e-24 0)
(6.15433e-07 1.1488e-07 -1.48968e-22 -1.16227e-07 -9.70303e-23 0)
(1.59032e-06 -3.51293e-07 1.58608e-20 -5.5539e-07 7.1103e-20 -1.14141e-35)
(1.33445e-06 -1.47756e-07 -8.82867e-22 -4.03077e-07 -3.16975e-22 0)
(1.13121e-06 -3.73781e-08 6.82986e-24 -2.64119e-07 3.7437e-24 0)
(9.79699e-07 2.47697e-08 1.10241e-22 -1.91215e-07 5.58015e-23 0)
(8.65767e-07 6.00828e-08 8.18226e-22 -1.37156e-07 4.06114e-22 0)
(7.79682e-07 7.95646e-08 -4.83068e-23 -1.07692e-07 -1.50238e-23 0)
(7.13089e-07 9.05918e-08 1.20266e-27 -8.75647e-08 2.33917e-28 0)
(6.6045e-07 9.61829e-08 -2.87694e-22 -7.69651e-08 -1.51459e-22 0)
(6.17642e-07 9.80469e-08 6.97313e-24 -6.96793e-08 2.20473e-25 0)
(5.82131e-07 9.98474e-08 2.15276e-23 -6.77573e-08 1.05094e-23 0)
(1.70796e-06 -1.64332e-07 6.74542e-21 -6.0654e-07 5.00297e-20 1.17163e-34)
(1.3746e-06 -1.51699e-08 -9.72376e-22 -3.83086e-07 -4.06926e-22 0)
(1.12494e-06 3.7428e-08 1.0148e-22 -2.10267e-07 8.63694e-23 0)
(9.54732e-07 5.71791e-08 9.53569e-23 -1.31562e-07 7.53555e-23 0)
(8.34915e-07 6.71414e-08 -3.9898e-23 -8.01917e-08 -2.4307e-23 0)
(7.47569e-07 7.06113e-08 3.18808e-22 -5.54191e-08 1.15515e-22 0)
(6.81497e-07 7.23628e-08 1.73811e-23 -3.99793e-08 5.28435e-24 0)
(6.29635e-07 7.24327e-08 5.1417e-22 -3.29634e-08 1.96291e-22 0)
(5.87763e-07 7.12415e-08 1.13522e-22 -2.88239e-08 4.38027e-23 0)
(5.52566e-07 7.06679e-08 6.36454e-23 -2.82962e-08 2.56016e-23 0)
(1.81255e-06 1.46699e-07 1.61097e-21 -5.59567e-07 2.82132e-20 1.21936e-34)
(1.34019e-06 1.63781e-07 -7.43399e-23 -2.52182e-07 -1.28881e-22 0)
(1.07796e-06 1.08036e-07 3.37852e-22 -1.05531e-07 1.43028e-22 0)
(9.14539e-07 6.99879e-08 1.73471e-23 -5.20352e-08 2.43778e-23 0)
(8.04616e-07 5.52232e-08 5.92746e-28 -2.44315e-08 5.51992e-28 0)
(7.23571e-07 4.70182e-08 3.23327e-22 -1.33638e-08 5.77171e-23 0)
(6.6201e-07 4.41319e-08 5.00064e-24 -7.46725e-09 1.45679e-24 0)
(6.12565e-07 4.2475e-08 2.47794e-22 -5.49462e-09 4.66889e-23 0)
(5.7215e-07 4.11827e-08 -2.73176e-24 -4.62179e-09 -1.7163e-25 0)
(5.37188e-07 4.03202e-08 -4.15997e-24 -4.95982e-09 -8.55945e-25 0)
(-2.03477e-09 1.47469e-09 3.75071e-20 4.1934e-10 2.04985e-20 1.74804e-34)
(1.85336e-09 -4.39375e-09 -2.07178e-23 1.65683e-10 1.8779e-20 1.59163e-36)
(2.10047e-08 -1.42172e-08 -2.38394e-22 -9.09705e-09 1.80381e-20 1.98304e-35)
(5.11967e-08 -2.20775e-08 -2.20477e-24 -2.29002e-08 1.82801e-20 0)
(8.5969e-08 -2.6924e-08 -3.36586e-23 -3.82403e-08 1.78861e-20 -1.58958e-36)
(1.22316e-07 -2.96819e-08 -3.26148e-22 -5.40206e-08 1.82094e-20 3.32206e-35)
(1.57824e-07 -3.07622e-08 7.09277e-23 -6.92557e-08 1.85766e-20 1.58717e-36)
(1.91676e-07 -3.08461e-08 -2.17048e-22 -8.36424e-08 1.83347e-20 3.01736e-35)
(2.22728e-07 -3.00227e-08 1.7202e-22 -9.6883e-08 1.83922e-20 -1.30936e-35)
(2.51493e-07 -2.93857e-08 5.19249e-22 -1.08803e-07 1.8296e-20 -3.94891e-35)
(3.3992e-09 -4.74372e-09 3.84593e-20 -8.9688e-10 4.83784e-21 4.79661e-35)
(2.2367e-08 -2.64836e-08 2.61614e-22 5.35728e-10 2.86954e-22 0)
(5.69653e-08 -5.04848e-08 -2.44851e-22 -1.38601e-08 -2.45864e-22 0)
(9.54423e-08 -6.88232e-08 2.40042e-24 -3.32816e-08 -2.03753e-22 0)
(1.34041e-07 -8.00997e-08 0 -5.26395e-08 0 0)
(1.70647e-07 -8.64185e-08 -3.71566e-22 -7.08764e-08 -5.48157e-23 0)
(2.0437e-07 -8.86954e-08 6.26517e-23 -8.72837e-08 3.19947e-22 0)
(2.35353e-07 -8.85397e-08 4.67833e-24 -1.01958e-07 1.72132e-23 0)
(2.62652e-07 -8.60857e-08 -2.00333e-22 -1.14854e-07 -5.8183e-22 0)
(2.87999e-07 -8.41278e-08 1.46755e-22 -1.25815e-07 2.26296e-23 0)
(5.4868e-09 -2.40565e-08 3.92352e-20 7.78525e-09 7.79712e-21 -2.13293e-36)
(4.18004e-08 -6.63939e-08 2.67585e-22 3.04967e-09 2.83465e-22 0)
(9.06434e-08 -9.61188e-08 2.7996e-22 -1.93296e-08 5.84177e-23 0)
(1.38588e-07 -1.16031e-07 1.44035e-23 -4.70989e-08 -1.96511e-22 0)
(1.82712e-07 -1.27001e-07 0 -7.26931e-08 0 0)
(2.21523e-07 -1.3216e-07 -4.15864e-22 -9.51446e-08 -1.08234e-22 0)
(2.55228e-07 -1.32786e-07 -5.67239e-22 -1.14003e-07 -1.58399e-22 0)
(2.84862e-07 -1.30662e-07 3.75282e-22 -1.29885e-07 2.29204e-22 0)
(3.09495e-07 -1.26032e-07 2.27894e-24 -1.42841e-07 7.33024e-24 0)
(3.32482e-07 -1.22138e-07 -3.37548e-22 -1.53379e-07 -2.13167e-22 0)
(8.6337e-09 -5.43191e-08 4.10758e-20 2.84194e-08 1.13051e-20 -3.76804e-35)
(6.84106e-08 -1.14226e-07 6.60198e-23 5.67189e-09 -2.38292e-22 0)
(1.30463e-07 -1.45473e-07 3.0767e-22 -2.66876e-08 5.99255e-23 0)
(1.87012e-07 -1.62992e-07 0 -6.2668e-08 0 0)
(2.35986e-07 -1.70244e-07 -5.24322e-22 -9.39814e-08 1.95738e-22 0)
(2.76932e-07 -1.71591e-07 6.33708e-24 -1.20476e-07 4.83594e-22 0)
(3.108e-07 -1.68666e-07 -2.61021e-23 -1.41865e-07 -2.59808e-22 0)
(3.39411e-07 -1.6325e-07 -7.51521e-23 -1.59209e-07 -4.01052e-22 0)
(3.61721e-07 -1.55718e-07 1.71262e-22 -1.7261e-07 5.54286e-23 0)
(3.82742e-07 -1.49349e-07 3.19688e-22 -1.8315e-07 1.19636e-22 0)
(1.67927e-08 -9.70618e-08 4.11142e-20 5.70953e-08 1.57742e-20 8.09164e-35)
(1.05873e-07 -1.66293e-07 -5.40189e-22 5.0504e-09 3.6229e-22 0)
(1.81167e-07 -1.94369e-07 -3.27595e-22 -4.08418e-08 -9.61661e-23 0)
(2.45035e-07 -2.06041e-07 -8.83683e-23 -8.57276e-08 3.545e-22 0)
(2.97221e-07 -2.06808e-07 -3.46521e-24 -1.22226e-07 2.18688e-23 0)
(3.38953e-07 -2.02235e-07 5.05064e-22 -1.51967e-07 -1.36013e-22 0)
(3.71976e-07 -1.94236e-07 2.20031e-22 -1.75099e-07 5.75816e-23 0)
(3.9882e-07 -1.84437e-07 0 -1.93227e-07 0 0)
(4.18358e-07 -1.73429e-07 -2.35008e-22 -2.0654e-07 -3.09117e-22 0)
(4.37065e-07 -1.64064e-07 9.37023e-23 -2.16673e-07 2.26459e-23 0)
(3.4572e-08 -1.53225e-07 4.45288e-20 8.935e-08 2.01615e-20 -9.2979e-35)
(1.5545e-07 -2.19075e-07 2.20415e-22 1.06969e-09 -4.29601e-22 0)
(2.43251e-07 -2.38347e-07 -2.70581e-22 -6.02332e-08 -2.91681e-22 0)
(3.12594e-07 -2.41182e-07 5.94421e-23 -1.13826e-07 -1.65088e-22 0)
(3.65974e-07 -2.33724e-07 5.72331e-22 -1.54458e-07 1.91123e-22 0)
(4.06728e-07 -2.22181e-07 -5.5207e-22 -1.86288e-07 6.19851e-23 0)
(4.37517e-07 -2.08471e-07 -6.23811e-25 -2.10149e-07 1.46649e-23 0)
(4.61479e-07 -1.93913e-07 -4.30135e-22 -2.28211e-07 -2.95995e-22 0)
(4.77543e-07 -1.79326e-07 9.05859e-25 -2.40894e-07 5.75685e-24 0)
(4.93266e-07 -1.66816e-07 -4.69628e-22 -2.50134e-07 -2.14272e-22 0)
(6.71231e-08 -2.22196e-07 5.09403e-20 1.18318e-07 2.80763e-20 -7.67608e-35)
(2.17564e-07 -2.70476e-07 1.21998e-23 -7.65257e-09 -1.84788e-23 0)
(3.15579e-07 -2.74796e-07 -8.93685e-27 -8.43475e-08 1.52626e-26 0)
(3.87923e-07 -2.65813e-07 -5.84752e-22 -1.45852e-07 -4.09402e-22 0)
(4.40247e-07 -2.48754e-07 -9.91722e-23 -1.89408e-07 2.65594e-22 0)
(4.78081e-07 -2.29677e-07 -5.35789e-22 -2.22114e-07 -2.1767e-22 0)
(5.05115e-07 -2.10102e-07 9.63155e-22 -2.45607e-07 4.28659e-22 0)
(5.24934e-07 -1.90863e-07 -1.1479e-25 -2.62699e-07 1.15223e-23 0)
(5.3676e-07 -1.72943e-07 1.89532e-22 -2.74097e-07 -1.10413e-24 0)
(5.48652e-07 -1.57394e-07 -2.56885e-22 -2.81924e-07 -1.2209e-22 0)
(1.19215e-07 -3.01409e-07 5.88482e-20 1.37557e-07 3.81383e-20 -1.27143e-34)
(2.92e-07 -3.18484e-07 3.14201e-22 -2.17011e-08 -3.75409e-22 0)
(3.95857e-07 -3.01982e-07 -1.21263e-22 -1.11103e-07 1.61667e-22 0)
(4.67869e-07 -2.78529e-07 7.41206e-23 -1.78539e-07 -1.15626e-22 0)
(5.16647e-07 -2.50935e-07 6.60787e-27 -2.234e-07 -1.29905e-26 0)
(5.49613e-07 -2.24232e-07 6.21736e-22 -2.5568e-07 5.20086e-23 0)
(5.71486e-07 -1.99095e-07 4.6585e-23 -2.77834e-07 -2.02751e-22 0)
(5.86005e-07 -1.75703e-07 -1.55152e-23 -2.9312e-07 1.66882e-22 0)
(5.93058e-07 -1.55034e-07 2.2029e-24 -3.02935e-07 8.33526e-23 0)
(6.00259e-07 -1.36851e-07 1.96379e-22 -3.08792e-07 1.83462e-22 0)
(1.94617e-07 -3.86221e-07 6.45877e-20 1.41015e-07 5.09631e-20 1.49905e-34)
(3.78228e-07 -3.61117e-07 -1.0112e-22 -4.20747e-08 6.88125e-22 0)
(4.81622e-07 -3.19109e-07 -1.17213e-26 -1.39121e-07 1.22994e-26 0)
(5.49152e-07 -2.79195e-07 8.04508e-22 -2.09423e-07 1.88371e-22 0)
(5.9165e-07 -2.40569e-07 6.145e-22 -2.53531e-07 3.06387e-22 0)
(6.178e-07 -2.06521e-07 5.54388e-22 -2.8402e-07 2.76465e-22 0)
(6.33177e-07 -1.76385e-07 -6.04908e-23 -3.03776e-07 1.74359e-22 0)
(6.41345e-07 -1.49712e-07 -6.67585e-22 -3.167e-07 -3.72534e-22 0)
(6.43239e-07 -1.26998e-07 4.09856e-22 -3.24445e-07 9.64358e-23 0)
(6.45196e-07 -1.06686e-07 1.83847e-22 -3.28857e-07 1.09106e-22 0)
(2.95373e-07 -4.70476e-07 6.88219e-20 1.24396e-07 6.37084e-20 1.98353e-35)
(4.75133e-07 -3.96281e-07 -2.03701e-22 -6.9204e-08 1.50454e-22 0)
(5.70229e-07 -3.26042e-07 -3.95091e-22 -1.66885e-07 -1.83972e-22 0)
(6.28434e-07 -2.68691e-07 1.71129e-21 -2.35989e-07 3.99754e-22 0)
(6.61656e-07 -2.19096e-07 1.04675e-23 -2.76898e-07 -1.19322e-23 0)
(6.79032e-07 -1.78232e-07 -5.45209e-22 -3.04037e-07 -3.09189e-22 0)
(6.86653e-07 -1.43869e-07 -5.84048e-22 -3.20493e-07 -9.11538e-23 0)
(6.87548e-07 -1.14884e-07 -2.2012e-22 -3.30104e-07 -1.31487e-22 0)
(6.84511e-07 -9.13829e-08 2.4322e-23 -3.36314e-07 -1.82846e-22 0)
(6.79516e-07 -7.10018e-08 1.10246e-22 -3.36837e-07 2.30901e-22 0)
(2.7739e-07 -2.7249e-08 8.25855e-22 -1.19887e-07 1.85408e-20 -1.17542e-35)
(2.99955e-07 -2.42941e-08 9.36928e-22 -1.29124e-07 1.82862e-20 -2.58315e-35)
(3.20681e-07 -2.17262e-08 5.32273e-22 -1.37694e-07 1.78275e-20 -1.50706e-35)
(3.39316e-07 -1.93955e-08 5.72509e-22 -1.45448e-07 1.80555e-20 -6.61485e-37)
(3.56126e-07 -1.72353e-08 3.38442e-22 -1.52423e-07 1.80764e-20 3.92944e-35)
(3.7119e-07 -1.53014e-08 5.9964e-22 -1.5871e-07 1.81604e-20 0)
(3.84692e-07 -1.35293e-08 5.65445e-22 -1.64336e-07 1.81463e-20 0)
(3.96727e-07 -1.193e-08 6.41424e-22 -1.69369e-07 1.82689e-20 5.10783e-37)
(4.07437e-07 -1.04644e-08 5.94145e-22 -1.73849e-07 1.81573e-20 -1.33539e-35)
(4.16903e-07 -9.12218e-09 6.93079e-22 -1.77819e-07 1.83843e-20 8.66531e-37)
(4.2522e-07 -7.8732e-09 7.22465e-22 -1.81312e-07 1.82119e-20 -4.04605e-35)
(4.32446e-07 -6.70025e-09 2.89829e-22 -1.84357e-07 1.80521e-20 1.35545e-35)
(4.38632e-07 -5.58019e-09 6.54665e-22 -1.86972e-07 1.81963e-20 -4.08688e-35)
(4.4381e-07 -4.49592e-09 -5.39387e-23 -1.89172e-07 1.76466e-20 -8.20729e-37)
(4.47994e-07 -3.43407e-09 3.02322e-22 -1.90962e-07 1.81728e-20 1.39949e-35)
(4.51207e-07 -2.39248e-09 2.42428e-22 -1.92352e-07 1.80618e-20 -3.31326e-45)
(4.53438e-07 -1.38691e-09 7.84863e-23 -1.93335e-07 1.79102e-20 -1.49499e-37)
(4.54771e-07 -4.73883e-10 2.93218e-22 -1.93928e-07 1.82019e-20 1.0728e-37)
(4.55198e-07 2.26331e-10 1.90162e-22 -1.94109e-07 1.7868e-20 -4.22816e-35)
(4.55051e-07 3.90816e-10 3.27451e-20 -1.93845e-07 1.76251e-20 -8.23305e-35)
(3.08846e-07 -7.83209e-08 3.59158e-22 -1.35695e-07 4.41359e-22 0)
(3.25568e-07 -7.04737e-08 2.32764e-22 -1.42746e-07 6.35004e-23 0)
(3.41559e-07 -6.35629e-08 1.74297e-23 -1.4924e-07 -1.01038e-22 0)
(3.55901e-07 -5.71167e-08 5.28867e-22 -1.55201e-07 4.76457e-22 0)
(3.69109e-07 -5.10781e-08 -1.01603e-22 -1.60519e-07 -2.38447e-23 0)
(3.81031e-07 -4.56227e-08 -4.31295e-22 -1.65402e-07 -4.3693e-22 0)
(3.91888e-07 -4.0573e-08 2.19869e-22 -1.69784e-07 8.10323e-23 0)
(4.01663e-07 -3.59876e-08 0 -1.73767e-07 0 0)
(4.10485e-07 -3.17582e-08 1.04773e-22 -1.7735e-07 3.69379e-23 0)
(4.18378e-07 -2.78671e-08 2.15418e-22 -1.80579e-07 8.26774e-23 0)
(4.25421e-07 -2.42399e-08 6.46127e-22 -1.83469e-07 3.32948e-22 0)
(4.31649e-07 -2.08346e-08 2.91668e-24 -1.86045e-07 3.33485e-24 0)
(4.37106e-07 -1.75951e-08 8.38237e-23 -1.88315e-07 -6.55553e-23 0)
(4.41821e-07 -1.44815e-08 1.23355e-22 -1.90288e-07 1.41129e-22 0)
(4.45815e-07 -1.14634e-08 1.2655e-22 -1.91957e-07 1.45161e-22 0)
(4.49111e-07 -8.53998e-09 -1.25364e-22 -1.93307e-07 -1.44532e-22 0)
(4.51688e-07 -5.74644e-09 -1.26074e-22 -1.94291e-07 -1.4617e-22 0)
(4.53576e-07 -3.20322e-09 -2.5319e-22 -1.94828e-07 -2.95267e-22 0)
(4.54625e-07 -1.095e-09 -1.91573e-24 -1.94732e-07 -2.09686e-24 0)
(4.54885e-07 2.50258e-11 3.31798e-20 -1.93703e-07 4.78768e-22 7.37033e-35)
(3.4853e-07 -1.13437e-07 9.82896e-23 -1.61512e-07 1.34412e-22 0)
(3.59045e-07 -1.02743e-07 1.34017e-22 -1.65698e-07 4.76764e-23 0)
(3.69942e-07 -9.31498e-08 -3.11557e-22 -1.69211e-07 -3.92317e-22 0)
(3.7949e-07 -8.42464e-08 -2.78699e-23 -1.72546e-07 7.17839e-23 0)
(3.88642e-07 -7.5766e-08 5.68248e-22 -1.75391e-07 4.72806e-22 0)
(3.96936e-07 -6.80694e-08 -4.5143e-22 -1.78116e-07 -4.30851e-22 0)
(4.04708e-07 -6.08695e-08 -1.20193e-22 -1.80569e-07 -1.39205e-22 0)
(4.11797e-07 -5.42927e-08 2.29716e-22 -1.82887e-07 2.61292e-22 0)
(4.18349e-07 -4.81873e-08 9.35023e-25 -1.85033e-07 -1.69968e-22 0)
(4.24318e-07 -4.25518e-08 -2.43072e-22 -1.87051e-07 -2.73347e-22 0)
(4.29772e-07 -3.72927e-08 2.32919e-22 -1.88937e-07 2.60989e-22 0)
(4.34713e-07 -3.23644e-08 3.59915e-22 -1.90705e-07 4.03516e-22 0)
(4.39171e-07 -2.76989e-08 2.75388e-24 -1.92349e-07 3.03537e-24 0)
(4.43158e-07 -2.3249e-08 -1.23236e-22 -1.93861e-07 -1.38964e-22 0)
(4.4668e-07 -1.89734e-08 1.21996e-22 -1.95213e-07 1.38397e-22 0)
(4.4974e-07 -1.4856e-08 1.79836e-29 -1.9635e-07 2.0029e-29 0)
(4.52272e-07 -1.09063e-08 -1.25692e-22 -1.97161e-07 -1.44387e-22 0)
(4.54243e-07 -7.18618e-09 1.70618e-23 -1.9747e-07 1.04478e-22 0)
(4.55334e-07 -3.81097e-09 -4.1311e-22 -1.96906e-07 -5.22465e-23 0)
(4.55519e-07 -9.32095e-10 3.32809e-20 -1.95053e-07 4.74232e-22 5.4944e-38)
(3.9407e-07 -1.38209e-07 0 -1.89698e-07 0 0)
(3.9815e-07 -1.25959e-07 1.4329e-22 -1.91249e-07 5.20512e-23 0)
(4.0388e-07 -1.14663e-07 1.12213e-22 -1.91937e-07 1.28243e-22 0)
(4.08417e-07 -1.04362e-07 1.23155e-22 -1.92815e-07 1.42597e-22 0)
(4.13304e-07 -9.43366e-08 0 -1.93236e-07 0 0)
(4.17688e-07 -8.5238e-08 1.65969e-23 -1.93809e-07 -7.21433e-23 0)
(4.22102e-07 -7.66202e-08 -3.68466e-22 -1.94292e-07 -2.25964e-22 0)
(4.26211e-07 -6.87115e-08 -2.35214e-22 -1.94866e-07 -2.55634e-22 0)
(4.30209e-07 -6.13191e-08 -1.32187e-22 -1.95476e-07 -6.08524e-23 0)
(4.3397e-07 -5.44694e-08 -6.71627e-25 -1.96162e-07 1.63831e-22 0)
(4.37561e-07 -4.80613e-08 -1.1623e-22 -1.9691e-07 3.62749e-23 0)
(4.4094e-07 -4.20542e-08 2.43237e-22 -1.97722e-07 1.03987e-22 0)
(4.44123e-07 -3.63748e-08 2.3087e-22 -1.9858e-07 1.09168e-23 0)
(4.47094e-07 -3.09712e-08 5.66039e-24 -1.99461e-07 8.75911e-23 0)
(4.49834e-07 -2.57907e-08 1.00035e-23 -2.00312e-07 9.28478e-23 0)
(4.52317e-07 -2.07928e-08 -1.24271e-22 -2.01053e-07 -1.3985e-22 0)
(4.54435e-07 -1.59529e-08 -2.65411e-29 -2.01539e-07 -2.98846e-29 0)
(4.5613e-07 -1.12372e-08 2.65038e-22 -2.0156e-07 3.88986e-22 0)
(4.56994e-07 -6.68697e-09 -1.35063e-23 -2.007e-07 -1.02442e-22 0)
(4.57038e-07 -1.97192e-09 3.27952e-20 -1.98533e-07 1.06275e-22 -1.06515e-34)
(4.43471e-07 -1.51027e-07 1.10552e-23 -2.21197e-07 1.79311e-22 0)
(4.40877e-07 -1.38729e-07 -1.5571e-22 -2.2005e-07 -6.78933e-23 0)
(4.41412e-07 -1.26734e-07 -3.91664e-22 -2.17677e-07 -3.19028e-22 0)
(4.40804e-07 -1.16175e-07 2.57834e-22 -2.15991e-07 1.75353e-22 0)
(4.41353e-07 -1.05567e-07 6.70959e-22 -2.1384e-07 4.40279e-22 0)
(4.41677e-07 -9.59823e-08 -1.23279e-22 -2.12094e-07 -1.28882e-22 0)
(4.42587e-07 -8.67645e-08 0 -2.10431e-07 0 0)
(4.43536e-07 -7.82585e-08 1.20055e-22 -2.09068e-07 1.24964e-22 0)
(4.44792e-07 -7.02432e-08 -3.86255e-22 -2.07949e-07 -1.64536e-22 0)
(4.46143e-07 -6.27755e-08 -2.50609e-22 -2.07108e-07 -1.84563e-22 0)
(4.47659e-07 -5.57606e-08 1.39561e-23 -2.06532e-07 -1.42969e-22 0)
(4.49259e-07 -4.91676e-08 -1.26346e-22 -2.06211e-07 -2.13808e-22 0)
(4.5094e-07 -4.29273e-08 -1.27478e-23 -2.0612e-07 2.24928e-22 0)
(4.5266e-07 -3.69819e-08 2.46934e-22 -2.06222e-07 3.48296e-22 0)
(4.5438e-07 -3.12673e-08 1.20187e-22 -2.06453e-07 5.10562e-23 0)
(4.5605e-07 -2.57128e-08 -4.56102e-24 -2.06719e-07 -8.69927e-23 0)
(4.57539e-07 -2.02546e-08 2.32974e-22 -2.06862e-07 9.54574e-23 0)
(4.58774e-07 -1.47553e-08 1.14586e-22 -2.06672e-07 4.58065e-23 0)
(4.5934e-07 -9.2104e-09 4.70357e-22 -2.05759e-07 3.71154e-22 0)
(4.59278e-07 -2.88737e-09 3.38164e-20 -2.03733e-07 1.15166e-21 1.0552e-34)
(4.94583e-07 -1.52553e-07 9.1867e-23 -2.52457e-07 1.26226e-22 0)
(4.85255e-07 -1.41795e-07 2.21265e-24 -2.49014e-07 4.8498e-24 0)
(4.80757e-07 -1.30065e-07 -2.83153e-22 -2.43759e-07 -1.96093e-22 0)
(4.7501e-07 -1.2029e-07 -6.79998e-22 -2.39713e-07 -5.08614e-22 0)
(4.71302e-07 -1.09965e-07 2.65641e-22 -2.35184e-07 1.80825e-22 0)
(4.67572e-07 -1.00672e-07 2.50066e-22 -2.31233e-07 2.48298e-22 0)
(4.64967e-07 -9.1569e-08 -1.22519e-22 -2.27532e-07 -1.21839e-22 0)
(4.62714e-07 -8.30992e-08 -1.96342e-23 -2.24281e-07 5.47998e-23 0)
(4.61147e-07 -7.50435e-08 5.37408e-22 -2.2145e-07 3.19628e-22 0)
(4.59987e-07 -6.7479e-08 -3.59278e-22 -2.19058e-07 -3.66639e-22 0)
(4.59298e-07 -6.0331e-08 -1.27798e-22 -2.17105e-07 -1.32048e-22 0)
(4.58968e-07 -5.35765e-08 3.47463e-22 -2.15574e-07 5.15146e-22 0)
(4.58981e-07 -4.71576e-08 -5.074e-22 -2.14444e-07 -1.50186e-22 0)
(4.59275e-07 -4.10157e-08 -3.61722e-22 -2.13675e-07 -3.86518e-22 0)
(4.59796e-07 -3.50801e-08 8.65239e-25 -2.13207e-07 -7.82575e-23 0)
(4.60481e-07 -2.92526e-08 -4.87365e-22 -2.12953e-07 -3.72565e-22 0)
(4.61201e-07 -2.34396e-08 -3.54796e-24 -2.1277e-07 -3.33461e-24 0)
(4.61877e-07 -1.74156e-08 4.79037e-22 -2.12479e-07 4.57752e-22 0)
(4.62166e-07 -1.11494e-08 7.56557e-24 -2.11769e-07 9.4706e-23 0)
(4.62084e-07 -3.59909e-09 3.39841e-20 -2.10308e-07 9.26553e-22 -7.64221e-37)
(5.44916e-07 -1.42784e-07 -9.62747e-23 -2.8186e-07 -1.2352e-22 0)
(5.29152e-07 -1.35285e-07 1.32994e-22 -2.76755e-07 1.21391e-22 0)
(5.20109e-07 -1.24825e-07 1.64132e-22 -2.6911e-07 8.55859e-23 0)
(5.09473e-07 -1.16824e-07 -1.29751e-22 -2.62989e-07 -1.21666e-22 0)
(5.01759e-07 -1.07706e-07 -3.07301e-22 -2.56415e-07 -1.53163e-22 0)
(4.9414e-07 -9.94482e-08 1.50018e-22 -2.504e-07 7.44333e-23 0)
(4.88104e-07 -9.11607e-08 4.24614e-22 -2.44771e-07 2.72871e-22 0)
(4.82709e-07 -8.3301e-08 -6.83152e-22 -2.39673e-07 -4.58166e-22 0)
(4.78325e-07 -7.57235e-08 -4.21379e-22 -2.35146e-07 -2.77222e-22 0)
(4.74641e-07 -6.85123e-08 6.61369e-22 -2.31204e-07 4.47335e-22 0)
(4.71704e-07 -6.16399e-08 -2.6971e-22 -2.27859e-07 -1.28618e-22 0)
(4.69385e-07 -5.5094e-08 3.57424e-22 -2.25098e-07 3.66136e-22 0)
(4.6765e-07 -4.88371e-08 3.84811e-22 -2.22903e-07 2.50346e-22 0)
(4.66425e-07 -4.28131e-08 -2.24647e-22 -2.21241e-07 -3.12933e-22 0)
(4.65651e-07 -3.69511e-08 -1.46531e-22 -2.20063e-07 7.66014e-23 0)
(4.65256e-07 -3.11343e-08 6.94558e-24 -2.19299e-07 6.40472e-24 0)
(4.65135e-07 -2.52483e-08 -5.93856e-22 -2.18843e-07 -4.93811e-22 0)
(4.65206e-07 -1.90015e-08 1.1793e-22 -2.18563e-07 1.32485e-22 0)
(4.65252e-07 -1.23527e-08 2.33764e-22 -2.18256e-07 1.8271e-22 0)
(4.65215e-07 -4.05714e-09 3.41005e-20 -2.17672e-07 9.30886e-22 -3.13148e-37)
(5.91833e-07 -1.22444e-07 1.15544e-24 -3.06822e-07 3.94077e-24 0)
(5.70389e-07 -1.19878e-07 -1.37496e-22 -3.00877e-07 -1.20929e-22 0)
(5.57571e-07 -1.11775e-07 2.94677e-23 -2.91853e-07 -3.2208e-23 0)
(5.42582e-07 -1.0621e-07 0 -2.84026e-07 0 0)
(5.31268e-07 -9.91256e-08 0 -2.76043e-07 0 0)
(5.20213e-07 -9.24822e-08 -4.11683e-22 -2.68435e-07 -3.22157e-22 0)
(5.11015e-07 -8.56497e-08 3.66302e-22 -2.61301e-07 3.41556e-22 0)
(5.02722e-07 -7.89594e-08 7.72231e-22 -2.54674e-07 6.73272e-22 0)
(4.95651e-07 -7.23851e-08 -5.84145e-22 -2.4866e-07 -5.61003e-22 0)
(4.89527e-07 -6.59927e-08 -5.11666e-22 -2.43289e-07 -4.3552e-22 0)
(4.84364e-07 -5.98043e-08 2.35973e-22 -2.38602e-07 2.34673e-22 0)
(4.80048e-07 -5.38261e-08 -2.30534e-23 -2.3461e-07 4.66971e-23 0)
(4.76531e-07 -4.80469e-08 4.03725e-22 -2.31321e-07 1.98957e-22 0)
(4.73739e-07 -4.24251e-08 6.28907e-22 -2.28723e-07 4.34455e-22 0)
(4.71612e-07 -3.6899e-08 8.58485e-24 -2.26794e-07 7.8412e-24 0)
(4.70081e-07 -3.13481e-08 2.86078e-22 -2.25496e-07 -7.92285e-23 0)
(4.69085e-07 -2.56512e-08 0 -2.24778e-07 0 0)
(4.68531e-07 -1.94815e-08 -2.40889e-22 -2.24568e-07 -1.05997e-22 0)
(4.68373e-07 -1.2796e-08 1.15894e-22 -2.24791e-07 4.88507e-23 0)
(4.6844e-07 -4.24915e-09 3.45576e-20 -2.25294e-07 1.02308e-21 -8.3155e-37)
(6.33331e-07 -9.35015e-08 -9.05611e-25 -3.25529e-07 -3.44881e-24 0)
(6.07026e-07 -9.67706e-08 1.70631e-22 -3.19339e-07 1.01824e-22 0)
(5.91574e-07 -9.27021e-08 -1.69717e-22 -3.11024e-07 -1.03214e-22 0)
(5.73226e-07 -9.00532e-08 -1.67038e-22 -3.02149e-07 -1.00515e-22 0)
(5.58665e-07 -8.58511e-08 4.58625e-22 -2.93268e-07 3.12526e-22 0)
(5.44681e-07 -8.12203e-08 3.26706e-22 -2.84353e-07 1.94721e-22 0)
(5.32592e-07 -7.61736e-08 -4.33947e-22 -2.75894e-07 -2.90101e-22 0)
(5.21709e-07 -7.09032e-08 5.76264e-23 -2.67943e-07 -6.1428e-23 0)
(5.1219e-07 -6.55547e-08 9.85289e-23 -2.60641e-07 9.13693e-23 0)
(5.03835e-07 -6.02089e-08 -5.34472e-23 -2.54045e-07 7.23795e-23 0)
(4.96609e-07 -5.49355e-08 -4.40557e-22 -2.48206e-07 -2.41023e-22 0)
(4.90414e-07 -4.97636e-08 3.94335e-24 -2.43154e-07 3.80363e-24 0)
(4.85194e-07 -4.47018e-08 -2.01597e-22 -2.38911e-07 -2.74511e-22 0)
(4.80878e-07 -3.97242e-08 -6.80906e-24 -2.3549e-07 -6.22643e-24 0)
(4.77424e-07 -3.4781e-08 2.57325e-22 -2.32899e-07 1.24916e-22 0)
(4.74763e-07 -2.9755e-08 -5.13365e-24 -2.31139e-07 -4.48402e-24 0)
(4.72892e-07 -2.4529e-08 3.13863e-22 -2.3022e-07 4.21058e-22 0)
(4.71712e-07 -1.87685e-08 -1.18468e-22 -2.30142e-07 -5.28155e-23 0)
(4.71366e-07 -1.24291e-08 -5.5519e-22 -2.30966e-07 -5.49295e-22 0)
(4.71553e-07 -4.15871e-09 3.41076e-20 -2.32651e-07 5.31677e-22 -6.28011e-35)
(6.66365e-07 -5.63706e-08 -2.17515e-23 -3.37691e-07 -1.09367e-23 0)
(6.39117e-07 -6.35254e-08 -1.82925e-22 -3.30112e-07 -1.07637e-22 0)
(6.21462e-07 -6.52101e-08 1.48548e-22 -3.24376e-07 1.16582e-22 0)
(6.01827e-07 -6.58929e-08 -3.88836e-22 -3.163e-07 -3.54116e-22 0)
(5.84635e-07 -6.55683e-08 -4.00024e-22 -3.07896e-07 -3.32473e-22 0)
(5.68386e-07 -6.40764e-08 2.36706e-22 -2.989e-07 2.44556e-22 0)
(5.53696e-07 -6.177e-08 2.05767e-22 -2.89842e-07 2.4553e-22 0)
(5.40368e-07 -5.87846e-08 3.58575e-22 -2.81001e-07 3.23165e-22 0)
(5.28467e-07 -5.53291e-08 -4.20681e-22 -2.72606e-07 -3.13828e-22 0)
(5.17898e-07 -5.15601e-08 1.03767e-24 -2.64833e-07 8.64619e-24 0)
(5.08617e-07 -4.76035e-08 -5.10948e-24 -2.57799e-07 -2.57692e-23 0)
(5.00543e-07 -4.35474e-08 -3.29014e-22 -2.51593e-07 -3.21619e-22 0)
(4.93618e-07 -3.94468e-08 0 -2.4628e-07 0 0)
(4.87772e-07 -3.53141e-08 -2.98043e-22 -2.41912e-07 -9.62534e-23 0)
(4.82974e-07 -3.11289e-08 -1.39491e-24 -2.38539e-07 -5.94992e-24 0)
(4.79162e-07 -2.68018e-08 -3.84804e-22 -2.36207e-07 -1.86758e-22 0)
(4.76389e-07 -2.22329e-08 1.0542e-22 -2.34998e-07 1.11217e-22 0)
(4.74555e-07 -1.71125e-08 2.42682e-22 -2.34984e-07 1.10652e-22 0)
(4.74006e-07 -1.14014e-08 3.01662e-24 -2.3638e-07 -2.55395e-25 0)
(4.74326e-07 -3.82806e-09 3.44167e-20 -2.39267e-07 4.85442e-22 -2.65953e-37)
(6.82513e-07 -2.57925e-08 1.88242e-22 -3.38724e-07 1.65617e-22 0)
(6.57684e-07 -2.96127e-08 -1.74076e-22 -3.32352e-07 -1.09244e-22 0)
(6.38602e-07 -3.66642e-08 -1.00883e-22 -3.28332e-07 -8.37163e-23 0)
(6.19117e-07 -4.0008e-08 1.67275e-22 -3.21782e-07 1.02061e-22 0)
(6.0107e-07 -4.23634e-08 -3.30594e-22 -3.14103e-07 -1.4964e-22 0)
(5.83942e-07 -4.34251e-08 -2.22963e-22 -3.05681e-07 -1.04936e-22 0)
(5.68146e-07 -4.34659e-08 -2.78019e-22 -2.96865e-07 -2.01549e-22 0)
(5.53581e-07 -4.2665e-08 3.34739e-23 -2.88032e-07 -2.35056e-23 0)
(5.4037e-07 -4.11827e-08 5.61965e-22 -2.79447e-07 3.57618e-22 0)
(5.28455e-07 -3.91895e-08 -1.93322e-23 -2.71335e-07 -2.07942e-23 0)
(5.17842e-07 -3.68164e-08 3.00355e-22 -2.63862e-07 1.6972e-22 0)
(5.08476e-07 -3.41734e-08 -1.48221e-23 -2.57162e-07 -1.67987e-23 0)
(5.00328e-07 -3.13366e-08 1.09773e-36 -2.51341e-07 1.11488e-36 0)
(4.93345e-07 -2.83464e-08 -1.32043e-22 -2.4649e-07 -6.55876e-23 0)
(4.87525e-07 -2.52075e-08 1.29078e-22 -2.42705e-07 6.26505e-23 0)
(4.82819e-07 -2.18663e-08 -5.79722e-24 -2.40079e-07 -8.37883e-24 0)
(4.7934e-07 -1.82524e-08 2.05121e-23 -2.38761e-07 -5.46612e-23 0)
(4.76982e-07 -1.41257e-08 1.1702e-24 -2.38887e-07 3.8927e-24 0)
(4.76256e-07 -9.45892e-09 -1.19279e-24 -2.40799e-07 1.55569e-24 0)
(4.76641e-07 -3.17237e-09 3.48008e-20 -2.44695e-07 1.83197e-22 3.09944e-37)
(6.6899e-07 4.22313e-09 1.74781e-22 -3.26361e-07 1.38128e-22 0)
(6.52429e-07 -1.69678e-10 0 -3.28174e-07 0 0)
(6.35165e-07 -8.77641e-09 -1.36356e-22 -3.25082e-07 -1.20136e-22 0)
(6.17893e-07 -1.44237e-08 1.78229e-36 -3.20111e-07 1.44213e-36 0)
(6.01422e-07 -1.88721e-08 4.08452e-37 -3.1354e-07 2.95937e-37 0)
(5.85514e-07 -2.20269e-08 1.93715e-36 -3.0604e-07 1.43903e-36 0)
(5.70585e-07 -2.40677e-08 2.97152e-36 -2.97962e-07 2.39953e-36 0)
(5.56578e-07 -2.51766e-08 -1.19485e-22 -2.89689e-07 -1.11979e-22 0)
(5.43665e-07 -2.5498e-08 0 -2.81505e-07 0 0)
(5.31839e-07 -2.51931e-08 1.14174e-22 -2.73657e-07 1.10644e-22 0)
(5.21152e-07 -2.43879e-08 -1.63483e-37 -2.66335e-07 -2.75011e-37 0)
(5.11591e-07 -2.31953e-08 -1.09827e-22 -2.59699e-07 -1.10204e-22 0)
(5.03167e-07 -2.16976e-08 1.08019e-22 -2.53884e-07 1.10266e-22 0)
(4.95863e-07 -1.99496e-08 1.55136e-36 -2.49012e-07 1.12855e-36 0)
(4.89711e-07 -1.79736e-08 -1.0513e-22 -2.45208e-07 -1.1089e-22 0)
(4.84692e-07 -1.57517e-08 -9.32014e-37 -2.42603e-07 -8.6135e-37 0)
(4.80966e-07 -1.32346e-08 1.03253e-22 -2.41388e-07 1.12202e-22 0)
(4.78441e-07 -1.02732e-08 1.02711e-22 -2.41746e-07 1.13181e-22 0)
(4.7775e-07 -6.87083e-09 -1.10875e-36 -2.44117e-07 -9.66262e-37 0)
(4.78307e-07 -2.27543e-09 3.49377e-20 -2.48731e-07 -9.81178e-37 -2.06101e-49)
(6.57285e-07 3.43203e-08 3.23498e-23 -3.13591e-07 5.61694e-23 0)
(6.43166e-07 2.74134e-08 -1.11358e-22 -3.17883e-07 -6.82426e-23 0)
(6.29447e-07 1.72665e-08 -2.48427e-22 -3.17338e-07 -1.88838e-22 0)
(6.14232e-07 9.76234e-09 0 -3.1436e-07 0 0)
(5.99605e-07 3.54937e-09 1.29038e-23 -3.09522e-07 5.08947e-23 0)
(5.84965e-07 -1.39611e-09 -1.07415e-22 -3.03412e-07 -1.43741e-23 0)
(5.71015e-07 -5.17415e-09 -2.39472e-22 -2.96465e-07 -1.78311e-22 0)
(5.57673e-07 -7.98106e-09 -3.5387e-22 -2.89077e-07 -2.37765e-22 0)
(5.45203e-07 -9.93073e-09 1.17043e-22 -2.81571e-07 1.1284e-22 0)
(5.33622e-07 -1.11746e-08 -2.34051e-22 -2.74218e-07 -1.17737e-22 0)
(5.23034e-07 -1.18292e-08 -1.16874e-22 -2.67245e-07 -5.73717e-23 0)
(5.13457e-07 -1.2006e-08 -2.33364e-22 -2.60842e-07 -1.11994e-22 0)
(5.04935e-07 -1.17913e-08 -2.32941e-22 -2.55175e-07 -1.09561e-22 0)
(4.97479e-07 -1.12522e-08 -1.16258e-22 -2.50396e-07 -5.37546e-23 0)
(4.91148e-07 -1.04283e-08 -2.32108e-22 -2.46665e-07 -1.05907e-22 0)
(4.85957e-07 -9.33791e-09 -2.31733e-22 -2.44143e-07 -1.04824e-22 0)
(4.82093e-07 -7.95794e-09 -1.03495e-22 -2.4307e-07 -1.12276e-22 0)
(4.79479e-07 -6.25134e-09 -1.15534e-22 -2.43631e-07 -5.23022e-23 0)
(4.78824e-07 -4.19963e-09 -1.1537e-22 -2.46324e-07 -5.28804e-23 0)
(4.79464e-07 -1.35969e-09 3.49163e-20 -2.51461e-07 -5.39832e-23 -1.54991e-49)
(6.40534e-07 5.76367e-08 6.37039e-22 -2.99907e-07 5.36993e-22 0)
(6.29652e-07 5.05808e-08 1.0085e-22 -3.0675e-07 6.58525e-23 0)
(6.19068e-07 3.99645e-08 -3.69534e-22 -3.08192e-07 -3.07947e-22 0)
(6.06156e-07 3.15832e-08 3.78334e-36 -3.06934e-07 3.15295e-36 0)
(5.93581e-07 2.4216e-08 1.46864e-22 -3.03624e-07 1.71601e-22 0)
(5.80531e-07 1.79905e-08 -2.01135e-37 -2.98798e-07 -1.17855e-37 0)
(5.67894e-07 1.28474e-08 1.10603e-22 -2.92956e-07 6.28912e-23 0)
(5.55571e-07 8.64808e-09 -2.38538e-22 -2.8649e-07 -2.30353e-22 0)
(5.43896e-07 5.3083e-09 4.73129e-36 -2.79747e-07 3.95108e-36 0)
(5.32909e-07 2.70361e-09 2.28808e-22 -2.73014e-07 2.27439e-22 0)
(5.22752e-07 7.34324e-10 -1.1288e-22 -2.66535e-07 -5.72192e-23 0)
(5.13472e-07 -7.03095e-10 -1.32869e-36 -2.60519e-07 -1.05745e-36 0)
(5.05143e-07 -1.69286e-09 -5.66611e-36 -2.55153e-07 -5.21606e-36 0)
(4.97804e-07 -2.3135e-09 1.13316e-22 -2.5061e-07 5.38005e-23 0)
(4.91532e-07 -2.6137e-09 -3.37224e-36 -2.47064e-07 -2.87335e-36 0)
(4.86373e-07 -2.6644e-09 -2.08827e-22 -2.44712e-07 -2.24453e-22 0)
(4.82513e-07 -2.42817e-09 1.49241e-36 -2.43783e-07 1.13335e-36 0)
(4.79948e-07 -2.04254e-09 9.27094e-23 -2.44527e-07 1.7247e-22 0)
(4.79396e-07 -1.32745e-09 -1.13264e-22 -2.47529e-07 -5.3139e-23 0)
(4.80089e-07 -3.43604e-10 3.49752e-20 -2.52941e-07 -5.43008e-23 0)
(6.20402e-07 7.70059e-08 1.75118e-22 -2.8484e-07 1.22298e-22 0)
(6.12429e-07 6.98557e-08 2.23105e-22 -2.93398e-07 1.84609e-22 0)
(6.04855e-07 5.93064e-08 1.90418e-22 -2.96556e-07 1.27328e-22 0)
(5.94387e-07 5.0543e-08 3.07127e-37 -2.96999e-07 3.87238e-37 0)
(5.84034e-07 4.25142e-08 3.2705e-22 -2.95266e-07 2.45863e-22 0)
(5.72811e-07 3.5449e-08 -2.00025e-23 -2.91852e-07 -5.55337e-23 0)
(5.6174e-07 2.93235e-08 -1.58747e-23 -2.87256e-07 -5.56413e-23 0)
(5.50706e-07 2.40599e-08 2.12307e-22 -2.81868e-07 1.21022e-22 0)
(5.401e-07 1.96063e-08 1.15948e-22 -2.76048e-07 1.15733e-22 0)
(5.29981e-07 1.58702e-08 2.22025e-22 -2.70091e-07 1.73046e-22 0)
(5.20526e-07 1.27734e-08 2.17987e-22 -2.64259e-07 1.13461e-22 0)
(5.11805e-07 1.02274e-08 -2.94255e-25 -2.58777e-07 -5.84167e-23 0)
(5.03914e-07 8.15168e-09 1.11891e-22 -2.53842e-07 -4.54638e-24 0)
(4.9692e-07 6.47013e-09 1.10385e-22 -2.49649e-07 5.35941e-23 0)
(4.90895e-07 5.10821e-09 3.26683e-22 -2.46378e-07 2.18626e-22 0)
(4.85958e-07 4.00134e-09 1.10844e-22 -2.44257e-07 5.24367e-23 0)
(4.82147e-07 3.09433e-09 0 -2.43484e-07 0 0)
(4.79901e-07 2.24549e-09 3.25189e-22 -2.44476e-07 2.17014e-22 0)
(4.7869e-07 1.71128e-09 3.28704e-22 -2.47142e-07 1.88471e-22 0)
(4.80258e-07 5.54431e-10 3.53234e-20 -2.52929e-07 1.08597e-22 0)
(5.98305e-07 9.18861e-08 -9.48342e-23 -2.69794e-07 -6.78217e-23 0)
(5.92976e-07 8.51734e-08 -8.37642e-23 -2.79634e-07 -6.00314e-23 0)
(5.88069e-07 7.52438e-08 -1.26245e-22 -2.84171e-07 -1.20119e-22 0)
(5.79949e-07 6.66026e-08 0 -2.8602e-07 0 0)
(5.71769e-07 5.83551e-08 1.22746e-22 -2.85649e-07 1.19496e-22 0)
(5.62442e-07 5.08411e-08 2.17831e-22 -2.83511e-07 1.7978e-22 0)
(5.53053e-07 4.40652e-08 -2.18071e-22 -2.80093e-07 -1.78392e-22 0)
(5.43476e-07 3.80264e-08 -1.16672e-22 -2.7577e-07 -1.17582e-22 0)
(5.34131e-07 3.27045e-08 1.14666e-22 -2.70899e-07 1.16906e-22 0)
(5.25092e-07 2.80477e-08 1.04208e-22 -2.65778e-07 5.70567e-23 0)
(5.1656e-07 2.40003e-08 -1.80812e-38 -2.60674e-07 -2.0437e-37 0)
(5.08619e-07 2.04947e-08 1.06232e-22 -2.55816e-07 5.4918e-23 0)
(5.0139e-07 1.74584e-08 3.70807e-37 -2.51411e-07 3.94336e-37 0)
(4.94942e-07 1.4818e-08 -1.07563e-22 -2.47657e-07 -5.31665e-23 0)
(4.89394e-07 1.24819e-08 3.61935e-37 -2.44747e-07 3.90625e-37 0)
(4.84799e-07 1.03854e-08 1.08389e-22 -2.42889e-07 5.2143e-23 0)
(4.81402e-07 8.36433e-09 -1.03347e-22 -2.42331e-07 -1.12265e-22 0)
(4.79167e-07 6.38292e-09 -2.16848e-38 -2.43385e-07 2.03332e-37 0)
(4.78783e-07 4.16764e-09 -3.75811e-37 -2.4634e-07 -1.82183e-37 0)
(4.79513e-07 1.47572e-09 3.50713e-20 -2.51531e-07 5.96686e-35 -1.03444e-49)
(5.7505e-07 1.03015e-07 1.36713e-22 -2.55003e-07 1.25539e-22 0)
(5.7202e-07 9.69831e-08 7.7179e-23 -2.65592e-07 5.70168e-23 0)
(5.69424e-07 8.79519e-08 -1.22243e-22 -2.71138e-07 -1.19302e-22 0)
(5.63511e-07 7.97276e-08 1.71389e-36 -2.74134e-07 1.43093e-36 0)
(5.57405e-07 7.15823e-08 -1.80958e-37 -2.74939e-07 -1.84332e-37 0)
(5.49979e-07 6.39255e-08 9.19338e-23 -2.73971e-07 5.88155e-23 0)
(5.42324e-07 5.6791e-08 9.45872e-23 -2.71673e-07 5.83223e-23 0)
(5.34302e-07 5.02412e-08 -1.14703e-22 -2.684e-07 -1.18458e-22 0)
(5.26348e-07 4.42882e-08 0 -2.64497e-07 0 0)
(5.18542e-07 3.892e-08 2.11868e-22 -2.60255e-07 1.7313e-22 0)
(5.11097e-07 3.41057e-08 -1.45634e-36 -2.55936e-07 -1.17968e-36 0)
(5.04111e-07 2.97977e-08 -5.05671e-24 -2.5177e-07 -6.19092e-23 0)
(4.97714e-07 2.59361e-08 1.06848e-22 -2.47967e-07 1.15287e-22 0)
(4.91986e-07 2.24471e-08 1.04956e-22 -2.44716e-07 5.25352e-23 0)
(4.87049e-07 1.92442e-08 -1.04559e-22 -2.42215e-07 -1.13866e-22 0)
(4.82962e-07 1.62159e-08 1.06118e-22 -2.4065e-07 5.16623e-23 0)
(4.79954e-07 1.32412e-08 1.03036e-22 -2.40273e-07 1.1221e-22 0)
(4.77963e-07 1.00909e-08 1.02608e-22 -2.41275e-07 1.11186e-22 0)
(4.77653e-07 6.70032e-09 -7.38149e-37 -2.44066e-07 -3.61001e-37 0)
(4.7839e-07 2.37222e-09 3.50053e-20 -2.48963e-07 -1.11322e-36 -2.065e-49)
(5.51308e-07 1.10732e-07 6.70062e-23 -2.40923e-07 5.17208e-23 0)
(5.5023e-07 1.05566e-07 7.18224e-23 -2.51865e-07 5.40698e-23 0)
(5.49602e-07 9.76268e-08 7.63689e-23 -2.58094e-07 5.5407e-23 0)
(5.45692e-07 9.00366e-08 0 -2.61943e-07 0 0)
(5.41506e-07 8.22341e-08 8.42236e-23 -2.63691e-07 5.66087e-23 0)
(5.35918e-07 7.46698e-08 0 -2.63717e-07 0 0)
(5.29984e-07 6.74073e-08 9.05165e-23 -2.62418e-07 5.63354e-23 0)
(5.23559e-07 6.05641e-08 0 -2.60121e-07 0 0)
(5.17073e-07 5.41834e-08 0 -2.5715e-07 0 0)
(5.10606e-07 4.82891e-08 0 -2.53781e-07 0 0)
(5.04372e-07 4.28752e-08 9.90375e-23 -2.50265e-07 5.37265e-23 0)
(4.98474e-07 3.79154e-08 0 -2.46825e-07 0 0)
(4.93048e-07 3.33639e-08 0 -2.43661e-07 0 0)
(4.88175e-07 2.91526e-08 1.02643e-22 -2.40957e-07 5.17282e-23 0)
(4.8398e-07 2.51926e-08 0 -2.38893e-07 0 0)
(4.80509e-07 2.13618e-08 0 -2.37642e-07 0 0)
(4.77978e-07 1.75163e-08 0 -2.3741e-07 0 0)
(4.76324e-07 1.3391e-08 1.05036e-22 -2.38403e-07 5.118e-23 0)
(4.76121e-07 8.92114e-09 1.05399e-22 -2.40927e-07 5.17216e-23 0)
(4.76806e-07 3.14135e-09 3.50096e-20 -2.45219e-07 5.26431e-23 1.71187e-64)
(5.27461e-07 1.15534e-07 -1.85891e-22 -2.27671e-07 -1.67983e-22 0)
(5.28007e-07 1.11305e-07 0 -2.38594e-07 0 0)
(5.29034e-07 1.04511e-07 -7.22654e-23 -2.45201e-07 -5.26393e-23 0)
(5.26923e-07 9.76611e-08 0 -2.49639e-07 0 0)
(5.24499e-07 9.03473e-08 -8.04554e-23 -2.52118e-07 -5.41242e-23 0)
(5.20666e-07 8.30394e-08 -8.40003e-23 -2.52976e-07 -5.43083e-23 0)
(5.16415e-07 7.58261e-08 0 -2.52554e-07 0 0)
(5.11596e-07 6.8867e-08 0 -2.51153e-07 0 0)
(5.06618e-07 6.22327e-08 0 -2.49066e-07 0 0)
(5.01556e-07 5.59783e-08 -9.47023e-23 -2.46548e-07 -5.29285e-23 0)
(4.96618e-07 5.0121e-08 -9.65898e-23 -2.43836e-07 -5.23463e-23 0)
(4.91909e-07 4.46554e-08 -9.82034e-23 -2.41136e-07 -5.17666e-23 0)
(4.8756e-07 3.95487e-08 0 -2.38636e-07 0 0)
(4.8365e-07 3.47409e-08 0 -2.36504e-07 0 0)
(4.80296e-07 3.01507e-08 0 -2.34899e-07 0 0)
(4.7754e-07 2.56419e-08 -1.02389e-22 -2.33969e-07 -5.02281e-23 0)
(4.7556e-07 2.10736e-08 0 -2.33883e-07 0 0)
(4.74291e-07 1.61301e-08 -1.03505e-22 -2.3479e-07 -5.04042e-23 0)
(4.74205e-07 1.07383e-08 -1.03938e-22 -2.36943e-07 -5.08664e-23 0)
(4.74817e-07 3.75792e-09 3.4669e-20 -2.40514e-07 -5.1633e-23 -1.53848e-49)
(5.03723e-07 1.17786e-07 -3.41725e-22 -2.15321e-07 -3.42071e-22 0)
(5.05617e-07 1.14487e-07 -6.44881e-23 -2.2594e-07 -4.85044e-23 0)
(5.08041e-07 1.08817e-07 7.43302e-38 -2.32676e-07 2.41515e-37 0)
(5.07542e-07 1.02746e-07 4.52452e-38 -2.3747e-07 2.44305e-37 0)
(5.06733e-07 9.60015e-08 1.08784e-22 -2.40481e-07 1.18815e-22 0)
(5.04564e-07 8.90564e-08 -1.89606e-22 -2.42007e-07 -1.71477e-22 0)
(5.01943e-07 8.20195e-08 -1.9239e-22 -2.42337e-07 -1.71874e-22 0)
(4.98717e-07 7.50827e-08 0 -2.41738e-07 0 0)
(4.95262e-07 6.83379e-08 1.06322e-22 -2.40471e-07 1.19643e-22 0)
(4.91645e-07 6.18675e-08 1.28978e-23 -2.38766e-07 6.7953e-23 0)
(4.88063e-07 5.57084e-08 2.92511e-37 -2.36836e-07 -5.70935e-38 0)
(4.84611e-07 4.98731e-08 -2.00481e-22 -2.34872e-07 -1.68281e-22 0)
(4.81414e-07 4.43423e-08 -1.03349e-22 -2.3304e-07 -1.16977e-22 0)
(4.78549e-07 3.90678e-08 -9.91882e-23 -2.31491e-07 -4.9696e-23 0)
(4.76116e-07 3.39742e-08 1.02212e-22 -2.30357e-07 1.14807e-22 0)
(4.74148e-07 2.89253e-08 -1.01064e-22 -2.29756e-07 -4.93236e-23 0)
(4.72778e-07 2.37782e-08 6.98963e-37 -2.29805e-07 3.3891e-37 0)
(4.71947e-07 1.81958e-08 1.01317e-22 -2.3061e-07 1.10129e-22 0)
(4.71987e-07 1.21041e-08 0 -2.32321e-07 0 0)
(4.725e-07 4.2223e-09 3.4619e-20 -2.35033e-07 5.89206e-35 -1.0211e-49)
(4.80157e-07 1.17809e-07 1.03079e-22 -2.03787e-07 1.08086e-22 0)
(4.83189e-07 1.15368e-07 2.64148e-37 -2.13886e-07 1.3756e-37 0)
(4.86815e-07 1.10731e-07 -1.04508e-22 -2.20551e-07 -1.14663e-22 0)
(4.87779e-07 1.05415e-07 0 -2.25516e-07 0 0)
(4.88467e-07 9.92642e-08 1.04863e-22 -2.289e-07 1.18273e-22 0)
(4.87884e-07 9.27394e-08 1.04738e-22 -2.30957e-07 1.19255e-22 0)
(4.86845e-07 8.59662e-08 -1.04515e-22 -2.31931e-07 -1.198e-22 0)
(4.85194e-07 7.91585e-08 -1.0416e-22 -2.3205e-07 -1.19989e-22 0)
(4.83267e-07 7.2424e-08 1.03747e-22 -2.3154e-07 1.19878e-22 0)
(4.81118e-07 6.5865e-08 -2.30913e-36 -2.30604e-07 -1.90165e-36 0)
(4.78926e-07 5.95335e-08 -1.31931e-36 -2.2943e-07 -9.18793e-37 0)
(4.76777e-07 5.34575e-08 3.91908e-38 -2.28187e-07 4.64233e-37 0)
(4.74785e-07 4.76326e-08 1.70682e-36 -2.27019e-07 1.53333e-36 0)
(4.73019e-07 4.20197e-08 2.06283e-36 -2.26053e-07 1.70121e-36 0)
(4.71561e-07 3.65548e-08 6.81853e-37 -2.25395e-07 3.32407e-37 0)
(4.70434e-07 3.11076e-08 -3.44038e-37 -2.25127e-07 -1.66005e-37 0)
(4.69723e-07 2.55424e-08 -1.00839e-22 -2.25314e-07 -1.11863e-22 0)
(4.69365e-07 1.95159e-08 -6.99406e-37 -2.26e-07 -3.3428e-37 0)
(4.69546e-07 1.29547e-08 -1.3955e-36 -2.27229e-07 -1.07527e-36 0)
(4.69958e-07 4.50752e-09 3.4447e-20 -2.2902e-07 -3.38747e-37 0)
(4.56725e-07 1.15806e-07 -3.07422e-22 -1.92978e-07 -3.26071e-22 0)
(4.6076e-07 1.14104e-07 -5.50884e-37 -2.0241e-07 -5.28476e-37 0)
(4.65462e-07 1.10369e-07 -1.10706e-37 -2.08864e-07 8.17858e-38 0)
(4.67793e-07 1.05748e-07 1.84512e-37 -2.13862e-07 2.12896e-37 0)
(4.69902e-07 1.00176e-07 1.00878e-22 -2.17498e-07 1.17647e-22 0)
(4.70852e-07 9.40979e-08 -1.01082e-22 -2.19979e-07 -1.18873e-22 0)
(4.71363e-07 8.76489e-08 -1.01191e-22 -2.21505e-07 -1.19615e-22 0)
(4.71273e-07 8.10548e-08 0 -2.22267e-07 0 0)
(4.70874e-07 7.44342e-08 1.01086e-22 -2.22455e-07 1.19954e-22 0)
(4.70206e-07 6.79015e-08 1.00943e-22 -2.22241e-07 1.19664e-22 0)
(4.69424e-07 6.15207e-08 -6.28137e-37 -2.2179e-07 -3.22585e-37 0)
(4.68604e-07 5.53313e-08 -1.00599e-22 -2.21241e-07 -1.18377e-22 0)
(4.67846e-07 4.93403e-08 -1.00436e-22 -2.20722e-07 -1.17435e-22 0)
(4.6721e-07 4.35197e-08 3.52713e-37 -2.20332e-07 6.36072e-37 0)
(4.66757e-07 3.78175e-08 1.00203e-22 -2.20147e-07 1.15006e-22 0)
(4.66505e-07 3.21179e-08 3.45007e-37 -2.20218e-07 3.91004e-37 0)
(4.66487e-07 2.62989e-08 0 -2.20551e-07 0 0)
(4.66632e-07 2.00332e-08 1.00176e-22 -2.2113e-07 1.09718e-22 0)
(4.66979e-07 1.32529e-08 -1.38913e-36 -2.21878e-07 -1.06566e-36 0)
(4.67298e-07 4.601e-09 3.42656e-20 -2.22732e-07 -3.29446e-37 0)
(4.33314e-07 1.11902e-07 -5.77662e-24 -1.82661e-07 -2.91961e-24 0)
(4.38302e-07 1.10786e-07 -6.11604e-23 -1.91353e-07 -4.10792e-23 0)
(4.44031e-07 1.07796e-07 -9.53237e-23 -1.97524e-07 -1.12204e-22 0)
(4.47693e-07 1.03785e-07 0 -2.02482e-07 0 0)
(4.51195e-07 9.87533e-08 9.68617e-23 -2.06301e-07 1.16959e-22 0)
(4.53663e-07 9.31275e-08 1.75802e-22 -2.09142e-07 1.63293e-22 0)
(4.55715e-07 8.70462e-08 -1.79768e-22 -2.11163e-07 -1.64641e-22 0)
(4.57187e-07 8.07383e-08 -2.68388e-22 -2.12517e-07 -2.11031e-22 0)
(4.58321e-07 7.43268e-08 9.83914e-23 -2.1336e-07 1.19883e-22 0)
(4.59142e-07 6.79317e-08 9.04931e-23 -2.13833e-07 4.59052e-23 0)
(4.59781e-07 6.16229e-08 -1.00346e-38 -2.14071e-07 -2.46907e-37 0)
(4.603e-07 5.54482e-08 9.46136e-23 -2.14192e-07 4.59824e-23 0)
(4.60786e-07 4.94219e-08 -1.92496e-22 -2.14299e-07 -9.20108e-23 0)
(4.61286e-07 4.35278e-08 -9.76276e-23 -2.1447e-07 -4.6042e-23 0)
(4.61849e-07 3.77272e-08 -1.97553e-22 -2.14754e-07 -9.2206e-23 0)
(4.62481e-07 3.1924e-08 9.97238e-23 -2.15166e-07 4.61915e-23 0)
(4.63172e-07 2.6017e-08 -9.9433e-23 -2.15665e-07 -1.11667e-22 0)
(4.63842e-07 1.97173e-08 -3.48424e-37 -2.1617e-07 -1.5987e-37 0)
(4.64384e-07 1.29705e-08 -1.03517e-36 -2.16481e-07 -8.96908e-37 0)
(4.64636e-07 4.48949e-09 3.40834e-20 -2.16447e-07 -1.60075e-37 0)
(4.0976e-07 1.06076e-07 9.29244e-23 -1.7274e-07 1.04604e-22 0)
(4.15746e-07 1.0538e-07 6.2034e-23 -1.80679e-07 3.87878e-23 0)
(4.22531e-07 1.0297e-07 -9.07082e-23 -1.86551e-07 -1.11029e-22 0)
(4.27557e-07 9.94769e-08 -2.58976e-38 -1.91444e-07 2.93608e-37 0)
(4.3248e-07 9.49415e-08 -6.11216e-37 -1.95417e-07 -2.28567e-37 0)
(4.36492e-07 8.97717e-08 7.92853e-23 -1.98586e-07 4.2632e-23 0)
(4.4011e-07 8.40995e-08 2.71746e-22 -2.01068e-07 2.80945e-22 0)
(4.43162e-07 7.81516e-08 -9.51371e-23 -2.0298e-07 -1.19484e-22 0)
(4.45845e-07 7.20471e-08 -1.91426e-22 -2.04443e-07 -2.39343e-22 0)
(4.48165e-07 6.59071e-08 1.87425e-22 -2.05568e-07 1.63642e-22 0)
(4.5023e-07 5.98002e-08 -9.63057e-37 -2.06462e-07 -4.55664e-37 0)
(4.52087e-07 5.37781e-08 1.92291e-22 -2.07221e-07 1.62813e-22 0)
(4.53807e-07 4.78591e-08 9.74223e-23 -2.07924e-07 1.17375e-22 0)
(4.55431e-07 4.20358e-08 9.81648e-23 -2.08629e-07 4.47882e-23 0)
(4.56993e-07 3.62823e-08 -9.81064e-23 -2.09366e-07 -1.14857e-22 0)
(4.58494e-07 3.05278e-08 -9.66597e-23 -2.1012e-07 -1.81501e-22 0)
(4.59889e-07 2.46981e-08 9.87282e-23 -2.10808e-07 1.11552e-22 0)
(4.61091e-07 1.85663e-08 9.89862e-23 -2.11292e-07 1.09543e-22 0)
(4.61866e-07 1.21004e-08 6.92294e-37 -2.11255e-07 5.24768e-37 0)
(4.6209e-07 4.16837e-09 3.3909e-20 -2.1045e-07 -5.84391e-35 -1.00016e-49)
(3.85889e-07 9.82504e-08 -4.87504e-37 -1.62799e-07 -4.67656e-37 0)
(3.9301e-07 9.78063e-08 6.3941e-23 -1.7007e-07 3.65104e-23 0)
(4.00969e-07 9.58143e-08 7.02678e-37 -1.75718e-07 3.85528e-37 0)
(4.07466e-07 9.27539e-08 0 -1.80607e-07 0 0)
(4.13899e-07 8.86773e-08 -7.90542e-37 -1.8478e-07 -4.0541e-37 0)
(4.19527e-07 8.39745e-08 -8.11272e-23 -1.88307e-07 -4.04254e-23 0)
(4.24767e-07 7.87617e-08 8.4549e-23 -1.9127e-07 4.10614e-23 0)
(4.29443e-07 7.32565e-08 1.75215e-22 -1.93749e-07 8.31872e-23 0)
(4.33706e-07 6.75678e-08 0 -1.9583e-07 0 0)
(4.37543e-07 6.1811e-08 -9.26876e-23 -1.97597e-07 -4.24197e-23 0)
(4.41036e-07 5.60495e-08 -1.30086e-36 -1.99129e-07 -1.63231e-36 0)
(4.4422e-07 5.03314e-08 -9.64967e-23 -2.00501e-07 -4.30431e-23 0)
(4.47151e-07 4.46757e-08 1.95966e-22 -2.01772e-07 8.66321e-23 0)
(4.49862e-07 3.90806e-08 9.92274e-23 -2.02986e-07 4.35766e-23 0)
(4.52381e-07 3.35303e-08 2.00517e-22 -2.04152e-07 8.76537e-23 0)
(4.54705e-07 2.79819e-08 -1.01107e-22 -2.05241e-07 -4.40607e-23 0)
(4.56773e-07 2.23933e-08 0 -2.06141e-07 0 0)
(4.5849e-07 1.6618e-08 1.04628e-36 -2.06671e-07 4.5344e-37 0)
(4.59534e-07 1.06604e-08 2.40663e-36 -2.06418e-07 1.92899e-36 0)
(4.59783e-07 3.64049e-09 3.37491e-20 -2.05036e-07 -2.7062e-37 -1.99089e-49)
(3.61508e-07 8.80999e-08 -7.76078e-23 -1.53005e-07 -9.96842e-23 0)
(3.70017e-07 8.77624e-08 2.73649e-37 -1.59734e-07 3.60532e-37 0)
(3.79356e-07 8.6057e-08 4.03235e-37 -1.65263e-07 5.45481e-37 0)
(3.8751e-07 8.33721e-08 -1.03473e-37 -1.70235e-07 3.15056e-37 0)
(3.956e-07 7.97488e-08 8.49266e-23 -1.74669e-07 1.14564e-22 0)
(4.02968e-07 7.55522e-08 -8.65084e-23 -1.78596e-07 -1.16436e-22 0)
(4.09923e-07 7.08788e-08 -8.80016e-23 -1.82061e-07 -1.17722e-22 0)
(4.16294e-07 6.5927e-08 0 -1.85112e-07 0 0)
(4.22182e-07 6.07913e-08 9.06331e-23 -1.87804e-07 1.18845e-22 0)
(4.27561e-07 5.55739e-08 9.17879e-23 -1.90192e-07 1.18803e-22 0)
(4.32487e-07 5.03282e-08 -9.5673e-37 -1.92333e-07 -1.22033e-36 0)
(4.36981e-07 4.50956e-08 -9.38103e-23 -1.94278e-07 -1.1776e-22 0)
(4.41087e-07 3.98895e-08 -9.46916e-23 -1.96072e-07 -1.16841e-22 0)
(4.44833e-07 3.47097e-08 0 -1.97745e-07 0 0)
(4.48239e-07 2.95466e-08 9.62272e-23 -1.99299e-07 1.14372e-22 0)
(4.5131e-07 2.43807e-08 0 -2.00698e-07 0 0)
(4.53981e-07 1.92028e-08 -1.41516e-36 -2.01823e-07 -5.95285e-37 0)
(4.56163e-07 1.39585e-08 9.79282e-23 -2.02467e-07 1.09483e-22 0)
(4.57493e-07 8.70546e-09 1.37867e-36 -2.02161e-07 1.03351e-36 0)
(4.57826e-07 2.92207e-09 3.36131e-20 -2.00465e-07 5.79536e-35 -9.91435e-50)
(3.36488e-07 7.54057e-08 6.59883e-23 -1.42461e-07 3.05832e-23 0)
(3.4675e-07 7.50566e-08 0 -1.48945e-07 0 0)
(3.57769e-07 7.35461e-08 3.93936e-37 -1.54622e-07 2.99214e-37 0)
(3.67844e-07 7.1217e-08 0 -1.59907e-07 0 0)
(3.77801e-07 6.80757e-08 -1.39293e-37 -1.6479e-07 -1.95153e-37 0)
(3.87077e-07 6.44579e-08 3.37789e-37 -1.69271e-07 -4.18548e-37 0)
(3.95878e-07 6.043e-08 0 -1.73356e-07 0 0)
(4.04037e-07 5.61664e-08 0 -1.7707e-07 0 0)
(4.11613e-07 5.17415e-08 0 -1.80434e-07 0 0)
(4.18568e-07 4.72392e-08 -6.46156e-37 -1.83484e-07 -5.41882e-37 0)
(4.24936e-07 4.26998e-08 2.97584e-38 -1.86249e-07 -2.67324e-37 0)
(4.30725e-07 3.81528e-08 3.47675e-37 -1.88766e-07 1.39603e-37 0)
(4.35965e-07 3.36038e-08 0 -1.91064e-07 0 0)
(4.40677e-07 2.90486e-08 0 -1.93161e-07 0 0)
(4.44881e-07 2.4478e-08 0 -1.9506e-07 0 0)
(4.48584e-07 1.98877e-08 3.58414e-37 -1.96728e-07 1.45492e-37 0)
(4.51738e-07 1.52982e-08 0 -1.98061e-07 0 0)
(4.54274e-07 1.07457e-08 2.03599e-36 -1.98864e-07 2.02658e-36 0)
(4.55866e-07 6.35781e-09 -3.62189e-37 -1.9868e-07 -1.46935e-37 0)
(4.56326e-07 2.05385e-09 3.35064e-20 -1.97004e-07 1.15527e-34 -1.02138e-63)
(3.10728e-07 5.92571e-08 -1.36126e-22 -1.32391e-07 -1.90591e-22 0)
(3.23237e-07 5.88655e-08 -7.47531e-24 -1.38871e-07 7.23291e-23 0)
(3.3633e-07 5.75444e-08 -1.66489e-37 -1.44883e-07 7.2574e-38 0)
(3.48656e-07 5.56353e-08 -1.57787e-37 -1.50623e-07 9.07817e-38 0)
(3.60747e-07 5.30905e-08 7.74444e-23 -1.56055e-07 1.12554e-22 0)
(3.72139e-07 5.02002e-08 -1.72933e-22 -1.61149e-07 -1.49192e-22 0)
(3.82941e-07 4.69978e-08 -1.78078e-22 -1.65886e-07 -1.5166e-22 0)
(3.93001e-07 4.36243e-08 0 -1.70262e-07 0 0)
(4.0234e-07 4.013e-08 8.63735e-23 -1.74282e-07 1.17468e-22 0)
(4.10915e-07 3.65781e-08 -1.36349e-23 -1.77956e-07 7.93511e-23 0)
(4.18741e-07 3.29939e-08 -3.46496e-38 -1.813e-07 2.73269e-37 0)
(4.25812e-07 2.93929e-08 -1.95519e-22 -1.84331e-07 -1.56299e-22 0)
(4.32147e-07 2.57722e-08 -9.27726e-23 -1.87066e-07 -1.15898e-22 0)
(4.37759e-07 2.21193e-08 -1.05347e-22 -1.89517e-07 -4.06851e-23 0)
(4.42658e-07 1.84215e-08 9.5029e-23 -1.91685e-07 1.13607e-22 0)
(4.46857e-07 1.46759e-08 -1.05932e-22 -1.93551e-07 -4.1551e-23 0)
(4.50331e-07 1.09167e-08 4.06928e-37 -1.95042e-07 -8.12911e-38 0)
(4.53048e-07 7.23491e-09 9.72594e-23 -1.9601e-07 1.0935e-22 0)
(4.5478e-07 3.83677e-09 -1.47833e-36 -1.96083e-07 -5.84892e-37 0)
(4.55342e-07 1.11553e-09 3.34302e-20 -1.94758e-07 -2.92871e-37 0)
(2.84294e-07 3.99204e-08 -1.74804e-23 -1.2019e-07 6.98502e-23 0)
(2.99685e-07 3.95091e-08 -8.38521e-23 -1.27329e-07 -2.73348e-23 0)
(3.15349e-07 3.84489e-08 2.09091e-23 -1.34241e-07 -7.62972e-23 0)
(3.30332e-07 3.70664e-08 0 -1.40928e-07 0 0)
(3.44872e-07 3.5266e-08 1.70267e-22 -1.47315e-07 1.42997e-22 0)
(3.58617e-07 3.32661e-08 7.69872e-23 -1.5336e-07 1.13485e-22 0)
(3.71599e-07 3.10728e-08 -1.81443e-22 -1.59023e-07 -1.49149e-22 0)
(3.83684e-07 2.87835e-08 -8.23685e-23 -1.64287e-07 -1.16025e-22 0)
(3.94871e-07 2.6425e-08 8.47701e-23 -1.6914e-07 1.16585e-22 0)
(4.05116e-07 2.4037e-08 -5.89226e-37 -1.73579e-07 -7.90976e-37 0)
(4.14421e-07 2.16297e-08 1.07273e-22 -1.77606e-07 3.81282e-23 0)
(4.22777e-07 1.92072e-08 3.12668e-37 -1.81227e-07 3.99844e-37 0)
(4.30187e-07 1.67592e-08 -4.24547e-37 -1.84445e-07 1.25215e-37 0)
(4.36648e-07 1.42664e-08 -1.08197e-22 -1.87262e-07 -4.02011e-23 0)
(4.42156e-07 1.17101e-08 -4.15801e-37 -1.89675e-07 1.10086e-37 0)
(4.46711e-07 9.08095e-09 2.89911e-37 -1.91671e-07 6.29361e-37 0)
(4.50286e-07 6.41058e-09 -9.66665e-23 -1.93211e-07 -1.10507e-22 0)
(4.52897e-07 3.80213e-09 1.07581e-22 -1.94234e-07 4.16977e-23 0)
(4.54444e-07 1.51276e-09 1.07485e-22 -1.9456e-07 4.17677e-23 0)
(4.54937e-07 2.81427e-10 3.3497e-20 -1.93874e-07 4.16205e-23 0)
(2.57336e-07 1.37729e-08 -4.59313e-23 -1.10801e-07 1.806e-20 1.56858e-35)
(2.76321e-07 1.3582e-08 -5.932e-23 -1.18774e-07 1.80608e-20 -2.67819e-50)
(2.95106e-07 1.31478e-08 -6.33528e-23 -1.26629e-07 1.80426e-20 -2.67613e-50)
(3.13149e-07 1.26434e-08 1.55711e-35 -1.34211e-07 1.81331e-20 0)
(3.3047e-07 1.19983e-08 7.09447e-23 -1.41473e-07 1.8231e-20 0)
(3.46804e-07 1.12978e-08 7.44513e-23 -1.48338e-07 1.82222e-20 2.67084e-50)
(3.62141e-07 1.05359e-08 -7.77438e-23 -1.54779e-07 1.79866e-20 -5.33877e-50)
(3.76368e-07 9.74704e-09 -8.07981e-23 -1.6076e-07 1.79766e-20 1.83799e-64)
(3.89482e-07 8.93977e-09 8.36132e-23 -1.66272e-07 1.81991e-20 -8.00078e-50)
(4.01443e-07 8.12683e-09 3.11341e-35 -1.71305e-07 1.80767e-20 -5.33182e-50)
(4.12255e-07 7.30881e-09 0 -1.75855e-07 1.80708e-20 0)
(4.21906e-07 6.48567e-09 -3.03283e-35 -1.7992e-07 1.80658e-20 -5.32859e-50)
(4.30389e-07 5.65141e-09 1.08891e-36 -1.83498e-07 1.80616e-20 -1.06547e-49)
(4.37687e-07 4.79669e-09 7.67084e-37 -1.86581e-07 1.80583e-20 -1.06527e-49)
(4.43764e-07 3.90921e-09 1.0906e-36 -1.8916e-07 1.80558e-20 -1.06513e-49)
(4.4859e-07 2.98329e-09 1.42051e-36 -1.91218e-07 1.80541e-20 -1.06503e-49)
(4.52093e-07 2.0256e-09 -9.70544e-23 -1.92732e-07 1.7943e-20 -5.32489e-50)
(4.54306e-07 1.07555e-09 3.10049e-35 -1.93704e-07 1.80531e-20 0)
(4.5517e-07 2.65834e-10 0 -1.94103e-07 1.80536e-20 0)
(4.55107e-07 -1.78384e-11 3.33615e-20 -1.93943e-07 1.80544e-20 0)
(5.07952e-07 3.75499e-08 1.96451e-22 -5.55733e-09 3.83302e-23 0)
(5.2287e-07 6.6693e-08 -2.62744e-23 -2.77558e-08 -8.66699e-24 0)
(5.50679e-07 9.65468e-08 -1.81166e-22 -6.40038e-08 -1.00889e-22 0)
(5.8262e-07 1.14485e-07 2.22455e-23 -1.08952e-07 1.53188e-23 0)
(6.16229e-07 1.20971e-07 -6.42498e-23 -1.57676e-07 -4.44765e-23 0)
(6.46567e-07 1.14999e-07 6.83517e-23 -2.05867e-07 7.49755e-23 0)
(6.70941e-07 9.76005e-08 2.30277e-22 -2.49911e-07 1.63843e-22 0)
(6.86762e-07 7.03394e-08 -1.04939e-22 -2.86856e-07 -7.76505e-23 0)
(6.93192e-07 3.6082e-08 -1.55024e-22 -3.15131e-07 -1.19636e-22 0)
(6.883e-07 -3.21278e-09 0 -3.30023e-07 0 0)
(4.81175e-07 3.37608e-08 6.05802e-24 -5.97049e-09 1.74839e-24 0)
(4.95431e-07 6.07742e-08 2.31561e-22 -2.6663e-08 8.89388e-23 0)
(5.21261e-07 9.02147e-08 2.49528e-22 -5.8797e-08 1.37293e-22 0)
(5.51437e-07 1.10379e-07 2.31685e-22 -9.86978e-08 1.5426e-22 0)
(5.84496e-07 1.21379e-07 -5.70175e-23 -1.42578e-07 -4.02663e-23 0)
(6.16187e-07 1.21733e-07 -2.8912e-22 -1.86968e-07 -2.37839e-22 0)
(6.44135e-07 1.11959e-07 -2.51221e-22 -2.28856e-07 -1.79811e-22 0)
(6.65385e-07 9.27425e-08 3.74028e-22 -2.65398e-07 2.93641e-22 0)
(6.78317e-07 6.65021e-08 -1.07405e-22 -2.95559e-07 -6.94363e-23 0)
(6.79606e-07 2.84231e-08 1.73536e-22 -3.16495e-07 1.38491e-22 0)
(4.57137e-07 2.97302e-08 -1.09906e-23 -6.65099e-09 -3.85252e-24 0)
(4.70965e-07 5.50528e-08 -2.02217e-22 -2.68251e-08 -7.51873e-23 0)
(4.94899e-07 8.37886e-08 -2.07236e-22 -5.63693e-08 -1.1104e-22 0)
(5.22641e-07 1.05044e-07 2.90792e-22 -9.26496e-08 1.91259e-22 0)
(5.53475e-07 1.18739e-07 2.5915e-22 -1.32742e-07 1.94263e-22 0)
(5.83807e-07 1.23092e-07 2.78396e-22 -1.7391e-07 2.27386e-22 0)
(6.11877e-07 1.18373e-07 -1.40102e-24 -2.1376e-07 2.65704e-25 0)
(6.35498e-07 1.04822e-07 -2.23511e-22 -2.49841e-07 -2.07761e-22 0)
(6.5322e-07 8.56907e-08 -3.52072e-25 -2.80954e-07 5.91101e-25 0)
(6.63923e-07 5.50888e-08 5.69605e-23 -3.04687e-07 1.6427e-23 0)
(4.35179e-07 2.52232e-08 0 -7.42347e-09 0 0)
(4.48919e-07 4.9089e-08 6.64438e-23 -2.73833e-08 1.89573e-23 0)
(4.71543e-07 7.71308e-08 -7.42643e-23 -5.46792e-08 -4.83327e-23 0)
(4.97406e-07 9.92577e-08 -1.96567e-22 -8.75128e-08 -1.35237e-22 0)
(5.26435e-07 1.15384e-07 1.44963e-22 -1.23671e-07 1.09237e-22 0)
(5.55547e-07 1.23555e-07 -2.1629e-22 -1.61048e-07 -1.74847e-22 0)
(5.83222e-07 1.23766e-07 -8.54947e-23 -1.97774e-07 -8.7484e-23 0)
(6.07736e-07 1.15497e-07 2.50694e-22 -2.31966e-07 2.14153e-22 0)
(6.2696e-07 1.01586e-07 -1.06318e-24 -2.6258e-07 3.91242e-25 0)
(6.42838e-07 7.63937e-08 3.4322e-22 -2.88692e-07 2.96754e-22 0)
(4.14603e-07 2.01791e-08 7.50339e-23 -8.19556e-09 1.01937e-23 0)
(4.28394e-07 4.27394e-08 1.05756e-22 -2.83442e-08 4.04508e-23 0)
(4.49942e-07 6.99132e-08 0 -5.41669e-08 0 0)
(4.74019e-07 9.2302e-08 -1.20669e-22 -8.44311e-08 -8.00225e-23 0)
(5.01092e-07 1.09865e-07 -9.50361e-23 -1.17473e-07 -6.9682e-23 0)
(5.286e-07 1.20619e-07 5.03944e-23 -1.51715e-07 4.14206e-23 0)
(5.55319e-07 1.24522e-07 -1.18562e-22 -1.85663e-07 -9.72254e-23 0)
(5.80237e-07 1.20847e-07 -8.37105e-23 -2.17846e-07 -5.89156e-23 0)
(6.00357e-07 1.12019e-07 -7.59951e-23 -2.46909e-07 -5.83554e-23 0)
(6.1951e-07 9.3265e-08 -3.79806e-22 -2.72514e-07 -2.96786e-22 0)
(3.95242e-07 1.46898e-08 -1.43807e-22 -8.95219e-09 -1.62117e-23 0)
(4.09242e-07 3.62288e-08 8.85551e-23 -2.94452e-08 3.05114e-23 0)
(4.30042e-07 6.26949e-08 2.59479e-22 -5.40959e-08 1.25951e-22 0)
(4.52668e-07 8.52711e-08 -8.50931e-23 -8.20976e-08 -5.20238e-23 0)
(4.77994e-07 1.03978e-07 -1.29092e-22 -1.12212e-07 -9.73313e-23 0)
(5.03863e-07 1.1683e-07 9.25479e-23 -1.4332e-07 7.8263e-23 0)
(5.29196e-07 1.23669e-07 1.06187e-22 -1.74287e-07 9.08638e-23 0)
(5.53676e-07 1.23639e-07 5.19301e-23 -2.04171e-07 4.91873e-23 0)
(5.73713e-07 1.18563e-07 2.04211e-22 -2.31606e-07 1.63849e-22 0)
(5.94593e-07 1.05324e-07 -1.40863e-22 -2.56352e-07 -1.25587e-22 0)
(3.76665e-07 8.67915e-09 0 -9.69046e-09 0 0)
(3.90953e-07 2.93752e-08 -3.78352e-23 -3.07108e-08 -2.63075e-23 0)
(4.11202e-07 5.51843e-08 9.70712e-23 -5.4605e-08 4.9693e-23 0)
(4.32583e-07 7.77699e-08 8.12943e-23 -8.08679e-08 4.8007e-23 0)
(4.5632e-07 9.72219e-08 -2.63604e-22 -1.08588e-07 -1.87875e-22 0)
(4.80617e-07 1.11633e-07 -9.23035e-23 -1.37005e-07 -7.34456e-23 0)
(5.0452e-07 1.20789e-07 2.53329e-22 -1.65234e-07 2.17203e-22 0)
(5.28267e-07 1.23899e-07 -1.63455e-22 -1.9269e-07 -1.4787e-22 0)
(5.47842e-07 1.22077e-07 7.35116e-23 -2.18059e-07 5.05111e-23 0)
(5.69214e-07 1.13659e-07 4.48592e-22 -2.41029e-07 3.98785e-22 0)
(3.58717e-07 2.21571e-09 6.17724e-23 -1.03902e-08 5.20948e-25 0)
(3.73361e-07 2.22867e-08 -1.24296e-23 -3.20119e-08 -9.35179e-24 0)
(3.9324e-07 4.76049e-08 4.00643e-25 -5.53602e-08 4.33464e-25 0)
(4.13582e-07 7.02034e-08 2.65015e-23 -8.01481e-08 2.22522e-23 0)
(4.35901e-07 9.02179e-08 -1.5192e-22 -1.05732e-07 -1.17741e-22 0)
(4.58686e-07 1.05829e-07 9.13974e-24 -1.31666e-07 3.94886e-25 0)
(4.81111e-07 1.16742e-07 -1.02679e-24 -1.5732e-07 -9.14035e-25 0)
(5.03837e-07 1.22321e-07 -3.13999e-22 -1.82415e-07 -2.82536e-22 0)
(5.2273e-07 1.23088e-07 -2.86847e-22 -2.05797e-07 -2.40947e-22 0)
(5.43893e-07 1.18672e-07 1.76121e-22 -2.2685e-07 1.68824e-22 0)
(3.41149e-07 -4.73222e-09 8.14016e-24 -1.10695e-08 6.14363e-24 0)
(3.56191e-07 1.48861e-08 -3.07138e-23 -3.33807e-08 1.49546e-23 0)
(3.75826e-07 3.98455e-08 -7.03635e-23 -5.641e-08 -2.74138e-23 0)
(3.95284e-07 6.24553e-08 2.26892e-22 -8.00169e-08 1.26136e-22 0)
(4.16346e-07 8.28808e-08 6.34128e-23 -1.03782e-07 5.57449e-23 0)
(4.37733e-07 9.94155e-08 -2.98003e-22 -1.27512e-07 -2.38679e-22 0)
(4.58757e-07 1.11702e-07 2.28428e-22 -1.50795e-07 1.99401e-22 0)
(4.80341e-07 1.19287e-07 1.50826e-22 -1.73561e-07 1.4329e-22 0)
(4.98444e-07 1.22191e-07 -2.76052e-22 -1.94895e-07 -2.32818e-22 0)
(5.18942e-07 1.21012e-07 -5.21113e-22 -2.13907e-07 -4.71107e-22 0)
(3.2382e-07 -1.21285e-08 1.19894e-23 -1.17202e-08 9.70823e-24 0)
(3.3929e-07 7.21359e-09 1.61975e-22 -3.47691e-08 4.99492e-23 0)
(3.58773e-07 3.19835e-08 1.8421e-22 -5.76154e-08 5.73516e-23 0)
(3.77454e-07 5.46596e-08 -1.45922e-22 -8.02111e-08 -7.85187e-23 0)
(3.97378e-07 7.54087e-08 1.62541e-22 -1.02353e-07 1.44834e-22 0)
(4.17449e-07 9.26403e-08 7.29617e-23 -1.24069e-07 6.46422e-23 0)
(4.3715e-07 1.05951e-07 1.8349e-22 -1.45174e-07 1.58719e-22 0)
(4.57544e-07 1.1508e-07 5.24505e-22 -1.65747e-07 4.78523e-22 0)
(4.74839e-07 1.197e-07 1.56635e-22 -1.85121e-07 1.31361e-22 0)
(4.9446e-07 1.21092e-07 -1.72104e-22 -2.02166e-07 -1.76528e-22 0)
(3.06583e-07 -1.99844e-08 -1.97473e-23 -1.23654e-08 -1.69897e-23 0)
(3.22498e-07 -7.49208e-10 1.47558e-22 -3.62084e-08 -8.16006e-24 0)
(3.41877e-07 2.39993e-08 1.10317e-22 -5.8987e-08 2.57666e-23 0)
(3.59837e-07 4.68097e-08 -1.83048e-22 -8.06992e-08 -8.45555e-23 0)
(3.78702e-07 6.78241e-08 -2.10876e-22 -1.01371e-07 -1.54244e-22 0)
(3.97533e-07 8.55747e-08 2.72485e-22 -1.21231e-07 2.24186e-22 0)
(4.16009e-07 9.96367e-08 1.69712e-22 -1.4031e-07 1.47454e-22 0)
(4.35226e-07 1.09928e-07 1.40931e-22 -1.58798e-07 1.19201e-22 0)
(4.51733e-07 1.159e-07 1.52135e-22 -1.76273e-07 1.25163e-22 0)
(4.70401e-07 1.19274e-07 -5.59207e-28 -1.91458e-07 -4.46635e-28 0)
(2.89341e-07 -2.82856e-08 -1.16493e-22 -1.30205e-08 9.03098e-24 0)
(3.05708e-07 -8.95976e-09 -1.49349e-22 -3.77121e-08 -3.93647e-23 0)
(3.2498e-07 1.59613e-08 -6.22282e-23 -6.04918e-08 -1.88088e-23 0)
(3.42207e-07 3.89917e-08 -6.59457e-23 -8.13689e-08 -3.24189e-23 0)
(3.60034e-07 6.02158e-08 -2.36965e-22 -1.00644e-07 -1.77266e-22 0)
(3.77669e-07 7.83067e-08 -1.51227e-22 -1.18747e-07 -1.18058e-22 0)
(3.95001e-07 9.28548e-08 1.22356e-22 -1.35926e-07 1.08498e-22 0)
(4.13094e-07 1.03946e-07 1.2732e-22 -1.52457e-07 1.2554e-22 0)
(4.28877e-07 1.10924e-07 2.33897e-22 -1.68129e-07 2.39104e-22 0)
(4.46623e-07 1.15772e-07 4.28385e-23 -1.81605e-07 5.18612e-23 0)
(2.72045e-07 -3.70439e-08 6.30372e-23 -1.37481e-08 -1.97265e-25 0)
(2.88847e-07 -1.7383e-08 6.59774e-23 -3.93413e-08 1.16529e-23 0)
(3.07925e-07 7.92771e-09 -4.09449e-23 -6.21222e-08 1.49895e-24 0)
(3.24319e-07 3.12702e-08 6.30192e-25 -8.21096e-08 5.44636e-25 0)
(3.41057e-07 5.26419e-08 -1.68291e-22 -9.99715e-08 -1.16491e-22 0)
(3.57509e-07 7.08906e-08 -7.1391e-23 -1.16351e-07 -6.0268e-23 0)
(3.73773e-07 8.56642e-08 1.03712e-22 -1.3171e-07 1.0161e-22 0)
(3.90828e-07 9.72126e-08 5.30148e-29 -1.46395e-07 4.16683e-29 0)
(4.05986e-07 1.04858e-07 1.04807e-28 -1.60363e-07 7.95018e-29 0)
(4.22915e-07 1.1072e-07 6.12021e-23 -1.72293e-07 1.37326e-23 0)
(2.54717e-07 -4.62644e-08 0 -1.46315e-08 0 0)
(2.71895e-07 -2.58688e-08 1.11447e-23 -4.121e-08 1.13046e-23 0)
(2.90562e-07 9.18802e-11 1.81847e-23 -6.39301e-08 1.76906e-23 0)
(3.05911e-07 2.3815e-08 6.00692e-23 -8.28931e-08 2.73579e-23 0)
(3.21428e-07 4.52036e-08 3.09421e-23 -9.92447e-08 2.6644e-23 0)
(3.36672e-07 6.33593e-08 9.94383e-25 -1.13888e-07 8.04176e-25 0)
(3.51935e-07 7.80467e-08 4.19324e-23 -1.27481e-07 3.2377e-23 0)
(3.68068e-07 8.9685e-08 -7.80109e-23 -1.40428e-07 -7.68299e-23 0)
(3.82739e-07 9.76407e-08 -1.02076e-22 -1.52805e-07 -7.25023e-23 0)
(3.99015e-07 1.04089e-07 1.43235e-22 -1.63361e-07 1.34609e-22 0)
(2.37566e-07 -5.5981e-08 0 -1.595e-08 0 0)
(2.54938e-07 -3.4254e-08 0 -4.34961e-08 0 0)
(2.72699e-07 -7.34563e-09 -5.37971e-23 -6.58202e-08 -5.43892e-23 0)
(2.86606e-07 1.67843e-08 0 -8.3367e-08 0 0)
(3.00667e-07 3.79874e-08 -1.85213e-22 -9.79551e-08 -1.31781e-22 0)
(3.14665e-07 5.57291e-08 7.93007e-23 -1.1077e-07 6.11581e-23 0)
(3.29015e-07 6.99665e-08 2.50027e-22 -1.22632e-07 2.23791e-22 0)
(3.44391e-07 8.13028e-08 1.72869e-22 -1.3396e-07 1.92039e-22 0)
(3.58779e-07 8.91916e-08 -8.28248e-23 -1.44899e-07 -8.78532e-23 0)
(3.74645e-07 9.581e-08 -3.06508e-22 -1.5429e-07 -3.13283e-22 0)
(2.20967e-07 -6.61874e-08 -3.49779e-24 -1.80072e-08 -4.86095e-24 0)
(2.38108e-07 -4.18981e-08 1.37705e-22 -4.6519e-08 -2.78576e-23 0)
(2.54078e-07 -1.37389e-08 3.3705e-23 -6.79534e-08 3.64938e-23 0)
(2.65944e-07 1.05998e-08 1.39317e-24 -8.36398e-08 1.09637e-24 0)
(2.78232e-07 3.11488e-08 -1.13835e-22 -9.61723e-08 -7.4966e-23 0)
(2.9094e-07 4.79449e-08 -2.55578e-22 -1.07076e-07 -2.05073e-22 0)
(3.04509e-07 6.12239e-08 2.83114e-22 -1.17251e-07 2.46683e-22 0)
(3.19358e-07 7.17786e-08 5.0317e-23 -1.27098e-07 3.10397e-23 0)
(3.33736e-07 7.91727e-08 1.67679e-22 -1.36768e-07 9.86604e-23 0)
(3.49503e-07 8.55356e-08 7.78533e-23 -1.45212e-07 9.06074e-23 0)
(2.06148e-07 -7.67537e-08 -3.97191e-23 -2.21764e-08 2.76941e-23 0)
(2.21785e-07 -4.82508e-08 -1.28609e-22 -5.07859e-08 3.87853e-23 0)
(2.34102e-07 -1.86336e-08 4.89807e-23 -6.96792e-08 5.75393e-23 0)
(2.42993e-07 5.45216e-09 2.07681e-23 -8.23735e-08 -2.83969e-23 0)
(2.53166e-07 2.47087e-08 1.01159e-22 -9.23326e-08 7.58104e-23 0)
(2.64665e-07 3.98927e-08 -1.92524e-22 -1.01216e-07 -1.50888e-22 0)
(2.77732e-07 5.16347e-08 1.62428e-24 -1.09838e-07 1.18931e-24 0)
(2.92434e-07 6.08926e-08 1.78403e-22 -1.18462e-07 1.70381e-22 0)
(3.07218e-07 6.73522e-08 -5.91398e-23 -1.27181e-07 -3.03219e-23 0)
(3.23324e-07 7.30353e-08 -6.19419e-23 -1.35036e-07 -3.00767e-23 0)
(1.94892e-07 -8.62639e-08 2.5183e-31 -2.93356e-08 -3.71405e-31 0)
(2.05967e-07 -5.03797e-08 9.99727e-24 -5.67262e-08 3.07164e-23 0)
(2.1188e-07 -1.99637e-08 5.51479e-23 -7.13111e-08 -9.17106e-23 0)
(2.16688e-07 2.20145e-09 -2.50764e-23 -8.03056e-08 -2.26169e-23 0)
(2.24538e-07 1.8676e-08 -1.34168e-22 -8.7456e-08 -9.83678e-23 0)
(2.3506e-07 3.11025e-08 0 -9.44207e-08 0 0)
(2.48078e-07 4.04636e-08 -1.0531e-22 -1.01732e-07 -5.36225e-23 0)
(2.63164e-07 4.77729e-08 5.59224e-23 -1.09433e-07 6.87984e-23 0)
(2.789e-07 5.27963e-08 1.19958e-22 -1.17501e-07 1.55493e-22 0)
(2.95889e-07 5.73503e-08 -6.50912e-23 -1.25075e-07 -9.16388e-23 0)
(1.9462e-07 -9.06809e-08 -1.26158e-22 -4.67994e-08 1.44942e-22 0)
(1.89434e-07 -4.70883e-08 7.4673e-23 -6.42309e-08 -5.55946e-23 0)
(1.8427e-07 -1.74286e-08 1.07743e-22 -6.89279e-08 -2.26749e-25 0)
(1.84101e-07 4.85866e-10 -3.85216e-23 -7.21325e-08 9.07566e-24 0)
(1.90238e-07 1.27421e-08 -7.40624e-23 -7.63862e-08 -5.25273e-23 0)
(2.00726e-07 2.13324e-08 -4.77063e-23 -8.19039e-08 -2.23301e-23 0)
(2.14645e-07 2.75991e-08 0 -8.86002e-08 0 0)
(2.31013e-07 3.24203e-08 -6.48092e-23 -9.61135e-08 -2.44812e-23 0)
(2.48491e-07 3.56206e-08 7.04161e-23 -1.04261e-07 2.50454e-23 0)
(2.67087e-07 3.86695e-08 -4.08594e-28 -1.12272e-07 -1.38308e-28 0)
(2.15658e-07 -5.22604e-08 6.07442e-23 -7.58905e-08 1.82243e-20 -6.08489e-35)
(1.65931e-07 -2.11117e-08 2.7526e-22 -6.92721e-08 1.82213e-20 6.07527e-35)
(1.48643e-07 -6.8039e-09 2.44443e-22 -6.4115e-08 1.83674e-20 -5.99144e-35)
(1.43372e-07 3.6942e-11 3.96479e-22 -6.25648e-08 1.83424e-20 -1.94091e-35)
(1.49299e-07 4.4313e-09 4.01607e-22 -6.51964e-08 1.83096e-20 1.9294e-35)
(1.60958e-07 7.37355e-09 3.70591e-22 -7.01733e-08 1.8219e-20 1.8371e-35)
(1.7695e-07 9.50188e-09 4.76498e-22 -7.69382e-08 1.82626e-20 -2.69453e-38)
(1.95673e-07 1.11522e-08 3.98599e-22 -8.48091e-08 1.82187e-20 1.73274e-35)
(2.15845e-07 1.22334e-08 4.85708e-22 -9.33789e-08 1.82903e-20 6.70154e-38)
(2.36939e-07 1.33285e-08 1.85143e-22 -1.02163e-07 1.82241e-20 3.17705e-35)
)
;

boundaryField
{
    left
    {
        type            calculated;
        value           nonuniform List<symmTensor> 
30
(
(5.05455e-07 1.60542e-08 1.96451e-22 -5.55733e-09 3.83302e-23 0)
(4.78506e-07 1.42974e-08 6.05802e-24 -5.97049e-09 1.74839e-24 0)
(4.54279e-07 1.1974e-08 -1.09906e-23 -6.65099e-09 -3.85252e-24 0)
(4.32079e-07 8.7936e-09 0 -7.42347e-09 0 0)
(4.11257e-07 4.81332e-09 7.50339e-23 -8.19556e-09 1.01937e-23 0)
(3.91641e-07 1.4729e-10 -1.43807e-22 -8.95219e-09 -1.62117e-23 0)
(3.72813e-07 -5.23311e-09 0 -9.69046e-09 0 0)
(3.54619e-07 -1.12287e-08 6.17724e-23 -1.03902e-08 5.20948e-25 0)
(3.36809e-07 -1.78474e-08 8.14016e-24 -1.10695e-08 6.14363e-24 0)
(3.19244e-07 -2.50306e-08 1.19894e-23 -1.17202e-08 9.70823e-24 0)
(3.01771e-07 -3.27747e-08 -1.97473e-23 -1.23654e-08 -1.69897e-23 0)
(2.84285e-07 -4.1056e-08 -1.16493e-22 -1.30205e-08 9.03098e-24 0)
(2.66725e-07 -4.98827e-08 6.30372e-23 -1.37481e-08 -1.97265e-25 0)
(2.49084e-07 -5.92938e-08 0 -1.46315e-08 0 0)
(2.31527e-07 -6.93651e-08 0 -1.595e-08 0 0)
(2.14421e-07 -8.03532e-08 -3.49779e-24 -1.80072e-08 -4.86095e-24 0)
(1.99125e-07 -9.23726e-08 -3.97191e-23 -2.21764e-08 2.76941e-23 0)
(1.88562e-07 -1.05544e-07 2.5183e-31 -2.93356e-08 -3.71405e-31 0)
(1.96996e-07 -1.16857e-07 -1.26158e-22 -4.67994e-08 1.44942e-22 0)
(2.54913e-07 -9.79717e-08 5.65372e-24 -7.58905e-08 1.82243e-20 -6.08489e-35)
(1.88511e-06 3.55129e-07 5.08306e-22 -5.59567e-07 2.82132e-20 1.21936e-34)
(1.29843e-06 1.88236e-07 -7.43399e-23 -2.52182e-07 -1.28881e-22 0)
(1.04625e-06 8.56114e-08 3.37852e-22 -1.05531e-07 1.43028e-22 0)
(8.96109e-07 3.41326e-08 1.73471e-23 -5.20352e-08 2.43778e-23 0)
(7.95041e-07 1.91005e-08 5.92746e-28 -2.44315e-08 5.51992e-28 0)
(7.18078e-07 1.31663e-08 3.23327e-22 -1.33638e-08 5.77171e-23 0)
(6.58796e-07 1.3419e-08 5.00064e-24 -7.46725e-09 1.45679e-24 0)
(6.10246e-07 1.45368e-08 2.47794e-22 -5.49462e-09 4.66889e-23 0)
(5.70205e-07 1.55856e-08 -2.73176e-24 -4.62179e-09 -1.7163e-25 0)
(5.35048e-07 1.6664e-08 -4.15997e-24 -4.95982e-09 -8.55945e-25 0)
)
;
    }
    right
    {
        type            calculated;
        value           nonuniform List<symmTensor> 
30
(
(4.54948e-07 1.60856e-10 6.60381e-20 -1.93845e-07 1.76251e-20 -8.23305e-35)
(4.54887e-07 1.60454e-10 6.64814e-20 -1.93703e-07 4.78768e-22 7.37033e-35)
(4.55466e-07 1.60037e-10 6.66062e-20 -1.95053e-07 4.74232e-22 5.4944e-38)
(4.56961e-07 1.59378e-10 6.62148e-20 -1.98533e-07 1.06275e-22 -1.06515e-34)
(4.59193e-07 1.56415e-10 6.73883e-20 -2.03733e-07 1.15166e-21 1.0552e-34)
(4.62016e-07 1.54802e-10 6.77554e-20 -2.10308e-07 9.26553e-22 -7.64221e-37)
(4.65179e-07 1.51928e-10 6.81008e-20 -2.17672e-07 9.30886e-22 -3.13148e-37)
(4.68452e-07 1.47702e-10 6.88004e-20 -2.25294e-07 1.02308e-21 -8.3155e-37)
(4.7161e-07 1.45436e-10 6.8589e-20 -2.32651e-07 5.31677e-22 -6.28011e-35)
(4.74451e-07 1.43215e-10 6.91164e-20 -2.39267e-07 4.85442e-22 -2.65953e-37)
(4.76782e-07 1.41267e-10 6.96771e-20 -2.44695e-07 1.83197e-22 3.09944e-37)
(4.78514e-07 1.40025e-10 6.99456e-20 -2.48731e-07 -9.81178e-37 -2.06101e-49)
(4.79687e-07 1.38818e-10 7.00181e-20 -2.51461e-07 -5.39832e-23 -1.54991e-49)
(4.80323e-07 1.3806e-10 7.01339e-20 -2.52941e-07 -5.43008e-23 0)
(4.80319e-07 1.38759e-10 7.04947e-20 -2.52929e-07 1.08597e-22 0)
(4.79718e-07 1.38549e-10 7.02129e-20 -2.51531e-07 5.96686e-35 -1.03444e-49)
(4.78614e-07 1.40422e-10 7.00807e-20 -2.48963e-07 -1.11322e-36 -2.065e-49)
(4.77009e-07 1.40473e-10 6.99833e-20 -2.45219e-07 5.26431e-23 1.71187e-64)
(4.74987e-07 1.4205e-10 6.95119e-20 -2.40514e-07 -5.1633e-23 -1.53848e-49)
(4.72634e-07 1.44556e-10 6.93072e-20 -2.35033e-07 5.89206e-35 -1.0211e-49)
(4.70052e-07 1.47171e-10 6.89629e-20 -2.2902e-07 -3.38747e-37 0)
(4.67352e-07 1.49971e-10 6.85997e-20 -2.22732e-07 -3.29446e-37 0)
(4.64653e-07 1.52911e-10 6.82349e-20 -2.16447e-07 -1.60075e-37 0)
(4.62077e-07 1.55161e-10 6.78857e-20 -2.1045e-07 -5.84391e-35 -1.00016e-49)
(4.59753e-07 1.55771e-10 6.75655e-20 -2.05036e-07 -2.7062e-37 -1.99089e-49)
(4.57791e-07 1.58004e-10 6.72933e-20 -2.00465e-07 5.79536e-35 -9.91435e-50)
(4.56304e-07 1.5935e-10 6.70797e-20 -1.97004e-07 1.15527e-34 -1.02138e-63)
(4.5534e-07 1.59226e-10 6.69271e-20 -1.94758e-07 -2.92871e-37 0)
(4.5496e-07 1.60968e-10 6.69531e-20 -1.93874e-07 4.16205e-23 0)
(4.54989e-07 1.60507e-10 6.67896e-20 -1.93943e-07 1.80544e-20 0)
)
;
    }
    down
    {
        type            calculated;
        value           nonuniform List<symmTensor> 
30
(
(-2.03477e-09 1.94519e-10 3.75071e-20 1.60246e-09 3.72645e-20 1.74804e-34)
(1.85336e-09 1.93878e-10 -2.07178e-23 -6.22547e-11 3.7046e-20 1.59163e-36)
(2.10047e-08 1.93008e-10 -2.38394e-22 -8.25881e-09 3.63051e-20 1.98304e-35)
(5.11967e-08 1.90899e-10 -2.20477e-24 -2.11818e-08 3.65408e-20 0)
(8.5969e-08 1.88176e-10 -3.36586e-23 -3.60644e-08 3.61366e-20 -1.58958e-36)
(1.22316e-07 1.85218e-10 -3.26148e-22 -5.16217e-08 3.64471e-20 3.32206e-35)
(1.57824e-07 1.82785e-10 7.09277e-23 -6.68202e-08 3.68003e-20 1.58717e-36)
(1.91676e-07 1.79867e-10 -2.17048e-22 -8.13082e-08 3.65441e-20 3.01736e-35)
(2.22728e-07 1.7817e-10 1.7202e-22 -9.45992e-08 3.65875e-20 -1.30936e-35)
(2.51493e-07 1.75637e-10 5.19249e-22 -1.06912e-07 3.6465e-20 -3.94891e-35)
(2.7739e-07 1.73819e-10 8.25855e-22 -1.17996e-07 3.667e-20 -1.17542e-35)
(2.99955e-07 1.71761e-10 9.36928e-22 -1.27655e-07 3.63937e-20 -2.58315e-35)
(3.20681e-07 1.70006e-10 5.32273e-22 -1.36525e-07 3.59314e-20 -1.50706e-35)
(3.39316e-07 1.69184e-10 5.72509e-22 -1.44501e-07 3.61562e-20 -6.61485e-37)
(3.56126e-07 1.6796e-10 3.38442e-22 -1.51696e-07 3.61743e-20 3.92944e-35)
(3.7119e-07 1.67516e-10 5.9964e-22 -1.58144e-07 3.62558e-20 0)
(3.84692e-07 1.65323e-10 5.65445e-22 -1.63923e-07 3.62398e-20 0)
(3.96727e-07 1.64528e-10 6.41424e-22 -1.69074e-07 3.63608e-20 5.10783e-37)
(4.07437e-07 1.63797e-10 5.94145e-22 -1.73658e-07 3.62478e-20 -1.33539e-35)
(4.16903e-07 1.63004e-10 6.93079e-22 -1.77709e-07 3.64736e-20 8.66531e-37)
(4.2522e-07 1.62684e-10 7.22465e-22 -1.81269e-07 3.63002e-20 -4.04605e-35)
(4.32446e-07 1.62091e-10 2.89829e-22 -1.84361e-07 3.61397e-20 1.35545e-35)
(4.38632e-07 1.61659e-10 6.54665e-22 -1.87009e-07 3.62832e-20 -4.08688e-35)
(4.4381e-07 1.61881e-10 -5.39387e-23 -1.89226e-07 3.5733e-20 -8.20729e-37)
(4.47994e-07 1.60853e-10 3.02322e-22 -1.91017e-07 3.62588e-20 1.39949e-35)
(4.51207e-07 1.60998e-10 2.42428e-22 -1.92392e-07 3.61474e-20 -3.31326e-45)
(4.53438e-07 1.61053e-10 7.84863e-23 -1.93346e-07 3.59956e-20 -1.49499e-37)
(4.54771e-07 1.61178e-10 2.93218e-22 -1.93917e-07 3.62873e-20 1.0728e-37)
(4.55198e-07 1.60905e-10 1.90162e-22 -1.94101e-07 3.59536e-20 -4.22816e-35)
(4.55051e-07 1.60137e-10 3.27451e-20 -1.94037e-07 3.56109e-20 -8.23305e-35)
)
;
    }
    up
    {
        type            calculated;
        value           nonuniform List<symmTensor> 
30
(
(2.15658e-07 1.78168e-10 6.07442e-23 -9.1573e-08 3.65694e-20 -6.08489e-35)
(1.65931e-07 1.81741e-10 2.7526e-22 -7.02899e-08 3.65707e-20 6.07527e-35)
(1.48643e-07 1.83255e-10 2.44443e-22 -6.2891e-08 3.67069e-20 -5.99144e-35)
(1.43372e-07 1.84012e-10 3.96479e-22 -6.06342e-08 3.66675e-20 -1.94091e-35)
(1.49299e-07 1.83571e-10 4.01607e-22 -6.31701e-08 3.66158e-20 1.9294e-35)
(1.60958e-07 1.82275e-10 3.70591e-22 -6.81614e-08 3.65062e-20 1.8371e-35)
(1.7695e-07 1.81518e-10 4.76498e-22 -7.50059e-08 3.65317e-20 -2.69453e-38)
(1.95673e-07 1.79173e-10 3.98599e-22 -8.30201e-08 3.64719e-20 1.73274e-35)
(2.15845e-07 1.76998e-10 4.85708e-22 -9.16541e-08 3.65296e-20 6.70154e-38)
(2.36939e-07 1.76944e-10 1.85143e-22 -1.00682e-07 3.6451e-20 3.17705e-35)
(2.57336e-07 1.7542e-10 -4.59313e-23 -1.09412e-07 3.62719e-20 1.56858e-35)
(2.76321e-07 1.73919e-10 -5.932e-23 -1.17538e-07 3.62574e-20 -2.67819e-50)
(2.95106e-07 1.71886e-10 -6.33528e-23 -1.25579e-07 3.62252e-20 -2.67613e-50)
(3.13149e-07 1.71066e-10 1.55711e-35 -1.33301e-07 3.63027e-20 0)
(3.3047e-07 1.69015e-10 7.09447e-23 -1.40715e-07 3.63886e-20 0)
(3.46804e-07 1.69009e-10 7.44513e-23 -1.47706e-07 3.63689e-20 2.67084e-50)
(3.62141e-07 1.67626e-10 -7.77438e-23 -1.54271e-07 3.61233e-20 -5.33877e-50)
(3.76368e-07 1.65648e-10 -8.07981e-23 -1.6036e-07 3.61045e-20 1.83799e-64)
(3.89482e-07 1.64877e-10 8.36132e-23 -1.65972e-07 3.63192e-20 -8.00078e-50)
(4.01443e-07 1.6474e-10 3.11341e-35 -1.71092e-07 3.61899e-20 -5.33182e-50)
(4.12255e-07 1.6336e-10 0 -1.75721e-07 3.6178e-20 0)
(4.21906e-07 1.62267e-10 -3.03283e-35 -1.7985e-07 3.6168e-20 -5.32859e-50)
(4.30389e-07 1.61622e-10 1.08891e-36 -1.83482e-07 3.61596e-20 -1.06547e-49)
(4.37687e-07 1.62475e-10 7.67084e-37 -1.86604e-07 3.61529e-20 -1.06527e-49)
(4.43764e-07 1.60913e-10 1.0906e-36 -1.89207e-07 3.6148e-20 -1.06513e-49)
(4.4859e-07 1.61001e-10 1.42051e-36 -1.91271e-07 3.61445e-20 -1.06503e-49)
(4.52093e-07 1.59991e-10 -9.70544e-23 -1.92771e-07 3.60326e-20 -5.32489e-50)
(4.54306e-07 1.59548e-10 3.10049e-35 -1.93719e-07 3.61426e-20 0)
(4.5517e-07 1.60903e-10 0 -1.94088e-07 3.61435e-20 0)
(4.55107e-07 1.60456e-10 3.33615e-20 -1.94061e-07 3.61451e-20 0)
)
;
    }
    hole
    {
        type            calculated;
        value           nonuniform List<symmTensor> 
20
(
(2.78477e-07 -5.77533e-07 1.43549e-19 1.86219e-07 1.56203e-19 2.13048e-34)
(4.31922e-07 -6.60623e-07 1.4226e-19 1.1308e-07 1.81541e-19 1.22138e-35)
(6.10076e-07 -7.18024e-07 1.3504e-19 1.34242e-08 2.02101e-19 0)
(8.05243e-07 -7.42454e-07 1.1888e-19 -1.06603e-07 2.13085e-19 -6.44315e-36)
(1.00661e-06 -7.27876e-07 9.79082e-20 -2.38563e-07 2.12841e-19 -1.2387e-34)
(1.20547e-06 -6.73504e-07 7.30482e-20 -3.73361e-07 2.00062e-19 -1.29659e-34)
(1.38731e-06 -5.77824e-07 5.07979e-20 -4.99977e-07 1.76036e-19 -2.79461e-34)
(1.55389e-06 -4.48614e-07 2.9973e-20 -6.13355e-07 1.42049e-19 -1.14141e-35)
(1.68056e-06 -2.85561e-07 1.26876e-20 -6.99226e-07 1.00234e-19 1.17163e-34)
(1.79344e-06 -1.00609e-07 2.71929e-21 -7.64604e-07 5.64203e-20 1.21936e-34)
(1.06392e-10 2.2014e-10 7.51392e-20 3.17446e-10 2.19771e-20 1.74804e-34)
(9.31026e-11 2.68461e-10 7.77793e-20 3.35917e-10 9.49174e-21 4.79661e-35)
(-6.16894e-09 -4.24973e-09 7.90059e-20 1.61261e-08 1.57081e-20 -2.13293e-36)
(-1.77807e-08 -2.02582e-08 8.15591e-20 4.97328e-08 2.27226e-20 -3.76804e-35)
(-2.95821e-08 -5.31082e-08 8.34216e-20 9.58379e-08 3.13822e-20 8.07919e-35)
(-3.48191e-08 -1.06267e-07 9.03145e-20 1.47394e-07 4.12691e-20 -9.2979e-35)
(-2.55887e-08 -1.79721e-07 1.01916e-19 1.94971e-07 5.66238e-20 -7.69222e-35)
(5.53526e-09 -2.70559e-07 1.16172e-19 2.29537e-07 7.6441e-20 -1.27143e-34)
(6.45827e-08 -3.72789e-07 1.28423e-19 2.43006e-07 1.01287e-19 1.49905e-34)
(1.55289e-07 -4.78324e-07 1.38052e-19 2.29589e-07 1.27704e-19 1.98353e-35)
)
;
    }
    frontAndBack
    {
        type            empty;
    }
}


// ************************************************************************* //
