/*--------------------------------*- C++ -*----------------------------------*\
  =========                 |
  \\      /  F ield         | OpenFOAM: The Open Source CFD Toolbox
   \\    /   O peration     | Website:  https://openfoam.org
    \\  /    A nd           | Version:  9
     \\/     M anipulation  |
\*---------------------------------------------------------------------------*/
FoamFile
{
    format      ascii;
    class       pointVectorField;
    location    "1";
    object      pointD;
}
// * * * * * * * * * * * * * * * * * * * * * * * * * * * * * * * * * * * * * //

dimensions      [0 1 0 0 0 0 0];

internalField   nonuniform List<vector> 
2142
(
(7.40922e-07 2.16569e-07 -1.015e-20)
(6.86739e-07 2.50836e-07 0)
(6.48873e-07 2.75293e-07 0)
(6.21325e-07 2.95176e-07 0)
(6.01505e-07 3.11479e-07 0)
(5.8745e-07 3.25527e-07 0)
(5.77755e-07 3.37887e-07 0)
(5.71431e-07 3.49065e-07 0)
(5.67712e-07 3.59362e-07 0)
(5.66042e-07 3.68983e-07 0)
(5.66393e-07 3.79432e-07 0)
(6.76989e-07 1.98671e-07 -1.12539e-20)
(6.19642e-07 2.25678e-07 0)
(5.79896e-07 2.44722e-07 0)
(5.51151e-07 2.60348e-07 0)
(5.30523e-07 2.73134e-07 0)
(5.1587e-07 2.84203e-07 0)
(5.05671e-07 2.93951e-07 0)
(4.98876e-07 3.02805e-07 0)
(4.94656e-07 3.10963e-07 0)
(4.92434e-07 3.18674e-07 0)
(4.82617e-07 3.19096e-07 0)
(6.1046e-07 1.81073e-07 -1.20338e-20)
(5.51561e-07 1.99997e-07 0)
(5.10991e-07 2.13214e-07 0)
(4.81815e-07 2.24385e-07 0)
(4.60958e-07 2.33595e-07 0)
(4.46151e-07 2.41709e-07 0)
(4.35795e-07 2.48914e-07 0)
(4.28793e-07 2.55526e-07 0)
(4.24289e-07 2.61632e-07 0)
(4.21661e-07 2.6747e-07 0)
(4.12866e-07 2.66916e-07 0)
(5.41602e-07 1.63933e-07 -1.23587e-20)
(4.82897e-07 1.74308e-07 0)
(4.4265e-07 1.81498e-07 0)
(4.13883e-07 1.88167e-07 0)
(3.93431e-07 1.93861e-07 0)
(3.78961e-07 1.99147e-07 0)
(3.68836e-07 2.03978e-07 0)
(3.61937e-07 2.08537e-07 0)
(3.5741e-07 2.12795e-07 0)
(3.54627e-07 2.16933e-07 0)
(3.4703e-07 2.15717e-07 0)
(4.70663e-07 1.47347e-07 -1.21426e-20)
(4.13935e-07 1.49097e-07 0)
(3.75211e-07 1.50302e-07 0)
(3.47749e-07 1.52599e-07 0)
(3.28386e-07 1.54972e-07 0)
(3.14778e-07 1.57664e-07 0)
(3.05293e-07 1.60372e-07 0)
(2.98818e-07 1.63133e-07 0)
(2.94532e-07 1.65799e-07 0)
(2.91814e-07 1.68473e-07 0)
(2.85472e-07 1.66885e-07 0)
(3.97974e-07 1.31308e-07 -1.13592e-20)
(3.44895e-07 1.24748e-07 0)
(3.08898e-07 1.20275e-07 0)
(2.83676e-07 1.18546e-07 0)
(2.66122e-07 1.17964e-07 0)
(2.5392e-07 1.18432e-07 0)
(2.45484e-07 1.19378e-07 0)
(2.39744e-07 1.20681e-07 0)
(2.35935e-07 1.22077e-07 0)
(2.33471e-07 1.23583e-07 0)
(2.28378e-07 1.21906e-07 0)
(3.23752e-07 1.15642e-07 -1.00387e-20)
(2.75794e-07 1.01478e-07 0)
(2.43755e-07 9.19336e-08 0)
(2.21758e-07 8.68029e-08 0)
(2.06766e-07 8.38511e-08 0)
(1.96519e-07 8.26281e-08 0)
(1.89525e-07 8.22844e-08 0)
(1.84801e-07 8.2548e-08 0)
(1.81669e-07 8.30519e-08 0)
(1.7961e-07 8.37302e-08 0)
(1.75716e-07 8.22284e-08 0)
(2.48628e-07 9.98818e-08 -8.28375e-21)
(2.0672e-07 7.91939e-08 0)
(1.79882e-07 6.56069e-08 0)
(1.62146e-07 5.81043e-08 0)
(1.5045e-07 5.36595e-08 0)
(1.42647e-07 5.1467e-08 0)
(1.3741e-07 5.04189e-08 0)
(1.33905e-07 5.01209e-08 0)
(1.31584e-07 5.01398e-08 0)
(1.30031e-07 5.03502e-08 0)
(1.27252e-07 4.92377e-08 0)
(1.73007e-07 8.26188e-08 -6.215e-21)
(1.37351e-07 5.70712e-08 0)
(1.17275e-07 4.12861e-08 0)
(1.04887e-07 3.31068e-08 0)
(9.71286e-08 2.84527e-08 0)
(9.21282e-08 2.61986e-08 0)
(8.88315e-08 2.50921e-08 0)
(8.66435e-08 2.47011e-08 0)
(8.51856e-08 2.46004e-08 0)
(8.41808e-08 2.46533e-08 0)
(8.24104e-08 2.40434e-08 0)
(1.01642e-07 6.08412e-08 -3.98438e-21)
(6.82721e-08 3.36145e-08 0)
(5.68675e-08 1.96366e-08 0)
(5.07595e-08 1.3362e-08 0)
(4.71758e-08 1.01481e-08 0)
(4.49373e-08 8.74948e-09 0)
(4.34656e-08 8.12919e-09 0)
(4.24848e-08 7.95933e-09 0)
(4.18151e-08 7.94938e-09 0)
(4.13309e-08 8.01122e-09 0)
(4.04597e-08 7.83508e-09 0)
(3.41706e-08 2.41933e-08 -1.429e-21)
(0 0 0)
(0 0 0)
(0 0 0)
(0 0 0)
(0 0 0)
(0 0 0)
(0 0 0)
(0 0 0)
(0 0 0)
(0 0 0)
(7.40922e-07 2.16569e-07 -1.015e-20)
(6.86739e-07 2.50836e-07 0)
(6.48873e-07 2.75293e-07 0)
(6.21325e-07 2.95176e-07 0)
(6.01505e-07 3.11479e-07 0)
(5.8745e-07 3.25527e-07 0)
(5.77755e-07 3.37887e-07 0)
(5.71431e-07 3.49065e-07 0)
(5.67712e-07 3.59362e-07 0)
(5.66042e-07 3.68983e-07 0)
(5.66393e-07 3.79432e-07 0)
(6.76989e-07 1.98671e-07 -1.12539e-20)
(6.19642e-07 2.25678e-07 0)
(5.79896e-07 2.44722e-07 0)
(5.51151e-07 2.60348e-07 0)
(5.30523e-07 2.73134e-07 0)
(5.1587e-07 2.84203e-07 0)
(5.05671e-07 2.93951e-07 0)
(4.98876e-07 3.02805e-07 0)
(4.94656e-07 3.10963e-07 0)
(4.92434e-07 3.18674e-07 0)
(4.82617e-07 3.19096e-07 0)
(6.1046e-07 1.81073e-07 -1.20338e-20)
(5.51561e-07 1.99997e-07 0)
(5.10991e-07 2.13214e-07 0)
(4.81815e-07 2.24385e-07 0)
(4.60958e-07 2.33595e-07 0)
(4.46151e-07 2.41709e-07 0)
(4.35795e-07 2.48914e-07 0)
(4.28793e-07 2.55526e-07 0)
(4.24289e-07 2.61632e-07 0)
(4.21661e-07 2.6747e-07 0)
(4.12866e-07 2.66916e-07 0)
(5.41602e-07 1.63933e-07 -1.23587e-20)
(4.82897e-07 1.74308e-07 0)
(4.4265e-07 1.81498e-07 0)
(4.13883e-07 1.88167e-07 0)
(3.93431e-07 1.93861e-07 0)
(3.78961e-07 1.99147e-07 0)
(3.68836e-07 2.03978e-07 0)
(3.61937e-07 2.08537e-07 0)
(3.5741e-07 2.12795e-07 0)
(3.54627e-07 2.16933e-07 0)
(3.4703e-07 2.15717e-07 0)
(4.70663e-07 1.47347e-07 -1.21426e-20)
(4.13935e-07 1.49097e-07 0)
(3.75211e-07 1.50302e-07 0)
(3.47749e-07 1.52599e-07 0)
(3.28386e-07 1.54972e-07 0)
(3.14778e-07 1.57664e-07 0)
(3.05293e-07 1.60372e-07 0)
(2.98818e-07 1.63133e-07 0)
(2.94532e-07 1.65799e-07 0)
(2.91814e-07 1.68473e-07 0)
(2.85472e-07 1.66885e-07 0)
(3.97974e-07 1.31308e-07 -1.13592e-20)
(3.44895e-07 1.24748e-07 0)
(3.08898e-07 1.20275e-07 0)
(2.83676e-07 1.18546e-07 0)
(2.66122e-07 1.17964e-07 0)
(2.5392e-07 1.18432e-07 0)
(2.45484e-07 1.19378e-07 0)
(2.39744e-07 1.20681e-07 0)
(2.35935e-07 1.22077e-07 0)
(2.33471e-07 1.23583e-07 0)
(2.28378e-07 1.21906e-07 0)
(3.23752e-07 1.15642e-07 -1.00387e-20)
(2.75794e-07 1.01478e-07 0)
(2.43755e-07 9.19336e-08 0)
(2.21758e-07 8.68029e-08 0)
(2.06766e-07 8.38511e-08 0)
(1.96519e-07 8.26281e-08 0)
(1.89525e-07 8.22844e-08 0)
(1.84801e-07 8.2548e-08 0)
(1.81669e-07 8.30519e-08 0)
(1.7961e-07 8.37302e-08 0)
(1.75716e-07 8.22284e-08 0)
(2.48628e-07 9.98818e-08 -8.28375e-21)
(2.0672e-07 7.91939e-08 0)
(1.79882e-07 6.56069e-08 0)
(1.62146e-07 5.81043e-08 0)
(1.5045e-07 5.36595e-08 0)
(1.42647e-07 5.1467e-08 0)
(1.3741e-07 5.04189e-08 0)
(1.33905e-07 5.01209e-08 0)
(1.31584e-07 5.01398e-08 0)
(1.30031e-07 5.03502e-08 0)
(1.27252e-07 4.92377e-08 0)
(1.73007e-07 8.26188e-08 -6.215e-21)
(1.37351e-07 5.70712e-08 0)
(1.17275e-07 4.12861e-08 0)
(1.04887e-07 3.31068e-08 0)
(9.71286e-08 2.84527e-08 0)
(9.21282e-08 2.61986e-08 0)
(8.88315e-08 2.50921e-08 0)
(8.66435e-08 2.47011e-08 0)
(8.51856e-08 2.46004e-08 0)
(8.41808e-08 2.46533e-08 0)
(8.24104e-08 2.40434e-08 0)
(1.01642e-07 6.08412e-08 -3.98438e-21)
(6.82721e-08 3.36145e-08 0)
(5.68675e-08 1.96366e-08 0)
(5.07595e-08 1.3362e-08 0)
(4.71758e-08 1.01481e-08 0)
(4.49373e-08 8.74948e-09 0)
(4.34656e-08 8.12919e-09 0)
(4.24848e-08 7.95933e-09 0)
(4.18151e-08 7.94938e-09 0)
(4.13309e-08 8.01122e-09 0)
(4.04597e-08 7.83508e-09 0)
(3.41706e-08 2.41933e-08 -1.429e-21)
(0 0 0)
(0 0 0)
(0 0 0)
(0 0 0)
(0 0 0)
(0 0 0)
(0 0 0)
(0 0 0)
(0 0 0)
(0 0 0)
(1.20227e-06 3.55588e-07 -2.69464e-21)
(1.21083e-06 3.90084e-07 -1.57678e-21)
(1.20977e-06 4.34449e-07 -1.72003e-21)
(1.20905e-06 4.75606e-07 -1.86287e-21)
(1.20975e-06 5.13488e-07 -2.00512e-21)
(1.21229e-06 5.48479e-07 -2.14687e-21)
(1.21681e-06 5.81033e-07 -2.28821e-21)
(1.22329e-06 6.11609e-07 -2.42925e-21)
(1.23166e-06 6.4059e-07 -2.57007e-21)
(1.24172e-06 6.6834e-07 -2.71075e-21)
(1.25338e-06 6.95004e-07 -2.81256e-21)
(1.17555e-06 3.42242e-07 -3.94347e-21)
(1.17186e-06 3.88567e-07 0)
(1.16879e-06 4.32653e-07 0)
(1.16714e-06 4.73205e-07 0)
(1.16734e-06 5.10239e-07 0)
(1.16951e-06 5.4421e-07 0)
(1.17365e-06 5.75619e-07 0)
(1.17964e-06 6.04965e-07 0)
(1.18738e-06 6.32662e-07 0)
(1.19669e-06 6.59099e-07 0)
(1.20812e-06 6.84597e-07 0)
(1.13917e-06 3.36609e-07 -4.05337e-21)
(1.13151e-06 3.83956e-07 0)
(1.12529e-06 4.27637e-07 0)
(1.1213e-06 4.67341e-07 0)
(1.11971e-06 5.03293e-07 0)
(1.12045e-06 5.36056e-07 0)
(1.12336e-06 5.6618e-07 0)
(1.12822e-06 5.94194e-07 0)
(1.13485e-06 6.20526e-07 0)
(1.143e-06 6.45591e-07 0)
(1.15413e-06 6.69975e-07 0)
(1.10062e-06 3.27475e-07 -4.17818e-21)
(1.08815e-06 3.76375e-07 0)
(1.07818e-06 4.19495e-07 0)
(1.07122e-06 4.58038e-07 0)
(1.06724e-06 4.92558e-07 0)
(1.06602e-06 5.23806e-07 0)
(1.06724e-06 5.52389e-07 0)
(1.07059e-06 5.78868e-07 0)
(1.0758e-06 6.03677e-07 0)
(1.08256e-06 6.27241e-07 0)
(1.09337e-06 6.50541e-07 0)
(1.0592e-06 3.15686e-07 -4.40801e-21)
(1.04112e-06 3.65933e-07 0)
(1.02698e-06 4.08247e-07 0)
(1.01671e-06 4.4534e-07 0)
(1.01005e-06 4.78124e-07 0)
(1.00661e-06 5.0757e-07 0)
(1.00591e-06 5.34358e-07 0)
(1.00754e-06 5.59077e-07 0)
(1.01118e-06 5.82172e-07 0)
(1.01642e-06 6.04067e-07 0)
(1.02695e-06 6.26286e-07 0)
(1.01453e-06 3.0181e-07 -4.8305e-21)
(9.9018e-07 3.52681e-07 0)
(9.71627e-07 3.93758e-07 0)
(9.57919e-07 4.29051e-07 0)
(9.48523e-07 4.59788e-07 0)
(9.42799e-07 4.87156e-07 0)
(9.40144e-07 5.11905e-07 0)
(9.40035e-07 5.34652e-07 0)
(9.42074e-07 5.55851e-07 0)
(9.45803e-07 5.75916e-07 0)
(9.56129e-07 5.97067e-07 0)
(9.66456e-07 2.86361e-07 -5.50461e-21)
(9.35461e-07 3.36741e-07 0)
(9.12401e-07 3.75993e-07 0)
(8.95298e-07 4.09091e-07 0)
(8.83242e-07 4.37483e-07 0)
(8.7533e-07 4.62534e-07 0)
(8.70804e-07 4.85041e-07 0)
(8.69034e-07 5.05641e-07 0)
(8.69556e-07 5.24789e-07 0)
(8.71845e-07 5.42885e-07 0)
(8.82077e-07 5.62991e-07 0)
(9.14956e-07 2.69758e-07 -6.44151e-21)
(8.77277e-07 3.18287e-07 0)
(8.49821e-07 3.54995e-07 0)
(8.29502e-07 3.85457e-07 0)
(8.1498e-07 4.1121e-07 0)
(8.05072e-07 4.33734e-07 0)
(7.98851e-07 4.53834e-07 0)
(7.95584e-07 4.72152e-07 0)
(7.94735e-07 4.89135e-07 0)
(7.95729e-07 5.05152e-07 0)
(8.05982e-07 5.2425e-07 0)
(8.60103e-07 2.52381e-07 -7.59768e-21)
(8.16082e-07 2.97581e-07 0)
(7.8455e-07 3.30964e-07 0)
(7.61331e-07 3.5833e-07 0)
(7.44638e-07 3.81169e-07 0)
(7.33e-07 4.00987e-07 0)
(7.25323e-07 4.18562e-07 0)
(7.20773e-07 4.34511e-07 0)
(7.18741e-07 4.49254e-07 0)
(7.18625e-07 4.63123e-07 0)
(7.29008e-07 4.81239e-07 0)
(8.02032e-07 2.34554e-07 -8.87887e-21)
(7.52391e-07 2.74959e-07 0)
(7.17321e-07 3.04237e-07 0)
(6.91651e-07 3.2806e-07 0)
(6.73163e-07 3.47733e-07 0)
(6.60125e-07 3.6471e-07 0)
(6.51274e-07 3.79687e-07 0)
(6.45692e-07 3.93232e-07 0)
(6.42695e-07 4.05719e-07 0)
(6.41692e-07 4.17391e-07 0)
(6.52255e-07 4.34517e-07 0)
(1.20227e-06 3.55588e-07 -2.69464e-21)
(1.21083e-06 3.90084e-07 -1.57678e-21)
(1.20977e-06 4.34449e-07 -1.72003e-21)
(1.20905e-06 4.75606e-07 -1.86287e-21)
(1.20975e-06 5.13488e-07 -2.00512e-21)
(1.21229e-06 5.48479e-07 -2.14687e-21)
(1.21681e-06 5.81033e-07 -2.28821e-21)
(1.22329e-06 6.11609e-07 -2.42925e-21)
(1.23166e-06 6.4059e-07 -2.57007e-21)
(1.24172e-06 6.6834e-07 -2.71075e-21)
(1.25338e-06 6.95004e-07 -2.81256e-21)
(1.17555e-06 3.42242e-07 -3.94347e-21)
(1.17186e-06 3.88567e-07 0)
(1.16879e-06 4.32653e-07 0)
(1.16714e-06 4.73205e-07 0)
(1.16734e-06 5.10239e-07 0)
(1.16951e-06 5.4421e-07 0)
(1.17365e-06 5.75619e-07 0)
(1.17964e-06 6.04965e-07 0)
(1.18738e-06 6.32662e-07 0)
(1.19669e-06 6.59099e-07 0)
(1.20812e-06 6.84597e-07 0)
(1.13917e-06 3.36609e-07 -4.05337e-21)
(1.13151e-06 3.83956e-07 0)
(1.12529e-06 4.27637e-07 0)
(1.1213e-06 4.67341e-07 0)
(1.11971e-06 5.03293e-07 0)
(1.12045e-06 5.36056e-07 0)
(1.12336e-06 5.6618e-07 0)
(1.12822e-06 5.94194e-07 0)
(1.13485e-06 6.20526e-07 0)
(1.143e-06 6.45591e-07 0)
(1.15413e-06 6.69975e-07 0)
(1.10062e-06 3.27475e-07 -4.17818e-21)
(1.08815e-06 3.76375e-07 0)
(1.07818e-06 4.19495e-07 0)
(1.07122e-06 4.58038e-07 0)
(1.06724e-06 4.92558e-07 0)
(1.06602e-06 5.23806e-07 0)
(1.06724e-06 5.52389e-07 0)
(1.07059e-06 5.78868e-07 0)
(1.0758e-06 6.03677e-07 0)
(1.08256e-06 6.27241e-07 0)
(1.09337e-06 6.50541e-07 0)
(1.0592e-06 3.15686e-07 -4.40801e-21)
(1.04112e-06 3.65933e-07 0)
(1.02698e-06 4.08247e-07 0)
(1.01671e-06 4.4534e-07 0)
(1.01005e-06 4.78124e-07 0)
(1.00661e-06 5.0757e-07 0)
(1.00591e-06 5.34358e-07 0)
(1.00754e-06 5.59077e-07 0)
(1.01118e-06 5.82172e-07 0)
(1.01642e-06 6.04067e-07 0)
(1.02695e-06 6.26286e-07 0)
(1.01453e-06 3.0181e-07 -4.8305e-21)
(9.9018e-07 3.52681e-07 0)
(9.71627e-07 3.93758e-07 0)
(9.57919e-07 4.29051e-07 0)
(9.48523e-07 4.59788e-07 0)
(9.42799e-07 4.87156e-07 0)
(9.40144e-07 5.11905e-07 0)
(9.40035e-07 5.34652e-07 0)
(9.42074e-07 5.55851e-07 0)
(9.45803e-07 5.75916e-07 0)
(9.56129e-07 5.97067e-07 0)
(9.66456e-07 2.86361e-07 -5.50461e-21)
(9.35461e-07 3.36741e-07 0)
(9.12401e-07 3.75993e-07 0)
(8.95298e-07 4.09091e-07 0)
(8.83242e-07 4.37483e-07 0)
(8.7533e-07 4.62534e-07 0)
(8.70804e-07 4.85041e-07 0)
(8.69034e-07 5.05641e-07 0)
(8.69556e-07 5.24789e-07 0)
(8.71845e-07 5.42885e-07 0)
(8.82077e-07 5.62991e-07 0)
(9.14956e-07 2.69758e-07 -6.44151e-21)
(8.77277e-07 3.18287e-07 0)
(8.49821e-07 3.54995e-07 0)
(8.29502e-07 3.85457e-07 0)
(8.1498e-07 4.1121e-07 0)
(8.05072e-07 4.33734e-07 0)
(7.98851e-07 4.53834e-07 0)
(7.95584e-07 4.72152e-07 0)
(7.94735e-07 4.89135e-07 0)
(7.95729e-07 5.05152e-07 0)
(8.05982e-07 5.2425e-07 0)
(8.60103e-07 2.52381e-07 -7.59768e-21)
(8.16082e-07 2.97581e-07 0)
(7.8455e-07 3.30964e-07 0)
(7.61331e-07 3.5833e-07 0)
(7.44638e-07 3.81169e-07 0)
(7.33e-07 4.00987e-07 0)
(7.25323e-07 4.18562e-07 0)
(7.20773e-07 4.34511e-07 0)
(7.18741e-07 4.49254e-07 0)
(7.18625e-07 4.63123e-07 0)
(7.29008e-07 4.81239e-07 0)
(8.02032e-07 2.34554e-07 -8.87887e-21)
(7.52391e-07 2.74959e-07 0)
(7.17321e-07 3.04237e-07 0)
(6.91651e-07 3.2806e-07 0)
(6.73163e-07 3.47733e-07 0)
(6.60125e-07 3.6471e-07 0)
(6.51274e-07 3.79687e-07 0)
(6.45692e-07 3.93232e-07 0)
(6.42695e-07 4.05719e-07 0)
(6.41692e-07 4.17391e-07 0)
(6.52255e-07 4.34517e-07 0)
(1.26664e-06 7.20914e-07 -2.83611e-21)
(1.28128e-06 7.4642e-07 -2.82027e-21)
(1.29704e-06 7.71543e-07 -2.80458e-21)
(1.31384e-06 7.96405e-07 -2.78901e-21)
(1.33156e-06 8.21108e-07 -2.77357e-21)
(1.35009e-06 8.45733e-07 -2.75826e-21)
(1.36936e-06 8.70351e-07 -2.74307e-21)
(1.38928e-06 8.9502e-07 -2.72798e-21)
(1.40977e-06 9.19791e-07 -2.71298e-21)
(1.43076e-06 9.44704e-07 -2.69809e-21)
(1.4522e-06 9.69795e-07 -2.68328e-21)
(1.47402e-06 9.95095e-07 -2.66856e-21)
(1.49617e-06 1.02063e-06 -2.65393e-21)
(1.51859e-06 1.04641e-06 -2.63939e-21)
(1.54122e-06 1.07246e-06 -2.62493e-21)
(1.56401e-06 1.09876e-06 -2.61054e-21)
(1.5869e-06 1.12532e-06 -2.59625e-21)
(1.60982e-06 1.1521e-06 -2.58205e-21)
(1.63269e-06 1.17904e-06 -2.56795e-21)
(1.64026e-06 1.19584e-06 3.8042e-22)
(1.22227e-06 7.09728e-07 0)
(1.23814e-06 7.34692e-07 0)
(1.25494e-06 7.59326e-07 0)
(1.27256e-06 7.83761e-07 0)
(1.29095e-06 8.08093e-07 0)
(1.31002e-06 8.324e-07 0)
(1.3297e-06 8.56749e-07 0)
(1.34993e-06 8.81194e-07 0)
(1.37066e-06 9.05784e-07 0)
(1.39182e-06 9.30556e-07 0)
(1.41338e-06 9.55544e-07 0)
(1.43527e-06 9.80775e-07 0)
(1.45746e-06 1.00627e-06 0)
(1.4799e-06 1.03206e-06 0)
(1.50255e-06 1.05813e-06 0)
(1.52536e-06 1.08451e-06 0)
(1.5483e-06 1.11116e-06 0)
(1.57132e-06 1.13807e-06 0)
(1.59437e-06 1.16517e-06 0)
(1.61734e-06 1.19231e-06 3.34432e-21)
(1.16964e-06 6.94596e-07 0)
(1.18743e-06 7.1938e-07 0)
(1.2059e-06 7.43853e-07 0)
(1.22496e-06 7.68154e-07 0)
(1.24458e-06 7.92382e-07 0)
(1.26471e-06 8.16613e-07 0)
(1.2853e-06 8.40918e-07 0)
(1.30632e-06 8.65348e-07 0)
(1.32773e-06 8.89951e-07 0)
(1.34949e-06 9.14764e-07 0)
(1.37157e-06 9.39821e-07 0)
(1.39393e-06 9.6515e-07 0)
(1.41654e-06 9.90773e-07 0)
(1.43937e-06 1.01671e-06 0)
(1.46239e-06 1.04297e-06 0)
(1.48557e-06 1.06955e-06 0)
(1.50888e-06 1.09646e-06 0)
(1.53229e-06 1.12366e-06 0)
(1.55576e-06 1.15111e-06 0)
(1.57904e-06 1.17867e-06 3.37412e-21)
(1.11058e-06 6.74959e-07 0)
(1.13076e-06 6.99974e-07 0)
(1.15136e-06 7.24671e-07 0)
(1.17229e-06 7.49186e-07 0)
(1.19357e-06 7.73629e-07 0)
(1.21517e-06 7.98075e-07 0)
(1.23706e-06 8.226e-07 0)
(1.25924e-06 8.47257e-07 0)
(1.28168e-06 8.72096e-07 0)
(1.30436e-06 8.97158e-07 0)
(1.32727e-06 9.22476e-07 0)
(1.35039e-06 9.4808e-07 0)
(1.3737e-06 9.73996e-07 0)
(1.39719e-06 1.00024e-06 0)
(1.42084e-06 1.02684e-06 0)
(1.44462e-06 1.05379e-06 0)
(1.46853e-06 1.0811e-06 0)
(1.49253e-06 1.10877e-06 0)
(1.51658e-06 1.13677e-06 0)
(1.54035e-06 1.16501e-06 3.43134e-21)
(1.04613e-06 6.50783e-07 0)
(1.0691e-06 6.76417e-07 0)
(1.0922e-06 7.01706e-07 0)
(1.11537e-06 7.26771e-07 0)
(1.13866e-06 7.5174e-07 0)
(1.16205e-06 7.76685e-07 0)
(1.18557e-06 8.01692e-07 0)
(1.20919e-06 8.26818e-07 0)
(1.23295e-06 8.52118e-07 0)
(1.25682e-06 8.77636e-07 0)
(1.28082e-06 9.03409e-07 0)
(1.30494e-06 9.29472e-07 0)
(1.32919e-06 9.55852e-07 0)
(1.35355e-06 9.82575e-07 0)
(1.37802e-06 1.00966e-06 0)
(1.4026e-06 1.03714e-06 0)
(1.42727e-06 1.06501e-06 0)
(1.45202e-06 1.0933e-06 0)
(1.4768e-06 1.12203e-06 0)
(1.50122e-06 1.15111e-06 3.5153e-21)
(9.77514e-07 6.2194e-07 0)
(1.00355e-06 6.48591e-07 0)
(1.02943e-06 6.74853e-07 0)
(1.05511e-06 7.00814e-07 0)
(1.08067e-06 7.26629e-07 0)
(1.10611e-06 7.5237e-07 0)
(1.13148e-06 7.78133e-07 0)
(1.1568e-06 8.03979e-07 0)
(1.18209e-06 8.29973e-07 0)
(1.20737e-06 8.56162e-07 0)
(1.23266e-06 8.82592e-07 0)
(1.25797e-06 9.09299e-07 0)
(1.28332e-06 9.36319e-07 0)
(1.30872e-06 9.63684e-07 0)
(1.33417e-06 9.91423e-07 0)
(1.35967e-06 1.01957e-06 0)
(1.38524e-06 1.04815e-06 0)
(1.41085e-06 1.0772e-06 0)
(1.43648e-06 1.10677e-06 0)
(1.4617e-06 1.13683e-06 3.6247e-21)
(9.05818e-07 5.88532e-07 0)
(9.35103e-07 6.16583e-07 0)
(9.63968e-07 6.44183e-07 0)
(9.92343e-07 6.71376e-07 0)
(1.02037e-06 6.98348e-07 0)
(1.04805e-06 7.25171e-07 0)
(1.07546e-06 7.51954e-07 0)
(1.10264e-06 7.78768e-07 0)
(1.12964e-06 8.05684e-07 0)
(1.15648e-06 8.32759e-07 0)
(1.18321e-06 8.60043e-07 0)
(1.20985e-06 8.87582e-07 0)
(1.23644e-06 9.15416e-07 0)
(1.26299e-06 9.43584e-07 0)
(1.28952e-06 9.72124e-07 0)
(1.31606e-06 1.00108e-06 0)
(1.34261e-06 1.03049e-06 0)
(1.36917e-06 1.06043e-06 0)
(1.39574e-06 1.09094e-06 0)
(1.42189e-06 1.12204e-06 3.75792e-21)
(8.32149e-07 5.50746e-07 0)
(8.64765e-07 5.80554e-07 0)
(8.96714e-07 6.09832e-07 0)
(9.27895e-07 6.38576e-07 0)
(9.585e-07 6.67002e-07 0)
(9.88543e-07 6.95187e-07 0)
(1.01812e-06 7.2325e-07 0)
(1.04729e-06 7.51272e-07 0)
(1.07611e-06 7.79335e-07 0)
(1.10464e-06 8.07505e-07 0)
(1.13291e-06 8.35839e-07 0)
(1.16099e-06 8.6439e-07 0)
(1.1889e-06 8.93206e-07 0)
(1.21669e-06 9.22333e-07 0)
(1.24439e-06 9.51818e-07 0)
(1.27202e-06 9.81711e-07 0)
(1.29962e-06 1.01207e-06 0)
(1.3272e-06 1.04298e-06 0)
(1.35478e-06 1.07451e-06 0)
(1.38196e-06 1.1067e-06 3.91294e-21)
(7.57587e-07 5.08937e-07 0)
(7.93502e-07 5.40819e-07 0)
(8.28544e-07 5.72067e-07 0)
(8.62569e-07 6.02651e-07 0)
(8.958e-07 6.32789e-07 0)
(9.28265e-07 6.62584e-07 0)
(9.60079e-07 6.92159e-07 0)
(9.91304e-07 7.21613e-07 0)
(1.02202e-06 7.51033e-07 0)
(1.05229e-06 7.80496e-07 0)
(1.08219e-06 8.10068e-07 0)
(1.11176e-06 8.39808e-07 0)
(1.14106e-06 8.6977e-07 0)
(1.17014e-06 9.00007e-07 0)
(1.19905e-06 9.30572e-07 0)
(1.22783e-06 9.61523e-07 0)
(1.25652e-06 9.92928e-07 0)
(1.28515e-06 1.02488e-06 0)
(1.31377e-06 1.05746e-06 0)
(1.34207e-06 1.09076e-06 4.08757e-21)
(6.83106e-07 4.63609e-07 0)
(7.22148e-07 4.97796e-07 0)
(7.60165e-07 5.31221e-07 0)
(7.97004e-07 5.63897e-07 0)
(8.32858e-07 5.95987e-07 0)
(8.67772e-07 6.2762e-07 0)
(9.01852e-07 6.58924e-07 0)
(9.35177e-07 6.9001e-07 0)
(9.67833e-07 7.20977e-07 0)
(9.99897e-07 7.51912e-07 0)
(1.03144e-06 7.8289e-07 0)
(1.06254e-06 8.13977e-07 0)
(1.09326e-06 8.45234e-07 0)
(1.12366e-06 8.76719e-07 0)
(1.15381e-06 9.08487e-07 0)
(1.18375e-06 9.40604e-07 0)
(1.21354e-06 9.7314e-07 0)
(1.24324e-06 1.00619e-06 0)
(1.27291e-06 1.03986e-06 0)
(1.30239e-06 1.07426e-06 4.27931e-21)
(6.16988e-07 4.22372e-07 0)
(6.5836e-07 4.58543e-07 0)
(6.98598e-07 4.93744e-07 0)
(7.37618e-07 5.28191e-07 0)
(7.7554e-07 5.61977e-07 0)
(8.12416e-07 5.95239e-07 0)
(8.48336e-07 6.28095e-07 0)
(8.83378e-07 6.60658e-07 0)
(9.17628e-07 6.93029e-07 0)
(9.51167e-07 7.25299e-07 0)
(9.84077e-07 7.57546e-07 0)
(1.01643e-06 7.89839e-07 0)
(1.04831e-06 8.22242e-07 0)
(1.07978e-06 8.54813e-07 0)
(1.11092e-06 8.87609e-07 0)
(1.14178e-06 9.20694e-07 0)
(1.17245e-06 9.54137e-07 0)
(1.20298e-06 9.88029e-07 0)
(1.23347e-06 1.02246e-06 0)
(1.26393e-06 1.05761e-06 4.43959e-21)
(1.26664e-06 7.20914e-07 -2.83611e-21)
(1.28128e-06 7.4642e-07 -2.82027e-21)
(1.29704e-06 7.71543e-07 -2.80458e-21)
(1.31384e-06 7.96405e-07 -2.78901e-21)
(1.33156e-06 8.21108e-07 -2.77357e-21)
(1.35009e-06 8.45733e-07 -2.75826e-21)
(1.36936e-06 8.70351e-07 -2.74307e-21)
(1.38928e-06 8.9502e-07 -2.72798e-21)
(1.40977e-06 9.19791e-07 -2.71298e-21)
(1.43076e-06 9.44704e-07 -2.69809e-21)
(1.4522e-06 9.69795e-07 -2.68328e-21)
(1.47402e-06 9.95095e-07 -2.66856e-21)
(1.49617e-06 1.02063e-06 -2.65393e-21)
(1.51859e-06 1.04641e-06 -2.63939e-21)
(1.54122e-06 1.07246e-06 -2.62493e-21)
(1.56401e-06 1.09876e-06 -2.61054e-21)
(1.5869e-06 1.12532e-06 -2.59625e-21)
(1.60982e-06 1.1521e-06 -2.58205e-21)
(1.63269e-06 1.17904e-06 -2.56795e-21)
(1.64026e-06 1.19584e-06 3.8042e-22)
(1.22227e-06 7.09728e-07 0)
(1.23814e-06 7.34692e-07 0)
(1.25494e-06 7.59326e-07 0)
(1.27256e-06 7.83761e-07 0)
(1.29095e-06 8.08093e-07 0)
(1.31002e-06 8.324e-07 0)
(1.3297e-06 8.56749e-07 0)
(1.34993e-06 8.81194e-07 0)
(1.37066e-06 9.05784e-07 0)
(1.39182e-06 9.30556e-07 0)
(1.41338e-06 9.55544e-07 0)
(1.43527e-06 9.80775e-07 0)
(1.45746e-06 1.00627e-06 0)
(1.4799e-06 1.03206e-06 0)
(1.50255e-06 1.05813e-06 0)
(1.52536e-06 1.08451e-06 0)
(1.5483e-06 1.11116e-06 0)
(1.57132e-06 1.13807e-06 0)
(1.59437e-06 1.16517e-06 0)
(1.61734e-06 1.19231e-06 3.34432e-21)
(1.16964e-06 6.94596e-07 0)
(1.18743e-06 7.1938e-07 0)
(1.2059e-06 7.43853e-07 0)
(1.22496e-06 7.68154e-07 0)
(1.24458e-06 7.92382e-07 0)
(1.26471e-06 8.16613e-07 0)
(1.2853e-06 8.40918e-07 0)
(1.30632e-06 8.65348e-07 0)
(1.32773e-06 8.89951e-07 0)
(1.34949e-06 9.14764e-07 0)
(1.37157e-06 9.39821e-07 0)
(1.39393e-06 9.6515e-07 0)
(1.41654e-06 9.90773e-07 0)
(1.43937e-06 1.01671e-06 0)
(1.46239e-06 1.04297e-06 0)
(1.48557e-06 1.06955e-06 0)
(1.50888e-06 1.09646e-06 0)
(1.53229e-06 1.12366e-06 0)
(1.55576e-06 1.15111e-06 0)
(1.57904e-06 1.17867e-06 3.37412e-21)
(1.11058e-06 6.74959e-07 0)
(1.13076e-06 6.99974e-07 0)
(1.15136e-06 7.24671e-07 0)
(1.17229e-06 7.49186e-07 0)
(1.19357e-06 7.73629e-07 0)
(1.21517e-06 7.98075e-07 0)
(1.23706e-06 8.226e-07 0)
(1.25924e-06 8.47257e-07 0)
(1.28168e-06 8.72096e-07 0)
(1.30436e-06 8.97158e-07 0)
(1.32727e-06 9.22476e-07 0)
(1.35039e-06 9.4808e-07 0)
(1.3737e-06 9.73996e-07 0)
(1.39719e-06 1.00024e-06 0)
(1.42084e-06 1.02684e-06 0)
(1.44462e-06 1.05379e-06 0)
(1.46853e-06 1.0811e-06 0)
(1.49253e-06 1.10877e-06 0)
(1.51658e-06 1.13677e-06 0)
(1.54035e-06 1.16501e-06 3.43134e-21)
(1.04613e-06 6.50783e-07 0)
(1.0691e-06 6.76417e-07 0)
(1.0922e-06 7.01706e-07 0)
(1.11537e-06 7.26771e-07 0)
(1.13866e-06 7.5174e-07 0)
(1.16205e-06 7.76685e-07 0)
(1.18557e-06 8.01692e-07 0)
(1.20919e-06 8.26818e-07 0)
(1.23295e-06 8.52118e-07 0)
(1.25682e-06 8.77636e-07 0)
(1.28082e-06 9.03409e-07 0)
(1.30494e-06 9.29472e-07 0)
(1.32919e-06 9.55852e-07 0)
(1.35355e-06 9.82575e-07 0)
(1.37802e-06 1.00966e-06 0)
(1.4026e-06 1.03714e-06 0)
(1.42727e-06 1.06501e-06 0)
(1.45202e-06 1.0933e-06 0)
(1.4768e-06 1.12203e-06 0)
(1.50122e-06 1.15111e-06 3.5153e-21)
(9.77514e-07 6.2194e-07 0)
(1.00355e-06 6.48591e-07 0)
(1.02943e-06 6.74853e-07 0)
(1.05511e-06 7.00814e-07 0)
(1.08067e-06 7.26629e-07 0)
(1.10611e-06 7.5237e-07 0)
(1.13148e-06 7.78133e-07 0)
(1.1568e-06 8.03979e-07 0)
(1.18209e-06 8.29973e-07 0)
(1.20737e-06 8.56162e-07 0)
(1.23266e-06 8.82592e-07 0)
(1.25797e-06 9.09299e-07 0)
(1.28332e-06 9.36319e-07 0)
(1.30872e-06 9.63684e-07 0)
(1.33417e-06 9.91423e-07 0)
(1.35967e-06 1.01957e-06 0)
(1.38524e-06 1.04815e-06 0)
(1.41085e-06 1.0772e-06 0)
(1.43648e-06 1.10677e-06 0)
(1.4617e-06 1.13683e-06 3.6247e-21)
(9.05818e-07 5.88532e-07 0)
(9.35103e-07 6.16583e-07 0)
(9.63968e-07 6.44183e-07 0)
(9.92343e-07 6.71376e-07 0)
(1.02037e-06 6.98348e-07 0)
(1.04805e-06 7.25171e-07 0)
(1.07546e-06 7.51954e-07 0)
(1.10264e-06 7.78768e-07 0)
(1.12964e-06 8.05684e-07 0)
(1.15648e-06 8.32759e-07 0)
(1.18321e-06 8.60043e-07 0)
(1.20985e-06 8.87582e-07 0)
(1.23644e-06 9.15416e-07 0)
(1.26299e-06 9.43584e-07 0)
(1.28952e-06 9.72124e-07 0)
(1.31606e-06 1.00108e-06 0)
(1.34261e-06 1.03049e-06 0)
(1.36917e-06 1.06043e-06 0)
(1.39574e-06 1.09094e-06 0)
(1.42189e-06 1.12204e-06 3.75792e-21)
(8.32149e-07 5.50746e-07 0)
(8.64765e-07 5.80554e-07 0)
(8.96714e-07 6.09832e-07 0)
(9.27895e-07 6.38576e-07 0)
(9.585e-07 6.67002e-07 0)
(9.88543e-07 6.95187e-07 0)
(1.01812e-06 7.2325e-07 0)
(1.04729e-06 7.51272e-07 0)
(1.07611e-06 7.79335e-07 0)
(1.10464e-06 8.07505e-07 0)
(1.13291e-06 8.35839e-07 0)
(1.16099e-06 8.6439e-07 0)
(1.1889e-06 8.93206e-07 0)
(1.21669e-06 9.22333e-07 0)
(1.24439e-06 9.51818e-07 0)
(1.27202e-06 9.81711e-07 0)
(1.29962e-06 1.01207e-06 0)
(1.3272e-06 1.04298e-06 0)
(1.35478e-06 1.07451e-06 0)
(1.38196e-06 1.1067e-06 3.91294e-21)
(7.57587e-07 5.08937e-07 0)
(7.93502e-07 5.40819e-07 0)
(8.28544e-07 5.72067e-07 0)
(8.62569e-07 6.02651e-07 0)
(8.958e-07 6.32789e-07 0)
(9.28265e-07 6.62584e-07 0)
(9.60079e-07 6.92159e-07 0)
(9.91304e-07 7.21613e-07 0)
(1.02202e-06 7.51033e-07 0)
(1.05229e-06 7.80496e-07 0)
(1.08219e-06 8.10068e-07 0)
(1.11176e-06 8.39808e-07 0)
(1.14106e-06 8.6977e-07 0)
(1.17014e-06 9.00007e-07 0)
(1.19905e-06 9.30572e-07 0)
(1.22783e-06 9.61523e-07 0)
(1.25652e-06 9.92928e-07 0)
(1.28515e-06 1.02488e-06 0)
(1.31377e-06 1.05746e-06 0)
(1.34207e-06 1.09076e-06 4.08757e-21)
(6.83106e-07 4.63609e-07 0)
(7.22148e-07 4.97796e-07 0)
(7.60165e-07 5.31221e-07 0)
(7.97004e-07 5.63897e-07 0)
(8.32858e-07 5.95987e-07 0)
(8.67772e-07 6.2762e-07 0)
(9.01852e-07 6.58924e-07 0)
(9.35177e-07 6.9001e-07 0)
(9.67833e-07 7.20977e-07 0)
(9.99897e-07 7.51912e-07 0)
(1.03144e-06 7.8289e-07 0)
(1.06254e-06 8.13977e-07 0)
(1.09326e-06 8.45234e-07 0)
(1.12366e-06 8.76719e-07 0)
(1.15381e-06 9.08487e-07 0)
(1.18375e-06 9.40604e-07 0)
(1.21354e-06 9.7314e-07 0)
(1.24324e-06 1.00619e-06 0)
(1.27291e-06 1.03986e-06 0)
(1.30239e-06 1.07426e-06 4.27931e-21)
(6.16988e-07 4.22372e-07 0)
(6.5836e-07 4.58543e-07 0)
(6.98598e-07 4.93744e-07 0)
(7.37618e-07 5.28191e-07 0)
(7.7554e-07 5.61977e-07 0)
(8.12416e-07 5.95239e-07 0)
(8.48336e-07 6.28095e-07 0)
(8.83378e-07 6.60658e-07 0)
(9.17628e-07 6.93029e-07 0)
(9.51167e-07 7.25299e-07 0)
(9.84077e-07 7.57546e-07 0)
(1.01643e-06 7.89839e-07 0)
(1.04831e-06 8.22242e-07 0)
(1.07978e-06 8.54813e-07 0)
(1.11092e-06 8.87609e-07 0)
(1.14178e-06 9.20694e-07 0)
(1.17245e-06 9.54137e-07 0)
(1.20298e-06 9.88029e-07 0)
(1.23347e-06 1.02246e-06 0)
(1.26393e-06 1.05761e-06 4.43959e-21)
(5.19039e-07 3.53484e-07 0)
(5.68853e-07 3.94109e-07 0)
(6.11026e-07 4.31117e-07 0)
(6.5205e-07 4.67118e-07 0)
(6.91911e-07 5.02431e-07 0)
(7.30678e-07 5.37115e-07 0)
(7.68395e-07 5.71284e-07 0)
(8.05134e-07 6.0504e-07 0)
(8.40963e-07 6.38479e-07 0)
(8.75958e-07 6.71691e-07 0)
(9.10194e-07 7.04757e-07 0)
(9.43749e-07 7.37748e-07 0)
(9.76698e-07 7.7073e-07 0)
(1.00912e-06 8.0376e-07 0)
(1.04108e-06 8.36893e-07 0)
(1.07265e-06 8.70181e-07 0)
(1.10392e-06 9.03679e-07 0)
(1.13495e-06 9.3745e-07 0)
(1.16583e-06 9.71569e-07 0)
(1.19666e-06 1.00611e-06 0)
(1.22753e-06 1.04126e-06 4.50852e-21)
(4.83772e-07 3.32818e-07 0)
(5.31942e-07 3.72923e-07 0)
(5.73819e-07 4.10002e-07 0)
(6.14694e-07 4.46264e-07 0)
(6.54519e-07 4.8195e-07 0)
(6.93339e-07 5.17089e-07 0)
(7.31172e-07 5.51762e-07 0)
(7.68071e-07 5.86046e-07 0)
(8.04086e-07 6.20017e-07 0)
(8.39281e-07 6.53747e-07 0)
(8.73719e-07 6.87303e-07 0)
(9.0747e-07 7.20746e-07 0)
(9.40602e-07 7.5413e-07 0)
(9.73186e-07 7.87505e-07 0)
(1.00529e-06 8.20918e-07 0)
(1.037e-06 8.54413e-07 0)
(1.06837e-06 8.88036e-07 0)
(1.0995e-06 9.21834e-07 0)
(1.13046e-06 9.55865e-07 0)
(1.16138e-06 9.90185e-07 0)
(1.19234e-06 1.02491e-06 4.52314e-21)
(4.52469e-07 3.12917e-07 0)
(4.98854e-07 3.52478e-07 0)
(5.39994e-07 3.8947e-07 0)
(5.80349e-07 4.25846e-07 0)
(6.19795e-07 4.61785e-07 0)
(6.58362e-07 4.97277e-07 0)
(6.96033e-07 5.32372e-07 0)
(7.32845e-07 5.6712e-07 0)
(7.68828e-07 6.01572e-07 0)
(8.0403e-07 6.35782e-07 0)
(8.38503e-07 6.69801e-07 0)
(8.72305e-07 7.03677e-07 0)
(9.05498e-07 7.37451e-07 0)
(9.38146e-07 7.71164e-07 0)
(9.70316e-07 8.04852e-07 0)
(1.00208e-06 8.38549e-07 0)
(1.03351e-06 8.72288e-07 0)
(1.06468e-06 9.06102e-07 0)
(1.0957e-06 9.40029e-07 0)
(1.12667e-06 9.74095e-07 0)
(1.15768e-06 1.00836e-06 4.53287e-21)
(4.24553e-07 2.93945e-07 0)
(4.69045e-07 3.32828e-07 0)
(5.09192e-07 3.69594e-07 0)
(5.48752e-07 4.05964e-07 0)
(5.87556e-07 4.4205e-07 0)
(6.2562e-07 4.77806e-07 0)
(6.62898e-07 5.13245e-07 0)
(6.99411e-07 5.48391e-07 0)
(7.35168e-07 5.8327e-07 0)
(7.70205e-07 6.17916e-07 0)
(8.0456e-07 6.52362e-07 0)
(8.38282e-07 6.86641e-07 0)
(8.71421e-07 7.20783e-07 0)
(9.04036e-07 7.54817e-07 0)
(9.36188e-07 7.88766e-07 0)
(9.67942e-07 8.22654e-07 0)
(9.9937e-07 8.56499e-07 0)
(1.03055e-06 8.90319e-07 0)
(1.06157e-06 9.24124e-07 0)
(1.09258e-06 9.57919e-07 0)
(1.12362e-06 9.91715e-07 4.53736e-21)
(3.99543e-07 2.75957e-07 0)
(4.421e-07 3.14095e-07 0)
(4.81061e-07 3.50525e-07 0)
(5.19619e-07 3.86779e-07 0)
(5.57576e-07 4.22907e-07 0)
(5.94935e-07 4.58829e-07 0)
(6.31629e-07 4.94527e-07 0)
(6.67661e-07 5.29995e-07 0)
(7.03028e-07 5.65237e-07 0)
(7.37749e-07 6.00263e-07 0)
(7.71852e-07 6.35091e-07 0)
(8.05373e-07 6.69735e-07 0)
(8.38355e-07 7.04214e-07 0)
(8.70849e-07 7.38543e-07 0)
(9.02909e-07 7.72733e-07 0)
(9.34594e-07 8.06796e-07 0)
(9.65971e-07 8.40734e-07 0)
(9.97115e-07 8.74547e-07 0)
(1.02811e-06 9.0822e-07 0)
(1.0591e-06 9.41741e-07 0)
(1.09012e-06 9.75074e-07 4.53626e-21)
(3.76938e-07 2.58958e-07 0)
(4.17573e-07 2.96294e-07 0)
(4.55228e-07 3.32301e-07 0)
(4.92641e-07 3.68349e-07 0)
(5.296e-07 4.04429e-07 0)
(5.66098e-07 4.40432e-07 0)
(6.02054e-07 4.7631e-07 0)
(6.37459e-07 5.12029e-07 0)
(6.72295e-07 5.47567e-07 0)
(7.06572e-07 5.82917e-07 0)
(7.40305e-07 6.18074e-07 0)
(7.73521e-07 6.53041e-07 0)
(8.06255e-07 6.87819e-07 0)
(8.38548e-07 7.22412e-07 0)
(8.70448e-07 7.56818e-07 0)
(9.02009e-07 7.91034e-07 0)
(9.33289e-07 8.2505e-07 0)
(9.64363e-07 8.58848e-07 0)
(9.95299e-07 8.92391e-07 0)
(1.02621e-06 9.25648e-07 0)
(1.05718e-06 9.58529e-07 4.53008e-21)
(3.56303e-07 2.42917e-07 0)
(3.95057e-07 2.79425e-07 0)
(4.31331e-07 3.14953e-07 0)
(4.67501e-07 3.50725e-07 0)
(5.03353e-07 3.86682e-07 0)
(5.38872e-07 4.2269e-07 0)
(5.73971e-07 4.58674e-07 0)
(6.0863e-07 4.94572e-07 0)
(6.42823e-07 5.30343e-07 0)
(6.76549e-07 5.65956e-07 0)
(7.09813e-07 6.0139e-07 0)
(7.42635e-07 6.36631e-07 0)
(7.75041e-07 6.71667e-07 0)
(8.07065e-07 7.06487e-07 0)
(8.38746e-07 7.41079e-07 0)
(8.70132e-07 7.75427e-07 0)
(9.01274e-07 8.09506e-07 0)
(9.32236e-07 8.43283e-07 0)
(9.63081e-07 8.76703e-07 0)
(9.93909e-07 9.09712e-07 0)
(1.02478e-06 9.42169e-07 4.51925e-21)
(3.37237e-07 2.27778e-07 0)
(3.74168e-07 2.63457e-07 0)
(4.09019e-07 2.9847e-07 0)
(4.43883e-07 3.33916e-07 0)
(4.78553e-07 3.69692e-07 0)
(5.13008e-07 4.05643e-07 0)
(5.4716e-07 4.41668e-07 0)
(5.80982e-07 4.77683e-07 0)
(6.1444e-07 5.13623e-07 0)
(6.47528e-07 5.49441e-07 0)
(6.80244e-07 5.85098e-07 0)
(7.12598e-07 6.20564e-07 0)
(7.4461e-07 6.55813e-07 0)
(7.76305e-07 6.90823e-07 0)
(8.07717e-07 7.25569e-07 0)
(8.38884e-07 7.60024e-07 0)
(8.69851e-07 7.94151e-07 0)
(9.00671e-07 8.27903e-07 0)
(9.31397e-07 8.6121e-07 0)
(9.62114e-07 8.93999e-07 0)
(9.92873e-07 9.26089e-07 4.50426e-21)
(3.19381e-07 2.13478e-07 0)
(3.5455e-07 2.48347e-07 0)
(3.87959e-07 2.82833e-07 0)
(4.2148e-07 3.17921e-07 0)
(4.54916e-07 3.53474e-07 0)
(4.88248e-07 3.89317e-07 0)
(5.21385e-07 4.25328e-07 0)
(5.54301e-07 4.61402e-07 0)
(5.86957e-07 4.97455e-07 0)
(6.1934e-07 5.33422e-07 0)
(6.51443e-07 5.69248e-07 0)
(6.8327e-07 6.04888e-07 0)
(7.14833e-07 6.40306e-07 0)
(7.46153e-07 6.75465e-07 0)
(7.77253e-07 7.10332e-07 0)
(8.08167e-07 7.44869e-07 0)
(8.38927e-07 7.79029e-07 0)
(8.6958e-07 8.12755e-07 0)
(9.00164e-07 8.45963e-07 0)
(9.30748e-07 8.78567e-07 0)
(9.61367e-07 9.10356e-07 4.48584e-21)
(3.02407e-07 1.99954e-07 0)
(3.35871e-07 2.34047e-07 0)
(3.67832e-07 2.68009e-07 0)
(3.99988e-07 3.02725e-07 0)
(4.32159e-07 3.38026e-07 0)
(4.64326e-07 3.73722e-07 0)
(4.96404e-07 4.09673e-07 0)
(5.28364e-07 4.45755e-07 0)
(5.60166e-07 4.81869e-07 0)
(5.91795e-07 5.17932e-07 0)
(6.23237e-07 5.53875e-07 0)
(6.54492e-07 5.89642e-07 0)
(6.85566e-07 6.25182e-07 0)
(7.16473e-07 6.60451e-07 0)
(7.4723e-07 6.95404e-07 0)
(7.77861e-07 7.29997e-07 0)
(8.08392e-07 7.64175e-07 0)
(8.38856e-07 7.97873e-07 0)
(8.69281e-07 8.31e-07 0)
(8.99714e-07 8.63461e-07 0)
(9.30176e-07 8.95026e-07 4.46475e-21)
(2.86017e-07 1.87147e-07 0)
(3.17822e-07 2.20512e-07 0)
(3.48332e-07 2.53967e-07 0)
(3.79112e-07 2.88307e-07 0)
(4.09998e-07 3.23338e-07 0)
(4.40975e-07 3.58858e-07 0)
(4.71964e-07 3.94711e-07 0)
(5.02935e-07 4.30758e-07 0)
(5.33851e-07 4.66885e-07 0)
(5.64691e-07 5.02994e-07 0)
(5.9544e-07 5.39006e-07 0)
(6.26093e-07 5.7485e-07 0)
(6.56649e-07 6.10468e-07 0)
(6.87117e-07 6.45806e-07 0)
(7.17508e-07 6.80813e-07 0)
(7.47837e-07 7.15435e-07 0)
(7.78121e-07 7.49615e-07 0)
(8.08381e-07 7.83286e-07 0)
(8.38635e-07 8.1635e-07 0)
(8.68905e-07 8.48714e-07 0)
(8.992e-07 8.80139e-07 4.4419e-21)
(2.69928e-07 1.75009e-07 0)
(3.00104e-07 2.077e-07 0)
(3.29164e-07 2.40674e-07 0)
(3.5856e-07 2.74644e-07 0)
(3.88151e-07 3.09395e-07 0)
(4.17923e-07 3.44718e-07 0)
(4.47806e-07 3.80442e-07 0)
(4.77771e-07 4.16414e-07 0)
(5.07781e-07 4.5251e-07 0)
(5.37815e-07 4.88621e-07 0)
(5.67853e-07 5.24654e-07 0)
(5.97887e-07 5.60531e-07 0)
(6.27912e-07 5.96183e-07 0)
(6.57927e-07 6.3155e-07 0)
(6.87938e-07 6.66575e-07 0)
(7.17953e-07 7.01202e-07 0)
(7.4798e-07 7.35369e-07 0)
(7.78029e-07 7.69009e-07 0)
(8.08104e-07 8.02031e-07 0)
(8.38208e-07 8.34343e-07 0)
(8.6833e-07 8.65715e-07 4.4184e-21)
(2.53865e-07 1.63508e-07 0)
(2.82425e-07 1.95582e-07 0)
(3.1003e-07 2.28104e-07 0)
(3.38039e-07 2.61715e-07 0)
(3.66329e-07 2.96182e-07 0)
(3.94892e-07 3.3129e-07 0)
(4.23664e-07 3.66856e-07 0)
(4.52619e-07 4.0272e-07 0)
(4.8172e-07 4.38745e-07 0)
(5.10945e-07 4.74813e-07 0)
(5.40271e-07 5.10823e-07 0)
(5.69685e-07 5.46688e-07 0)
(5.99175e-07 5.82333e-07 0)
(6.28737e-07 6.17692e-07 0)
(6.58367e-07 6.52702e-07 0)
(6.88067e-07 6.87306e-07 0)
(7.17835e-07 7.21443e-07 0)
(7.4767e-07 7.55052e-07 0)
(7.77566e-07 7.88047e-07 0)
(8.07505e-07 8.2035e-07 0)
(8.37459e-07 8.51752e-07 4.39535e-21)
(2.37552e-07 1.52619e-07 0)
(2.64489e-07 1.84133e-07 0)
(2.9063e-07 2.16235e-07 0)
(3.17247e-07 2.49497e-07 0)
(3.44237e-07 2.83678e-07 0)
(3.71594e-07 3.18555e-07 0)
(3.99263e-07 3.53939e-07 0)
(4.27217e-07 3.8966e-07 0)
(4.55422e-07 4.25576e-07 0)
(4.83851e-07 4.6156e-07 0)
(5.12479e-07 4.97505e-07 0)
(5.41287e-07 5.33317e-07 0)
(5.70258e-07 5.68915e-07 0)
(5.99379e-07 6.04228e-07 0)
(6.2864e-07 6.39191e-07 0)
(6.58033e-07 6.73747e-07 0)
(6.8755e-07 7.07838e-07 0)
(7.17178e-07 7.41408e-07 0)
(7.46901e-07 7.74389e-07 0)
(7.76683e-07 8.06719e-07 0)
(8.0648e-07 8.38229e-07 4.37373e-21)
(2.207e-07 1.42348e-07 0)
(2.45988e-07 1.73351e-07 0)
(2.70651e-07 2.05058e-07 0)
(2.95873e-07 2.3798e-07 0)
(3.21568e-07 2.71868e-07 0)
(3.47733e-07 3.06496e-07 0)
(3.74318e-07 3.4167e-07 0)
(4.01297e-07 3.77216e-07 0)
(4.28633e-07 4.12984e-07 0)
(4.56298e-07 4.48844e-07 0)
(4.8426e-07 4.84682e-07 0)
(5.12494e-07 5.204e-07 0)
(5.40977e-07 5.55912e-07 0)
(5.69686e-07 5.91145e-07 0)
(5.98605e-07 6.26031e-07 0)
(6.27715e-07 6.60514e-07 0)
(6.57e-07 6.94541e-07 0)
(6.86437e-07 7.28065e-07 0)
(7.16001e-07 7.61037e-07 0)
(7.45642e-07 7.9342e-07 0)
(7.75301e-07 8.251e-07 4.35461e-21)
(2.02995e-07 1.32691e-07 0)
(2.26587e-07 1.63224e-07 0)
(2.49754e-07 1.94553e-07 0)
(2.7358e-07 2.27136e-07 0)
(2.97995e-07 2.6072e-07 0)
(3.22993e-07 2.95077e-07 0)
(3.48529e-07 3.30012e-07 0)
(3.74574e-07 3.65348e-07 0)
(4.01089e-07 4.0093e-07 0)
(4.28039e-07 4.36626e-07 0)
(4.55388e-07 4.72318e-07 0)
(4.83102e-07 5.07904e-07 0)
(5.11148e-07 5.43295e-07 0)
(5.39497e-07 5.78416e-07 0)
(5.68118e-07 6.13198e-07 0)
(5.96986e-07 6.47585e-07 0)
(6.26073e-07 6.81531e-07 0)
(6.55348e-07 7.14998e-07 0)
(6.84775e-07 7.47959e-07 0)
(7.14297e-07 7.80406e-07 0)
(7.43845e-07 8.12298e-07 4.33892e-21)
(1.84095e-07 1.23708e-07 0)
(2.05926e-07 1.53791e-07 0)
(2.27582e-07 1.84741e-07 0)
(2.50017e-07 2.16969e-07 0)
(2.73176e-07 2.50225e-07 0)
(2.97047e-07 2.8428e-07 0)
(3.21587e-07 3.18938e-07 0)
(3.4676e-07 3.54021e-07 0)
(3.72522e-07 3.89375e-07 0)
(3.98831e-07 4.24863e-07 0)
(4.25642e-07 4.60367e-07 0)
(4.52912e-07 4.95782e-07 0)
(4.80597e-07 5.31018e-07 0)
(5.08656e-07 5.65997e-07 0)
(5.37049e-07 6.0065e-07 0)
(5.65737e-07 6.34922e-07 0)
(5.9468e-07 6.6877e-07 0)
(6.23837e-07 7.02168e-07 0)
(6.53163e-07 7.35109e-07 0)
(6.82597e-07 7.67617e-07 0)
(7.12065e-07 7.99734e-07 4.32709e-21)
(1.63577e-07 1.15377e-07 0)
(1.83573e-07 1.45012e-07 0)
(2.03707e-07 1.7557e-07 0)
(2.24771e-07 2.07418e-07 0)
(2.46717e-07 2.40312e-07 0)
(2.69524e-07 2.74027e-07 0)
(2.93144e-07 3.08367e-07 0)
(3.17533e-07 3.43156e-07 0)
(3.42637e-07 3.78239e-07 0)
(3.68405e-07 4.13478e-07 0)
(3.94781e-07 4.48755e-07 0)
(4.2171e-07 4.83964e-07 0)
(4.49139e-07 5.19014e-07 0)
(4.77011e-07 5.53825e-07 0)
(5.05274e-07 5.88329e-07 0)
(5.33873e-07 6.2247e-07 0)
(5.62756e-07 6.5621e-07 0)
(5.91866e-07 6.89528e-07 0)
(6.21148e-07 7.22436e-07 0)
(6.50536e-07 7.54984e-07 0)
(6.79958e-07 7.87301e-07 4.31954e-21)
(1.41045e-07 1.07856e-07 0)
(1.59123e-07 1.37005e-07 0)
(1.77741e-07 1.67115e-07 0)
(1.97472e-07 1.98524e-07 0)
(2.18271e-07 2.30996e-07 0)
(2.401e-07 2.64309e-07 0)
(2.62901e-07 2.98271e-07 0)
(2.86617e-07 3.32706e-07 0)
(3.11184e-07 3.67461e-07 0)
(3.36536e-07 4.02401e-07 0)
(3.62605e-07 4.37404e-07 0)
(3.89326e-07 4.72366e-07 0)
(4.16628e-07 5.07195e-07 0)
(4.44443e-07 5.4181e-07 0)
(4.72704e-07 5.76145e-07 0)
(5.01339e-07 6.10144e-07 0)
(5.30277e-07 6.4377e-07 0)
(5.59444e-07 6.77005e-07 0)
(5.88767e-07 7.09869e-07 0)
(6.18168e-07 7.42429e-07 0)
(6.47583e-07 7.74864e-07 4.31509e-21)
(1.15755e-07 1.01008e-07 2.32503e-21)
(1.3181e-07 1.29583e-07 2.34885e-21)
(1.48956e-07 1.59183e-07 2.34699e-21)
(1.67439e-07 1.90093e-07 2.34525e-21)
(1.87201e-07 2.22085e-07 2.34364e-21)
(2.08186e-07 2.54941e-07 2.34216e-21)
(2.30317e-07 2.88473e-07 2.34081e-21)
(2.53522e-07 3.22507e-07 2.3396e-21)
(2.77719e-07 3.56891e-07 2.33853e-21)
(3.02827e-07 3.91489e-07 2.33758e-21)
(3.28765e-07 4.26183e-07 2.33675e-21)
(3.55451e-07 4.60867e-07 2.33604e-21)
(3.82804e-07 4.95448e-07 2.33544e-21)
(4.10742e-07 5.29849e-07 2.33496e-21)
(4.39182e-07 5.64e-07 2.33458e-21)
(4.68038e-07 5.9785e-07 2.33431e-21)
(4.9722e-07 6.31359e-07 2.33414e-21)
(5.26627e-07 6.64515e-07 2.33408e-21)
(5.56155e-07 6.97334e-07 2.3341e-21)
(5.85673e-07 7.29886e-07 2.33418e-21)
(6.15874e-07 7.57365e-07 3.32376e-21)
(5.19039e-07 3.53484e-07 0)
(5.68853e-07 3.94109e-07 0)
(6.11026e-07 4.31117e-07 0)
(6.5205e-07 4.67118e-07 0)
(6.91911e-07 5.02431e-07 0)
(7.30678e-07 5.37115e-07 0)
(7.68395e-07 5.71284e-07 0)
(8.05134e-07 6.0504e-07 0)
(8.40963e-07 6.38479e-07 0)
(8.75958e-07 6.71691e-07 0)
(9.10194e-07 7.04757e-07 0)
(9.43749e-07 7.37748e-07 0)
(9.76698e-07 7.7073e-07 0)
(1.00912e-06 8.0376e-07 0)
(1.04108e-06 8.36893e-07 0)
(1.07265e-06 8.70181e-07 0)
(1.10392e-06 9.03679e-07 0)
(1.13495e-06 9.3745e-07 0)
(1.16583e-06 9.71569e-07 0)
(1.19666e-06 1.00611e-06 0)
(1.22753e-06 1.04126e-06 4.50852e-21)
(4.83772e-07 3.32818e-07 0)
(5.31942e-07 3.72923e-07 0)
(5.73819e-07 4.10002e-07 0)
(6.14694e-07 4.46264e-07 0)
(6.54519e-07 4.8195e-07 0)
(6.93339e-07 5.17089e-07 0)
(7.31172e-07 5.51762e-07 0)
(7.68071e-07 5.86046e-07 0)
(8.04086e-07 6.20017e-07 0)
(8.39281e-07 6.53747e-07 0)
(8.73719e-07 6.87303e-07 0)
(9.0747e-07 7.20746e-07 0)
(9.40602e-07 7.5413e-07 0)
(9.73186e-07 7.87505e-07 0)
(1.00529e-06 8.20918e-07 0)
(1.037e-06 8.54413e-07 0)
(1.06837e-06 8.88036e-07 0)
(1.0995e-06 9.21834e-07 0)
(1.13046e-06 9.55865e-07 0)
(1.16138e-06 9.90185e-07 0)
(1.19234e-06 1.02491e-06 4.52314e-21)
(4.52469e-07 3.12917e-07 0)
(4.98854e-07 3.52478e-07 0)
(5.39994e-07 3.8947e-07 0)
(5.80349e-07 4.25846e-07 0)
(6.19795e-07 4.61785e-07 0)
(6.58362e-07 4.97277e-07 0)
(6.96033e-07 5.32372e-07 0)
(7.32845e-07 5.6712e-07 0)
(7.68828e-07 6.01572e-07 0)
(8.0403e-07 6.35782e-07 0)
(8.38503e-07 6.69801e-07 0)
(8.72305e-07 7.03677e-07 0)
(9.05498e-07 7.37451e-07 0)
(9.38146e-07 7.71164e-07 0)
(9.70316e-07 8.04852e-07 0)
(1.00208e-06 8.38549e-07 0)
(1.03351e-06 8.72288e-07 0)
(1.06468e-06 9.06102e-07 0)
(1.0957e-06 9.40029e-07 0)
(1.12667e-06 9.74095e-07 0)
(1.15768e-06 1.00836e-06 4.53287e-21)
(4.24553e-07 2.93945e-07 0)
(4.69045e-07 3.32828e-07 0)
(5.09192e-07 3.69594e-07 0)
(5.48752e-07 4.05964e-07 0)
(5.87556e-07 4.4205e-07 0)
(6.2562e-07 4.77806e-07 0)
(6.62898e-07 5.13245e-07 0)
(6.99411e-07 5.48391e-07 0)
(7.35168e-07 5.8327e-07 0)
(7.70205e-07 6.17916e-07 0)
(8.0456e-07 6.52362e-07 0)
(8.38282e-07 6.86641e-07 0)
(8.71421e-07 7.20783e-07 0)
(9.04036e-07 7.54817e-07 0)
(9.36188e-07 7.88766e-07 0)
(9.67942e-07 8.22654e-07 0)
(9.9937e-07 8.56499e-07 0)
(1.03055e-06 8.90319e-07 0)
(1.06157e-06 9.24124e-07 0)
(1.09258e-06 9.57919e-07 0)
(1.12362e-06 9.91715e-07 4.53736e-21)
(3.99543e-07 2.75957e-07 0)
(4.421e-07 3.14095e-07 0)
(4.81061e-07 3.50525e-07 0)
(5.19619e-07 3.86779e-07 0)
(5.57576e-07 4.22907e-07 0)
(5.94935e-07 4.58829e-07 0)
(6.31629e-07 4.94527e-07 0)
(6.67661e-07 5.29995e-07 0)
(7.03028e-07 5.65237e-07 0)
(7.37749e-07 6.00263e-07 0)
(7.71852e-07 6.35091e-07 0)
(8.05373e-07 6.69735e-07 0)
(8.38355e-07 7.04214e-07 0)
(8.70849e-07 7.38543e-07 0)
(9.02909e-07 7.72733e-07 0)
(9.34594e-07 8.06796e-07 0)
(9.65971e-07 8.40734e-07 0)
(9.97115e-07 8.74547e-07 0)
(1.02811e-06 9.0822e-07 0)
(1.0591e-06 9.41741e-07 0)
(1.09012e-06 9.75074e-07 4.53626e-21)
(3.76938e-07 2.58958e-07 0)
(4.17573e-07 2.96294e-07 0)
(4.55228e-07 3.32301e-07 0)
(4.92641e-07 3.68349e-07 0)
(5.296e-07 4.04429e-07 0)
(5.66098e-07 4.40432e-07 0)
(6.02054e-07 4.7631e-07 0)
(6.37459e-07 5.12029e-07 0)
(6.72295e-07 5.47567e-07 0)
(7.06572e-07 5.82917e-07 0)
(7.40305e-07 6.18074e-07 0)
(7.73521e-07 6.53041e-07 0)
(8.06255e-07 6.87819e-07 0)
(8.38548e-07 7.22412e-07 0)
(8.70448e-07 7.56818e-07 0)
(9.02009e-07 7.91034e-07 0)
(9.33289e-07 8.2505e-07 0)
(9.64363e-07 8.58848e-07 0)
(9.95299e-07 8.92391e-07 0)
(1.02621e-06 9.25648e-07 0)
(1.05718e-06 9.58529e-07 4.53008e-21)
(3.56303e-07 2.42917e-07 0)
(3.95057e-07 2.79425e-07 0)
(4.31331e-07 3.14953e-07 0)
(4.67501e-07 3.50725e-07 0)
(5.03353e-07 3.86682e-07 0)
(5.38872e-07 4.2269e-07 0)
(5.73971e-07 4.58674e-07 0)
(6.0863e-07 4.94572e-07 0)
(6.42823e-07 5.30343e-07 0)
(6.76549e-07 5.65956e-07 0)
(7.09813e-07 6.0139e-07 0)
(7.42635e-07 6.36631e-07 0)
(7.75041e-07 6.71667e-07 0)
(8.07065e-07 7.06487e-07 0)
(8.38746e-07 7.41079e-07 0)
(8.70132e-07 7.75427e-07 0)
(9.01274e-07 8.09506e-07 0)
(9.32236e-07 8.43283e-07 0)
(9.63081e-07 8.76703e-07 0)
(9.93909e-07 9.09712e-07 0)
(1.02478e-06 9.42169e-07 4.51925e-21)
(3.37237e-07 2.27778e-07 0)
(3.74168e-07 2.63457e-07 0)
(4.09019e-07 2.9847e-07 0)
(4.43883e-07 3.33916e-07 0)
(4.78553e-07 3.69692e-07 0)
(5.13008e-07 4.05643e-07 0)
(5.4716e-07 4.41668e-07 0)
(5.80982e-07 4.77683e-07 0)
(6.1444e-07 5.13623e-07 0)
(6.47528e-07 5.49441e-07 0)
(6.80244e-07 5.85098e-07 0)
(7.12598e-07 6.20564e-07 0)
(7.4461e-07 6.55813e-07 0)
(7.76305e-07 6.90823e-07 0)
(8.07717e-07 7.25569e-07 0)
(8.38884e-07 7.60024e-07 0)
(8.69851e-07 7.94151e-07 0)
(9.00671e-07 8.27903e-07 0)
(9.31397e-07 8.6121e-07 0)
(9.62114e-07 8.93999e-07 0)
(9.92873e-07 9.26089e-07 4.50426e-21)
(3.19381e-07 2.13478e-07 0)
(3.5455e-07 2.48347e-07 0)
(3.87959e-07 2.82833e-07 0)
(4.2148e-07 3.17921e-07 0)
(4.54916e-07 3.53474e-07 0)
(4.88248e-07 3.89317e-07 0)
(5.21385e-07 4.25328e-07 0)
(5.54301e-07 4.61402e-07 0)
(5.86957e-07 4.97455e-07 0)
(6.1934e-07 5.33422e-07 0)
(6.51443e-07 5.69248e-07 0)
(6.8327e-07 6.04888e-07 0)
(7.14833e-07 6.40306e-07 0)
(7.46153e-07 6.75465e-07 0)
(7.77253e-07 7.10332e-07 0)
(8.08167e-07 7.44869e-07 0)
(8.38927e-07 7.79029e-07 0)
(8.6958e-07 8.12755e-07 0)
(9.00164e-07 8.45963e-07 0)
(9.30748e-07 8.78567e-07 0)
(9.61367e-07 9.10356e-07 4.48584e-21)
(3.02407e-07 1.99954e-07 0)
(3.35871e-07 2.34047e-07 0)
(3.67832e-07 2.68009e-07 0)
(3.99988e-07 3.02725e-07 0)
(4.32159e-07 3.38026e-07 0)
(4.64326e-07 3.73722e-07 0)
(4.96404e-07 4.09673e-07 0)
(5.28364e-07 4.45755e-07 0)
(5.60166e-07 4.81869e-07 0)
(5.91795e-07 5.17932e-07 0)
(6.23237e-07 5.53875e-07 0)
(6.54492e-07 5.89642e-07 0)
(6.85566e-07 6.25182e-07 0)
(7.16473e-07 6.60451e-07 0)
(7.4723e-07 6.95404e-07 0)
(7.77861e-07 7.29997e-07 0)
(8.08392e-07 7.64175e-07 0)
(8.38856e-07 7.97873e-07 0)
(8.69281e-07 8.31e-07 0)
(8.99714e-07 8.63461e-07 0)
(9.30176e-07 8.95026e-07 4.46475e-21)
(2.86017e-07 1.87147e-07 0)
(3.17822e-07 2.20512e-07 0)
(3.48332e-07 2.53967e-07 0)
(3.79112e-07 2.88307e-07 0)
(4.09998e-07 3.23338e-07 0)
(4.40975e-07 3.58858e-07 0)
(4.71964e-07 3.94711e-07 0)
(5.02935e-07 4.30758e-07 0)
(5.33851e-07 4.66885e-07 0)
(5.64691e-07 5.02994e-07 0)
(5.9544e-07 5.39006e-07 0)
(6.26093e-07 5.7485e-07 0)
(6.56649e-07 6.10468e-07 0)
(6.87117e-07 6.45806e-07 0)
(7.17508e-07 6.80813e-07 0)
(7.47837e-07 7.15435e-07 0)
(7.78121e-07 7.49615e-07 0)
(8.08381e-07 7.83286e-07 0)
(8.38635e-07 8.1635e-07 0)
(8.68905e-07 8.48714e-07 0)
(8.992e-07 8.80139e-07 4.4419e-21)
(2.69928e-07 1.75009e-07 0)
(3.00104e-07 2.077e-07 0)
(3.29164e-07 2.40674e-07 0)
(3.5856e-07 2.74644e-07 0)
(3.88151e-07 3.09395e-07 0)
(4.17923e-07 3.44718e-07 0)
(4.47806e-07 3.80442e-07 0)
(4.77771e-07 4.16414e-07 0)
(5.07781e-07 4.5251e-07 0)
(5.37815e-07 4.88621e-07 0)
(5.67853e-07 5.24654e-07 0)
(5.97887e-07 5.60531e-07 0)
(6.27912e-07 5.96183e-07 0)
(6.57927e-07 6.3155e-07 0)
(6.87938e-07 6.66575e-07 0)
(7.17953e-07 7.01202e-07 0)
(7.4798e-07 7.35369e-07 0)
(7.78029e-07 7.69009e-07 0)
(8.08104e-07 8.02031e-07 0)
(8.38208e-07 8.34343e-07 0)
(8.6833e-07 8.65715e-07 4.4184e-21)
(2.53865e-07 1.63508e-07 0)
(2.82425e-07 1.95582e-07 0)
(3.1003e-07 2.28104e-07 0)
(3.38039e-07 2.61715e-07 0)
(3.66329e-07 2.96182e-07 0)
(3.94892e-07 3.3129e-07 0)
(4.23664e-07 3.66856e-07 0)
(4.52619e-07 4.0272e-07 0)
(4.8172e-07 4.38745e-07 0)
(5.10945e-07 4.74813e-07 0)
(5.40271e-07 5.10823e-07 0)
(5.69685e-07 5.46688e-07 0)
(5.99175e-07 5.82333e-07 0)
(6.28737e-07 6.17692e-07 0)
(6.58367e-07 6.52702e-07 0)
(6.88067e-07 6.87306e-07 0)
(7.17835e-07 7.21443e-07 0)
(7.4767e-07 7.55052e-07 0)
(7.77566e-07 7.88047e-07 0)
(8.07505e-07 8.2035e-07 0)
(8.37459e-07 8.51752e-07 4.39535e-21)
(2.37552e-07 1.52619e-07 0)
(2.64489e-07 1.84133e-07 0)
(2.9063e-07 2.16235e-07 0)
(3.17247e-07 2.49497e-07 0)
(3.44237e-07 2.83678e-07 0)
(3.71594e-07 3.18555e-07 0)
(3.99263e-07 3.53939e-07 0)
(4.27217e-07 3.8966e-07 0)
(4.55422e-07 4.25576e-07 0)
(4.83851e-07 4.6156e-07 0)
(5.12479e-07 4.97505e-07 0)
(5.41287e-07 5.33317e-07 0)
(5.70258e-07 5.68915e-07 0)
(5.99379e-07 6.04228e-07 0)
(6.2864e-07 6.39191e-07 0)
(6.58033e-07 6.73747e-07 0)
(6.8755e-07 7.07838e-07 0)
(7.17178e-07 7.41408e-07 0)
(7.46901e-07 7.74389e-07 0)
(7.76683e-07 8.06719e-07 0)
(8.0648e-07 8.38229e-07 4.37373e-21)
(2.207e-07 1.42348e-07 0)
(2.45988e-07 1.73351e-07 0)
(2.70651e-07 2.05058e-07 0)
(2.95873e-07 2.3798e-07 0)
(3.21568e-07 2.71868e-07 0)
(3.47733e-07 3.06496e-07 0)
(3.74318e-07 3.4167e-07 0)
(4.01297e-07 3.77216e-07 0)
(4.28633e-07 4.12984e-07 0)
(4.56298e-07 4.48844e-07 0)
(4.8426e-07 4.84682e-07 0)
(5.12494e-07 5.204e-07 0)
(5.40977e-07 5.55912e-07 0)
(5.69686e-07 5.91145e-07 0)
(5.98605e-07 6.26031e-07 0)
(6.27715e-07 6.60514e-07 0)
(6.57e-07 6.94541e-07 0)
(6.86437e-07 7.28065e-07 0)
(7.16001e-07 7.61037e-07 0)
(7.45642e-07 7.9342e-07 0)
(7.75301e-07 8.251e-07 4.35461e-21)
(2.02995e-07 1.32691e-07 0)
(2.26587e-07 1.63224e-07 0)
(2.49754e-07 1.94553e-07 0)
(2.7358e-07 2.27136e-07 0)
(2.97995e-07 2.6072e-07 0)
(3.22993e-07 2.95077e-07 0)
(3.48529e-07 3.30012e-07 0)
(3.74574e-07 3.65348e-07 0)
(4.01089e-07 4.0093e-07 0)
(4.28039e-07 4.36626e-07 0)
(4.55388e-07 4.72318e-07 0)
(4.83102e-07 5.07904e-07 0)
(5.11148e-07 5.43295e-07 0)
(5.39497e-07 5.78416e-07 0)
(5.68118e-07 6.13198e-07 0)
(5.96986e-07 6.47585e-07 0)
(6.26073e-07 6.81531e-07 0)
(6.55348e-07 7.14998e-07 0)
(6.84775e-07 7.47959e-07 0)
(7.14297e-07 7.80406e-07 0)
(7.43845e-07 8.12298e-07 4.33892e-21)
(1.84095e-07 1.23708e-07 0)
(2.05926e-07 1.53791e-07 0)
(2.27582e-07 1.84741e-07 0)
(2.50017e-07 2.16969e-07 0)
(2.73176e-07 2.50225e-07 0)
(2.97047e-07 2.8428e-07 0)
(3.21587e-07 3.18938e-07 0)
(3.4676e-07 3.54021e-07 0)
(3.72522e-07 3.89375e-07 0)
(3.98831e-07 4.24863e-07 0)
(4.25642e-07 4.60367e-07 0)
(4.52912e-07 4.95782e-07 0)
(4.80597e-07 5.31018e-07 0)
(5.08656e-07 5.65997e-07 0)
(5.37049e-07 6.0065e-07 0)
(5.65737e-07 6.34922e-07 0)
(5.9468e-07 6.6877e-07 0)
(6.23837e-07 7.02168e-07 0)
(6.53163e-07 7.35109e-07 0)
(6.82597e-07 7.67617e-07 0)
(7.12065e-07 7.99734e-07 4.32709e-21)
(1.63577e-07 1.15377e-07 0)
(1.83573e-07 1.45012e-07 0)
(2.03707e-07 1.7557e-07 0)
(2.24771e-07 2.07418e-07 0)
(2.46717e-07 2.40312e-07 0)
(2.69524e-07 2.74027e-07 0)
(2.93144e-07 3.08367e-07 0)
(3.17533e-07 3.43156e-07 0)
(3.42637e-07 3.78239e-07 0)
(3.68405e-07 4.13478e-07 0)
(3.94781e-07 4.48755e-07 0)
(4.2171e-07 4.83964e-07 0)
(4.49139e-07 5.19014e-07 0)
(4.77011e-07 5.53825e-07 0)
(5.05274e-07 5.88329e-07 0)
(5.33873e-07 6.2247e-07 0)
(5.62756e-07 6.5621e-07 0)
(5.91866e-07 6.89528e-07 0)
(6.21148e-07 7.22436e-07 0)
(6.50536e-07 7.54984e-07 0)
(6.79958e-07 7.87301e-07 4.31954e-21)
(1.41045e-07 1.07856e-07 0)
(1.59123e-07 1.37005e-07 0)
(1.77741e-07 1.67115e-07 0)
(1.97472e-07 1.98524e-07 0)
(2.18271e-07 2.30996e-07 0)
(2.401e-07 2.64309e-07 0)
(2.62901e-07 2.98271e-07 0)
(2.86617e-07 3.32706e-07 0)
(3.11184e-07 3.67461e-07 0)
(3.36536e-07 4.02401e-07 0)
(3.62605e-07 4.37404e-07 0)
(3.89326e-07 4.72366e-07 0)
(4.16628e-07 5.07195e-07 0)
(4.44443e-07 5.4181e-07 0)
(4.72704e-07 5.76145e-07 0)
(5.01339e-07 6.10144e-07 0)
(5.30277e-07 6.4377e-07 0)
(5.59444e-07 6.77005e-07 0)
(5.88767e-07 7.09869e-07 0)
(6.18168e-07 7.42429e-07 0)
(6.47583e-07 7.74864e-07 4.31509e-21)
(1.15755e-07 1.01008e-07 2.32503e-21)
(1.3181e-07 1.29583e-07 2.34885e-21)
(1.48956e-07 1.59183e-07 2.34699e-21)
(1.67439e-07 1.90093e-07 2.34525e-21)
(1.87201e-07 2.22085e-07 2.34364e-21)
(2.08186e-07 2.54941e-07 2.34216e-21)
(2.30317e-07 2.88473e-07 2.34081e-21)
(2.53522e-07 3.22507e-07 2.3396e-21)
(2.77719e-07 3.56891e-07 2.33853e-21)
(3.02827e-07 3.91489e-07 2.33758e-21)
(3.28765e-07 4.26183e-07 2.33675e-21)
(3.55451e-07 4.60867e-07 2.33604e-21)
(3.82804e-07 4.95448e-07 2.33544e-21)
(4.10742e-07 5.29849e-07 2.33496e-21)
(4.39182e-07 5.64e-07 2.33458e-21)
(4.68038e-07 5.9785e-07 2.33431e-21)
(4.9722e-07 6.31359e-07 2.33414e-21)
(5.26627e-07 6.64515e-07 2.33408e-21)
(5.56155e-07 6.97334e-07 2.3341e-21)
(5.85673e-07 7.29886e-07 2.33418e-21)
(6.15874e-07 7.57365e-07 3.32376e-21)
(0 0 0)
(3.86349e-08 7.21936e-09 0)
(7.8668e-08 2.22108e-08 0)
(1.21324e-07 4.5708e-08 0)
(1.67261e-07 7.67508e-08 0)
(2.17029e-07 1.1441e-07 0)
(2.70871e-07 1.57457e-07 0)
(3.2885e-07 2.04577e-07 0)
(3.90821e-07 2.54383e-07 0)
(4.56506e-07 3.05633e-07 0)
(0 0 0)
(3.64653e-08 6.42599e-09 0)
(7.42299e-08 1.99591e-08 0)
(1.14335e-07 4.13915e-08 0)
(1.57331e-07 6.99609e-08 0)
(2.03715e-07 1.04914e-07 0)
(2.53717e-07 1.45197e-07 0)
(3.07422e-07 1.89666e-07 0)
(3.64726e-07 2.37066e-07 0)
(4.25367e-07 2.86331e-07 0)
(0 0 0)
(3.4503e-08 5.60646e-09 0)
(7.02409e-08 1.777e-08 0)
(1.08097e-07 3.73122e-08 0)
(1.48517e-07 6.36191e-08 0)
(1.9193e-07 9.60727e-08 0)
(2.38545e-07 1.33758e-07 0)
(2.88449e-07 1.75668e-07 0)
(3.41605e-07 2.20673e-07 0)
(3.97774e-07 2.67843e-07 0)
(0 0 0)
(3.26928e-08 4.75014e-09 0)
(6.65863e-08 1.56148e-08 0)
(1.02436e-07 3.34256e-08 0)
(1.4059e-07 5.76773e-08 0)
(1.81416e-07 8.7855e-08 0)
(2.25088e-07 1.23152e-07 0)
(2.71678e-07 1.62672e-07 0)
(3.21179e-07 2.0538e-07 0)
(3.7334e-07 2.50411e-07 0)
(0 0 0)
(3.09991e-08 3.84829e-09 0)
(6.31835e-08 1.3454e-08 0)
(9.7202e-08 2.96481e-08 0)
(1.33317e-07 5.20052e-08 0)
(1.71836e-07 8.00877e-08 0)
(2.12903e-07 1.13175e-07 0)
(2.56572e-07 1.50457e-07 0)
(3.02861e-07 1.90996e-07 0)
(3.51503e-07 2.33962e-07 0)
(0 0 0)
(2.93975e-08 2.89889e-09 0)
(5.9979e-08 1.12732e-08 0)
(9.23059e-08 2.5948e-08 0)
(1.26564e-07 4.6556e-08 0)
(1.63008e-07 7.2717e-08 0)
(2.01752e-07 1.03776e-07 0)
(2.42825e-07 1.38988e-07 0)
(2.8626e-07 1.77494e-07 0)
(3.31785e-07 2.18486e-07 0)
(0 0 0)
(2.78645e-08 1.89925e-09 0)
(5.69209e-08 9.05415e-09 0)
(8.76581e-08 2.22815e-08 0)
(1.20195e-07 4.12567e-08 0)
(1.54741e-07 6.56412e-08 0)
(1.91381e-07 9.48327e-08 0)
(2.30124e-07 1.28135e-07 0)
(2.71012e-07 1.64756e-07 0)
(3.13771e-07 2.03905e-07 0)
(0 0 0)
(2.63838e-08 8.50257e-10 0)
(5.39741e-08 6.79003e-09 0)
(8.31987e-08 1.86286e-08 0)
(1.14118e-07 3.60722e-08 0)
(1.469e-07 5.88113e-08 0)
(1.81606e-07 8.62828e-08 0)
(2.18229e-07 1.17827e-07 0)
(2.56812e-07 1.52707e-07 0)
(2.97092e-07 1.90148e-07 0)
(0 0 0)
(2.49403e-08 -2.48596e-10 0)
(5.11057e-08 4.47206e-09 0)
(7.8872e-08 1.49663e-08 0)
(1.08246e-07 3.09621e-08 0)
(1.39362e-07 5.21691e-08 0)
(1.72261e-07 7.80535e-08 0)
(2.06925e-07 1.07982e-07 0)
(2.43396e-07 1.41263e-07 0)
(2.81426e-07 1.77137e-07 0)
(0 0 0)
(2.35226e-08 -1.39652e-09 0)
(4.82916e-08 2.09614e-09 0)
(7.46359e-08 1.12818e-08 0)
(1.02514e-07 2.59031e-08 0)
(1.32031e-07 4.56799e-08 0)
(1.6321e-07 7.00978e-08 0)
(1.96031e-07 9.8543e-08 0)
(2.30531e-07 1.30357e-07 0)
(2.66487e-07 1.648e-07 0)
(0 0 0)
(2.21215e-08 -2.59416e-09 0)
(4.55115e-08 -3.42921e-10 0)
(7.04544e-08 7.56309e-09 0)
(9.68618e-08 2.08747e-08 0)
(1.24817e-07 3.93138e-08 0)
(1.5433e-07 6.23763e-08 0)
(1.85381e-07 8.94612e-08 0)
(2.18009e-07 1.19936e-07 0)
(2.52015e-07 1.53079e-07 0)
(0 0 0)
(2.07314e-08 -3.84298e-09 0)
(4.27526e-08 -2.84988e-09 0)
(6.6301e-08 3.80167e-09 0)
(9.12432e-08 1.58645e-08 0)
(1.17645e-07 3.30526e-08 0)
(1.45509e-07 5.48638e-08 0)
(1.74826e-07 8.07035e-08 0)
(2.05635e-07 1.09958e-07 0)
(2.37767e-07 1.41925e-07 0)
(0 0 0)
(1.93514e-08 -5.1476e-09 0)
(4.00095e-08 -5.43087e-09 0)
(6.21576e-08 -7.82526e-12 0)
(8.56179e-08 1.08681e-08 0)
(1.10445e-07 2.6891e-08 0)
(1.36644e-07 4.75514e-08 0)
(1.64221e-07 7.22556e-08 0)
(1.93222e-07 1.00402e-07 0)
(2.23509e-07 1.31311e-07 0)
(0 0 0)
(1.79897e-08 -6.51762e-09 0)
(3.72925e-08 -8.09636e-09 0)
(5.80205e-08 -3.87153e-09 0)
(7.99568e-08 5.88483e-09 0)
(1.03155e-07 2.08307e-08 0)
(1.27633e-07 4.04396e-08 0)
(1.53422e-07 6.41131e-08 0)
(1.8058e-07 9.12593e-08 0)
(2.09006e-07 1.21217e-07 0)
(0 0 0)
(1.66674e-08 -7.97415e-09 0)
(3.46296e-08 -1.08589e-08 0)
(5.39004e-08 -7.78418e-09 0)
(7.42386e-08 9.36135e-10 0)
(9.57124e-08 1.49026e-08 0)
(1.1837e-07 3.35617e-08 0)
(1.42277e-07 5.63065e-08 0)
(1.67512e-07 8.25526e-08 0)
(1.9401e-07 1.11659e-07 0)
(0 0 0)
(1.54417e-08 -9.5539e-09 0)
(3.20961e-08 -1.37437e-08 0)
(4.9842e-08 -1.1748e-08 0)
(6.84582e-08 -3.96145e-09 0)
(8.80571e-08 9.13358e-09 0)
(1.0874e-07 2.69465e-08 0)
(1.30618e-07 4.88608e-08 0)
(1.53795e-07 7.42995e-08 0)
(1.78248e-07 1.02644e-07 0)
(0 0 0)
(1.44188e-08 -1.13408e-08 0)
(2.98113e-08 -1.67721e-08 0)
(4.59131e-08 -1.5714e-08 0)
(6.26134e-08 -8.71541e-09 0)
(8.0118e-08 3.63522e-09 0)
(9.8608e-08 2.07087e-08 0)
(1.18251e-07 4.18836e-08 0)
(1.39183e-07 6.65951e-08 0)
(1.61421e-07 9.42496e-08 0)
(0 0 0)
(1.3924e-08 -1.34518e-08 0)
(2.806e-08 -1.99861e-08 0)
(4.22609e-08 -1.96624e-08 0)
(5.67139e-08 -1.32804e-08 0)
(7.17954e-08 -1.54182e-09 0)
(8.77873e-08 1.48915e-08 0)
(1.04919e-07 3.5405e-08 0)
(1.23354e-07 5.94532e-08 0)
(1.43149e-07 8.64731e-08 0)
(0 0 0)
(1.45735e-08 -1.6185e-08 0)
(2.71918e-08 -2.33249e-08 0)
(3.90388e-08 -2.3335e-08 0)
(5.07506e-08 -1.7336e-08 0)
(6.29738e-08 -6.07864e-09 0)
(7.60837e-08 9.79191e-09 0)
(9.03644e-08 2.96914e-08 0)
(1.06e-07 5.31071e-08 0)
(1.23075e-07 7.95121e-08 0)
(7.64647e-09 -7.19521e-09 9.15422e-22)
(1.97102e-08 -1.98015e-08 1.84127e-21)
(2.83173e-08 -2.66889e-08 1.858e-21)
(3.6491e-08 -2.66167e-08 1.88489e-21)
(4.46188e-08 -2.0768e-08 1.92212e-21)
(5.33676e-08 -9.85878e-09 1.96952e-21)
(6.31056e-08 5.52966e-09 2.02691e-21)
(7.41128e-08 2.48482e-08 2.09397e-21)
(8.65708e-08 4.76166e-08 2.17033e-21)
(1.00554e-07 7.3334e-08 2.2555e-21)
(0 0 0)
(3.86349e-08 7.21936e-09 0)
(7.8668e-08 2.22108e-08 0)
(1.21324e-07 4.5708e-08 0)
(1.67261e-07 7.67508e-08 0)
(2.17029e-07 1.1441e-07 0)
(2.70871e-07 1.57457e-07 0)
(3.2885e-07 2.04577e-07 0)
(3.90821e-07 2.54383e-07 0)
(4.56506e-07 3.05633e-07 0)
(0 0 0)
(3.64653e-08 6.42599e-09 0)
(7.42299e-08 1.99591e-08 0)
(1.14335e-07 4.13915e-08 0)
(1.57331e-07 6.99609e-08 0)
(2.03715e-07 1.04914e-07 0)
(2.53717e-07 1.45197e-07 0)
(3.07422e-07 1.89666e-07 0)
(3.64726e-07 2.37066e-07 0)
(4.25367e-07 2.86331e-07 0)
(0 0 0)
(3.4503e-08 5.60646e-09 0)
(7.02409e-08 1.777e-08 0)
(1.08097e-07 3.73122e-08 0)
(1.48517e-07 6.36191e-08 0)
(1.9193e-07 9.60727e-08 0)
(2.38545e-07 1.33758e-07 0)
(2.88449e-07 1.75668e-07 0)
(3.41605e-07 2.20673e-07 0)
(3.97774e-07 2.67843e-07 0)
(0 0 0)
(3.26928e-08 4.75014e-09 0)
(6.65863e-08 1.56148e-08 0)
(1.02436e-07 3.34256e-08 0)
(1.4059e-07 5.76773e-08 0)
(1.81416e-07 8.7855e-08 0)
(2.25088e-07 1.23152e-07 0)
(2.71678e-07 1.62672e-07 0)
(3.21179e-07 2.0538e-07 0)
(3.7334e-07 2.50411e-07 0)
(0 0 0)
(3.09991e-08 3.84829e-09 0)
(6.31835e-08 1.3454e-08 0)
(9.7202e-08 2.96481e-08 0)
(1.33317e-07 5.20052e-08 0)
(1.71836e-07 8.00877e-08 0)
(2.12903e-07 1.13175e-07 0)
(2.56572e-07 1.50457e-07 0)
(3.02861e-07 1.90996e-07 0)
(3.51503e-07 2.33962e-07 0)
(0 0 0)
(2.93975e-08 2.89889e-09 0)
(5.9979e-08 1.12732e-08 0)
(9.23059e-08 2.5948e-08 0)
(1.26564e-07 4.6556e-08 0)
(1.63008e-07 7.2717e-08 0)
(2.01752e-07 1.03776e-07 0)
(2.42825e-07 1.38988e-07 0)
(2.8626e-07 1.77494e-07 0)
(3.31785e-07 2.18486e-07 0)
(0 0 0)
(2.78645e-08 1.89925e-09 0)
(5.69209e-08 9.05415e-09 0)
(8.76581e-08 2.22815e-08 0)
(1.20195e-07 4.12567e-08 0)
(1.54741e-07 6.56412e-08 0)
(1.91381e-07 9.48327e-08 0)
(2.30124e-07 1.28135e-07 0)
(2.71012e-07 1.64756e-07 0)
(3.13771e-07 2.03905e-07 0)
(0 0 0)
(2.63838e-08 8.50257e-10 0)
(5.39741e-08 6.79003e-09 0)
(8.31987e-08 1.86286e-08 0)
(1.14118e-07 3.60722e-08 0)
(1.469e-07 5.88113e-08 0)
(1.81606e-07 8.62828e-08 0)
(2.18229e-07 1.17827e-07 0)
(2.56812e-07 1.52707e-07 0)
(2.97092e-07 1.90148e-07 0)
(0 0 0)
(2.49403e-08 -2.48596e-10 0)
(5.11057e-08 4.47206e-09 0)
(7.8872e-08 1.49663e-08 0)
(1.08246e-07 3.09621e-08 0)
(1.39362e-07 5.21691e-08 0)
(1.72261e-07 7.80535e-08 0)
(2.06925e-07 1.07982e-07 0)
(2.43396e-07 1.41263e-07 0)
(2.81426e-07 1.77137e-07 0)
(0 0 0)
(2.35226e-08 -1.39652e-09 0)
(4.82916e-08 2.09614e-09 0)
(7.46359e-08 1.12818e-08 0)
(1.02514e-07 2.59031e-08 0)
(1.32031e-07 4.56799e-08 0)
(1.6321e-07 7.00978e-08 0)
(1.96031e-07 9.8543e-08 0)
(2.30531e-07 1.30357e-07 0)
(2.66487e-07 1.648e-07 0)
(0 0 0)
(2.21215e-08 -2.59416e-09 0)
(4.55115e-08 -3.42921e-10 0)
(7.04544e-08 7.56309e-09 0)
(9.68618e-08 2.08747e-08 0)
(1.24817e-07 3.93138e-08 0)
(1.5433e-07 6.23763e-08 0)
(1.85381e-07 8.94612e-08 0)
(2.18009e-07 1.19936e-07 0)
(2.52015e-07 1.53079e-07 0)
(0 0 0)
(2.07314e-08 -3.84298e-09 0)
(4.27526e-08 -2.84988e-09 0)
(6.6301e-08 3.80167e-09 0)
(9.12432e-08 1.58645e-08 0)
(1.17645e-07 3.30526e-08 0)
(1.45509e-07 5.48638e-08 0)
(1.74826e-07 8.07035e-08 0)
(2.05635e-07 1.09958e-07 0)
(2.37767e-07 1.41925e-07 0)
(0 0 0)
(1.93514e-08 -5.1476e-09 0)
(4.00095e-08 -5.43087e-09 0)
(6.21576e-08 -7.82526e-12 0)
(8.56179e-08 1.08681e-08 0)
(1.10445e-07 2.6891e-08 0)
(1.36644e-07 4.75514e-08 0)
(1.64221e-07 7.22556e-08 0)
(1.93222e-07 1.00402e-07 0)
(2.23509e-07 1.31311e-07 0)
(0 0 0)
(1.79897e-08 -6.51762e-09 0)
(3.72925e-08 -8.09636e-09 0)
(5.80205e-08 -3.87153e-09 0)
(7.99568e-08 5.88483e-09 0)
(1.03155e-07 2.08307e-08 0)
(1.27633e-07 4.04396e-08 0)
(1.53422e-07 6.41131e-08 0)
(1.8058e-07 9.12593e-08 0)
(2.09006e-07 1.21217e-07 0)
(0 0 0)
(1.66674e-08 -7.97415e-09 0)
(3.46296e-08 -1.08589e-08 0)
(5.39004e-08 -7.78418e-09 0)
(7.42386e-08 9.36135e-10 0)
(9.57124e-08 1.49026e-08 0)
(1.1837e-07 3.35617e-08 0)
(1.42277e-07 5.63065e-08 0)
(1.67512e-07 8.25526e-08 0)
(1.9401e-07 1.11659e-07 0)
(0 0 0)
(1.54417e-08 -9.5539e-09 0)
(3.20961e-08 -1.37437e-08 0)
(4.9842e-08 -1.1748e-08 0)
(6.84582e-08 -3.96145e-09 0)
(8.80571e-08 9.13358e-09 0)
(1.0874e-07 2.69465e-08 0)
(1.30618e-07 4.88608e-08 0)
(1.53795e-07 7.42995e-08 0)
(1.78248e-07 1.02644e-07 0)
(0 0 0)
(1.44188e-08 -1.13408e-08 0)
(2.98113e-08 -1.67721e-08 0)
(4.59131e-08 -1.5714e-08 0)
(6.26134e-08 -8.71541e-09 0)
(8.0118e-08 3.63522e-09 0)
(9.8608e-08 2.07087e-08 0)
(1.18251e-07 4.18836e-08 0)
(1.39183e-07 6.65951e-08 0)
(1.61421e-07 9.42496e-08 0)
(0 0 0)
(1.3924e-08 -1.34518e-08 0)
(2.806e-08 -1.99861e-08 0)
(4.22609e-08 -1.96624e-08 0)
(5.67139e-08 -1.32804e-08 0)
(7.17954e-08 -1.54182e-09 0)
(8.77873e-08 1.48915e-08 0)
(1.04919e-07 3.5405e-08 0)
(1.23354e-07 5.94532e-08 0)
(1.43149e-07 8.64731e-08 0)
(0 0 0)
(1.45735e-08 -1.6185e-08 0)
(2.71918e-08 -2.33249e-08 0)
(3.90388e-08 -2.3335e-08 0)
(5.07506e-08 -1.7336e-08 0)
(6.29738e-08 -6.07864e-09 0)
(7.60837e-08 9.79191e-09 0)
(9.03644e-08 2.96914e-08 0)
(1.06e-07 5.31071e-08 0)
(1.23075e-07 7.95121e-08 0)
(7.64647e-09 -7.19521e-09 9.15422e-22)
(1.97102e-08 -1.98015e-08 1.84127e-21)
(2.83173e-08 -2.66889e-08 1.858e-21)
(3.6491e-08 -2.66167e-08 1.88489e-21)
(4.46188e-08 -2.0768e-08 1.92212e-21)
(5.33676e-08 -9.85878e-09 1.96952e-21)
(6.31056e-08 5.52966e-09 2.02691e-21)
(7.41128e-08 2.48482e-08 2.09397e-21)
(8.65708e-08 4.76166e-08 2.17033e-21)
(1.00554e-07 7.3334e-08 2.2555e-21)
)
;

boundaryField
{
    left
    {
        type            calculated;
    }
    right
    {
        type            calculated;
    }
    down
    {
        type            calculated;
    }
    up
    {
        type            calculated;
    }
    hole
    {
        type            calculated;
    }
    frontAndBack
    {
        type            empty;
    }
}


// ************************************************************************* //
