/*--------------------------------*- C++ -*----------------------------------*\
  =========                 |
  \\      /  F ield         | OpenFOAM: The Open Source CFD Toolbox
   \\    /   O peration     | Website:  https://openfoam.org
    \\  /    A nd           | Version:  9
     \\/     M anipulation  |
\*---------------------------------------------------------------------------*/
FoamFile
{
    format      ascii;
    class       pointVectorField;
    location    "5";
    object      pointD;
}
// * * * * * * * * * * * * * * * * * * * * * * * * * * * * * * * * * * * * * //

dimensions      [0 1 0 0 0 0 0];

internalField   nonuniform List<vector> 
2142
(
(3.70194e-06 1.08028e-06 -3.51324e-20)
(3.43072e-06 1.25297e-06 0)
(3.24128e-06 1.37579e-06 0)
(3.10345e-06 1.47536e-06 0)
(3.0043e-06 1.55683e-06 0)
(2.93404e-06 1.62688e-06 0)
(2.88565e-06 1.68842e-06 0)
(2.85415e-06 1.74398e-06 0)
(2.83571e-06 1.7951e-06 0)
(2.82752e-06 1.8428e-06 0)
(2.82947e-06 1.89454e-06 0)
(3.38247e-06 9.90282e-07 -4.13802e-20)
(3.0953e-06 1.1266e-06 0)
(2.89632e-06 1.22245e-06 0)
(2.75243e-06 1.30085e-06 0)
(2.64924e-06 1.36486e-06 0)
(2.57601e-06 1.42015e-06 0)
(2.52511e-06 1.46875e-06 0)
(2.49126e-06 1.51281e-06 0)
(2.4703e-06 1.55337e-06 0)
(2.45935e-06 1.59164e-06 0)
(2.41042e-06 1.59352e-06 0)
(3.05e-06 9.01876e-07 -4.60881e-20)
(2.75495e-06 9.97628e-07 0)
(2.55178e-06 1.0644e-06 0)
(2.40573e-06 1.12065e-06 0)
(2.3014e-06 1.16693e-06 0)
(2.22741e-06 1.2076e-06 0)
(2.17573e-06 1.24365e-06 0)
(2.14084e-06 1.27666e-06 0)
(2.11846e-06 1.30711e-06 0)
(2.10548e-06 1.33617e-06 0)
(2.06168e-06 1.33332e-06 0)
(2.70585e-06 8.15805e-07 -4.85567e-20)
(2.4117e-06 8.68643e-07 0)
(2.21018e-06 9.05307e-07 0)
(2.0662e-06 9.39178e-07 0)
(1.96391e-06 9.68052e-07 0)
(1.8916e-06 9.94762e-07 0)
(1.84106e-06 1.01912e-06 0)
(1.80668e-06 1.04206e-06 0)
(1.78419e-06 1.06344e-06 0)
(1.77044e-06 1.08419e-06 0)
(1.73265e-06 1.0782e-06 0)
(2.35103e-06 7.32546e-07 -4.68153e-20)
(2.06699e-06 7.42038e-07 0)
(1.87321e-06 7.48802e-07 0)
(1.7358e-06 7.6095e-07 0)
(1.63896e-06 7.73404e-07 0)
(1.57095e-06 7.87344e-07 0)
(1.5236e-06 8.01302e-07 0)
(1.49135e-06 8.15453e-07 0)
(1.47007e-06 8.2908e-07 0)
(1.45665e-06 8.42695e-07 0)
(1.42517e-06 8.35029e-07 0)
(1.9872e-06 6.52117e-07 -4.07573e-20)
(1.72195e-06 6.19789e-07 0)
(1.54198e-06 5.98184e-07 0)
(1.41582e-06 5.90337e-07 0)
(1.32804e-06 5.882e-07 0)
(1.26706e-06 5.91226e-07 0)
(1.22496e-06 5.96582e-07 0)
(1.19639e-06 6.03647e-07 0)
(1.17751e-06 6.11115e-07 0)
(1.16539e-06 6.19057e-07 0)
(1.14017e-06 6.11091e-07 0)
(1.61571e-06 5.73651e-07 -3.23552e-20)
(1.37669e-06 5.03105e-07 0)
(1.2167e-06 4.56155e-07 0)
(1.10675e-06 4.31404e-07 0)
(1.03179e-06 4.17572e-07 0)
(9.80596e-07 4.12314e-07 0)
(9.45708e-07 4.11394e-07 0)
(9.22222e-07 4.1341e-07 0)
(9.06743e-07 4.16548e-07 0)
(8.9665e-07 4.20473e-07 0)
(8.77416e-07 4.13465e-07 0)
(1.23981e-06 4.94873e-07 -2.24291e-20)
(1.03164e-06 3.91636e-07 0)
(8.97842e-07 3.24508e-07 0)
(8.09291e-07 2.87956e-07 0)
(7.50849e-07 2.6675e-07 0)
(7.11874e-07 2.56731e-07 0)
(6.85772e-07 2.52355e-07 0)
(6.68383e-07 2.51607e-07 0)
(6.56939e-07 2.52354e-07 0)
(6.49337e-07 2.53967e-07 0)
(6.35623e-07 2.48906e-07 0)
(8.61497e-07 4.0885e-07 -1.17538e-20)
(6.85213e-07 2.81443e-07 0)
(5.85375e-07 2.03398e-07 0)
(5.23647e-07 1.63437e-07 0)
(4.8492e-07 1.41138e-07 0)
(4.5996e-07 1.30729e-07 0)
(4.43539e-07 1.25954e-07 0)
(4.3269e-07 1.24635e-07 0)
(4.255e-07 1.24684e-07 0)
(4.20578e-07 1.25419e-07 0)
(4.11831e-07 1.22775e-07 0)
(5.04334e-07 3.00843e-07 -1.08092e-21)
(3.40462e-07 1.65352e-07 0)
(2.83926e-07 9.63558e-08 0)
(2.53557e-07 6.5683e-08 0)
(2.3568e-07 5.02765e-08 0)
(2.24504e-07 4.38114e-08 0)
(2.17167e-07 4.11542e-08 0)
(2.12295e-07 4.06697e-08 0)
(2.08983e-07 4.09314e-08 0)
(2.06601e-07 4.15062e-08 0)
(2.02285e-07 4.08465e-08 0)
(1.68782e-07 1.19606e-07 2.08108e-21)
(0 0 0)
(0 0 0)
(0 0 0)
(0 0 0)
(0 0 0)
(0 0 0)
(0 0 0)
(0 0 0)
(0 0 0)
(0 0 0)
(3.70194e-06 1.08028e-06 -3.51324e-20)
(3.43072e-06 1.25297e-06 0)
(3.24128e-06 1.37579e-06 0)
(3.10345e-06 1.47536e-06 0)
(3.0043e-06 1.55683e-06 0)
(2.93404e-06 1.62688e-06 0)
(2.88565e-06 1.68842e-06 0)
(2.85415e-06 1.74398e-06 0)
(2.83571e-06 1.7951e-06 0)
(2.82752e-06 1.8428e-06 0)
(2.82947e-06 1.89454e-06 0)
(3.38247e-06 9.90282e-07 -4.13802e-20)
(3.0953e-06 1.1266e-06 0)
(2.89632e-06 1.22245e-06 0)
(2.75243e-06 1.30085e-06 0)
(2.64924e-06 1.36486e-06 0)
(2.57601e-06 1.42015e-06 0)
(2.52511e-06 1.46875e-06 0)
(2.49126e-06 1.51281e-06 0)
(2.4703e-06 1.55337e-06 0)
(2.45935e-06 1.59164e-06 0)
(2.41042e-06 1.59352e-06 0)
(3.05e-06 9.01876e-07 -4.60881e-20)
(2.75495e-06 9.97628e-07 0)
(2.55178e-06 1.0644e-06 0)
(2.40573e-06 1.12065e-06 0)
(2.3014e-06 1.16693e-06 0)
(2.22741e-06 1.2076e-06 0)
(2.17573e-06 1.24365e-06 0)
(2.14084e-06 1.27666e-06 0)
(2.11846e-06 1.30711e-06 0)
(2.10548e-06 1.33617e-06 0)
(2.06168e-06 1.33332e-06 0)
(2.70585e-06 8.15805e-07 -4.85567e-20)
(2.4117e-06 8.68643e-07 0)
(2.21018e-06 9.05307e-07 0)
(2.0662e-06 9.39178e-07 0)
(1.96391e-06 9.68052e-07 0)
(1.8916e-06 9.94762e-07 0)
(1.84106e-06 1.01912e-06 0)
(1.80668e-06 1.04206e-06 0)
(1.78419e-06 1.06344e-06 0)
(1.77044e-06 1.08419e-06 0)
(1.73265e-06 1.0782e-06 0)
(2.35103e-06 7.32546e-07 -4.68153e-20)
(2.06699e-06 7.42038e-07 0)
(1.87321e-06 7.48802e-07 0)
(1.7358e-06 7.6095e-07 0)
(1.63896e-06 7.73404e-07 0)
(1.57095e-06 7.87344e-07 0)
(1.5236e-06 8.01302e-07 0)
(1.49135e-06 8.15453e-07 0)
(1.47007e-06 8.2908e-07 0)
(1.45665e-06 8.42695e-07 0)
(1.42517e-06 8.35029e-07 0)
(1.9872e-06 6.52117e-07 -4.07573e-20)
(1.72195e-06 6.19789e-07 0)
(1.54198e-06 5.98184e-07 0)
(1.41582e-06 5.90337e-07 0)
(1.32804e-06 5.882e-07 0)
(1.26706e-06 5.91226e-07 0)
(1.22496e-06 5.96582e-07 0)
(1.19639e-06 6.03647e-07 0)
(1.17751e-06 6.11115e-07 0)
(1.16539e-06 6.19057e-07 0)
(1.14017e-06 6.11091e-07 0)
(1.61571e-06 5.73651e-07 -3.23552e-20)
(1.37669e-06 5.03105e-07 0)
(1.2167e-06 4.56155e-07 0)
(1.10675e-06 4.31404e-07 0)
(1.03179e-06 4.17572e-07 0)
(9.80596e-07 4.12314e-07 0)
(9.45708e-07 4.11394e-07 0)
(9.22222e-07 4.1341e-07 0)
(9.06743e-07 4.16548e-07 0)
(8.9665e-07 4.20473e-07 0)
(8.77416e-07 4.13465e-07 0)
(1.23981e-06 4.94873e-07 -2.24291e-20)
(1.03164e-06 3.91636e-07 0)
(8.97842e-07 3.24508e-07 0)
(8.09291e-07 2.87956e-07 0)
(7.50849e-07 2.6675e-07 0)
(7.11874e-07 2.56731e-07 0)
(6.85772e-07 2.52355e-07 0)
(6.68383e-07 2.51607e-07 0)
(6.56939e-07 2.52354e-07 0)
(6.49337e-07 2.53967e-07 0)
(6.35623e-07 2.48906e-07 0)
(8.61497e-07 4.0885e-07 -1.17538e-20)
(6.85213e-07 2.81443e-07 0)
(5.85375e-07 2.03398e-07 0)
(5.23647e-07 1.63437e-07 0)
(4.8492e-07 1.41138e-07 0)
(4.5996e-07 1.30729e-07 0)
(4.43539e-07 1.25954e-07 0)
(4.3269e-07 1.24635e-07 0)
(4.255e-07 1.24684e-07 0)
(4.20578e-07 1.25419e-07 0)
(4.11831e-07 1.22775e-07 0)
(5.04334e-07 3.00843e-07 -1.08092e-21)
(3.40462e-07 1.65352e-07 0)
(2.83926e-07 9.63558e-08 0)
(2.53557e-07 6.5683e-08 0)
(2.3568e-07 5.02765e-08 0)
(2.24504e-07 4.38114e-08 0)
(2.17167e-07 4.11542e-08 0)
(2.12295e-07 4.06697e-08 0)
(2.08983e-07 4.09314e-08 0)
(2.06601e-07 4.15062e-08 0)
(2.02285e-07 4.08465e-08 0)
(1.68782e-07 1.19606e-07 2.08108e-21)
(0 0 0)
(0 0 0)
(0 0 0)
(0 0 0)
(0 0 0)
(0 0 0)
(0 0 0)
(0 0 0)
(0 0 0)
(0 0 0)
(6.00584e-06 1.78091e-06 -2.5377e-21)
(6.04907e-06 1.95335e-06 -1.51215e-21)
(6.04428e-06 2.17509e-06 -1.65092e-21)
(6.04109e-06 2.38077e-06 -1.78871e-21)
(6.04494e-06 2.56997e-06 -1.92436e-21)
(6.05789e-06 2.74459e-06 -2.05811e-21)
(6.08072e-06 2.9069e-06 -2.19025e-21)
(6.11332e-06 3.05921e-06 -2.32115e-21)
(6.15533e-06 3.20347e-06 -2.4511e-21)
(6.20585e-06 3.3415e-06 -2.58044e-21)
(6.26435e-06 3.47405e-06 -2.67252e-21)
(5.87225e-06 1.714e-06 -3.69399e-21)
(5.85444e-06 1.9454e-06 0)
(5.83958e-06 2.16573e-06 0)
(5.8318e-06 2.36839e-06 0)
(5.83317e-06 2.55336e-06 0)
(5.84437e-06 2.72289e-06 0)
(5.86537e-06 2.87948e-06 0)
(5.89566e-06 3.02567e-06 0)
(5.93463e-06 3.16352e-06 0)
(5.98142e-06 3.295e-06 0)
(6.03884e-06 3.42175e-06 0)
(5.69062e-06 1.68549e-06 -3.80276e-21)
(5.65297e-06 1.92198e-06 0)
(5.62238e-06 2.1403e-06 0)
(5.60289e-06 2.33871e-06 0)
(5.59532e-06 2.51826e-06 0)
(5.59941e-06 2.68174e-06 0)
(5.61431e-06 2.83191e-06 0)
(5.63896e-06 2.97144e-06 0)
(5.67241e-06 3.10248e-06 0)
(5.71349e-06 3.22712e-06 0)
(5.76944e-06 3.34831e-06 0)
(5.49818e-06 1.63936e-06 -4.07943e-21)
(5.43649e-06 1.88371e-06 0)
(5.38713e-06 2.09927e-06 0)
(5.35274e-06 2.29186e-06 0)
(5.33325e-06 2.46423e-06 0)
(5.32753e-06 2.62012e-06 0)
(5.334e-06 2.76258e-06 0)
(5.35107e-06 2.89442e-06 0)
(5.37745e-06 3.01785e-06 0)
(5.41158e-06 3.13499e-06 0)
(5.46594e-06 3.2508e-06 0)
(5.29143e-06 1.57985e-06 -4.97799e-21)
(5.20161e-06 1.83115e-06 0)
(5.1314e-06 2.04271e-06 0)
(5.08043e-06 2.22806e-06 0)
(5.04753e-06 2.39172e-06 0)
(5.03065e-06 2.53858e-06 0)
(5.0275e-06 2.67205e-06 0)
(5.03599e-06 2.79509e-06 0)
(5.05447e-06 2.90994e-06 0)
(5.08101e-06 3.01875e-06 0)
(5.13393e-06 3.12917e-06 0)
(5.06844e-06 1.50983e-06 -6.95602e-21)
(4.9472e-06 1.76453e-06 0)
(4.85484e-06 1.96997e-06 0)
(4.78665e-06 2.14631e-06 0)
(4.74001e-06 2.29972e-06 0)
(4.7117e-06 2.43617e-06 0)
(4.69873e-06 2.55944e-06 0)
(4.69846e-06 2.67262e-06 0)
(4.70893e-06 2.778e-06 0)
(4.72783e-06 2.87766e-06 0)
(4.77973e-06 2.98275e-06 0)
(4.82843e-06 1.43189e-06 -1.03297e-20)
(4.67382e-06 1.68445e-06 0)
(4.55887e-06 1.88083e-06 0)
(4.47365e-06 2.04621e-06 0)
(4.41365e-06 2.1879e-06 0)
(4.37434e-06 2.31276e-06 0)
(4.35194e-06 2.42482e-06 0)
(4.34332e-06 2.52727e-06 0)
(4.34615e-06 2.6224e-06 0)
(4.35781e-06 2.71223e-06 0)
(4.40921e-06 2.81211e-06 0)
(4.57128e-06 1.34817e-06 -1.51722e-20)
(4.38309e-06 1.59177e-06 0)
(4.24607e-06 1.77552e-06 0)
(4.1447e-06 1.92774e-06 0)
(4.07229e-06 2.05625e-06 0)
(4.02293e-06 2.16849e-06 0)
(3.99199e-06 2.26853e-06 0)
(3.97582e-06 2.3596e-06 0)
(3.97174e-06 2.44393e-06 0)
(3.97688e-06 2.52339e-06 0)
(4.02836e-06 2.61825e-06 0)
(4.29733e-06 1.2606e-06 -2.12747e-20)
(4.07725e-06 1.48778e-06 0)
(3.91975e-06 1.65501e-06 0)
(3.80379e-06 1.7918e-06 0)
(3.72044e-06 1.90577e-06 0)
(3.66235e-06 2.00453e-06 0)
(3.62406e-06 2.09198e-06 0)
(3.60142e-06 2.17125e-06 0)
(3.5914e-06 2.24444e-06 0)
(3.59098e-06 2.31321e-06 0)
(3.6431e-06 2.40319e-06 0)
(4.00725e-06 1.17081e-06 -2.81603e-20)
(3.7589e-06 1.37416e-06 0)
(3.58359e-06 1.52097e-06 0)
(3.45526e-06 1.64013e-06 0)
(3.36284e-06 1.73834e-06 0)
(3.29767e-06 1.82295e-06 0)
(3.25348e-06 1.89749e-06 0)
(3.22568e-06 1.96479e-06 0)
(3.21085e-06 2.02677e-06 0)
(3.20599e-06 2.08462e-06 0)
(3.25902e-06 2.16971e-06 0)
(6.00584e-06 1.78091e-06 -2.5377e-21)
(6.04907e-06 1.95335e-06 -1.51215e-21)
(6.04428e-06 2.17509e-06 -1.65092e-21)
(6.04109e-06 2.38077e-06 -1.78871e-21)
(6.04494e-06 2.56997e-06 -1.92436e-21)
(6.05789e-06 2.74459e-06 -2.05811e-21)
(6.08072e-06 2.9069e-06 -2.19025e-21)
(6.11332e-06 3.05921e-06 -2.32115e-21)
(6.15533e-06 3.20347e-06 -2.4511e-21)
(6.20585e-06 3.3415e-06 -2.58044e-21)
(6.26435e-06 3.47405e-06 -2.67252e-21)
(5.87225e-06 1.714e-06 -3.69399e-21)
(5.85444e-06 1.9454e-06 0)
(5.83958e-06 2.16573e-06 0)
(5.8318e-06 2.36839e-06 0)
(5.83317e-06 2.55336e-06 0)
(5.84437e-06 2.72289e-06 0)
(5.86537e-06 2.87948e-06 0)
(5.89566e-06 3.02567e-06 0)
(5.93463e-06 3.16352e-06 0)
(5.98142e-06 3.295e-06 0)
(6.03884e-06 3.42175e-06 0)
(5.69062e-06 1.68549e-06 -3.80276e-21)
(5.65297e-06 1.92198e-06 0)
(5.62238e-06 2.1403e-06 0)
(5.60289e-06 2.33871e-06 0)
(5.59532e-06 2.51826e-06 0)
(5.59941e-06 2.68174e-06 0)
(5.61431e-06 2.83191e-06 0)
(5.63896e-06 2.97144e-06 0)
(5.67241e-06 3.10248e-06 0)
(5.71349e-06 3.22712e-06 0)
(5.76944e-06 3.34831e-06 0)
(5.49818e-06 1.63936e-06 -4.07943e-21)
(5.43649e-06 1.88371e-06 0)
(5.38713e-06 2.09927e-06 0)
(5.35274e-06 2.29186e-06 0)
(5.33325e-06 2.46423e-06 0)
(5.32753e-06 2.62012e-06 0)
(5.334e-06 2.76258e-06 0)
(5.35107e-06 2.89442e-06 0)
(5.37745e-06 3.01785e-06 0)
(5.41158e-06 3.13499e-06 0)
(5.46594e-06 3.2508e-06 0)
(5.29143e-06 1.57985e-06 -4.97799e-21)
(5.20161e-06 1.83115e-06 0)
(5.1314e-06 2.04271e-06 0)
(5.08043e-06 2.22806e-06 0)
(5.04753e-06 2.39172e-06 0)
(5.03065e-06 2.53858e-06 0)
(5.0275e-06 2.67205e-06 0)
(5.03599e-06 2.79509e-06 0)
(5.05447e-06 2.90994e-06 0)
(5.08101e-06 3.01875e-06 0)
(5.13393e-06 3.12917e-06 0)
(5.06844e-06 1.50983e-06 -6.95602e-21)
(4.9472e-06 1.76453e-06 0)
(4.85484e-06 1.96997e-06 0)
(4.78665e-06 2.14631e-06 0)
(4.74001e-06 2.29972e-06 0)
(4.7117e-06 2.43617e-06 0)
(4.69873e-06 2.55944e-06 0)
(4.69846e-06 2.67262e-06 0)
(4.70893e-06 2.778e-06 0)
(4.72783e-06 2.87766e-06 0)
(4.77973e-06 2.98275e-06 0)
(4.82843e-06 1.43189e-06 -1.03297e-20)
(4.67382e-06 1.68445e-06 0)
(4.55887e-06 1.88083e-06 0)
(4.47365e-06 2.04621e-06 0)
(4.41365e-06 2.1879e-06 0)
(4.37434e-06 2.31276e-06 0)
(4.35194e-06 2.42482e-06 0)
(4.34332e-06 2.52727e-06 0)
(4.34615e-06 2.6224e-06 0)
(4.35781e-06 2.71223e-06 0)
(4.40921e-06 2.81211e-06 0)
(4.57128e-06 1.34817e-06 -1.51722e-20)
(4.38309e-06 1.59177e-06 0)
(4.24607e-06 1.77552e-06 0)
(4.1447e-06 1.92774e-06 0)
(4.07229e-06 2.05625e-06 0)
(4.02293e-06 2.16849e-06 0)
(3.99199e-06 2.26853e-06 0)
(3.97582e-06 2.3596e-06 0)
(3.97174e-06 2.44393e-06 0)
(3.97688e-06 2.52339e-06 0)
(4.02836e-06 2.61825e-06 0)
(4.29733e-06 1.2606e-06 -2.12747e-20)
(4.07725e-06 1.48778e-06 0)
(3.91975e-06 1.65501e-06 0)
(3.80379e-06 1.7918e-06 0)
(3.72044e-06 1.90577e-06 0)
(3.66235e-06 2.00453e-06 0)
(3.62406e-06 2.09198e-06 0)
(3.60142e-06 2.17125e-06 0)
(3.5914e-06 2.24444e-06 0)
(3.59098e-06 2.31321e-06 0)
(3.6431e-06 2.40319e-06 0)
(4.00725e-06 1.17081e-06 -2.81603e-20)
(3.7589e-06 1.37416e-06 0)
(3.58359e-06 1.52097e-06 0)
(3.45526e-06 1.64013e-06 0)
(3.36284e-06 1.73834e-06 0)
(3.29767e-06 1.82295e-06 0)
(3.25348e-06 1.89749e-06 0)
(3.22568e-06 1.96479e-06 0)
(3.21085e-06 2.02677e-06 0)
(3.20599e-06 2.08462e-06 0)
(3.25902e-06 2.16971e-06 0)
(6.33084e-06 3.6028e-06 -2.69016e-21)
(6.40418e-06 3.72949e-06 -2.67059e-21)
(6.48322e-06 3.85425e-06 -2.65145e-21)
(6.56741e-06 3.97769e-06 -2.63273e-21)
(6.6562e-06 4.10034e-06 -2.61442e-21)
(6.7491e-06 4.2226e-06 -2.59652e-21)
(6.84564e-06 4.34483e-06 -2.57901e-21)
(6.94543e-06 4.46733e-06 -2.56186e-21)
(7.04809e-06 4.59033e-06 -2.54505e-21)
(7.15327e-06 4.71406e-06 -2.52858e-21)
(7.26067e-06 4.8387e-06 -2.51241e-21)
(7.36998e-06 4.96438e-06 -2.49657e-21)
(7.48093e-06 5.09124e-06 -2.48103e-21)
(7.59322e-06 5.21936e-06 -2.46579e-21)
(7.70657e-06 5.34879e-06 -2.45088e-21)
(7.82071e-06 5.47954e-06 -2.43629e-21)
(7.93532e-06 5.61156e-06 -2.42207e-21)
(8.05009e-06 5.74467e-06 -2.40824e-21)
(8.16461e-06 5.87857e-06 -2.39489e-21)
(8.20275e-06 5.96194e-06 -1.52349e-22)
(6.1098e-06 3.54662e-06 0)
(6.18934e-06 3.67063e-06 0)
(6.27352e-06 3.79297e-06 0)
(6.36185e-06 3.9143e-06 0)
(6.45396e-06 4.03511e-06 0)
(6.54948e-06 4.15579e-06 0)
(6.64808e-06 4.27669e-06 0)
(6.74943e-06 4.39807e-06 0)
(6.85326e-06 4.52019e-06 0)
(6.95927e-06 4.64322e-06 0)
(7.06723e-06 4.76734e-06 0)
(7.17689e-06 4.8927e-06 0)
(7.28803e-06 5.01939e-06 0)
(7.40041e-06 5.14751e-06 0)
(7.51383e-06 5.27711e-06 0)
(7.62808e-06 5.40818e-06 0)
(7.74293e-06 5.54068e-06 0)
(7.85819e-06 5.67442e-06 0)
(7.97364e-06 5.80912e-06 0)
(8.08863e-06 5.94405e-06 2.09858e-21)
(5.84723e-06 3.47068e-06 0)
(5.9364e-06 3.59382e-06 0)
(6.02892e-06 3.71539e-06 0)
(6.12443e-06 3.83607e-06 0)
(6.22272e-06 3.95638e-06 0)
(6.32356e-06 4.07671e-06 0)
(6.42672e-06 4.1974e-06 0)
(6.53202e-06 4.31872e-06 0)
(6.63924e-06 4.44091e-06 0)
(6.74822e-06 4.56416e-06 0)
(6.85878e-06 4.68864e-06 0)
(6.97075e-06 4.81448e-06 0)
(7.08398e-06 4.9418e-06 0)
(7.19831e-06 5.07069e-06 0)
(7.3136e-06 5.20119e-06 0)
(7.42969e-06 5.33334e-06 0)
(7.54643e-06 5.46708e-06 0)
(7.66366e-06 5.6023e-06 0)
(7.78115e-06 5.73878e-06 0)
(7.89773e-06 5.87583e-06 2.12706e-21)
(5.55223e-06 3.37217e-06 0)
(5.65341e-06 3.49651e-06 0)
(5.75661e-06 3.61923e-06 0)
(5.86151e-06 3.74101e-06 0)
(5.96813e-06 3.86243e-06 0)
(6.0763e-06 3.98384e-06 0)
(6.18598e-06 4.10565e-06 0)
(6.29704e-06 4.22812e-06 0)
(6.40942e-06 4.35151e-06 0)
(6.52301e-06 4.47601e-06 0)
(6.63775e-06 4.6018e-06 0)
(6.75353e-06 4.72902e-06 0)
(6.87028e-06 4.85781e-06 0)
(6.98791e-06 4.98826e-06 0)
(7.10634e-06 5.12045e-06 0)
(7.22547e-06 5.25444e-06 0)
(7.34519e-06 5.39022e-06 0)
(7.46538e-06 5.52778e-06 0)
(7.58581e-06 5.66703e-06 0)
(7.70484e-06 5.80745e-06 2.20133e-21)
(5.23013e-06 3.25097e-06 0)
(5.34524e-06 3.37843e-06 0)
(5.46099e-06 3.50414e-06 0)
(5.5771e-06 3.6287e-06 0)
(5.69378e-06 3.75277e-06 0)
(5.81096e-06 3.87671e-06 0)
(5.92874e-06 4.00094e-06 0)
(6.0471e-06 4.12577e-06 0)
(6.16607e-06 4.25147e-06 0)
(6.28566e-06 4.37826e-06 0)
(6.40586e-06 4.50633e-06 0)
(6.52668e-06 4.63585e-06 0)
(6.6481e-06 4.76697e-06 0)
(6.77011e-06 4.8998e-06 0)
(6.89268e-06 5.03447e-06 0)
(7.01578e-06 5.17106e-06 0)
(7.13934e-06 5.30966e-06 0)
(7.26326e-06 5.45036e-06 0)
(7.38736e-06 5.59321e-06 0)
(7.50966e-06 5.73787e-06 2.32418e-21)
(4.88694e-06 3.10645e-06 0)
(5.0174e-06 3.23902e-06 0)
(5.14711e-06 3.36961e-06 0)
(5.27577e-06 3.49868e-06 0)
(5.40385e-06 3.627e-06 0)
(5.53132e-06 3.75493e-06 0)
(5.65843e-06 3.88296e-06 0)
(5.78526e-06 4.0114e-06 0)
(5.91194e-06 4.14058e-06 0)
(6.03858e-06 4.27073e-06 0)
(6.16525e-06 4.40209e-06 0)
(6.29204e-06 4.53483e-06 0)
(6.41901e-06 4.66915e-06 0)
(6.54621e-06 4.80519e-06 0)
(6.67368e-06 4.94311e-06 0)
(6.80144e-06 5.08306e-06 0)
(6.92948e-06 5.22519e-06 0)
(7.05775e-06 5.36972e-06 0)
(7.18612e-06 5.51682e-06 0)
(7.31243e-06 5.66633e-06 2.49187e-21)
(4.5282e-06 2.93916e-06 0)
(4.67495e-06 3.07874e-06 0)
(4.81959e-06 3.21604e-06 0)
(4.96178e-06 3.35128e-06 0)
(5.1022e-06 3.48539e-06 0)
(5.2409e-06 3.61875e-06 0)
(5.37826e-06 3.75189e-06 0)
(5.51443e-06 3.88517e-06 0)
(5.64968e-06 4.01896e-06 0)
(5.78416e-06 4.15354e-06 0)
(5.91806e-06 4.28917e-06 0)
(6.05153e-06 4.42608e-06 0)
(6.18471e-06 4.56446e-06 0)
(6.31771e-06 4.70452e-06 0)
(6.45063e-06 4.84644e-06 0)
(6.58357e-06 4.99044e-06 0)
(6.71656e-06 5.13674e-06 0)
(6.84963e-06 5.28566e-06 0)
(6.98273e-06 5.43749e-06 0)
(7.1137e-06 5.59224e-06 2.69865e-21)
(4.15949e-06 2.75008e-06 0)
(4.32291e-06 2.89843e-06 0)
(4.483e-06 3.04412e-06 0)
(4.63925e-06 3.18711e-06 0)
(4.79261e-06 3.3285e-06 0)
(4.94315e-06 3.46866e-06 0)
(5.09137e-06 3.6082e-06 0)
(5.23752e-06 3.74753e-06 0)
(5.38193e-06 3.88705e-06 0)
(5.52484e-06 4.0271e-06 0)
(5.66651e-06 4.16797e-06 0)
(5.80717e-06 4.30993e-06 0)
(5.94701e-06 4.45322e-06 0)
(6.08624e-06 4.59806e-06 0)
(6.22501e-06 4.7447e-06 0)
(6.36347e-06 4.89338e-06 0)
(6.50174e-06 5.04441e-06 0)
(6.63993e-06 5.19817e-06 0)
(6.77808e-06 5.35506e-06 0)
(6.91425e-06 5.51526e-06 2.93697e-21)
(3.78629e-06 2.54103e-06 0)
(3.96621e-06 2.69973e-06 0)
(4.14177e-06 2.85523e-06 0)
(4.31226e-06 3.00741e-06 0)
(4.47877e-06 3.15733e-06 0)
(4.64145e-06 3.30554e-06 0)
(4.80086e-06 3.45263e-06 0)
(4.95733e-06 3.5991e-06 0)
(5.11125e-06 3.7454e-06 0)
(5.26294e-06 3.8919e-06 0)
(5.41273e-06 4.03895e-06 0)
(5.56089e-06 4.18683e-06 0)
(5.70771e-06 4.33583e-06 0)
(5.85343e-06 4.48621e-06 0)
(5.99829e-06 4.63823e-06 0)
(6.14249e-06 4.7922e-06 0)
(6.28625e-06 4.94844e-06 0)
(6.42973e-06 5.10741e-06 0)
(6.57312e-06 5.26956e-06 0)
(6.71494e-06 5.43528e-06 3.19854e-21)
(3.41355e-06 2.31453e-06 0)
(3.60909e-06 2.48473e-06 0)
(3.79952e-06 2.65108e-06 0)
(3.98406e-06 2.81367e-06 0)
(4.16369e-06 2.97332e-06 0)
(4.33862e-06 3.13069e-06 0)
(4.50939e-06 3.28639e-06 0)
(4.67638e-06 3.44101e-06 0)
(4.84002e-06 3.59502e-06 0)
(5.0007e-06 3.74886e-06 0)
(5.15879e-06 3.90291e-06 0)
(5.31464e-06 4.05751e-06 0)
(5.46859e-06 4.21296e-06 0)
(5.62094e-06 4.36955e-06 0)
(5.77199e-06 4.52757e-06 0)
(5.92202e-06 4.68733e-06 0)
(6.07133e-06 4.8492e-06 0)
(6.22016e-06 5.01366e-06 0)
(6.36885e-06 5.18118e-06 0)
(6.51664e-06 5.3524e-06 3.47406e-21)
(3.08275e-06 2.10847e-06 0)
(3.28992e-06 2.28858e-06 0)
(3.49143e-06 2.46378e-06 0)
(3.68686e-06 2.63518e-06 0)
(3.8768e-06 2.80326e-06 0)
(4.06155e-06 2.96872e-06 0)
(4.24152e-06 3.13215e-06 0)
(4.4171e-06 3.29412e-06 0)
(4.58873e-06 3.45512e-06 0)
(4.75681e-06 3.61562e-06 0)
(4.92173e-06 3.77599e-06 0)
(5.08389e-06 3.9366e-06 0)
(5.24365e-06 4.09775e-06 0)
(5.40138e-06 4.25976e-06 0)
(5.55741e-06 4.42289e-06 0)
(5.71209e-06 4.58748e-06 0)
(5.86578e-06 4.75385e-06 0)
(6.01881e-06 4.92249e-06 0)
(6.17166e-06 5.09383e-06 0)
(6.32432e-06 5.26875e-06 3.71433e-21)
(6.33084e-06 3.6028e-06 -2.69016e-21)
(6.40418e-06 3.72949e-06 -2.67059e-21)
(6.48322e-06 3.85425e-06 -2.65145e-21)
(6.56741e-06 3.97769e-06 -2.63273e-21)
(6.6562e-06 4.10034e-06 -2.61442e-21)
(6.7491e-06 4.2226e-06 -2.59652e-21)
(6.84564e-06 4.34483e-06 -2.57901e-21)
(6.94543e-06 4.46733e-06 -2.56186e-21)
(7.04809e-06 4.59033e-06 -2.54505e-21)
(7.15327e-06 4.71406e-06 -2.52858e-21)
(7.26067e-06 4.8387e-06 -2.51241e-21)
(7.36998e-06 4.96438e-06 -2.49657e-21)
(7.48093e-06 5.09124e-06 -2.48103e-21)
(7.59322e-06 5.21936e-06 -2.46579e-21)
(7.70657e-06 5.34879e-06 -2.45088e-21)
(7.82071e-06 5.47954e-06 -2.43629e-21)
(7.93532e-06 5.61156e-06 -2.42207e-21)
(8.05009e-06 5.74467e-06 -2.40824e-21)
(8.16461e-06 5.87857e-06 -2.39489e-21)
(8.20275e-06 5.96194e-06 -1.52349e-22)
(6.1098e-06 3.54662e-06 0)
(6.18934e-06 3.67063e-06 0)
(6.27352e-06 3.79297e-06 0)
(6.36185e-06 3.9143e-06 0)
(6.45396e-06 4.03511e-06 0)
(6.54948e-06 4.15579e-06 0)
(6.64808e-06 4.27669e-06 0)
(6.74943e-06 4.39807e-06 0)
(6.85326e-06 4.52019e-06 0)
(6.95927e-06 4.64322e-06 0)
(7.06723e-06 4.76734e-06 0)
(7.17689e-06 4.8927e-06 0)
(7.28803e-06 5.01939e-06 0)
(7.40041e-06 5.14751e-06 0)
(7.51383e-06 5.27711e-06 0)
(7.62808e-06 5.40818e-06 0)
(7.74293e-06 5.54068e-06 0)
(7.85819e-06 5.67442e-06 0)
(7.97364e-06 5.80912e-06 0)
(8.08863e-06 5.94405e-06 2.09858e-21)
(5.84723e-06 3.47068e-06 0)
(5.9364e-06 3.59382e-06 0)
(6.02892e-06 3.71539e-06 0)
(6.12443e-06 3.83607e-06 0)
(6.22272e-06 3.95638e-06 0)
(6.32356e-06 4.07671e-06 0)
(6.42672e-06 4.1974e-06 0)
(6.53202e-06 4.31872e-06 0)
(6.63924e-06 4.44091e-06 0)
(6.74822e-06 4.56416e-06 0)
(6.85878e-06 4.68864e-06 0)
(6.97075e-06 4.81448e-06 0)
(7.08398e-06 4.9418e-06 0)
(7.19831e-06 5.07069e-06 0)
(7.3136e-06 5.20119e-06 0)
(7.42969e-06 5.33334e-06 0)
(7.54643e-06 5.46708e-06 0)
(7.66366e-06 5.6023e-06 0)
(7.78115e-06 5.73878e-06 0)
(7.89773e-06 5.87583e-06 2.12706e-21)
(5.55223e-06 3.37217e-06 0)
(5.65341e-06 3.49651e-06 0)
(5.75661e-06 3.61923e-06 0)
(5.86151e-06 3.74101e-06 0)
(5.96813e-06 3.86243e-06 0)
(6.0763e-06 3.98384e-06 0)
(6.18598e-06 4.10565e-06 0)
(6.29704e-06 4.22812e-06 0)
(6.40942e-06 4.35151e-06 0)
(6.52301e-06 4.47601e-06 0)
(6.63775e-06 4.6018e-06 0)
(6.75353e-06 4.72902e-06 0)
(6.87028e-06 4.85781e-06 0)
(6.98791e-06 4.98826e-06 0)
(7.10634e-06 5.12045e-06 0)
(7.22547e-06 5.25444e-06 0)
(7.34519e-06 5.39022e-06 0)
(7.46538e-06 5.52778e-06 0)
(7.58581e-06 5.66703e-06 0)
(7.70484e-06 5.80745e-06 2.20133e-21)
(5.23013e-06 3.25097e-06 0)
(5.34524e-06 3.37843e-06 0)
(5.46099e-06 3.50414e-06 0)
(5.5771e-06 3.6287e-06 0)
(5.69378e-06 3.75277e-06 0)
(5.81096e-06 3.87671e-06 0)
(5.92874e-06 4.00094e-06 0)
(6.0471e-06 4.12577e-06 0)
(6.16607e-06 4.25147e-06 0)
(6.28566e-06 4.37826e-06 0)
(6.40586e-06 4.50633e-06 0)
(6.52668e-06 4.63585e-06 0)
(6.6481e-06 4.76697e-06 0)
(6.77011e-06 4.8998e-06 0)
(6.89268e-06 5.03447e-06 0)
(7.01578e-06 5.17106e-06 0)
(7.13934e-06 5.30966e-06 0)
(7.26326e-06 5.45036e-06 0)
(7.38736e-06 5.59321e-06 0)
(7.50966e-06 5.73787e-06 2.32418e-21)
(4.88694e-06 3.10645e-06 0)
(5.0174e-06 3.23902e-06 0)
(5.14711e-06 3.36961e-06 0)
(5.27577e-06 3.49868e-06 0)
(5.40385e-06 3.627e-06 0)
(5.53132e-06 3.75493e-06 0)
(5.65843e-06 3.88296e-06 0)
(5.78526e-06 4.0114e-06 0)
(5.91194e-06 4.14058e-06 0)
(6.03858e-06 4.27073e-06 0)
(6.16525e-06 4.40209e-06 0)
(6.29204e-06 4.53483e-06 0)
(6.41901e-06 4.66915e-06 0)
(6.54621e-06 4.80519e-06 0)
(6.67368e-06 4.94311e-06 0)
(6.80144e-06 5.08306e-06 0)
(6.92948e-06 5.22519e-06 0)
(7.05775e-06 5.36972e-06 0)
(7.18612e-06 5.51682e-06 0)
(7.31243e-06 5.66633e-06 2.49187e-21)
(4.5282e-06 2.93916e-06 0)
(4.67495e-06 3.07874e-06 0)
(4.81959e-06 3.21604e-06 0)
(4.96178e-06 3.35128e-06 0)
(5.1022e-06 3.48539e-06 0)
(5.2409e-06 3.61875e-06 0)
(5.37826e-06 3.75189e-06 0)
(5.51443e-06 3.88517e-06 0)
(5.64968e-06 4.01896e-06 0)
(5.78416e-06 4.15354e-06 0)
(5.91806e-06 4.28917e-06 0)
(6.05153e-06 4.42608e-06 0)
(6.18471e-06 4.56446e-06 0)
(6.31771e-06 4.70452e-06 0)
(6.45063e-06 4.84644e-06 0)
(6.58357e-06 4.99044e-06 0)
(6.71656e-06 5.13674e-06 0)
(6.84963e-06 5.28566e-06 0)
(6.98273e-06 5.43749e-06 0)
(7.1137e-06 5.59224e-06 2.69865e-21)
(4.15949e-06 2.75008e-06 0)
(4.32291e-06 2.89843e-06 0)
(4.483e-06 3.04412e-06 0)
(4.63925e-06 3.18711e-06 0)
(4.79261e-06 3.3285e-06 0)
(4.94315e-06 3.46866e-06 0)
(5.09137e-06 3.6082e-06 0)
(5.23752e-06 3.74753e-06 0)
(5.38193e-06 3.88705e-06 0)
(5.52484e-06 4.0271e-06 0)
(5.66651e-06 4.16797e-06 0)
(5.80717e-06 4.30993e-06 0)
(5.94701e-06 4.45322e-06 0)
(6.08624e-06 4.59806e-06 0)
(6.22501e-06 4.7447e-06 0)
(6.36347e-06 4.89338e-06 0)
(6.50174e-06 5.04441e-06 0)
(6.63993e-06 5.19817e-06 0)
(6.77808e-06 5.35506e-06 0)
(6.91425e-06 5.51526e-06 2.93697e-21)
(3.78629e-06 2.54103e-06 0)
(3.96621e-06 2.69973e-06 0)
(4.14177e-06 2.85523e-06 0)
(4.31226e-06 3.00741e-06 0)
(4.47877e-06 3.15733e-06 0)
(4.64145e-06 3.30554e-06 0)
(4.80086e-06 3.45263e-06 0)
(4.95733e-06 3.5991e-06 0)
(5.11125e-06 3.7454e-06 0)
(5.26294e-06 3.8919e-06 0)
(5.41273e-06 4.03895e-06 0)
(5.56089e-06 4.18683e-06 0)
(5.70771e-06 4.33583e-06 0)
(5.85343e-06 4.48621e-06 0)
(5.99829e-06 4.63823e-06 0)
(6.14249e-06 4.7922e-06 0)
(6.28625e-06 4.94844e-06 0)
(6.42973e-06 5.10741e-06 0)
(6.57312e-06 5.26956e-06 0)
(6.71494e-06 5.43528e-06 3.19854e-21)
(3.41355e-06 2.31453e-06 0)
(3.60909e-06 2.48473e-06 0)
(3.79952e-06 2.65108e-06 0)
(3.98406e-06 2.81367e-06 0)
(4.16369e-06 2.97332e-06 0)
(4.33862e-06 3.13069e-06 0)
(4.50939e-06 3.28639e-06 0)
(4.67638e-06 3.44101e-06 0)
(4.84002e-06 3.59502e-06 0)
(5.0007e-06 3.74886e-06 0)
(5.15879e-06 3.90291e-06 0)
(5.31464e-06 4.05751e-06 0)
(5.46859e-06 4.21296e-06 0)
(5.62094e-06 4.36955e-06 0)
(5.77199e-06 4.52757e-06 0)
(5.92202e-06 4.68733e-06 0)
(6.07133e-06 4.8492e-06 0)
(6.22016e-06 5.01366e-06 0)
(6.36885e-06 5.18118e-06 0)
(6.51664e-06 5.3524e-06 3.47406e-21)
(3.08275e-06 2.10847e-06 0)
(3.28992e-06 2.28858e-06 0)
(3.49143e-06 2.46378e-06 0)
(3.68686e-06 2.63518e-06 0)
(3.8768e-06 2.80326e-06 0)
(4.06155e-06 2.96872e-06 0)
(4.24152e-06 3.13215e-06 0)
(4.4171e-06 3.29412e-06 0)
(4.58873e-06 3.45512e-06 0)
(4.75681e-06 3.61562e-06 0)
(4.92173e-06 3.77599e-06 0)
(5.08389e-06 3.9366e-06 0)
(5.24365e-06 4.09775e-06 0)
(5.40138e-06 4.25976e-06 0)
(5.55741e-06 4.42289e-06 0)
(5.71209e-06 4.58748e-06 0)
(5.86578e-06 4.75385e-06 0)
(6.01881e-06 4.92249e-06 0)
(6.17166e-06 5.09383e-06 0)
(6.32432e-06 5.26875e-06 3.71433e-21)
(2.59277e-06 1.7647e-06 0)
(2.84205e-06 1.96711e-06 0)
(3.05318e-06 2.15137e-06 0)
(3.2586e-06 2.33054e-06 0)
(3.45821e-06 2.50623e-06 0)
(3.65236e-06 2.67876e-06 0)
(3.84129e-06 2.84872e-06 0)
(4.02534e-06 3.01662e-06 0)
(4.20486e-06 3.18294e-06 0)
(4.38021e-06 3.34813e-06 0)
(4.55178e-06 3.51258e-06 0)
(4.71994e-06 3.67667e-06 0)
(4.88507e-06 3.84071e-06 0)
(5.04755e-06 4.00499e-06 0)
(5.20773e-06 4.16979e-06 0)
(5.36599e-06 4.33538e-06 0)
(5.5227e-06 4.50202e-06 0)
(5.67825e-06 4.67003e-06 0)
(5.83302e-06 4.83978e-06 0)
(5.98759e-06 5.01166e-06 0)
(6.14232e-06 5.18651e-06 3.85888e-21)
(2.41655e-06 1.6614e-06 0)
(2.65757e-06 1.86112e-06 0)
(2.86718e-06 2.04567e-06 0)
(3.07182e-06 2.22609e-06 0)
(3.27122e-06 2.40361e-06 0)
(3.46562e-06 2.57838e-06 0)
(3.65511e-06 2.75082e-06 0)
(3.83995e-06 2.92134e-06 0)
(4.02039e-06 3.09029e-06 0)
(4.19674e-06 3.25805e-06 0)
(4.36932e-06 3.42494e-06 0)
(4.53845e-06 3.59127e-06 0)
(4.7045e-06 3.75731e-06 0)
(4.86781e-06 3.92332e-06 0)
(5.02873e-06 4.08952e-06 0)
(5.18763e-06 4.25613e-06 0)
(5.34489e-06 4.42338e-06 0)
(5.50092e-06 4.59152e-06 0)
(5.65613e-06 4.76082e-06 0)
(5.81113e-06 4.93155e-06 0)
(5.96633e-06 5.10431e-06 3.93362e-21)
(2.26021e-06 1.56205e-06 0)
(2.49224e-06 1.75894e-06 0)
(2.69813e-06 1.94298e-06 0)
(2.90013e-06 2.12392e-06 0)
(3.09762e-06 2.30265e-06 0)
(3.29074e-06 2.47914e-06 0)
(3.47941e-06 2.65366e-06 0)
(3.6638e-06 2.82645e-06 0)
(3.84407e-06 2.99778e-06 0)
(4.02045e-06 3.16791e-06 0)
(4.19319e-06 3.33709e-06 0)
(4.36258e-06 3.50557e-06 0)
(4.52893e-06 3.67355e-06 0)
(4.69256e-06 3.84123e-06 0)
(4.85379e-06 4.00879e-06 0)
(5.01299e-06 4.1764e-06 0)
(5.17052e-06 4.34423e-06 0)
(5.32681e-06 4.51243e-06 0)
(5.48227e-06 4.68119e-06 0)
(5.63754e-06 4.85063e-06 0)
(5.79304e-06 5.02107e-06 3.9806e-21)
(2.12087e-06 1.46743e-06 0)
(2.34338e-06 1.66084e-06 0)
(2.54426e-06 1.84366e-06 0)
(2.74226e-06 2.0245e-06 0)
(2.93652e-06 2.20391e-06 0)
(3.12711e-06 2.38167e-06 0)
(3.3138e-06 2.55786e-06 0)
(3.49668e-06 2.7326e-06 0)
(3.67581e-06 2.90603e-06 0)
(3.85135e-06 3.07831e-06 0)
(4.02349e-06 3.2496e-06 0)
(4.19247e-06 3.42007e-06 0)
(4.35855e-06 3.58987e-06 0)
(4.522e-06 3.75914e-06 0)
(4.68315e-06 3.92799e-06 0)
(4.8423e-06 4.09654e-06 0)
(4.99983e-06 4.26487e-06 0)
(5.15613e-06 4.43308e-06 0)
(5.31166e-06 4.60121e-06 0)
(5.46708e-06 4.76926e-06 0)
(5.62272e-06 4.9373e-06 3.99777e-21)
(1.99614e-06 1.3778e-06 0)
(2.20893e-06 1.5674e-06 0)
(2.40386e-06 1.74846e-06 0)
(2.59682e-06 1.92865e-06 0)
(2.78682e-06 2.1082e-06 0)
(2.97386e-06 2.28673e-06 0)
(3.1576e-06 2.46417e-06 0)
(3.33807e-06 2.64048e-06 0)
(3.51522e-06 2.81568e-06 0)
(3.68917e-06 2.98983e-06 0)
(3.86004e-06 3.16299e-06 0)
(4.028e-06 3.33527e-06 0)
(4.19328e-06 3.50672e-06 0)
(4.35613e-06 3.67744e-06 0)
(4.5168e-06 3.84748e-06 0)
(4.67561e-06 4.01687e-06 0)
(4.83288e-06 4.18565e-06 0)
(4.98899e-06 4.3538e-06 0)
(5.14439e-06 4.52124e-06 0)
(5.29972e-06 4.68789e-06 0)
(5.45526e-06 4.85358e-06 3.98361e-21)
(1.88352e-06 1.29315e-06 0)
(2.08668e-06 1.47866e-06 0)
(2.27504e-06 1.65755e-06 0)
(2.46225e-06 1.83663e-06 0)
(2.64723e-06 2.01588e-06 0)
(2.82994e-06 2.19476e-06 0)
(3.00997e-06 2.37305e-06 0)
(3.18728e-06 2.55056e-06 0)
(3.36176e-06 2.7272e-06 0)
(3.53347e-06 2.90292e-06 0)
(3.70247e-06 3.07771e-06 0)
(3.8689e-06 3.25156e-06 0)
(4.03292e-06 3.42448e-06 0)
(4.19475e-06 3.59649e-06 0)
(4.35462e-06 3.76758e-06 0)
(4.5128e-06 3.93772e-06 0)
(4.66958e-06 4.10686e-06 0)
(4.82533e-06 4.2749e-06 0)
(4.98041e-06 4.44165e-06 0)
(5.1354e-06 4.60695e-06 0)
(5.29063e-06 4.77034e-06 3.94159e-21)
(1.78081e-06 1.21331e-06 0)
(1.97455e-06 1.39463e-06 0)
(2.15599e-06 1.57105e-06 0)
(2.33695e-06 1.74868e-06 0)
(2.51637e-06 1.92726e-06 0)
(2.69417e-06 2.10612e-06 0)
(2.86989e-06 2.28488e-06 0)
(3.04344e-06 2.46324e-06 0)
(3.21469e-06 2.641e-06 0)
(3.38362e-06 2.81799e-06 0)
(3.55026e-06 2.99413e-06 0)
(3.7147e-06 3.16931e-06 0)
(3.87707e-06 3.34349e-06 0)
(4.03754e-06 3.51661e-06 0)
(4.1963e-06 3.6886e-06 0)
(4.3536e-06 3.85936e-06 0)
(4.50967e-06 4.02878e-06 0)
(4.66487e-06 4.19669e-06 0)
(4.81948e-06 4.36279e-06 0)
(4.97402e-06 4.52682e-06 0)
(5.1288e-06 4.68805e-06 3.87407e-21)
(1.68599e-06 1.13799e-06 0)
(1.8706e-06 1.31511e-06 0)
(2.04492e-06 1.4889e-06 0)
(2.21934e-06 1.66486e-06 0)
(2.39283e-06 1.84248e-06 0)
(2.56528e-06 2.02099e-06 0)
(2.73625e-06 2.19991e-06 0)
(2.90559e-06 2.3788e-06 0)
(3.07315e-06 2.55736e-06 0)
(3.23887e-06 2.73534e-06 0)
(3.40275e-06 2.91255e-06 0)
(3.56483e-06 3.08882e-06 0)
(3.72522e-06 3.26403e-06 0)
(3.88403e-06 3.43807e-06 0)
(4.04143e-06 3.61079e-06 0)
(4.19762e-06 3.78206e-06 0)
(4.35281e-06 3.95169e-06 0)
(4.50728e-06 4.11943e-06 0)
(4.66129e-06 4.28493e-06 0)
(4.81526e-06 4.44782e-06 0)
(4.96945e-06 4.60718e-06 3.78334e-21)
(1.59723e-06 1.06685e-06 0)
(1.77304e-06 1.23988e-06 0)
(1.94015e-06 1.411e-06 0)
(2.10785e-06 1.58512e-06 0)
(2.27516e-06 1.76157e-06 0)
(2.44198e-06 1.9395e-06 0)
(2.60786e-06 2.1183e-06 0)
(2.77266e-06 2.29744e-06 0)
(2.93618e-06 2.47652e-06 0)
(3.09836e-06 2.6552e-06 0)
(3.25916e-06 2.83321e-06 0)
(3.41859e-06 3.01032e-06 0)
(3.57672e-06 3.18634e-06 0)
(3.73364e-06 3.36109e-06 0)
(3.88947e-06 3.53438e-06 0)
(4.04437e-06 3.70603e-06 0)
(4.19852e-06 3.87578e-06 0)
(4.35214e-06 4.04336e-06 0)
(4.50543e-06 4.20833e-06 0)
(4.65872e-06 4.37026e-06 0)
(4.8122e-06 4.52809e-06 3.67376e-21)
(1.51291e-06 9.99559e-07 0)
(1.68021e-06 1.1687e-06 0)
(1.84009e-06 1.33716e-06 0)
(2.00096e-06 1.50938e-06 0)
(2.16194e-06 1.68453e-06 0)
(2.32293e-06 1.86168e-06 0)
(2.48351e-06 2.04014e-06 0)
(2.64351e-06 2.21928e-06 0)
(2.80275e-06 2.39862e-06 0)
(2.96115e-06 2.57774e-06 0)
(3.11862e-06 2.7563e-06 0)
(3.27518e-06 2.934e-06 0)
(3.43085e-06 3.1106e-06 0)
(3.58569e-06 3.28586e-06 0)
(3.73979e-06 3.45955e-06 0)
(3.89327e-06 3.63144e-06 0)
(4.04626e-06 3.80126e-06 0)
(4.19892e-06 3.96866e-06 0)
(4.35139e-06 4.13319e-06 0)
(4.50391e-06 4.29437e-06 0)
(4.65658e-06 4.45105e-06 3.55003e-21)
(1.43151e-06 9.3582e-07 0)
(1.59055e-06 1.1013e-06 0)
(1.74319e-06 1.26721e-06 0)
(1.8972e-06 1.43752e-06 0)
(2.05176e-06 1.61129e-06 0)
(2.2068e-06 1.78753e-06 0)
(2.36192e-06 1.96546e-06 0)
(2.51697e-06 2.14439e-06 0)
(2.67177e-06 2.32375e-06 0)
(2.82621e-06 2.50307e-06 0)
(2.98021e-06 2.68193e-06 0)
(3.13374e-06 2.85999e-06 0)
(3.28681e-06 3.03694e-06 0)
(3.43944e-06 3.21251e-06 0)
(3.5917e-06 3.38643e-06 0)
(3.74365e-06 3.55844e-06 0)
(3.89539e-06 3.72823e-06 0)
(4.04701e-06 3.89546e-06 0)
(4.19861e-06 4.05965e-06 0)
(4.3503e-06 4.22031e-06 0)
(4.50212e-06 4.37627e-06 3.41747e-21)
(1.35162e-06 8.7538e-07 0)
(1.50256e-06 1.03749e-06 0)
(1.64797e-06 1.20098e-06 0)
(1.79508e-06 1.36943e-06 0)
(1.94318e-06 1.54178e-06 0)
(2.0922e-06 1.717e-06 0)
(2.24179e-06 1.89424e-06 0)
(2.39182e-06 2.07277e-06 0)
(2.54208e-06 2.25195e-06 0)
(2.69248e-06 2.43123e-06 0)
(2.84292e-06 2.61017e-06 0)
(2.99334e-06 2.78835e-06 0)
(3.14374e-06 2.96544e-06 0)
(3.29409e-06 3.14113e-06 0)
(3.44444e-06 3.31511e-06 0)
(3.59481e-06 3.48711e-06 0)
(3.74524e-06 3.65681e-06 0)
(3.8958e-06 3.82386e-06 0)
(4.04649e-06 3.98781e-06 0)
(4.19732e-06 4.14818e-06 0)
(4.34826e-06 4.30385e-06 3.28193e-21)
(1.27187e-06 8.18073e-07 0)
(1.41477e-06 9.7711e-07 0)
(1.55295e-06 1.13834e-06 0)
(1.69315e-06 1.30497e-06 0)
(1.83476e-06 1.47589e-06 0)
(1.97775e-06 1.65001e-06 0)
(2.12179e-06 1.82644e-06 0)
(2.26677e-06 2.0044e-06 0)
(2.41249e-06 2.18319e-06 0)
(2.55884e-06 2.36223e-06 0)
(2.70571e-06 2.54102e-06 0)
(2.85302e-06 2.71912e-06 0)
(3.00074e-06 2.89614e-06 0)
(3.14881e-06 3.07175e-06 0)
(3.29724e-06 3.24563e-06 0)
(3.44602e-06 3.41749e-06 0)
(3.59514e-06 3.58702e-06 0)
(3.74462e-06 3.75388e-06 0)
(3.89439e-06 3.91767e-06 0)
(4.04438e-06 4.07799e-06 0)
(4.19445e-06 4.23378e-06 3.14954e-21)
(1.19087e-06 7.63775e-07 0)
(1.32572e-06 9.20021e-07 0)
(1.45661e-06 1.07915e-06 0)
(1.58989e-06 1.24404e-06 0)
(1.72502e-06 1.41351e-06 0)
(1.862e-06 1.58646e-06 0)
(2.00055e-06 1.76197e-06 0)
(2.14053e-06 1.93919e-06 0)
(2.28177e-06 2.11741e-06 0)
(2.42414e-06 2.29601e-06 0)
(2.56751e-06 2.47445e-06 0)
(2.71179e-06 2.65225e-06 0)
(2.85689e-06 2.82901e-06 0)
(3.00275e-06 3.00437e-06 0)
(3.14932e-06 3.17799e-06 0)
(3.29655e-06 3.34958e-06 0)
(3.44441e-06 3.51885e-06 0)
(3.59283e-06 3.68551e-06 0)
(3.74172e-06 3.84921e-06 0)
(3.89091e-06 4.00964e-06 0)
(4.04018e-06 4.16596e-06 3.02647e-21)
(1.10719e-06 7.12508e-07 0)
(1.23385e-06 8.66216e-07 0)
(1.3574e-06 1.02338e-06 0)
(1.48374e-06 1.18657e-06 0)
(1.61244e-06 1.35457e-06 0)
(1.74348e-06 1.52627e-06 0)
(1.87662e-06 1.70071e-06 0)
(2.01174e-06 1.87704e-06 0)
(2.14864e-06 2.0545e-06 0)
(2.28718e-06 2.23246e-06 0)
(2.42722e-06 2.41035e-06 0)
(2.56862e-06 2.58766e-06 0)
(2.71127e-06 2.76397e-06 0)
(2.85507e-06 2.9389e-06 0)
(2.99991e-06 3.11212e-06 0)
(3.14571e-06 3.28333e-06 0)
(3.29239e-06 3.45226e-06 0)
(3.43985e-06 3.61867e-06 0)
(3.58793e-06 3.78231e-06 0)
(3.73639e-06 3.94299e-06 0)
(3.88495e-06 4.10016e-06 2.91854e-21)
(1.01926e-06 6.6425e-07 0)
(1.1375e-06 8.15623e-07 0)
(1.25363e-06 9.70908e-07 0)
(1.37303e-06 1.13241e-06 0)
(1.49536e-06 1.29889e-06 0)
(1.6206e-06 1.46924e-06 0)
(1.74851e-06 1.64248e-06 0)
(1.87897e-06 1.81775e-06 0)
(2.01177e-06 1.99427e-06 0)
(2.14675e-06 2.1714e-06 0)
(2.28371e-06 2.34853e-06 0)
(2.42251e-06 2.52517e-06 0)
(2.56296e-06 2.70086e-06 0)
(2.70494e-06 2.87522e-06 0)
(2.84828e-06 3.0479e-06 0)
(2.99286e-06 3.21861e-06 0)
(3.13854e-06 3.38712e-06 0)
(3.28516e-06 3.55323e-06 0)
(3.43255e-06 3.7168e-06 0)
(3.5804e-06 3.87781e-06 0)
(3.72839e-06 4.03602e-06 2.83174e-21)
(9.25376e-07 6.19285e-07 0)
(1.03489e-06 7.68427e-07 0)
(1.14352e-06 9.21838e-07 0)
(1.25601e-06 1.08158e-06 0)
(1.3721e-06 1.24643e-06 0)
(1.49173e-06 1.41527e-06 0)
(1.61469e-06 1.58713e-06 0)
(1.74079e-06 1.76113e-06 0)
(1.86983e-06 1.93651e-06 0)
(2.0016e-06 2.11259e-06 0)
(2.13587e-06 2.28878e-06 0)
(2.27243e-06 2.46455e-06 0)
(2.41107e-06 2.63946e-06 0)
(2.55158e-06 2.81309e-06 0)
(2.69377e-06 2.98511e-06 0)
(2.83743e-06 3.15523e-06 0)
(2.98237e-06 3.32324e-06 0)
(3.12839e-06 3.489e-06 0)
(3.27526e-06 3.65247e-06 0)
(3.42267e-06 3.81377e-06 0)
(3.57024e-06 3.97311e-06 2.7692e-21)
(8.23443e-07 5.77504e-07 0)
(9.23866e-07 7.24434e-07 0)
(1.02495e-06 8.75901e-07 0)
(1.13063e-06 1.03376e-06 0)
(1.2407e-06 1.19683e-06 0)
(1.35503e-06 1.36397e-06 0)
(1.4734e-06 1.53425e-06 0)
(1.59558e-06 1.70679e-06 0)
(1.72133e-06 1.88082e-06 0)
(1.85039e-06 2.05565e-06 0)
(1.98247e-06 2.23071e-06 0)
(2.11732e-06 2.40544e-06 0)
(2.25466e-06 2.57941e-06 0)
(2.39422e-06 2.7522e-06 0)
(2.53574e-06 2.92346e-06 0)
(2.67895e-06 3.09292e-06 0)
(2.82357e-06 3.26038e-06 0)
(2.96934e-06 3.42573e-06 0)
(3.11597e-06 3.58903e-06 0)
(3.26314e-06 3.75053e-06 0)
(3.41047e-06 3.91087e-06 2.73443e-21)
(7.11502e-07 5.39677e-07 0)
(8.02427e-07 6.84208e-07 0)
(8.95986e-07 8.33468e-07 0)
(9.95056e-07 9.89162e-07 0)
(1.09941e-06 1.15013e-06 0)
(1.20887e-06 1.3153e-06 0)
(1.32315e-06 1.4837e-06 0)
(1.44197e-06 1.65448e-06 0)
(1.56502e-06 1.82689e-06 0)
(1.69198e-06 2.00023e-06 0)
(1.82251e-06 2.17392e-06 0)
(1.9563e-06 2.34742e-06 0)
(2.09299e-06 2.52028e-06 0)
(2.23225e-06 2.69209e-06 0)
(2.37374e-06 2.86251e-06 0)
(2.5171e-06 3.03125e-06 0)
(2.66199e-06 3.19813e-06 0)
(2.80803e-06 3.36306e-06 0)
(2.95486e-06 3.52614e-06 0)
(3.10208e-06 3.6877e-06 0)
(3.24937e-06 3.84863e-06 2.72283e-21)
(5.85871e-07 5.05116e-07 2.22118e-21)
(6.66772e-07 6.46811e-07 2.23756e-21)
(7.5303e-07 7.93564e-07 2.23001e-21)
(8.45894e-07 9.468e-07 2.22299e-21)
(9.45082e-07 1.10541e-06 2.21654e-21)
(1.05032e-06 1.26832e-06 2.21065e-21)
(1.16124e-06 1.4346e-06 2.20534e-21)
(1.27749e-06 1.6034e-06 2.20058e-21)
(1.39866e-06 1.77396e-06 2.19636e-21)
(1.52437e-06 1.94561e-06 2.19266e-21)
(1.65422e-06 2.11776e-06 2.18947e-21)
(1.78781e-06 2.28988e-06 2.18676e-21)
(1.92472e-06 2.46151e-06 2.18451e-21)
(2.06458e-06 2.63224e-06 2.18271e-21)
(2.20695e-06 2.80174e-06 2.18134e-21)
(2.35141e-06 2.96973e-06 2.18039e-21)
(2.4975e-06 3.13604e-06 2.17985e-21)
(2.64473e-06 3.30056e-06 2.17967e-21)
(2.79258e-06 3.46341e-06 2.17978e-21)
(2.94038e-06 3.62493e-06 2.18001e-21)
(3.09136e-06 3.76141e-06 2.45044e-21)
(2.59277e-06 1.7647e-06 0)
(2.84205e-06 1.96711e-06 0)
(3.05318e-06 2.15137e-06 0)
(3.2586e-06 2.33054e-06 0)
(3.45821e-06 2.50623e-06 0)
(3.65236e-06 2.67876e-06 0)
(3.84129e-06 2.84872e-06 0)
(4.02534e-06 3.01662e-06 0)
(4.20486e-06 3.18294e-06 0)
(4.38021e-06 3.34813e-06 0)
(4.55178e-06 3.51258e-06 0)
(4.71994e-06 3.67667e-06 0)
(4.88507e-06 3.84071e-06 0)
(5.04755e-06 4.00499e-06 0)
(5.20773e-06 4.16979e-06 0)
(5.36599e-06 4.33538e-06 0)
(5.5227e-06 4.50202e-06 0)
(5.67825e-06 4.67003e-06 0)
(5.83302e-06 4.83978e-06 0)
(5.98759e-06 5.01166e-06 0)
(6.14232e-06 5.18651e-06 3.85888e-21)
(2.41655e-06 1.6614e-06 0)
(2.65757e-06 1.86112e-06 0)
(2.86718e-06 2.04567e-06 0)
(3.07182e-06 2.22609e-06 0)
(3.27122e-06 2.40361e-06 0)
(3.46562e-06 2.57838e-06 0)
(3.65511e-06 2.75082e-06 0)
(3.83995e-06 2.92134e-06 0)
(4.02039e-06 3.09029e-06 0)
(4.19674e-06 3.25805e-06 0)
(4.36932e-06 3.42494e-06 0)
(4.53845e-06 3.59127e-06 0)
(4.7045e-06 3.75731e-06 0)
(4.86781e-06 3.92332e-06 0)
(5.02873e-06 4.08952e-06 0)
(5.18763e-06 4.25613e-06 0)
(5.34489e-06 4.42338e-06 0)
(5.50092e-06 4.59152e-06 0)
(5.65613e-06 4.76082e-06 0)
(5.81113e-06 4.93155e-06 0)
(5.96633e-06 5.10431e-06 3.93362e-21)
(2.26021e-06 1.56205e-06 0)
(2.49224e-06 1.75894e-06 0)
(2.69813e-06 1.94298e-06 0)
(2.90013e-06 2.12392e-06 0)
(3.09762e-06 2.30265e-06 0)
(3.29074e-06 2.47914e-06 0)
(3.47941e-06 2.65366e-06 0)
(3.6638e-06 2.82645e-06 0)
(3.84407e-06 2.99778e-06 0)
(4.02045e-06 3.16791e-06 0)
(4.19319e-06 3.33709e-06 0)
(4.36258e-06 3.50557e-06 0)
(4.52893e-06 3.67355e-06 0)
(4.69256e-06 3.84123e-06 0)
(4.85379e-06 4.00879e-06 0)
(5.01299e-06 4.1764e-06 0)
(5.17052e-06 4.34423e-06 0)
(5.32681e-06 4.51243e-06 0)
(5.48227e-06 4.68119e-06 0)
(5.63754e-06 4.85063e-06 0)
(5.79304e-06 5.02107e-06 3.9806e-21)
(2.12087e-06 1.46743e-06 0)
(2.34338e-06 1.66084e-06 0)
(2.54426e-06 1.84366e-06 0)
(2.74226e-06 2.0245e-06 0)
(2.93652e-06 2.20391e-06 0)
(3.12711e-06 2.38167e-06 0)
(3.3138e-06 2.55786e-06 0)
(3.49668e-06 2.7326e-06 0)
(3.67581e-06 2.90603e-06 0)
(3.85135e-06 3.07831e-06 0)
(4.02349e-06 3.2496e-06 0)
(4.19247e-06 3.42007e-06 0)
(4.35855e-06 3.58987e-06 0)
(4.522e-06 3.75914e-06 0)
(4.68315e-06 3.92799e-06 0)
(4.8423e-06 4.09654e-06 0)
(4.99983e-06 4.26487e-06 0)
(5.15613e-06 4.43308e-06 0)
(5.31166e-06 4.60121e-06 0)
(5.46708e-06 4.76926e-06 0)
(5.62272e-06 4.9373e-06 3.99777e-21)
(1.99614e-06 1.3778e-06 0)
(2.20893e-06 1.5674e-06 0)
(2.40386e-06 1.74846e-06 0)
(2.59682e-06 1.92865e-06 0)
(2.78682e-06 2.1082e-06 0)
(2.97386e-06 2.28673e-06 0)
(3.1576e-06 2.46417e-06 0)
(3.33807e-06 2.64048e-06 0)
(3.51522e-06 2.81568e-06 0)
(3.68917e-06 2.98983e-06 0)
(3.86004e-06 3.16299e-06 0)
(4.028e-06 3.33527e-06 0)
(4.19328e-06 3.50672e-06 0)
(4.35613e-06 3.67744e-06 0)
(4.5168e-06 3.84748e-06 0)
(4.67561e-06 4.01687e-06 0)
(4.83288e-06 4.18565e-06 0)
(4.98899e-06 4.3538e-06 0)
(5.14439e-06 4.52124e-06 0)
(5.29972e-06 4.68789e-06 0)
(5.45526e-06 4.85358e-06 3.98361e-21)
(1.88352e-06 1.29315e-06 0)
(2.08668e-06 1.47866e-06 0)
(2.27504e-06 1.65755e-06 0)
(2.46225e-06 1.83663e-06 0)
(2.64723e-06 2.01588e-06 0)
(2.82994e-06 2.19476e-06 0)
(3.00997e-06 2.37305e-06 0)
(3.18728e-06 2.55056e-06 0)
(3.36176e-06 2.7272e-06 0)
(3.53347e-06 2.90292e-06 0)
(3.70247e-06 3.07771e-06 0)
(3.8689e-06 3.25156e-06 0)
(4.03292e-06 3.42448e-06 0)
(4.19475e-06 3.59649e-06 0)
(4.35462e-06 3.76758e-06 0)
(4.5128e-06 3.93772e-06 0)
(4.66958e-06 4.10686e-06 0)
(4.82533e-06 4.2749e-06 0)
(4.98041e-06 4.44165e-06 0)
(5.1354e-06 4.60695e-06 0)
(5.29063e-06 4.77034e-06 3.94159e-21)
(1.78081e-06 1.21331e-06 0)
(1.97455e-06 1.39463e-06 0)
(2.15599e-06 1.57105e-06 0)
(2.33695e-06 1.74868e-06 0)
(2.51637e-06 1.92726e-06 0)
(2.69417e-06 2.10612e-06 0)
(2.86989e-06 2.28488e-06 0)
(3.04344e-06 2.46324e-06 0)
(3.21469e-06 2.641e-06 0)
(3.38362e-06 2.81799e-06 0)
(3.55026e-06 2.99413e-06 0)
(3.7147e-06 3.16931e-06 0)
(3.87707e-06 3.34349e-06 0)
(4.03754e-06 3.51661e-06 0)
(4.1963e-06 3.6886e-06 0)
(4.3536e-06 3.85936e-06 0)
(4.50967e-06 4.02878e-06 0)
(4.66487e-06 4.19669e-06 0)
(4.81948e-06 4.36279e-06 0)
(4.97402e-06 4.52682e-06 0)
(5.1288e-06 4.68805e-06 3.87407e-21)
(1.68599e-06 1.13799e-06 0)
(1.8706e-06 1.31511e-06 0)
(2.04492e-06 1.4889e-06 0)
(2.21934e-06 1.66486e-06 0)
(2.39283e-06 1.84248e-06 0)
(2.56528e-06 2.02099e-06 0)
(2.73625e-06 2.19991e-06 0)
(2.90559e-06 2.3788e-06 0)
(3.07315e-06 2.55736e-06 0)
(3.23887e-06 2.73534e-06 0)
(3.40275e-06 2.91255e-06 0)
(3.56483e-06 3.08882e-06 0)
(3.72522e-06 3.26403e-06 0)
(3.88403e-06 3.43807e-06 0)
(4.04143e-06 3.61079e-06 0)
(4.19762e-06 3.78206e-06 0)
(4.35281e-06 3.95169e-06 0)
(4.50728e-06 4.11943e-06 0)
(4.66129e-06 4.28493e-06 0)
(4.81526e-06 4.44782e-06 0)
(4.96945e-06 4.60718e-06 3.78334e-21)
(1.59723e-06 1.06685e-06 0)
(1.77304e-06 1.23988e-06 0)
(1.94015e-06 1.411e-06 0)
(2.10785e-06 1.58512e-06 0)
(2.27516e-06 1.76157e-06 0)
(2.44198e-06 1.9395e-06 0)
(2.60786e-06 2.1183e-06 0)
(2.77266e-06 2.29744e-06 0)
(2.93618e-06 2.47652e-06 0)
(3.09836e-06 2.6552e-06 0)
(3.25916e-06 2.83321e-06 0)
(3.41859e-06 3.01032e-06 0)
(3.57672e-06 3.18634e-06 0)
(3.73364e-06 3.36109e-06 0)
(3.88947e-06 3.53438e-06 0)
(4.04437e-06 3.70603e-06 0)
(4.19852e-06 3.87578e-06 0)
(4.35214e-06 4.04336e-06 0)
(4.50543e-06 4.20833e-06 0)
(4.65872e-06 4.37026e-06 0)
(4.8122e-06 4.52809e-06 3.67376e-21)
(1.51291e-06 9.99559e-07 0)
(1.68021e-06 1.1687e-06 0)
(1.84009e-06 1.33716e-06 0)
(2.00096e-06 1.50938e-06 0)
(2.16194e-06 1.68453e-06 0)
(2.32293e-06 1.86168e-06 0)
(2.48351e-06 2.04014e-06 0)
(2.64351e-06 2.21928e-06 0)
(2.80275e-06 2.39862e-06 0)
(2.96115e-06 2.57774e-06 0)
(3.11862e-06 2.7563e-06 0)
(3.27518e-06 2.934e-06 0)
(3.43085e-06 3.1106e-06 0)
(3.58569e-06 3.28586e-06 0)
(3.73979e-06 3.45955e-06 0)
(3.89327e-06 3.63144e-06 0)
(4.04626e-06 3.80126e-06 0)
(4.19892e-06 3.96866e-06 0)
(4.35139e-06 4.13319e-06 0)
(4.50391e-06 4.29437e-06 0)
(4.65658e-06 4.45105e-06 3.55003e-21)
(1.43151e-06 9.3582e-07 0)
(1.59055e-06 1.1013e-06 0)
(1.74319e-06 1.26721e-06 0)
(1.8972e-06 1.43752e-06 0)
(2.05176e-06 1.61129e-06 0)
(2.2068e-06 1.78753e-06 0)
(2.36192e-06 1.96546e-06 0)
(2.51697e-06 2.14439e-06 0)
(2.67177e-06 2.32375e-06 0)
(2.82621e-06 2.50307e-06 0)
(2.98021e-06 2.68193e-06 0)
(3.13374e-06 2.85999e-06 0)
(3.28681e-06 3.03694e-06 0)
(3.43944e-06 3.21251e-06 0)
(3.5917e-06 3.38643e-06 0)
(3.74365e-06 3.55844e-06 0)
(3.89539e-06 3.72823e-06 0)
(4.04701e-06 3.89546e-06 0)
(4.19861e-06 4.05965e-06 0)
(4.3503e-06 4.22031e-06 0)
(4.50212e-06 4.37627e-06 3.41747e-21)
(1.35162e-06 8.7538e-07 0)
(1.50256e-06 1.03749e-06 0)
(1.64797e-06 1.20098e-06 0)
(1.79508e-06 1.36943e-06 0)
(1.94318e-06 1.54178e-06 0)
(2.0922e-06 1.717e-06 0)
(2.24179e-06 1.89424e-06 0)
(2.39182e-06 2.07277e-06 0)
(2.54208e-06 2.25195e-06 0)
(2.69248e-06 2.43123e-06 0)
(2.84292e-06 2.61017e-06 0)
(2.99334e-06 2.78835e-06 0)
(3.14374e-06 2.96544e-06 0)
(3.29409e-06 3.14113e-06 0)
(3.44444e-06 3.31511e-06 0)
(3.59481e-06 3.48711e-06 0)
(3.74524e-06 3.65681e-06 0)
(3.8958e-06 3.82386e-06 0)
(4.04649e-06 3.98781e-06 0)
(4.19732e-06 4.14818e-06 0)
(4.34826e-06 4.30385e-06 3.28193e-21)
(1.27187e-06 8.18073e-07 0)
(1.41477e-06 9.7711e-07 0)
(1.55295e-06 1.13834e-06 0)
(1.69315e-06 1.30497e-06 0)
(1.83476e-06 1.47589e-06 0)
(1.97775e-06 1.65001e-06 0)
(2.12179e-06 1.82644e-06 0)
(2.26677e-06 2.0044e-06 0)
(2.41249e-06 2.18319e-06 0)
(2.55884e-06 2.36223e-06 0)
(2.70571e-06 2.54102e-06 0)
(2.85302e-06 2.71912e-06 0)
(3.00074e-06 2.89614e-06 0)
(3.14881e-06 3.07175e-06 0)
(3.29724e-06 3.24563e-06 0)
(3.44602e-06 3.41749e-06 0)
(3.59514e-06 3.58702e-06 0)
(3.74462e-06 3.75388e-06 0)
(3.89439e-06 3.91767e-06 0)
(4.04438e-06 4.07799e-06 0)
(4.19445e-06 4.23378e-06 3.14954e-21)
(1.19087e-06 7.63775e-07 0)
(1.32572e-06 9.20021e-07 0)
(1.45661e-06 1.07915e-06 0)
(1.58989e-06 1.24404e-06 0)
(1.72502e-06 1.41351e-06 0)
(1.862e-06 1.58646e-06 0)
(2.00055e-06 1.76197e-06 0)
(2.14053e-06 1.93919e-06 0)
(2.28177e-06 2.11741e-06 0)
(2.42414e-06 2.29601e-06 0)
(2.56751e-06 2.47445e-06 0)
(2.71179e-06 2.65225e-06 0)
(2.85689e-06 2.82901e-06 0)
(3.00275e-06 3.00437e-06 0)
(3.14932e-06 3.17799e-06 0)
(3.29655e-06 3.34958e-06 0)
(3.44441e-06 3.51885e-06 0)
(3.59283e-06 3.68551e-06 0)
(3.74172e-06 3.84921e-06 0)
(3.89091e-06 4.00964e-06 0)
(4.04018e-06 4.16596e-06 3.02647e-21)
(1.10719e-06 7.12508e-07 0)
(1.23385e-06 8.66216e-07 0)
(1.3574e-06 1.02338e-06 0)
(1.48374e-06 1.18657e-06 0)
(1.61244e-06 1.35457e-06 0)
(1.74348e-06 1.52627e-06 0)
(1.87662e-06 1.70071e-06 0)
(2.01174e-06 1.87704e-06 0)
(2.14864e-06 2.0545e-06 0)
(2.28718e-06 2.23246e-06 0)
(2.42722e-06 2.41035e-06 0)
(2.56862e-06 2.58766e-06 0)
(2.71127e-06 2.76397e-06 0)
(2.85507e-06 2.9389e-06 0)
(2.99991e-06 3.11212e-06 0)
(3.14571e-06 3.28333e-06 0)
(3.29239e-06 3.45226e-06 0)
(3.43985e-06 3.61867e-06 0)
(3.58793e-06 3.78231e-06 0)
(3.73639e-06 3.94299e-06 0)
(3.88495e-06 4.10016e-06 2.91854e-21)
(1.01926e-06 6.6425e-07 0)
(1.1375e-06 8.15623e-07 0)
(1.25363e-06 9.70908e-07 0)
(1.37303e-06 1.13241e-06 0)
(1.49536e-06 1.29889e-06 0)
(1.6206e-06 1.46924e-06 0)
(1.74851e-06 1.64248e-06 0)
(1.87897e-06 1.81775e-06 0)
(2.01177e-06 1.99427e-06 0)
(2.14675e-06 2.1714e-06 0)
(2.28371e-06 2.34853e-06 0)
(2.42251e-06 2.52517e-06 0)
(2.56296e-06 2.70086e-06 0)
(2.70494e-06 2.87522e-06 0)
(2.84828e-06 3.0479e-06 0)
(2.99286e-06 3.21861e-06 0)
(3.13854e-06 3.38712e-06 0)
(3.28516e-06 3.55323e-06 0)
(3.43255e-06 3.7168e-06 0)
(3.5804e-06 3.87781e-06 0)
(3.72839e-06 4.03602e-06 2.83174e-21)
(9.25376e-07 6.19285e-07 0)
(1.03489e-06 7.68427e-07 0)
(1.14352e-06 9.21838e-07 0)
(1.25601e-06 1.08158e-06 0)
(1.3721e-06 1.24643e-06 0)
(1.49173e-06 1.41527e-06 0)
(1.61469e-06 1.58713e-06 0)
(1.74079e-06 1.76113e-06 0)
(1.86983e-06 1.93651e-06 0)
(2.0016e-06 2.11259e-06 0)
(2.13587e-06 2.28878e-06 0)
(2.27243e-06 2.46455e-06 0)
(2.41107e-06 2.63946e-06 0)
(2.55158e-06 2.81309e-06 0)
(2.69377e-06 2.98511e-06 0)
(2.83743e-06 3.15523e-06 0)
(2.98237e-06 3.32324e-06 0)
(3.12839e-06 3.489e-06 0)
(3.27526e-06 3.65247e-06 0)
(3.42267e-06 3.81377e-06 0)
(3.57024e-06 3.97311e-06 2.7692e-21)
(8.23443e-07 5.77504e-07 0)
(9.23866e-07 7.24434e-07 0)
(1.02495e-06 8.75901e-07 0)
(1.13063e-06 1.03376e-06 0)
(1.2407e-06 1.19683e-06 0)
(1.35503e-06 1.36397e-06 0)
(1.4734e-06 1.53425e-06 0)
(1.59558e-06 1.70679e-06 0)
(1.72133e-06 1.88082e-06 0)
(1.85039e-06 2.05565e-06 0)
(1.98247e-06 2.23071e-06 0)
(2.11732e-06 2.40544e-06 0)
(2.25466e-06 2.57941e-06 0)
(2.39422e-06 2.7522e-06 0)
(2.53574e-06 2.92346e-06 0)
(2.67895e-06 3.09292e-06 0)
(2.82357e-06 3.26038e-06 0)
(2.96934e-06 3.42573e-06 0)
(3.11597e-06 3.58903e-06 0)
(3.26314e-06 3.75053e-06 0)
(3.41047e-06 3.91087e-06 2.73443e-21)
(7.11502e-07 5.39677e-07 0)
(8.02427e-07 6.84208e-07 0)
(8.95986e-07 8.33468e-07 0)
(9.95056e-07 9.89162e-07 0)
(1.09941e-06 1.15013e-06 0)
(1.20887e-06 1.3153e-06 0)
(1.32315e-06 1.4837e-06 0)
(1.44197e-06 1.65448e-06 0)
(1.56502e-06 1.82689e-06 0)
(1.69198e-06 2.00023e-06 0)
(1.82251e-06 2.17392e-06 0)
(1.9563e-06 2.34742e-06 0)
(2.09299e-06 2.52028e-06 0)
(2.23225e-06 2.69209e-06 0)
(2.37374e-06 2.86251e-06 0)
(2.5171e-06 3.03125e-06 0)
(2.66199e-06 3.19813e-06 0)
(2.80803e-06 3.36306e-06 0)
(2.95486e-06 3.52614e-06 0)
(3.10208e-06 3.6877e-06 0)
(3.24937e-06 3.84863e-06 2.72283e-21)
(5.85871e-07 5.05116e-07 2.22118e-21)
(6.66772e-07 6.46811e-07 2.23756e-21)
(7.5303e-07 7.93564e-07 2.23001e-21)
(8.45894e-07 9.468e-07 2.22299e-21)
(9.45082e-07 1.10541e-06 2.21654e-21)
(1.05032e-06 1.26832e-06 2.21065e-21)
(1.16124e-06 1.4346e-06 2.20534e-21)
(1.27749e-06 1.6034e-06 2.20058e-21)
(1.39866e-06 1.77396e-06 2.19636e-21)
(1.52437e-06 1.94561e-06 2.19266e-21)
(1.65422e-06 2.11776e-06 2.18947e-21)
(1.78781e-06 2.28988e-06 2.18676e-21)
(1.92472e-06 2.46151e-06 2.18451e-21)
(2.06458e-06 2.63224e-06 2.18271e-21)
(2.20695e-06 2.80174e-06 2.18134e-21)
(2.35141e-06 2.96973e-06 2.18039e-21)
(2.4975e-06 3.13604e-06 2.17985e-21)
(2.64473e-06 3.30056e-06 2.17967e-21)
(2.79258e-06 3.46341e-06 2.17978e-21)
(2.94038e-06 3.62493e-06 2.18001e-21)
(3.09136e-06 3.76141e-06 2.45044e-21)
(0 0 0)
(1.932e-07 3.7924e-08 0)
(3.93231e-07 1.13929e-07 0)
(6.0619e-07 2.31699e-07 0)
(8.35429e-07 3.86581e-07 0)
(1.08376e-06 5.74108e-07 0)
(1.3525e-06 7.88318e-07 0)
(1.64202e-06 1.02281e-06 0)
(1.95167e-06 1.27081e-06 0)
(2.28002e-06 1.52618e-06 0)
(0 0 0)
(1.82393e-07 3.40639e-08 0)
(3.7115e-07 1.0291e-07 0)
(5.71446e-07 2.10485e-07 0)
(7.86075e-07 3.53103e-07 0)
(1.01755e-06 5.27156e-07 0)
(1.2671e-06 7.27547e-07 0)
(1.53522e-06 9.48726e-07 0)
(1.82145e-06 1.18457e-06 0)
(2.12451e-06 1.42986e-06 0)
(0 0 0)
(1.72616e-07 3.00487e-08 0)
(3.513e-07 9.21561e-08 0)
(5.40438e-07 1.90397e-07 0)
(7.42271e-07 3.21807e-07 0)
(9.58968e-07 4.83435e-07 0)
(1.19162e-06 6.70865e-07 0)
(1.44073e-06 8.7923e-07 0)
(1.70616e-06 1.10302e-06 0)
(1.98679e-06 1.3377e-06 0)
(0 0 0)
(1.63597e-07 2.58302e-08 0)
(3.33112e-07 8.15297e-08 0)
(5.1229e-07 1.71215e-07 0)
(7.02877e-07 2.92449e-07 0)
(9.06713e-07 4.42779e-07 0)
(1.12471e-06 6.18319e-07 0)
(1.35727e-06 8.14733e-07 0)
(1.60441e-06 1.027e-06 0)
(1.86493e-06 1.25089e-06 0)
(0 0 0)
(1.55159e-07 2.13686e-08 0)
(3.16174e-07 7.08424e-08 0)
(4.86263e-07 1.5253e-07 0)
(6.6673e-07 2.64383e-07 0)
(8.59112e-07 4.04322e-07 0)
(1.06416e-06 5.68875e-07 0)
(1.28215e-06 7.54131e-07 0)
(1.51324e-06 9.55533e-07 0)
(1.75612e-06 1.16904e-06 0)
(0 0 0)
(1.47179e-07 1.66561e-08 0)
(3.00223e-07 6.00261e-08 0)
(4.61913e-07 1.34187e-07 0)
(6.3317e-07 2.37378e-07 0)
(8.15255e-07 3.67791e-07 0)
(1.00875e-06 5.22274e-07 0)
(1.21382e-06 6.97222e-07 0)
(1.43068e-06 8.88467e-07 0)
(1.65797e-06 1.09207e-06 0)
(0 0 0)
(1.39541e-07 1.1681e-08 0)
(2.84999e-07 4.89932e-08 0)
(4.38796e-07 1.15975e-07 0)
(6.01514e-07 2.11074e-07 0)
(7.7418e-07 3.32683e-07 0)
(9.57231e-07 4.77897e-07 0)
(1.15072e-06 6.43348e-07 0)
(1.35488e-06 8.25197e-07 0)
(1.56838e-06 1.01958e-06 0)
(0 0 0)
(1.32163e-07 6.44829e-09 0)
(2.70327e-07 3.77114e-08 0)
(4.16614e-07 9.77939e-08 0)
(5.71305e-07 1.85297e-07 0)
(7.35223e-07 2.9875e-07 0)
(9.08677e-07 4.35434e-07 0)
(1.09163e-06 5.92153e-07 0)
(1.28433e-06 7.65334e-07 0)
(1.48547e-06 9.51186e-07 0)
(0 0 0)
(1.2497e-07 9.55708e-10 0)
(2.56046e-07 2.61382e-08 0)
(3.95089e-07 7.95325e-08 0)
(5.42115e-07 1.59849e-07 0)
(6.97774e-07 2.65705e-07 0)
(8.62264e-07 3.94521e-07 0)
(1.0355e-06 5.43224e-07 0)
(1.21769e-06 7.08451e-07 0)
(1.40764e-06 8.86492e-07 0)
(0 0 0)
(1.17904e-07 -4.79342e-09 0)
(2.42032e-07 1.42529e-08 0)
(3.74013e-07 6.11273e-08 0)
(5.13614e-07 1.34613e-07 0)
(6.61344e-07 2.33376e-07 0)
(8.17307e-07 3.54923e-07 0)
(9.81396e-07 4.9627e-07 0)
(1.15381e-06 6.54213e-07 0)
(1.33344e-06 8.25134e-07 0)
(0 0 0)
(1.1092e-07 -1.0803e-08 0)
(2.28187e-07 2.02881e-09 0)
(3.53207e-07 4.25179e-08 0)
(4.85512e-07 1.0949e-07 0)
(6.25495e-07 2.01614e-07 0)
(7.73195e-07 3.16443e-07 0)
(9.28511e-07 4.51049e-07 0)
(1.09163e-06 6.02344e-07 0)
(1.26158e-06 7.66806e-07 0)
(0 0 0)
(1.03989e-07 -1.70822e-08 0)
(2.14444e-07 -1.05597e-08 0)
(3.32537e-07 2.36612e-08 0)
(4.5757e-07 8.4416e-08 0)
(5.89848e-07 1.7033e-07 0)
(7.29374e-07 2.78958e-07 0)
(8.76089e-07 4.07395e-07 0)
(1.03019e-06 5.52641e-07 0)
(1.19084e-06 7.11266e-07 0)
(0 0 0)
(9.71048e-08 -2.36558e-08 0)
(2.00776e-07 -2.35457e-08 0)
(3.11911e-07 4.52867e-09 0)
(4.29587e-07 5.93698e-08 0)
(5.54055e-07 1.39498e-07 0)
(6.85323e-07 2.42422e-07 0)
(8.2341e-07 3.65235e-07 0)
(9.68546e-07 5.04996e-07 0)
(1.12005e-06 6.58368e-07 0)
(0 0 0)
(9.03079e-08 -3.05748e-08 0)
(1.8723e-07 -3.69843e-08 0)
(2.91308e-07 -1.49118e-08 0)
(4.01415e-07 3.43472e-08 0)
(5.17799e-07 1.09125e-07 0)
(6.40531e-07 2.06839e-07 0)
(7.69753e-07 3.2455e-07 0)
(9.05755e-07 4.59357e-07 0)
(1.04803e-06 6.08018e-07 0)
(0 0 0)
(8.37011e-08 -3.79473e-08 0)
(1.73943e-07 -5.09419e-08 0)
(2.70774e-07 -3.46367e-08 0)
(3.72941e-07 9.45417e-09 0)
(4.80767e-07 7.9367e-08 0)
(5.9447e-07 1.72374e-07 0)
(7.14362e-07 2.85489e-07 0)
(8.40829e-07 4.15841e-07 0)
(9.73548e-07 5.60286e-07 0)
(0 0 0)
(7.75636e-08 -4.5962e-08 0)
(1.6128e-07 -6.55468e-08 0)
(2.50521e-07 -5.46566e-08 0)
(3.4413e-07 -1.52246e-08 0)
(4.42646e-07 5.03594e-08 0)
(5.46553e-07 1.39174e-07 0)
(6.56386e-07 2.48179e-07 0)
(7.72659e-07 3.74536e-07 0)
(8.95246e-07 5.15206e-07 0)
(0 0 0)
(7.2416e-08 -5.50387e-08 0)
(1.4982e-07 -8.09084e-08 0)
(2.30869e-07 -7.4731e-08 0)
(3.14952e-07 -3.92321e-08 0)
(4.03072e-07 2.26531e-08 0)
(4.96102e-07 1.07803e-07 0)
(5.94863e-07 2.13147e-07 0)
(7.00011e-07 3.35904e-07 0)
(8.11629e-07 4.73161e-07 0)
(0 0 0)
(6.98506e-08 -6.57686e-08 0)
(1.40948e-07 -9.72322e-08 0)
(2.12522e-07 -9.47523e-08 0)
(2.85434e-07 -6.2335e-08 0)
(3.61533e-07 -3.49369e-09 0)
(4.42184e-07 7.84802e-08 0)
(5.28506e-07 1.80546e-07 0)
(6.21296e-07 3.00017e-07 0)
(7.20822e-07 4.34129e-07 0)
(0 0 0)
(7.28921e-08 -7.96228e-08 0)
(1.36356e-07 -1.14215e-07 0)
(1.96204e-07 -1.13442e-07 0)
(2.55507e-07 -8.29514e-08 0)
(3.17441e-07 -2.6512e-08 0)
(3.83824e-07 5.26629e-08 0)
(4.5604e-07 1.51681e-07 0)
(5.34977e-07 2.68015e-07 0)
(6.21043e-07 3.99077e-07 0)
(3.78926e-08 -3.56723e-08 8.99788e-22)
(9.79825e-08 -9.78651e-08 1.80864e-21)
(1.41449e-07 -1.31324e-07 1.82173e-21)
(1.83058e-07 -1.30209e-07 1.84346e-21)
(2.24614e-07 -1.00506e-07 1.87428e-21)
(2.69367e-07 -4.58219e-08 1.91405e-21)
(3.19084e-07 3.09436e-08 1.96293e-21)
(3.75121e-07 1.2707e-07 2.02068e-21)
(4.38349e-07 2.40187e-07 2.08706e-21)
(5.09117e-07 3.67836e-07 2.16163e-21)
(0 0 0)
(1.932e-07 3.7924e-08 0)
(3.93231e-07 1.13929e-07 0)
(6.0619e-07 2.31699e-07 0)
(8.35429e-07 3.86581e-07 0)
(1.08376e-06 5.74108e-07 0)
(1.3525e-06 7.88318e-07 0)
(1.64202e-06 1.02281e-06 0)
(1.95167e-06 1.27081e-06 0)
(2.28002e-06 1.52618e-06 0)
(0 0 0)
(1.82393e-07 3.40639e-08 0)
(3.7115e-07 1.0291e-07 0)
(5.71446e-07 2.10485e-07 0)
(7.86075e-07 3.53103e-07 0)
(1.01755e-06 5.27156e-07 0)
(1.2671e-06 7.27547e-07 0)
(1.53522e-06 9.48726e-07 0)
(1.82145e-06 1.18457e-06 0)
(2.12451e-06 1.42986e-06 0)
(0 0 0)
(1.72616e-07 3.00487e-08 0)
(3.513e-07 9.21561e-08 0)
(5.40438e-07 1.90397e-07 0)
(7.42271e-07 3.21807e-07 0)
(9.58968e-07 4.83435e-07 0)
(1.19162e-06 6.70865e-07 0)
(1.44073e-06 8.7923e-07 0)
(1.70616e-06 1.10302e-06 0)
(1.98679e-06 1.3377e-06 0)
(0 0 0)
(1.63597e-07 2.58302e-08 0)
(3.33112e-07 8.15297e-08 0)
(5.1229e-07 1.71215e-07 0)
(7.02877e-07 2.92449e-07 0)
(9.06713e-07 4.42779e-07 0)
(1.12471e-06 6.18319e-07 0)
(1.35727e-06 8.14733e-07 0)
(1.60441e-06 1.027e-06 0)
(1.86493e-06 1.25089e-06 0)
(0 0 0)
(1.55159e-07 2.13686e-08 0)
(3.16174e-07 7.08424e-08 0)
(4.86263e-07 1.5253e-07 0)
(6.6673e-07 2.64383e-07 0)
(8.59112e-07 4.04322e-07 0)
(1.06416e-06 5.68875e-07 0)
(1.28215e-06 7.54131e-07 0)
(1.51324e-06 9.55533e-07 0)
(1.75612e-06 1.16904e-06 0)
(0 0 0)
(1.47179e-07 1.66561e-08 0)
(3.00223e-07 6.00261e-08 0)
(4.61913e-07 1.34187e-07 0)
(6.3317e-07 2.37378e-07 0)
(8.15255e-07 3.67791e-07 0)
(1.00875e-06 5.22274e-07 0)
(1.21382e-06 6.97222e-07 0)
(1.43068e-06 8.88467e-07 0)
(1.65797e-06 1.09207e-06 0)
(0 0 0)
(1.39541e-07 1.1681e-08 0)
(2.84999e-07 4.89932e-08 0)
(4.38796e-07 1.15975e-07 0)
(6.01514e-07 2.11074e-07 0)
(7.7418e-07 3.32683e-07 0)
(9.57231e-07 4.77897e-07 0)
(1.15072e-06 6.43348e-07 0)
(1.35488e-06 8.25197e-07 0)
(1.56838e-06 1.01958e-06 0)
(0 0 0)
(1.32163e-07 6.44829e-09 0)
(2.70327e-07 3.77114e-08 0)
(4.16614e-07 9.77939e-08 0)
(5.71305e-07 1.85297e-07 0)
(7.35223e-07 2.9875e-07 0)
(9.08677e-07 4.35434e-07 0)
(1.09163e-06 5.92153e-07 0)
(1.28433e-06 7.65334e-07 0)
(1.48547e-06 9.51186e-07 0)
(0 0 0)
(1.2497e-07 9.55708e-10 0)
(2.56046e-07 2.61382e-08 0)
(3.95089e-07 7.95325e-08 0)
(5.42115e-07 1.59849e-07 0)
(6.97774e-07 2.65705e-07 0)
(8.62264e-07 3.94521e-07 0)
(1.0355e-06 5.43224e-07 0)
(1.21769e-06 7.08451e-07 0)
(1.40764e-06 8.86492e-07 0)
(0 0 0)
(1.17904e-07 -4.79342e-09 0)
(2.42032e-07 1.42529e-08 0)
(3.74013e-07 6.11273e-08 0)
(5.13614e-07 1.34613e-07 0)
(6.61344e-07 2.33376e-07 0)
(8.17307e-07 3.54923e-07 0)
(9.81396e-07 4.9627e-07 0)
(1.15381e-06 6.54213e-07 0)
(1.33344e-06 8.25134e-07 0)
(0 0 0)
(1.1092e-07 -1.0803e-08 0)
(2.28187e-07 2.02881e-09 0)
(3.53207e-07 4.25179e-08 0)
(4.85512e-07 1.0949e-07 0)
(6.25495e-07 2.01614e-07 0)
(7.73195e-07 3.16443e-07 0)
(9.28511e-07 4.51049e-07 0)
(1.09163e-06 6.02344e-07 0)
(1.26158e-06 7.66806e-07 0)
(0 0 0)
(1.03989e-07 -1.70822e-08 0)
(2.14444e-07 -1.05597e-08 0)
(3.32537e-07 2.36612e-08 0)
(4.5757e-07 8.4416e-08 0)
(5.89848e-07 1.7033e-07 0)
(7.29374e-07 2.78958e-07 0)
(8.76089e-07 4.07395e-07 0)
(1.03019e-06 5.52641e-07 0)
(1.19084e-06 7.11266e-07 0)
(0 0 0)
(9.71048e-08 -2.36558e-08 0)
(2.00776e-07 -2.35457e-08 0)
(3.11911e-07 4.52867e-09 0)
(4.29587e-07 5.93698e-08 0)
(5.54055e-07 1.39498e-07 0)
(6.85323e-07 2.42422e-07 0)
(8.2341e-07 3.65235e-07 0)
(9.68546e-07 5.04996e-07 0)
(1.12005e-06 6.58368e-07 0)
(0 0 0)
(9.03079e-08 -3.05748e-08 0)
(1.8723e-07 -3.69843e-08 0)
(2.91308e-07 -1.49118e-08 0)
(4.01415e-07 3.43472e-08 0)
(5.17799e-07 1.09125e-07 0)
(6.40531e-07 2.06839e-07 0)
(7.69753e-07 3.2455e-07 0)
(9.05755e-07 4.59357e-07 0)
(1.04803e-06 6.08018e-07 0)
(0 0 0)
(8.37011e-08 -3.79473e-08 0)
(1.73943e-07 -5.09419e-08 0)
(2.70774e-07 -3.46367e-08 0)
(3.72941e-07 9.45417e-09 0)
(4.80767e-07 7.9367e-08 0)
(5.9447e-07 1.72374e-07 0)
(7.14362e-07 2.85489e-07 0)
(8.40829e-07 4.15841e-07 0)
(9.73548e-07 5.60286e-07 0)
(0 0 0)
(7.75636e-08 -4.5962e-08 0)
(1.6128e-07 -6.55468e-08 0)
(2.50521e-07 -5.46566e-08 0)
(3.4413e-07 -1.52246e-08 0)
(4.42646e-07 5.03594e-08 0)
(5.46553e-07 1.39174e-07 0)
(6.56386e-07 2.48179e-07 0)
(7.72659e-07 3.74536e-07 0)
(8.95246e-07 5.15206e-07 0)
(0 0 0)
(7.2416e-08 -5.50387e-08 0)
(1.4982e-07 -8.09084e-08 0)
(2.30869e-07 -7.4731e-08 0)
(3.14952e-07 -3.92321e-08 0)
(4.03072e-07 2.26531e-08 0)
(4.96102e-07 1.07803e-07 0)
(5.94863e-07 2.13147e-07 0)
(7.00011e-07 3.35904e-07 0)
(8.11629e-07 4.73161e-07 0)
(0 0 0)
(6.98506e-08 -6.57686e-08 0)
(1.40948e-07 -9.72322e-08 0)
(2.12522e-07 -9.47523e-08 0)
(2.85434e-07 -6.2335e-08 0)
(3.61533e-07 -3.49369e-09 0)
(4.42184e-07 7.84802e-08 0)
(5.28506e-07 1.80546e-07 0)
(6.21296e-07 3.00017e-07 0)
(7.20822e-07 4.34129e-07 0)
(0 0 0)
(7.28921e-08 -7.96228e-08 0)
(1.36356e-07 -1.14215e-07 0)
(1.96204e-07 -1.13442e-07 0)
(2.55507e-07 -8.29514e-08 0)
(3.17441e-07 -2.6512e-08 0)
(3.83824e-07 5.26629e-08 0)
(4.5604e-07 1.51681e-07 0)
(5.34977e-07 2.68015e-07 0)
(6.21043e-07 3.99077e-07 0)
(3.78926e-08 -3.56723e-08 8.99788e-22)
(9.79825e-08 -9.78651e-08 1.80864e-21)
(1.41449e-07 -1.31324e-07 1.82173e-21)
(1.83058e-07 -1.30209e-07 1.84346e-21)
(2.24614e-07 -1.00506e-07 1.87428e-21)
(2.69367e-07 -4.58219e-08 1.91405e-21)
(3.19084e-07 3.09436e-08 1.96293e-21)
(3.75121e-07 1.2707e-07 2.02068e-21)
(4.38349e-07 2.40187e-07 2.08706e-21)
(5.09117e-07 3.67836e-07 2.16163e-21)
)
;

boundaryField
{
    left
    {
        type            calculated;
    }
    right
    {
        type            calculated;
    }
    down
    {
        type            calculated;
    }
    up
    {
        type            calculated;
    }
    hole
    {
        type            calculated;
    }
    frontAndBack
    {
        type            empty;
    }
}


// ************************************************************************* //
