/*--------------------------------*- C++ -*----------------------------------*\
  =========                 |
  \\      /  F ield         | OpenFOAM: The Open Source CFD Toolbox
   \\    /   O peration     | Website:  https://openfoam.org
    \\  /    A nd           | Version:  9
     \\/     M anipulation  |
\*---------------------------------------------------------------------------*/
FoamFile
{
    format      ascii;
    class       pointVectorField;
    location    "5";
    object      pointD;
}
// * * * * * * * * * * * * * * * * * * * * * * * * * * * * * * * * * * * * * //

dimensions      [0 1 0 0 0 0 0];

internalField   nonuniform List<vector> 
2142
(
(3.70554e-06 1.08528e-06 -2.12095e-23)
(3.43421e-06 1.2568e-06 0)
(3.24457e-06 1.37907e-06 0)
(3.10666e-06 1.47835e-06 0)
(3.00741e-06 1.55972e-06 0)
(2.93703e-06 1.62977e-06 0)
(2.88847e-06 1.69138e-06 0)
(2.85678e-06 1.74707e-06 0)
(2.83814e-06 1.79834e-06 0)
(2.82974e-06 1.84624e-06 0)
(2.83146e-06 1.89823e-06 0)
(3.38593e-06 9.95634e-07 -1.43772e-22)
(3.09871e-06 1.13085e-06 0)
(2.89966e-06 1.22605e-06 0)
(2.75576e-06 1.30402e-06 0)
(2.65248e-06 1.36779e-06 0)
(2.57912e-06 1.42294e-06 0)
(2.52805e-06 1.47149e-06 0)
(2.49401e-06 1.51554e-06 0)
(2.47287e-06 1.55613e-06 0)
(2.46172e-06 1.59446e-06 0)
(2.41263e-06 1.59632e-06 0)
(3.05334e-06 9.07493e-07 -1.2426e-22)
(2.7583e-06 1.00227e-06 0)
(2.55511e-06 1.06831e-06 0)
(2.40906e-06 1.124e-06 0)
(2.30464e-06 1.16989e-06 0)
(2.23052e-06 1.21026e-06 0)
(2.17867e-06 1.24609e-06 0)
(2.14361e-06 1.27894e-06 0)
(2.12105e-06 1.30927e-06 0)
(2.10788e-06 1.33824e-06 0)
(2.06391e-06 1.33523e-06 0)
(2.70908e-06 8.21648e-07 -5.41016e-23)
(2.41498e-06 8.73631e-07 0)
(2.2134e-06 9.09515e-07 0)
(2.06939e-06 9.42697e-07 0)
(1.967e-06 9.71006e-07 0)
(1.89456e-06 9.97239e-07 0)
(1.84388e-06 1.0212e-06 0)
(1.80933e-06 1.04379e-06 0)
(1.78666e-06 1.06489e-06 0)
(1.77272e-06 1.08537e-06 0)
(1.73473e-06 1.07906e-06 0)
(2.3544e-06 7.3857e-07 -8.75174e-23)
(2.07017e-06 7.47362e-07 0)
(1.8762e-06 7.53295e-07 0)
(1.73871e-06 7.64617e-07 0)
(1.64176e-06 7.76327e-07 0)
(1.57364e-06 7.89599e-07 0)
(1.52615e-06 8.02965e-07 0)
(1.49373e-06 8.16582e-07 0)
(1.47227e-06 8.29732e-07 0)
(1.45866e-06 8.42905e-07 0)
(1.42694e-06 8.34767e-07 0)
(1.99093e-06 6.5823e-07 -1.0262e-22)
(1.72497e-06 6.25389e-07 0)
(1.54463e-06 6.029e-07 0)
(1.41833e-06 5.94094e-07 0)
(1.33043e-06 5.9104e-07 0)
(1.26934e-06 5.93211e-07 0)
(1.2271e-06 5.97788e-07 0)
(1.19836e-06 6.04138e-07 0)
(1.17928e-06 6.10964e-07 0)
(1.16694e-06 6.18319e-07 0)
(1.14147e-06 6.09763e-07 0)
(1.61978e-06 5.79746e-07 2.73794e-23)
(1.37946e-06 5.08803e-07 0)
(1.21891e-06 4.60917e-07 0)
(1.10874e-06 4.351e-07 0)
(1.03365e-06 4.20215e-07 0)
(9.82339e-07 4.13958e-07 0)
(9.47316e-07 4.12118e-07 0)
(9.23656e-07 4.13301e-07 0)
(9.07965e-07 4.15697e-07 0)
(8.97652e-07 4.18949e-07 0)
(8.78173e-07 4.11301e-07 0)
(1.24407e-06 5.00781e-07 2.06393e-22)
(1.03405e-06 3.97119e-07 0)
(8.99522e-07 3.28977e-07 0)
(8.10675e-07 2.91305e-07 0)
(7.52078e-07 2.68981e-07 0)
(7.12995e-07 2.57912e-07 0)
(6.86763e-07 2.52587e-07 0)
(6.69209e-07 2.51001e-07 0)
(6.5758e-07 2.51008e-07 0)
(6.49798e-07 2.51959e-07 0)
(6.35895e-07 2.46294e-07 0)
(8.65902e-07 4.14317e-07 1.32572e-22)
(6.87124e-07 2.86265e-07 0)
(5.86453e-07 2.07086e-07 0)
(5.24389e-07 1.66043e-07 0)
(4.85507e-07 1.42704e-07 0)
(4.60455e-07 1.31366e-07 0)
(4.43938e-07 1.25789e-07 0)
(4.32974e-07 1.23777e-07 0)
(4.25664e-07 1.23222e-07 0)
(4.20627e-07 1.23424e-07 0)
(4.11767e-07 1.20309e-07 0)
(5.08994e-07 3.05063e-07 4.431e-23)
(3.41595e-07 1.68569e-07 0)
(2.8436e-07 9.84984e-08 0)
(2.53765e-07 6.70456e-08 0)
(2.35802e-07 5.09504e-08 0)
(2.24582e-07 4.39293e-08 0)
(2.17205e-07 4.08128e-08 0)
(2.12287e-07 3.99392e-08 0)
(2.08926e-07 3.98677e-08 0)
(2.06497e-07 4.01482e-08 0)
(2.02136e-07 3.92355e-08 0)
(1.71193e-07 1.21243e-07 2.15676e-23)
(0 0 0)
(0 0 0)
(0 0 0)
(0 0 0)
(0 0 0)
(0 0 0)
(0 0 0)
(0 0 0)
(0 0 0)
(0 0 0)
(3.70554e-06 1.08528e-06 -2.12095e-23)
(3.43421e-06 1.2568e-06 0)
(3.24457e-06 1.37907e-06 0)
(3.10666e-06 1.47835e-06 0)
(3.00741e-06 1.55972e-06 0)
(2.93703e-06 1.62977e-06 0)
(2.88847e-06 1.69138e-06 0)
(2.85678e-06 1.74707e-06 0)
(2.83814e-06 1.79834e-06 0)
(2.82974e-06 1.84624e-06 0)
(2.83146e-06 1.89823e-06 0)
(3.38593e-06 9.95634e-07 -1.43772e-22)
(3.09871e-06 1.13085e-06 0)
(2.89966e-06 1.22605e-06 0)
(2.75576e-06 1.30402e-06 0)
(2.65248e-06 1.36779e-06 0)
(2.57912e-06 1.42294e-06 0)
(2.52805e-06 1.47149e-06 0)
(2.49401e-06 1.51554e-06 0)
(2.47287e-06 1.55613e-06 0)
(2.46172e-06 1.59446e-06 0)
(2.41263e-06 1.59632e-06 0)
(3.05334e-06 9.07493e-07 -1.2426e-22)
(2.7583e-06 1.00227e-06 0)
(2.55511e-06 1.06831e-06 0)
(2.40906e-06 1.124e-06 0)
(2.30464e-06 1.16989e-06 0)
(2.23052e-06 1.21026e-06 0)
(2.17867e-06 1.24609e-06 0)
(2.14361e-06 1.27894e-06 0)
(2.12105e-06 1.30927e-06 0)
(2.10788e-06 1.33824e-06 0)
(2.06391e-06 1.33523e-06 0)
(2.70908e-06 8.21648e-07 -5.41016e-23)
(2.41498e-06 8.73631e-07 0)
(2.2134e-06 9.09515e-07 0)
(2.06939e-06 9.42697e-07 0)
(1.967e-06 9.71006e-07 0)
(1.89456e-06 9.97239e-07 0)
(1.84388e-06 1.0212e-06 0)
(1.80933e-06 1.04379e-06 0)
(1.78666e-06 1.06489e-06 0)
(1.77272e-06 1.08537e-06 0)
(1.73473e-06 1.07906e-06 0)
(2.3544e-06 7.3857e-07 -8.75174e-23)
(2.07017e-06 7.47362e-07 0)
(1.8762e-06 7.53295e-07 0)
(1.73871e-06 7.64617e-07 0)
(1.64176e-06 7.76327e-07 0)
(1.57364e-06 7.89599e-07 0)
(1.52615e-06 8.02965e-07 0)
(1.49373e-06 8.16582e-07 0)
(1.47227e-06 8.29732e-07 0)
(1.45866e-06 8.42905e-07 0)
(1.42694e-06 8.34767e-07 0)
(1.99093e-06 6.5823e-07 -1.0262e-22)
(1.72497e-06 6.25389e-07 0)
(1.54463e-06 6.029e-07 0)
(1.41833e-06 5.94094e-07 0)
(1.33043e-06 5.9104e-07 0)
(1.26934e-06 5.93211e-07 0)
(1.2271e-06 5.97788e-07 0)
(1.19836e-06 6.04138e-07 0)
(1.17928e-06 6.10964e-07 0)
(1.16694e-06 6.18319e-07 0)
(1.14147e-06 6.09763e-07 0)
(1.61978e-06 5.79746e-07 2.73794e-23)
(1.37946e-06 5.08803e-07 0)
(1.21891e-06 4.60917e-07 0)
(1.10874e-06 4.351e-07 0)
(1.03365e-06 4.20215e-07 0)
(9.82339e-07 4.13958e-07 0)
(9.47316e-07 4.12118e-07 0)
(9.23656e-07 4.13301e-07 0)
(9.07965e-07 4.15697e-07 0)
(8.97652e-07 4.18949e-07 0)
(8.78173e-07 4.11301e-07 0)
(1.24407e-06 5.00781e-07 2.06393e-22)
(1.03405e-06 3.97119e-07 0)
(8.99522e-07 3.28977e-07 0)
(8.10675e-07 2.91305e-07 0)
(7.52078e-07 2.68981e-07 0)
(7.12995e-07 2.57912e-07 0)
(6.86763e-07 2.52587e-07 0)
(6.69209e-07 2.51001e-07 0)
(6.5758e-07 2.51008e-07 0)
(6.49798e-07 2.51959e-07 0)
(6.35895e-07 2.46294e-07 0)
(8.65902e-07 4.14317e-07 1.32572e-22)
(6.87124e-07 2.86265e-07 0)
(5.86453e-07 2.07086e-07 0)
(5.24389e-07 1.66043e-07 0)
(4.85507e-07 1.42704e-07 0)
(4.60455e-07 1.31366e-07 0)
(4.43938e-07 1.25789e-07 0)
(4.32974e-07 1.23777e-07 0)
(4.25664e-07 1.23222e-07 0)
(4.20627e-07 1.23424e-07 0)
(4.11767e-07 1.20309e-07 0)
(5.08994e-07 3.05063e-07 4.431e-23)
(3.41595e-07 1.68569e-07 0)
(2.8436e-07 9.84984e-08 0)
(2.53765e-07 6.70456e-08 0)
(2.35802e-07 5.09504e-08 0)
(2.24582e-07 4.39293e-08 0)
(2.17205e-07 4.08128e-08 0)
(2.12287e-07 3.99392e-08 0)
(2.08926e-07 3.98677e-08 0)
(2.06497e-07 4.01482e-08 0)
(2.02136e-07 3.92355e-08 0)
(1.71193e-07 1.21243e-07 2.15676e-23)
(0 0 0)
(0 0 0)
(0 0 0)
(0 0 0)
(0 0 0)
(0 0 0)
(0 0 0)
(0 0 0)
(0 0 0)
(0 0 0)
(6.01186e-06 1.78198e-06 -4.66721e-24)
(6.05472e-06 1.95447e-06 1.29212e-22)
(6.0494e-06 2.17628e-06 2.51135e-23)
(6.04577e-06 2.38211e-06 -3.04839e-23)
(6.04924e-06 2.57157e-06 -5.46146e-23)
(6.06185e-06 2.74657e-06 -6.19034e-23)
(6.08435e-06 2.90937e-06 4.66912e-23)
(6.11665e-06 3.06227e-06 7.21067e-23)
(6.15835e-06 3.20718e-06 5.03485e-23)
(6.20858e-06 3.34591e-06 4.78872e-23)
(6.26679e-06 3.4792e-06 7.66866e-23)
(5.8782e-06 1.71515e-06 -1.58487e-22)
(5.8598e-06 1.94672e-06 0)
(5.84441e-06 2.16713e-06 0)
(5.83615e-06 2.36993e-06 0)
(5.83706e-06 2.55514e-06 0)
(5.84783e-06 2.72502e-06 0)
(5.86841e-06 2.88208e-06 0)
(5.8983e-06 3.02881e-06 0)
(5.9369e-06 3.16728e-06 0)
(5.98333e-06 3.29943e-06 0)
(6.04043e-06 3.42687e-06 0)
(5.69627e-06 1.68685e-06 -1.23805e-22)
(5.65801e-06 1.92351e-06 0)
(5.62688e-06 2.1419e-06 0)
(5.60688e-06 2.34043e-06 0)
(5.59881e-06 2.52022e-06 0)
(5.60243e-06 2.68405e-06 0)
(5.61687e-06 2.83467e-06 0)
(5.64108e-06 2.97472e-06 0)
(5.67412e-06 3.10634e-06 0)
(5.71481e-06 3.23161e-06 0)
(5.7704e-06 3.35346e-06 0)
(5.50352e-06 1.64103e-06 5.20267e-23)
(5.44122e-06 1.88545e-06 0)
(5.39131e-06 2.10104e-06 0)
(5.3564e-06 2.29375e-06 0)
(5.3364e-06 2.46636e-06 0)
(5.33019e-06 2.62259e-06 0)
(5.33619e-06 2.76549e-06 0)
(5.35281e-06 2.89784e-06 0)
(5.37876e-06 3.02182e-06 0)
(5.41249e-06 3.13956e-06 0)
(5.46648e-06 3.25598e-06 0)
(5.29647e-06 1.58192e-06 -1.02858e-23)
(5.20606e-06 1.83309e-06 0)
(5.1353e-06 2.04466e-06 0)
(5.08381e-06 2.2301e-06 0)
(5.0504e-06 2.39401e-06 0)
(5.03304e-06 2.54121e-06 0)
(5.02944e-06 2.6751e-06 0)
(5.0375e-06 2.79863e-06 0)
(5.05557e-06 2.91402e-06 0)
(5.08174e-06 3.02339e-06 0)
(5.13431e-06 3.13439e-06 0)
(5.07318e-06 1.51236e-06 -2.68402e-22)
(4.9514e-06 1.76669e-06 0)
(4.8585e-06 1.97209e-06 0)
(4.78982e-06 2.14851e-06 0)
(4.74269e-06 2.30216e-06 0)
(4.71394e-06 2.43894e-06 0)
(4.70055e-06 2.56261e-06 0)
(4.6999e-06 2.67625e-06 0)
(4.71e-06 2.78213e-06 0)
(4.72858e-06 2.88233e-06 0)
(4.78014e-06 2.98797e-06 0)
(4.83289e-06 1.43494e-06 -1.58029e-22)
(4.67782e-06 1.68686e-06 0)
(4.56235e-06 1.88313e-06 0)
(4.47667e-06 2.04857e-06 0)
(4.41623e-06 2.19047e-06 0)
(4.37654e-06 2.31563e-06 0)
(4.35379e-06 2.42806e-06 0)
(4.34484e-06 2.53094e-06 0)
(4.34737e-06 2.62654e-06 0)
(4.35875e-06 2.71687e-06 0)
(4.40984e-06 2.81726e-06 0)
(4.57547e-06 1.35174e-06 1.98419e-22)
(4.38691e-06 1.59446e-06 0)
(4.24942e-06 1.77802e-06 0)
(4.14765e-06 1.93025e-06 0)
(4.07488e-06 2.05893e-06 0)
(4.02521e-06 2.17143e-06 0)
(3.99399e-06 2.2718e-06 0)
(3.97756e-06 2.36324e-06 0)
(3.97324e-06 2.44799e-06 0)
(3.97816e-06 2.5279e-06 0)
(4.02936e-06 2.62325e-06 0)
(4.30129e-06 1.26468e-06 3.71551e-22)
(4.08094e-06 1.4908e-06 0)
(3.92303e-06 1.65773e-06 0)
(3.80676e-06 1.79446e-06 0)
(3.72313e-06 1.90854e-06 0)
(3.66482e-06 2.00749e-06 0)
(3.62632e-06 2.09521e-06 0)
(3.60349e-06 2.17478e-06 0)
(3.59326e-06 2.24832e-06 0)
(3.59264e-06 2.31747e-06 0)
(3.64449e-06 2.40788e-06 0)
(4.01101e-06 1.17538e-06 1.7604e-22)
(3.76248e-06 1.37756e-06 0)
(3.58685e-06 1.52395e-06 0)
(3.45832e-06 1.64294e-06 0)
(3.36573e-06 1.74118e-06 0)
(3.30042e-06 1.8259e-06 0)
(3.25607e-06 1.90061e-06 0)
(3.22809e-06 1.96814e-06 0)
(3.21304e-06 2.03038e-06 0)
(3.20798e-06 2.08854e-06 0)
(3.26074e-06 2.174e-06 0)
(6.01186e-06 1.78198e-06 -4.66721e-24)
(6.05472e-06 1.95447e-06 1.29212e-22)
(6.0494e-06 2.17628e-06 2.51135e-23)
(6.04577e-06 2.38211e-06 -3.04839e-23)
(6.04924e-06 2.57157e-06 -5.46146e-23)
(6.06185e-06 2.74657e-06 -6.19034e-23)
(6.08435e-06 2.90937e-06 4.66912e-23)
(6.11665e-06 3.06227e-06 7.21067e-23)
(6.15835e-06 3.20718e-06 5.03485e-23)
(6.20858e-06 3.34591e-06 4.78872e-23)
(6.26679e-06 3.4792e-06 7.66866e-23)
(5.8782e-06 1.71515e-06 -1.58487e-22)
(5.8598e-06 1.94672e-06 0)
(5.84441e-06 2.16713e-06 0)
(5.83615e-06 2.36993e-06 0)
(5.83706e-06 2.55514e-06 0)
(5.84783e-06 2.72502e-06 0)
(5.86841e-06 2.88208e-06 0)
(5.8983e-06 3.02881e-06 0)
(5.9369e-06 3.16728e-06 0)
(5.98333e-06 3.29943e-06 0)
(6.04043e-06 3.42687e-06 0)
(5.69627e-06 1.68685e-06 -1.23805e-22)
(5.65801e-06 1.92351e-06 0)
(5.62688e-06 2.1419e-06 0)
(5.60688e-06 2.34043e-06 0)
(5.59881e-06 2.52022e-06 0)
(5.60243e-06 2.68405e-06 0)
(5.61687e-06 2.83467e-06 0)
(5.64108e-06 2.97472e-06 0)
(5.67412e-06 3.10634e-06 0)
(5.71481e-06 3.23161e-06 0)
(5.7704e-06 3.35346e-06 0)
(5.50352e-06 1.64103e-06 5.20267e-23)
(5.44122e-06 1.88545e-06 0)
(5.39131e-06 2.10104e-06 0)
(5.3564e-06 2.29375e-06 0)
(5.3364e-06 2.46636e-06 0)
(5.33019e-06 2.62259e-06 0)
(5.33619e-06 2.76549e-06 0)
(5.35281e-06 2.89784e-06 0)
(5.37876e-06 3.02182e-06 0)
(5.41249e-06 3.13956e-06 0)
(5.46648e-06 3.25598e-06 0)
(5.29647e-06 1.58192e-06 -1.02858e-23)
(5.20606e-06 1.83309e-06 0)
(5.1353e-06 2.04466e-06 0)
(5.08381e-06 2.2301e-06 0)
(5.0504e-06 2.39401e-06 0)
(5.03304e-06 2.54121e-06 0)
(5.02944e-06 2.6751e-06 0)
(5.0375e-06 2.79863e-06 0)
(5.05557e-06 2.91402e-06 0)
(5.08174e-06 3.02339e-06 0)
(5.13431e-06 3.13439e-06 0)
(5.07318e-06 1.51236e-06 -2.68402e-22)
(4.9514e-06 1.76669e-06 0)
(4.8585e-06 1.97209e-06 0)
(4.78982e-06 2.14851e-06 0)
(4.74269e-06 2.30216e-06 0)
(4.71394e-06 2.43894e-06 0)
(4.70055e-06 2.56261e-06 0)
(4.6999e-06 2.67625e-06 0)
(4.71e-06 2.78213e-06 0)
(4.72858e-06 2.88233e-06 0)
(4.78014e-06 2.98797e-06 0)
(4.83289e-06 1.43494e-06 -1.58029e-22)
(4.67782e-06 1.68686e-06 0)
(4.56235e-06 1.88313e-06 0)
(4.47667e-06 2.04857e-06 0)
(4.41623e-06 2.19047e-06 0)
(4.37654e-06 2.31563e-06 0)
(4.35379e-06 2.42806e-06 0)
(4.34484e-06 2.53094e-06 0)
(4.34737e-06 2.62654e-06 0)
(4.35875e-06 2.71687e-06 0)
(4.40984e-06 2.81726e-06 0)
(4.57547e-06 1.35174e-06 1.98419e-22)
(4.38691e-06 1.59446e-06 0)
(4.24942e-06 1.77802e-06 0)
(4.14765e-06 1.93025e-06 0)
(4.07488e-06 2.05893e-06 0)
(4.02521e-06 2.17143e-06 0)
(3.99399e-06 2.2718e-06 0)
(3.97756e-06 2.36324e-06 0)
(3.97324e-06 2.44799e-06 0)
(3.97816e-06 2.5279e-06 0)
(4.02936e-06 2.62325e-06 0)
(4.30129e-06 1.26468e-06 3.71551e-22)
(4.08094e-06 1.4908e-06 0)
(3.92303e-06 1.65773e-06 0)
(3.80676e-06 1.79446e-06 0)
(3.72313e-06 1.90854e-06 0)
(3.66482e-06 2.00749e-06 0)
(3.62632e-06 2.09521e-06 0)
(3.60349e-06 2.17478e-06 0)
(3.59326e-06 2.24832e-06 0)
(3.59264e-06 2.31747e-06 0)
(3.64449e-06 2.40788e-06 0)
(4.01101e-06 1.17538e-06 1.7604e-22)
(3.76248e-06 1.37756e-06 0)
(3.58685e-06 1.52395e-06 0)
(3.45832e-06 1.64294e-06 0)
(3.36573e-06 1.74118e-06 0)
(3.30042e-06 1.8259e-06 0)
(3.25607e-06 1.90061e-06 0)
(3.22809e-06 1.96814e-06 0)
(3.21304e-06 2.03038e-06 0)
(3.20798e-06 2.08854e-06 0)
(3.26074e-06 2.174e-06 0)
(6.333e-06 3.60872e-06 7.25617e-23)
(6.40606e-06 3.73619e-06 -6.23058e-23)
(6.48481e-06 3.86174e-06 -1.00083e-22)
(6.56872e-06 3.98597e-06 -4.53265e-23)
(6.65724e-06 4.10941e-06 -1.90902e-23)
(6.74986e-06 4.23245e-06 0)
(6.84614e-06 4.35544e-06 2.56201e-23)
(6.94566e-06 4.47869e-06 3.24839e-23)
(7.04807e-06 4.60245e-06 5.8171e-23)
(7.153e-06 4.72691e-06 7.23155e-23)
(7.26016e-06 4.85227e-06 1.39616e-23)
(7.36924e-06 4.97866e-06 1.41756e-23)
(7.47996e-06 5.10622e-06 -5.70077e-23)
(7.59204e-06 5.23504e-06 -5.90901e-23)
(7.70519e-06 5.36517e-06 1.914e-23)
(7.81914e-06 5.49661e-06 -2.64863e-23)
(7.93356e-06 5.62932e-06 9.03043e-26)
(8.04815e-06 5.76313e-06 -5.95507e-24)
(8.16249e-06 5.89774e-06 -1.25626e-22)
(8.20036e-06 5.98156e-06 -1.9463e-23)
(6.11108e-06 3.55248e-06 0)
(6.19036e-06 3.67724e-06 0)
(6.27426e-06 3.80034e-06 0)
(6.36233e-06 3.92244e-06 0)
(6.4542e-06 4.04401e-06 0)
(6.54947e-06 4.16545e-06 0)
(6.64783e-06 4.2871e-06 0)
(6.74895e-06 4.40923e-06 0)
(6.85254e-06 4.53208e-06 0)
(6.95833e-06 4.65583e-06 0)
(7.06607e-06 4.78067e-06 0)
(7.17552e-06 4.90672e-06 0)
(7.28644e-06 5.03411e-06 0)
(7.39863e-06 5.16292e-06 0)
(7.51185e-06 5.29321e-06 0)
(7.62591e-06 5.42497e-06 0)
(7.74058e-06 5.55816e-06 0)
(7.85566e-06 5.6926e-06 0)
(7.97093e-06 5.828e-06 0)
(8.08575e-06 5.96363e-06 8.20958e-23)
(5.84786e-06 3.47652e-06 0)
(5.93676e-06 3.60037e-06 0)
(6.02901e-06 3.72267e-06 0)
(6.12425e-06 3.84409e-06 0)
(6.22231e-06 3.96514e-06 0)
(6.3229e-06 4.0862e-06 0)
(6.42584e-06 4.20763e-06 0)
(6.53091e-06 4.32967e-06 0)
(6.63792e-06 4.45258e-06 0)
(6.74668e-06 4.57654e-06 0)
(6.85703e-06 4.70172e-06 0)
(6.96879e-06 4.82826e-06 0)
(7.08182e-06 4.95626e-06 0)
(7.19595e-06 5.08583e-06 0)
(7.31104e-06 5.21702e-06 0)
(7.42694e-06 5.34985e-06 0)
(7.54349e-06 5.48428e-06 0)
(7.66054e-06 5.62019e-06 0)
(7.77786e-06 5.75737e-06 0)
(7.89426e-06 5.89511e-06 8.02245e-24)
(5.55244e-06 3.37802e-06 0)
(5.65333e-06 3.50302e-06 0)
(5.75625e-06 3.62644e-06 0)
(5.86089e-06 3.74893e-06 0)
(5.96725e-06 3.87105e-06 0)
(6.07518e-06 3.99318e-06 0)
(6.18462e-06 4.11571e-06 0)
(6.29545e-06 4.23889e-06 0)
(6.40761e-06 4.36298e-06 0)
(6.52099e-06 4.48817e-06 0)
(6.63551e-06 4.61466e-06 0)
(6.75108e-06 4.74257e-06 0)
(6.86762e-06 4.87204e-06 0)
(6.98505e-06 5.00317e-06 0)
(7.10327e-06 5.13603e-06 0)
(7.22221e-06 5.27069e-06 0)
(7.34173e-06 5.40715e-06 0)
(7.46173e-06 5.54539e-06 0)
(7.58197e-06 5.68533e-06 0)
(7.70082e-06 5.82643e-06 7.72138e-23)
(5.23016e-06 3.25681e-06 0)
(5.34496e-06 3.38491e-06 0)
(5.46041e-06 3.51128e-06 0)
(5.57623e-06 3.63652e-06 0)
(5.69264e-06 3.76128e-06 0)
(5.80957e-06 3.88591e-06 0)
(5.92709e-06 4.01084e-06 0)
(6.04521e-06 4.13636e-06 0)
(6.16395e-06 4.26275e-06 0)
(6.2833e-06 4.39023e-06 0)
(6.40328e-06 4.51899e-06 0)
(6.52387e-06 4.64919e-06 0)
(6.64507e-06 4.78098e-06 0)
(6.76686e-06 4.91448e-06 0)
(6.88922e-06 5.04982e-06 0)
(7.0121e-06 5.18708e-06 0)
(7.13545e-06 5.32635e-06 0)
(7.25917e-06 5.46772e-06 0)
(7.38307e-06 5.61124e-06 0)
(7.50517e-06 5.75657e-06 4.253e-23)
(4.88701e-06 3.11227e-06 0)
(5.01714e-06 3.24546e-06 0)
(5.14652e-06 3.37669e-06 0)
(5.27488e-06 3.50641e-06 0)
(5.40265e-06 3.6354e-06 0)
(5.52984e-06 3.764e-06 0)
(5.65667e-06 3.89271e-06 0)
(5.78323e-06 4.02184e-06 0)
(5.90966e-06 4.15169e-06 0)
(6.03604e-06 4.28253e-06 0)
(6.16247e-06 4.41456e-06 0)
(6.28901e-06 4.54798e-06 0)
(6.41574e-06 4.68297e-06 0)
(6.5427e-06 4.81968e-06 0)
(6.66993e-06 4.95826e-06 0)
(6.79746e-06 5.09887e-06 0)
(6.92526e-06 5.24167e-06 0)
(7.05331e-06 5.38686e-06 0)
(7.18145e-06 5.53462e-06 0)
(7.30755e-06 5.68479e-06 -6.51638e-23)
(4.5285e-06 2.9449e-06 0)
(4.67489e-06 3.08509e-06 0)
(4.81918e-06 3.22301e-06 0)
(4.96103e-06 3.35889e-06 0)
(5.10112e-06 3.49366e-06 0)
(5.2395e-06 3.62768e-06 0)
(5.37655e-06 3.76149e-06 0)
(5.51243e-06 3.89545e-06 0)
(5.64739e-06 4.02992e-06 0)
(5.78159e-06 4.16518e-06 0)
(5.91522e-06 4.30148e-06 0)
(6.04842e-06 4.43906e-06 0)
(6.18133e-06 4.57811e-06 0)
(6.31406e-06 4.71883e-06 0)
(6.44672e-06 4.86142e-06 0)
(6.5794e-06 5.00608e-06 0)
(6.71213e-06 5.15304e-06 0)
(6.84495e-06 5.30261e-06 0)
(6.9778e-06 5.4551e-06 0)
(7.10853e-06 5.6105e-06 -4.63169e-23)
(4.16014e-06 2.75565e-06 0)
(4.3232e-06 2.90462e-06 0)
(4.4829e-06 3.05093e-06 0)
(4.63879e-06 3.19457e-06 0)
(4.79179e-06 3.33661e-06 0)
(4.94198e-06 3.47744e-06 0)
(5.08987e-06 3.61765e-06 0)
(5.23569e-06 3.75765e-06 0)
(5.37977e-06 3.89785e-06 0)
(5.52237e-06 4.03858e-06 0)
(5.66374e-06 4.18013e-06 0)
(5.80409e-06 4.32276e-06 0)
(5.94364e-06 4.46672e-06 0)
(6.08257e-06 4.61223e-06 0)
(6.22105e-06 4.75953e-06 0)
(6.35922e-06 4.90888e-06 0)
(6.49721e-06 5.06056e-06 0)
(6.63511e-06 5.21498e-06 0)
(6.77298e-06 5.37252e-06 0)
(6.90888e-06 5.53337e-06 -6.52774e-23)
(3.78734e-06 2.54629e-06 0)
(3.9669e-06 2.70564e-06 0)
(4.14206e-06 2.8618e-06 0)
(4.31217e-06 3.01464e-06 0)
(4.4783e-06 3.16523e-06 0)
(4.64061e-06 3.31411e-06 0)
(4.79965e-06 3.46188e-06 0)
(4.95577e-06 3.60904e-06 0)
(5.10934e-06 3.75602e-06 0)
(5.26069e-06 3.90321e-06 0)
(5.41014e-06 4.05095e-06 0)
(5.55797e-06 4.19952e-06 0)
(5.70446e-06 4.3492e-06 0)
(5.84986e-06 4.50026e-06 0)
(5.99439e-06 4.65295e-06 0)
(6.13828e-06 4.80758e-06 0)
(6.28172e-06 4.96448e-06 0)
(6.42488e-06 5.12411e-06 0)
(6.56796e-06 5.28692e-06 0)
(6.70947e-06 5.45329e-06 1.03087e-24)
(3.41496e-06 2.31936e-06 0)
(3.61016e-06 2.49023e-06 0)
(3.8002e-06 2.65727e-06 0)
(3.98438e-06 2.82057e-06 0)
(4.16362e-06 2.98092e-06 0)
(4.33817e-06 3.13899e-06 0)
(4.50855e-06 3.2954e-06 0)
(4.67516e-06 3.45071e-06 0)
(4.83842e-06 3.60543e-06 0)
(4.99873e-06 3.75998e-06 0)
(5.15646e-06 3.91474e-06 0)
(5.31195e-06 4.07004e-06 0)
(5.46553e-06 4.22619e-06 0)
(5.61753e-06 4.38348e-06 0)
(5.76823e-06 4.54218e-06 0)
(5.91792e-06 4.70263e-06 0)
(6.06687e-06 4.86517e-06 0)
(6.21536e-06 5.0303e-06 0)
(6.36371e-06 5.19849e-06 0)
(6.51115e-06 5.37038e-06 8.50651e-23)
(3.08441e-06 2.11288e-06 0)
(3.29126e-06 2.29366e-06 0)
(3.49241e-06 2.46959e-06 0)
(3.68749e-06 2.64173e-06 0)
(3.87707e-06 2.81057e-06 0)
(4.06144e-06 2.97677e-06 0)
(4.24102e-06 3.14094e-06 0)
(4.41621e-06 3.30364e-06 0)
(4.58745e-06 3.46537e-06 0)
(4.75513e-06 3.62659e-06 0)
(4.91967e-06 3.78769e-06 0)
(5.08144e-06 3.94902e-06 0)
(5.24082e-06 4.11089e-06 0)
(5.39817e-06 4.2736e-06 0)
(5.55383e-06 4.43744e-06 0)
(5.70814e-06 4.60272e-06 0)
(5.86146e-06 4.76979e-06 0)
(6.01412e-06 4.93911e-06 0)
(6.16659e-06 5.11113e-06 0)
(6.31887e-06 5.28675e-06 3.51777e-23)
(6.333e-06 3.60872e-06 7.25617e-23)
(6.40606e-06 3.73619e-06 -6.23058e-23)
(6.48481e-06 3.86174e-06 -1.00083e-22)
(6.56872e-06 3.98597e-06 -4.53265e-23)
(6.65724e-06 4.10941e-06 -1.90902e-23)
(6.74986e-06 4.23245e-06 0)
(6.84614e-06 4.35544e-06 2.56201e-23)
(6.94566e-06 4.47869e-06 3.24839e-23)
(7.04807e-06 4.60245e-06 5.8171e-23)
(7.153e-06 4.72691e-06 7.23155e-23)
(7.26016e-06 4.85227e-06 1.39616e-23)
(7.36924e-06 4.97866e-06 1.41756e-23)
(7.47996e-06 5.10622e-06 -5.70077e-23)
(7.59204e-06 5.23504e-06 -5.90901e-23)
(7.70519e-06 5.36517e-06 1.914e-23)
(7.81914e-06 5.49661e-06 -2.64863e-23)
(7.93356e-06 5.62932e-06 9.03043e-26)
(8.04815e-06 5.76313e-06 -5.95507e-24)
(8.16249e-06 5.89774e-06 -1.25626e-22)
(8.20036e-06 5.98156e-06 -1.9463e-23)
(6.11108e-06 3.55248e-06 0)
(6.19036e-06 3.67724e-06 0)
(6.27426e-06 3.80034e-06 0)
(6.36233e-06 3.92244e-06 0)
(6.4542e-06 4.04401e-06 0)
(6.54947e-06 4.16545e-06 0)
(6.64783e-06 4.2871e-06 0)
(6.74895e-06 4.40923e-06 0)
(6.85254e-06 4.53208e-06 0)
(6.95833e-06 4.65583e-06 0)
(7.06607e-06 4.78067e-06 0)
(7.17552e-06 4.90672e-06 0)
(7.28644e-06 5.03411e-06 0)
(7.39863e-06 5.16292e-06 0)
(7.51185e-06 5.29321e-06 0)
(7.62591e-06 5.42497e-06 0)
(7.74058e-06 5.55816e-06 0)
(7.85566e-06 5.6926e-06 0)
(7.97093e-06 5.828e-06 0)
(8.08575e-06 5.96363e-06 8.20958e-23)
(5.84786e-06 3.47652e-06 0)
(5.93676e-06 3.60037e-06 0)
(6.02901e-06 3.72267e-06 0)
(6.12425e-06 3.84409e-06 0)
(6.22231e-06 3.96514e-06 0)
(6.3229e-06 4.0862e-06 0)
(6.42584e-06 4.20763e-06 0)
(6.53091e-06 4.32967e-06 0)
(6.63792e-06 4.45258e-06 0)
(6.74668e-06 4.57654e-06 0)
(6.85703e-06 4.70172e-06 0)
(6.96879e-06 4.82826e-06 0)
(7.08182e-06 4.95626e-06 0)
(7.19595e-06 5.08583e-06 0)
(7.31104e-06 5.21702e-06 0)
(7.42694e-06 5.34985e-06 0)
(7.54349e-06 5.48428e-06 0)
(7.66054e-06 5.62019e-06 0)
(7.77786e-06 5.75737e-06 0)
(7.89426e-06 5.89511e-06 8.02245e-24)
(5.55244e-06 3.37802e-06 0)
(5.65333e-06 3.50302e-06 0)
(5.75625e-06 3.62644e-06 0)
(5.86089e-06 3.74893e-06 0)
(5.96725e-06 3.87105e-06 0)
(6.07518e-06 3.99318e-06 0)
(6.18462e-06 4.11571e-06 0)
(6.29545e-06 4.23889e-06 0)
(6.40761e-06 4.36298e-06 0)
(6.52099e-06 4.48817e-06 0)
(6.63551e-06 4.61466e-06 0)
(6.75108e-06 4.74257e-06 0)
(6.86762e-06 4.87204e-06 0)
(6.98505e-06 5.00317e-06 0)
(7.10327e-06 5.13603e-06 0)
(7.22221e-06 5.27069e-06 0)
(7.34173e-06 5.40715e-06 0)
(7.46173e-06 5.54539e-06 0)
(7.58197e-06 5.68533e-06 0)
(7.70082e-06 5.82643e-06 7.72138e-23)
(5.23016e-06 3.25681e-06 0)
(5.34496e-06 3.38491e-06 0)
(5.46041e-06 3.51128e-06 0)
(5.57623e-06 3.63652e-06 0)
(5.69264e-06 3.76128e-06 0)
(5.80957e-06 3.88591e-06 0)
(5.92709e-06 4.01084e-06 0)
(6.04521e-06 4.13636e-06 0)
(6.16395e-06 4.26275e-06 0)
(6.2833e-06 4.39023e-06 0)
(6.40328e-06 4.51899e-06 0)
(6.52387e-06 4.64919e-06 0)
(6.64507e-06 4.78098e-06 0)
(6.76686e-06 4.91448e-06 0)
(6.88922e-06 5.04982e-06 0)
(7.0121e-06 5.18708e-06 0)
(7.13545e-06 5.32635e-06 0)
(7.25917e-06 5.46772e-06 0)
(7.38307e-06 5.61124e-06 0)
(7.50517e-06 5.75657e-06 4.253e-23)
(4.88701e-06 3.11227e-06 0)
(5.01714e-06 3.24546e-06 0)
(5.14652e-06 3.37669e-06 0)
(5.27488e-06 3.50641e-06 0)
(5.40265e-06 3.6354e-06 0)
(5.52984e-06 3.764e-06 0)
(5.65667e-06 3.89271e-06 0)
(5.78323e-06 4.02184e-06 0)
(5.90966e-06 4.15169e-06 0)
(6.03604e-06 4.28253e-06 0)
(6.16247e-06 4.41456e-06 0)
(6.28901e-06 4.54798e-06 0)
(6.41574e-06 4.68297e-06 0)
(6.5427e-06 4.81968e-06 0)
(6.66993e-06 4.95826e-06 0)
(6.79746e-06 5.09887e-06 0)
(6.92526e-06 5.24167e-06 0)
(7.05331e-06 5.38686e-06 0)
(7.18145e-06 5.53462e-06 0)
(7.30755e-06 5.68479e-06 -6.51638e-23)
(4.5285e-06 2.9449e-06 0)
(4.67489e-06 3.08509e-06 0)
(4.81918e-06 3.22301e-06 0)
(4.96103e-06 3.35889e-06 0)
(5.10112e-06 3.49366e-06 0)
(5.2395e-06 3.62768e-06 0)
(5.37655e-06 3.76149e-06 0)
(5.51243e-06 3.89545e-06 0)
(5.64739e-06 4.02992e-06 0)
(5.78159e-06 4.16518e-06 0)
(5.91522e-06 4.30148e-06 0)
(6.04842e-06 4.43906e-06 0)
(6.18133e-06 4.57811e-06 0)
(6.31406e-06 4.71883e-06 0)
(6.44672e-06 4.86142e-06 0)
(6.5794e-06 5.00608e-06 0)
(6.71213e-06 5.15304e-06 0)
(6.84495e-06 5.30261e-06 0)
(6.9778e-06 5.4551e-06 0)
(7.10853e-06 5.6105e-06 -4.63169e-23)
(4.16014e-06 2.75565e-06 0)
(4.3232e-06 2.90462e-06 0)
(4.4829e-06 3.05093e-06 0)
(4.63879e-06 3.19457e-06 0)
(4.79179e-06 3.33661e-06 0)
(4.94198e-06 3.47744e-06 0)
(5.08987e-06 3.61765e-06 0)
(5.23569e-06 3.75765e-06 0)
(5.37977e-06 3.89785e-06 0)
(5.52237e-06 4.03858e-06 0)
(5.66374e-06 4.18013e-06 0)
(5.80409e-06 4.32276e-06 0)
(5.94364e-06 4.46672e-06 0)
(6.08257e-06 4.61223e-06 0)
(6.22105e-06 4.75953e-06 0)
(6.35922e-06 4.90888e-06 0)
(6.49721e-06 5.06056e-06 0)
(6.63511e-06 5.21498e-06 0)
(6.77298e-06 5.37252e-06 0)
(6.90888e-06 5.53337e-06 -6.52774e-23)
(3.78734e-06 2.54629e-06 0)
(3.9669e-06 2.70564e-06 0)
(4.14206e-06 2.8618e-06 0)
(4.31217e-06 3.01464e-06 0)
(4.4783e-06 3.16523e-06 0)
(4.64061e-06 3.31411e-06 0)
(4.79965e-06 3.46188e-06 0)
(4.95577e-06 3.60904e-06 0)
(5.10934e-06 3.75602e-06 0)
(5.26069e-06 3.90321e-06 0)
(5.41014e-06 4.05095e-06 0)
(5.55797e-06 4.19952e-06 0)
(5.70446e-06 4.3492e-06 0)
(5.84986e-06 4.50026e-06 0)
(5.99439e-06 4.65295e-06 0)
(6.13828e-06 4.80758e-06 0)
(6.28172e-06 4.96448e-06 0)
(6.42488e-06 5.12411e-06 0)
(6.56796e-06 5.28692e-06 0)
(6.70947e-06 5.45329e-06 1.03087e-24)
(3.41496e-06 2.31936e-06 0)
(3.61016e-06 2.49023e-06 0)
(3.8002e-06 2.65727e-06 0)
(3.98438e-06 2.82057e-06 0)
(4.16362e-06 2.98092e-06 0)
(4.33817e-06 3.13899e-06 0)
(4.50855e-06 3.2954e-06 0)
(4.67516e-06 3.45071e-06 0)
(4.83842e-06 3.60543e-06 0)
(4.99873e-06 3.75998e-06 0)
(5.15646e-06 3.91474e-06 0)
(5.31195e-06 4.07004e-06 0)
(5.46553e-06 4.22619e-06 0)
(5.61753e-06 4.38348e-06 0)
(5.76823e-06 4.54218e-06 0)
(5.91792e-06 4.70263e-06 0)
(6.06687e-06 4.86517e-06 0)
(6.21536e-06 5.0303e-06 0)
(6.36371e-06 5.19849e-06 0)
(6.51115e-06 5.37038e-06 8.50651e-23)
(3.08441e-06 2.11288e-06 0)
(3.29126e-06 2.29366e-06 0)
(3.49241e-06 2.46959e-06 0)
(3.68749e-06 2.64173e-06 0)
(3.87707e-06 2.81057e-06 0)
(4.06144e-06 2.97677e-06 0)
(4.24102e-06 3.14094e-06 0)
(4.41621e-06 3.30364e-06 0)
(4.58745e-06 3.46537e-06 0)
(4.75513e-06 3.62659e-06 0)
(4.91967e-06 3.78769e-06 0)
(5.08144e-06 3.94902e-06 0)
(5.24082e-06 4.11089e-06 0)
(5.39817e-06 4.2736e-06 0)
(5.55383e-06 4.43744e-06 0)
(5.70814e-06 4.60272e-06 0)
(5.86146e-06 4.76979e-06 0)
(6.01412e-06 4.93911e-06 0)
(6.16659e-06 5.11113e-06 0)
(6.31887e-06 5.28675e-06 3.51777e-23)
(2.59471e-06 1.76809e-06 0)
(2.84375e-06 1.97123e-06 0)
(3.0546e-06 2.15619e-06 0)
(3.2597e-06 2.33613e-06 0)
(3.45899e-06 2.5126e-06 0)
(3.6528e-06 2.68592e-06 0)
(3.84137e-06 2.85666e-06 0)
(4.02505e-06 3.02533e-06 0)
(4.20418e-06 3.1924e-06 0)
(4.37914e-06 3.35833e-06 0)
(4.55031e-06 3.52353e-06 0)
(4.71808e-06 3.68835e-06 0)
(4.88282e-06 3.85312e-06 0)
(5.0449e-06 4.01813e-06 0)
(5.2047e-06 4.18365e-06 0)
(5.36257e-06 4.34994e-06 0)
(5.51889e-06 4.51729e-06 0)
(5.67406e-06 4.68599e-06 0)
(5.82845e-06 4.85644e-06 0)
(5.98262e-06 5.02902e-06 0)
(6.13695e-06 5.20457e-06 5.81582e-25)
(2.41837e-06 1.66442e-06 0)
(2.6592e-06 1.86495e-06 0)
(2.86857e-06 2.05026e-06 0)
(3.07293e-06 2.23149e-06 0)
(3.27205e-06 2.40983e-06 0)
(3.46613e-06 2.58542e-06 0)
(3.65529e-06 2.75868e-06 0)
(3.83977e-06 2.92999e-06 0)
(4.01984e-06 3.09972e-06 0)
(4.19581e-06 3.26825e-06 0)
(4.36799e-06 3.4359e-06 0)
(4.53674e-06 3.60297e-06 0)
(4.70239e-06 3.76976e-06 0)
(4.86531e-06 3.93649e-06 0)
(5.02584e-06 4.10342e-06 0)
(5.18435e-06 4.27074e-06 0)
(5.34122e-06 4.43871e-06 0)
(5.49686e-06 4.60755e-06 0)
(5.65167e-06 4.77755e-06 0)
(5.80626e-06 4.94899e-06 0)
(5.96105e-06 5.12247e-06 1.86063e-23)
(2.26186e-06 1.56459e-06 0)
(2.49376e-06 1.76238e-06 0)
(2.69946e-06 1.94725e-06 0)
(2.90123e-06 2.12905e-06 0)
(3.09845e-06 2.30864e-06 0)
(3.29128e-06 2.486e-06 0)
(3.47963e-06 2.66137e-06 0)
(3.66369e-06 2.83499e-06 0)
(3.8436e-06 3.00713e-06 0)
(4.0196e-06 3.17806e-06 0)
(4.19196e-06 3.34802e-06 0)
(4.36097e-06 3.51726e-06 0)
(4.52694e-06 3.686e-06 0)
(4.69017e-06 3.85442e-06 0)
(4.85102e-06 4.02272e-06 0)
(5.00983e-06 4.19106e-06 0)
(5.16697e-06 4.3596e-06 0)
(5.32286e-06 4.52852e-06 0)
(5.47792e-06 4.698e-06 0)
(5.63278e-06 4.86817e-06 0)
(5.78786e-06 5.03935e-06 3.68858e-23)
(2.12229e-06 1.46941e-06 0)
(2.34473e-06 1.6638e-06 0)
(2.54547e-06 1.84752e-06 0)
(2.74326e-06 2.02929e-06 0)
(2.93729e-06 2.20961e-06 0)
(3.1276e-06 2.38828e-06 0)
(3.314e-06 2.56537e-06 0)
(3.49656e-06 2.74098e-06 0)
(3.67535e-06 2.91525e-06 0)
(3.85054e-06 3.08836e-06 0)
(4.02231e-06 3.26046e-06 0)
(4.19092e-06 3.43172e-06 0)
(4.35662e-06 3.60229e-06 0)
(4.5197e-06 3.77232e-06 0)
(4.68046e-06 3.94193e-06 0)
(4.83923e-06 4.11122e-06 0)
(4.99637e-06 4.28029e-06 0)
(5.15227e-06 4.44924e-06 0)
(5.3074e-06 4.61811e-06 0)
(5.46241e-06 4.78691e-06 0)
(5.61761e-06 4.95572e-06 -1.76488e-23)
(1.99724e-06 1.37917e-06 0)
(2.21001e-06 1.56981e-06 0)
(2.40483e-06 1.75184e-06 0)
(2.59762e-06 1.93301e-06 0)
(2.78742e-06 2.11354e-06 0)
(2.97421e-06 2.29304e-06 0)
(3.15769e-06 2.47142e-06 0)
(3.33786e-06 2.64864e-06 0)
(3.5147e-06 2.82472e-06 0)
(3.68832e-06 2.99973e-06 0)
(3.85883e-06 3.17374e-06 0)
(4.02645e-06 3.34683e-06 0)
(4.19136e-06 3.51908e-06 0)
(4.35384e-06 3.69059e-06 0)
(4.51414e-06 3.8614e-06 0)
(4.67257e-06 4.03156e-06 0)
(4.82946e-06 4.2011e-06 0)
(4.98518e-06 4.37001e-06 0)
(5.14018e-06 4.53821e-06 0)
(5.29509e-06 4.70565e-06 0)
(5.4502e-06 4.87214e-06 -3.59283e-23)
(1.88422e-06 1.29387e-06 0)
(2.0874e-06 1.48048e-06 0)
(2.27569e-06 1.66039e-06 0)
(2.46276e-06 1.84052e-06 0)
(2.64757e-06 2.0208e-06 0)
(2.83007e-06 2.2007e-06 0)
(3.00987e-06 2.37997e-06 0)
(3.1869e-06 2.55844e-06 0)
(3.3611e-06 2.73601e-06 0)
(3.53249e-06 2.91263e-06 0)
(3.70117e-06 3.08829e-06 0)
(3.86726e-06 3.26299e-06 0)
(4.03094e-06 3.43674e-06 0)
(4.19241e-06 3.60957e-06 0)
(4.35192e-06 3.78145e-06 0)
(4.50973e-06 3.95239e-06 0)
(4.66613e-06 4.12232e-06 0)
(4.82151e-06 4.29115e-06 0)
(4.97619e-06 4.4587e-06 0)
(5.13077e-06 4.62482e-06 0)
(5.28558e-06 4.78905e-06 3.51539e-37)
(1.78107e-06 1.21336e-06 0)
(1.97484e-06 1.39581e-06 0)
(2.15624e-06 1.57332e-06 0)
(2.3371e-06 1.75206e-06 0)
(2.51638e-06 1.93172e-06 0)
(2.69399e-06 2.11164e-06 0)
(2.86951e-06 2.29143e-06 0)
(3.04282e-06 2.4708e-06 0)
(3.2138e-06 2.64953e-06 0)
(3.38244e-06 2.82746e-06 0)
(3.54878e-06 3.0045e-06 0)
(3.7129e-06 3.18057e-06 0)
(3.87494e-06 3.35562e-06 0)
(4.03507e-06 3.52958e-06 0)
(4.19349e-06 3.7024e-06 0)
(4.35043e-06 3.87399e-06 0)
(4.50614e-06 4.04423e-06 0)
(4.66096e-06 4.21296e-06 0)
(4.81519e-06 4.3799e-06 0)
(4.96933e-06 4.54478e-06 0)
(5.1237e-06 4.70688e-06 -1.70855e-23)
(1.68576e-06 1.13737e-06 0)
(1.87042e-06 1.31566e-06 0)
(2.04471e-06 1.49058e-06 0)
(2.21905e-06 1.66768e-06 0)
(2.39243e-06 1.84643e-06 0)
(2.56473e-06 2.02605e-06 0)
(2.73551e-06 2.20605e-06 0)
(2.90464e-06 2.386e-06 0)
(3.07195e-06 2.56557e-06 0)
(3.23741e-06 2.74453e-06 0)
(3.40101e-06 2.92268e-06 0)
(3.56279e-06 3.09988e-06 0)
(3.72286e-06 3.27599e-06 0)
(3.88135e-06 3.4509e-06 0)
(4.03842e-06 3.62449e-06 0)
(4.19427e-06 3.79661e-06 0)
(4.34911e-06 3.9671e-06 0)
(4.50322e-06 4.1357e-06 0)
(4.65686e-06 4.30208e-06 0)
(4.81044e-06 4.46585e-06 0)
(4.96424e-06 4.62612e-06 -2.23368e-25)
(1.59651e-06 1.06558e-06 0)
(1.77237e-06 1.2398e-06 0)
(1.93945e-06 1.41207e-06 0)
(2.10708e-06 1.58738e-06 0)
(2.27429e-06 1.765e-06 0)
(2.44098e-06 1.94408e-06 0)
(2.6067e-06 2.124e-06 0)
(2.7713e-06 2.30424e-06 0)
(2.9346e-06 2.48437e-06 0)
(3.09654e-06 2.66408e-06 0)
(3.25707e-06 2.84307e-06 0)
(3.41623e-06 3.02114e-06 0)
(3.57406e-06 3.19809e-06 0)
(3.73067e-06 3.37375e-06 0)
(3.88619e-06 3.54795e-06 0)
(4.04077e-06 3.72048e-06 0)
(4.19458e-06 3.89113e-06 0)
(4.34785e-06 4.0596e-06 0)
(4.50078e-06 4.22548e-06 0)
(4.6537e-06 4.38833e-06 0)
(4.80679e-06 4.5471e-06 1.68621e-23)
(1.51168e-06 9.97665e-07 0)
(1.67902e-06 1.16799e-06 0)
(1.83886e-06 1.33763e-06 0)
(1.99967e-06 1.51107e-06 0)
(2.16057e-06 1.68742e-06 0)
(2.32143e-06 1.86576e-06 0)
(2.48185e-06 2.04538e-06 0)
(2.64168e-06 2.22566e-06 0)
(2.80072e-06 2.40609e-06 0)
(2.95889e-06 2.58627e-06 0)
(3.11612e-06 2.76586e-06 0)
(3.27241e-06 2.94455e-06 0)
(3.4278e-06 3.12212e-06 0)
(3.58235e-06 3.29832e-06 0)
(3.73615e-06 3.47295e-06 0)
(3.88932e-06 3.64577e-06 0)
(4.04198e-06 3.81651e-06 0)
(4.19431e-06 3.98484e-06 0)
(4.34644e-06 4.15032e-06 0)
(4.49861e-06 4.31246e-06 0)
(4.65091e-06 4.47011e-06 2.27972e-37)
(1.42978e-06 9.33337e-07 0)
(1.58883e-06 1.1e-06 0)
(1.74143e-06 1.26711e-06 0)
(1.89536e-06 1.43865e-06 0)
(2.04983e-06 1.61365e-06 0)
(2.20475e-06 1.7911e-06 0)
(2.35972e-06 1.97023e-06 0)
(2.51461e-06 2.15032e-06 0)
(2.66921e-06 2.33082e-06 0)
(2.82344e-06 2.51124e-06 0)
(2.97721e-06 2.69116e-06 0)
(3.13049e-06 2.87025e-06 0)
(3.28329e-06 3.0482e-06 0)
(3.43565e-06 3.22475e-06 0)
(3.58762e-06 3.39964e-06 0)
(3.73927e-06 3.57261e-06 0)
(3.8907e-06 3.74336e-06 0)
(4.04201e-06 3.91156e-06 0)
(4.19328e-06 4.07673e-06 0)
(4.34464e-06 4.23838e-06 0)
(4.49611e-06 4.39534e-06 2.2795e-37)
(1.34939e-06 8.72352e-07 0)
(1.5003e-06 1.03563e-06 0)
(1.64565e-06 1.20032e-06 0)
(1.79267e-06 1.37001e-06 0)
(1.94066e-06 1.5436e-06 0)
(2.08956e-06 1.72007e-06 0)
(2.239e-06 1.89854e-06 0)
(2.38886e-06 2.07826e-06 0)
(2.53894e-06 2.25861e-06 0)
(2.68913e-06 2.43902e-06 0)
(2.83935e-06 2.61905e-06 0)
(2.98954e-06 2.7983e-06 0)
(3.13968e-06 2.97643e-06 0)
(3.28977e-06 3.15313e-06 0)
(3.43984e-06 3.32811e-06 0)
(3.58993e-06 3.5011e-06 0)
(3.74007e-06 3.67178e-06 0)
(3.89032e-06 3.83984e-06 0)
(4.0407e-06 4.00479e-06 0)
(4.19122e-06 4.16619e-06 0)
(4.34183e-06 4.32288e-06 1.70673e-37)
(1.26915e-06 8.14548e-07 0)
(1.41199e-06 9.74735e-07 0)
(1.55005e-06 1.13716e-06 0)
(1.69014e-06 1.30504e-06 0)
(1.83163e-06 1.47721e-06 0)
(1.97448e-06 1.6526e-06 0)
(2.11837e-06 1.83028e-06 0)
(2.26317e-06 2.00946e-06 0)
(2.40871e-06 2.18944e-06 0)
(2.55486e-06 2.36964e-06 0)
(2.70151e-06 2.54956e-06 0)
(2.8486e-06 2.72875e-06 0)
(2.99607e-06 2.90684e-06 0)
(3.14389e-06 3.08349e-06 0)
(3.29205e-06 3.2584e-06 0)
(3.44056e-06 3.43127e-06 0)
(3.58941e-06 3.60182e-06 0)
(3.73859e-06 3.76971e-06 0)
(3.88807e-06 3.93453e-06 0)
(4.03777e-06 4.09589e-06 0)
(4.18753e-06 4.25274e-06 5.48538e-38)
(1.18767e-06 7.59806e-07 0)
(1.32239e-06 9.1718e-07 0)
(1.45314e-06 1.0775e-06 0)
(1.58626e-06 1.24363e-06 0)
(1.72125e-06 1.41437e-06 0)
(1.85807e-06 1.58859e-06 0)
(1.99644e-06 1.76536e-06 0)
(2.13624e-06 1.94383e-06 0)
(2.27729e-06 2.12326e-06 0)
(2.41946e-06 2.30305e-06 0)
(2.56262e-06 2.48263e-06 0)
(2.70668e-06 2.66156e-06 0)
(2.85154e-06 2.83941e-06 0)
(2.99716e-06 3.01583e-06 0)
(3.14348e-06 3.19051e-06 0)
(3.29045e-06 3.36314e-06 0)
(3.43804e-06 3.53345e-06 0)
(3.58619e-06 3.70116e-06 0)
(3.73481e-06 3.86591e-06 0)
(3.88371e-06 4.02741e-06 0)
(4.03269e-06 4.1848e-06 -6.30521e-38)
(1.10351e-06 7.08154e-07 0)
(1.22998e-06 8.62965e-07 0)
(1.35334e-06 1.0213e-06 0)
(1.47948e-06 1.18573e-06 0)
(1.60799e-06 1.355e-06 0)
(1.73884e-06 1.52798e-06 0)
(1.8718e-06 1.70369e-06 0)
(2.00672e-06 1.88128e-06 0)
(2.14342e-06 2.05997e-06 0)
(2.28176e-06 2.23913e-06 0)
(2.42159e-06 2.41819e-06 0)
(2.56277e-06 2.59664e-06 0)
(2.7052e-06 2.77407e-06 0)
(2.84876e-06 2.95009e-06 0)
(2.99336e-06 3.12438e-06 0)
(3.13892e-06 3.29665e-06 0)
(3.28535e-06 3.46664e-06 0)
(3.43254e-06 3.63412e-06 0)
(3.58036e-06 3.79883e-06 0)
(3.72856e-06 3.96059e-06 0)
(3.87684e-06 4.11884e-06 -2.36679e-37)
(1.01509e-06 6.59575e-07 0)
(1.13308e-06 8.12025e-07 0)
(1.24895e-06 9.68471e-07 0)
(1.36811e-06 1.1312e-06 0)
(1.49021e-06 1.29894e-06 0)
(1.61522e-06 1.47057e-06 0)
(1.74293e-06 1.64509e-06 0)
(1.87317e-06 1.82162e-06 0)
(2.00577e-06 1.99939e-06 0)
(2.14053e-06 2.17772e-06 0)
(2.27729e-06 2.35604e-06 0)
(2.41587e-06 2.53383e-06 0)
(2.55611e-06 2.71065e-06 0)
(2.69786e-06 2.88612e-06 0)
(2.84098e-06 3.05989e-06 0)
(2.98532e-06 3.23168e-06 0)
(3.13076e-06 3.40126e-06 0)
(3.27714e-06 3.56845e-06 0)
(3.42427e-06 3.73311e-06 0)
(3.57188e-06 3.89521e-06 0)
(3.71961e-06 4.05452e-06 -3.51682e-37)
(9.20707e-07 6.14364e-07 0)
(1.02989e-06 7.64555e-07 0)
(1.13819e-06 9.19105e-07 0)
(1.25039e-06 1.08006e-06 0)
(1.3662e-06 1.24616e-06 0)
(1.48558e-06 1.41627e-06 0)
(1.60829e-06 1.5894e-06 0)
(1.73417e-06 1.76467e-06 0)
(1.863e-06 1.94129e-06 0)
(1.99455e-06 2.11859e-06 0)
(2.12862e-06 2.29597e-06 0)
(2.26497e-06 2.47291e-06 0)
(2.40341e-06 2.64895e-06 0)
(2.54371e-06 2.8237e-06 0)
(2.68568e-06 2.99682e-06 0)
(2.82912e-06 3.16804e-06 0)
(2.97384e-06 3.33714e-06 0)
(3.11962e-06 3.50398e-06 0)
(3.26625e-06 3.66855e-06 0)
(3.41342e-06 3.83094e-06 0)
(3.56074e-06 3.99139e-06 -5.54184e-38)
(8.18243e-07 5.72418e-07 0)
(9.18236e-07 7.20368e-07 0)
(1.01892e-06 8.7295e-07 0)
(1.12425e-06 1.032e-06 0)
(1.234e-06 1.19629e-06 0)
(1.34804e-06 1.3647e-06 0)
(1.46615e-06 1.53624e-06 0)
(1.5881e-06 1.71003e-06 0)
(1.71363e-06 1.8853e-06 0)
(1.84248e-06 2.06135e-06 0)
(1.97436e-06 2.23759e-06 0)
(2.10902e-06 2.4135e-06 0)
(2.24616e-06 2.58861e-06 0)
(2.38553e-06 2.76252e-06 0)
(2.52685e-06 2.9349e-06 0)
(2.66985e-06 3.10546e-06 0)
(2.81426e-06 3.27402e-06 0)
(2.9598e-06 3.44047e-06 0)
(3.10621e-06 3.60486e-06 0)
(3.25314e-06 3.76746e-06 0)
(3.40025e-06 3.92891e-06 -1.7369e-23)
(7.05705e-07 5.3453e-07 0)
(7.96098e-07 6.80046e-07 0)
(8.8919e-07 8.30386e-07 0)
(9.87847e-07 9.87235e-07 0)
(1.09184e-06 1.14941e-06 0)
(1.20099e-06 1.31581e-06 0)
(1.31499e-06 1.48545e-06 0)
(1.43358e-06 1.65748e-06 0)
(1.55641e-06 1.8311e-06 0)
(1.68318e-06 2.00565e-06 0)
(1.81353e-06 2.18053e-06 0)
(1.94714e-06 2.3552e-06 0)
(2.08365e-06 2.5292e-06 0)
(2.22273e-06 2.70213e-06 0)
(2.36404e-06 2.87366e-06 0)
(2.50721e-06 3.04352e-06 0)
(2.6519e-06 3.2115e-06 0)
(2.79773e-06 3.37754e-06 0)
(2.94434e-06 3.54171e-06 0)
(3.09134e-06 3.70437e-06 0)
(3.2384e-06 3.86641e-06 -1.7369e-23)
(5.79373e-07 5.00009e-07 1.36874e-23)
(6.59632e-07 6.42644e-07 3.44885e-23)
(7.45349e-07 7.90435e-07 3.2709e-23)
(8.37754e-07 9.44786e-07 1.67048e-23)
(9.36556e-07 1.10456e-06 -1.77403e-23)
(1.04147e-06 1.26867e-06 -3.58368e-23)
(1.15213e-06 1.43616e-06 2.62364e-25)
(1.26815e-06 1.60618e-06 3.68979e-23)
(1.38913e-06 1.77794e-06 -1.07025e-25)
(1.51467e-06 1.95079e-06 -1.86461e-23)
(1.64437e-06 2.12411e-06 4.38537e-38)
(1.7778e-06 2.29738e-06 -8.5674e-38)
(1.91457e-06 2.47015e-06 -1.93393e-37)
(2.05426e-06 2.64201e-06 -1.52422e-37)
(2.19646e-06 2.81262e-06 -1.52691e-37)
(2.34075e-06 2.98173e-06 -2.77815e-37)
(2.48665e-06 3.14913e-06 1.78001e-23)
(2.63368e-06 3.31477e-06 1.78001e-23)
(2.78132e-06 3.47872e-06 0)
(2.9289e-06 3.64134e-06 0)
(3.07989e-06 3.77872e-06 0)
(2.59471e-06 1.76809e-06 0)
(2.84375e-06 1.97123e-06 0)
(3.0546e-06 2.15619e-06 0)
(3.2597e-06 2.33613e-06 0)
(3.45899e-06 2.5126e-06 0)
(3.6528e-06 2.68592e-06 0)
(3.84137e-06 2.85666e-06 0)
(4.02505e-06 3.02533e-06 0)
(4.20418e-06 3.1924e-06 0)
(4.37914e-06 3.35833e-06 0)
(4.55031e-06 3.52353e-06 0)
(4.71808e-06 3.68835e-06 0)
(4.88282e-06 3.85312e-06 0)
(5.0449e-06 4.01813e-06 0)
(5.2047e-06 4.18365e-06 0)
(5.36257e-06 4.34994e-06 0)
(5.51889e-06 4.51729e-06 0)
(5.67406e-06 4.68599e-06 0)
(5.82845e-06 4.85644e-06 0)
(5.98262e-06 5.02902e-06 0)
(6.13695e-06 5.20457e-06 5.81582e-25)
(2.41837e-06 1.66442e-06 0)
(2.6592e-06 1.86495e-06 0)
(2.86857e-06 2.05026e-06 0)
(3.07293e-06 2.23149e-06 0)
(3.27205e-06 2.40983e-06 0)
(3.46613e-06 2.58542e-06 0)
(3.65529e-06 2.75868e-06 0)
(3.83977e-06 2.92999e-06 0)
(4.01984e-06 3.09972e-06 0)
(4.19581e-06 3.26825e-06 0)
(4.36799e-06 3.4359e-06 0)
(4.53674e-06 3.60297e-06 0)
(4.70239e-06 3.76976e-06 0)
(4.86531e-06 3.93649e-06 0)
(5.02584e-06 4.10342e-06 0)
(5.18435e-06 4.27074e-06 0)
(5.34122e-06 4.43871e-06 0)
(5.49686e-06 4.60755e-06 0)
(5.65167e-06 4.77755e-06 0)
(5.80626e-06 4.94899e-06 0)
(5.96105e-06 5.12247e-06 1.86063e-23)
(2.26186e-06 1.56459e-06 0)
(2.49376e-06 1.76238e-06 0)
(2.69946e-06 1.94725e-06 0)
(2.90123e-06 2.12905e-06 0)
(3.09845e-06 2.30864e-06 0)
(3.29128e-06 2.486e-06 0)
(3.47963e-06 2.66137e-06 0)
(3.66369e-06 2.83499e-06 0)
(3.8436e-06 3.00713e-06 0)
(4.0196e-06 3.17806e-06 0)
(4.19196e-06 3.34802e-06 0)
(4.36097e-06 3.51726e-06 0)
(4.52694e-06 3.686e-06 0)
(4.69017e-06 3.85442e-06 0)
(4.85102e-06 4.02272e-06 0)
(5.00983e-06 4.19106e-06 0)
(5.16697e-06 4.3596e-06 0)
(5.32286e-06 4.52852e-06 0)
(5.47792e-06 4.698e-06 0)
(5.63278e-06 4.86817e-06 0)
(5.78786e-06 5.03935e-06 3.68858e-23)
(2.12229e-06 1.46941e-06 0)
(2.34473e-06 1.6638e-06 0)
(2.54547e-06 1.84752e-06 0)
(2.74326e-06 2.02929e-06 0)
(2.93729e-06 2.20961e-06 0)
(3.1276e-06 2.38828e-06 0)
(3.314e-06 2.56537e-06 0)
(3.49656e-06 2.74098e-06 0)
(3.67535e-06 2.91525e-06 0)
(3.85054e-06 3.08836e-06 0)
(4.02231e-06 3.26046e-06 0)
(4.19092e-06 3.43172e-06 0)
(4.35662e-06 3.60229e-06 0)
(4.5197e-06 3.77232e-06 0)
(4.68046e-06 3.94193e-06 0)
(4.83923e-06 4.11122e-06 0)
(4.99637e-06 4.28029e-06 0)
(5.15227e-06 4.44924e-06 0)
(5.3074e-06 4.61811e-06 0)
(5.46241e-06 4.78691e-06 0)
(5.61761e-06 4.95572e-06 -1.76488e-23)
(1.99724e-06 1.37917e-06 0)
(2.21001e-06 1.56981e-06 0)
(2.40483e-06 1.75184e-06 0)
(2.59762e-06 1.93301e-06 0)
(2.78742e-06 2.11354e-06 0)
(2.97421e-06 2.29304e-06 0)
(3.15769e-06 2.47142e-06 0)
(3.33786e-06 2.64864e-06 0)
(3.5147e-06 2.82472e-06 0)
(3.68832e-06 2.99973e-06 0)
(3.85883e-06 3.17374e-06 0)
(4.02645e-06 3.34683e-06 0)
(4.19136e-06 3.51908e-06 0)
(4.35384e-06 3.69059e-06 0)
(4.51414e-06 3.8614e-06 0)
(4.67257e-06 4.03156e-06 0)
(4.82946e-06 4.2011e-06 0)
(4.98518e-06 4.37001e-06 0)
(5.14018e-06 4.53821e-06 0)
(5.29509e-06 4.70565e-06 0)
(5.4502e-06 4.87214e-06 -3.59283e-23)
(1.88422e-06 1.29387e-06 0)
(2.0874e-06 1.48048e-06 0)
(2.27569e-06 1.66039e-06 0)
(2.46276e-06 1.84052e-06 0)
(2.64757e-06 2.0208e-06 0)
(2.83007e-06 2.2007e-06 0)
(3.00987e-06 2.37997e-06 0)
(3.1869e-06 2.55844e-06 0)
(3.3611e-06 2.73601e-06 0)
(3.53249e-06 2.91263e-06 0)
(3.70117e-06 3.08829e-06 0)
(3.86726e-06 3.26299e-06 0)
(4.03094e-06 3.43674e-06 0)
(4.19241e-06 3.60957e-06 0)
(4.35192e-06 3.78145e-06 0)
(4.50973e-06 3.95239e-06 0)
(4.66613e-06 4.12232e-06 0)
(4.82151e-06 4.29115e-06 0)
(4.97619e-06 4.4587e-06 0)
(5.13077e-06 4.62482e-06 0)
(5.28558e-06 4.78905e-06 3.51539e-37)
(1.78107e-06 1.21336e-06 0)
(1.97484e-06 1.39581e-06 0)
(2.15624e-06 1.57332e-06 0)
(2.3371e-06 1.75206e-06 0)
(2.51638e-06 1.93172e-06 0)
(2.69399e-06 2.11164e-06 0)
(2.86951e-06 2.29143e-06 0)
(3.04282e-06 2.4708e-06 0)
(3.2138e-06 2.64953e-06 0)
(3.38244e-06 2.82746e-06 0)
(3.54878e-06 3.0045e-06 0)
(3.7129e-06 3.18057e-06 0)
(3.87494e-06 3.35562e-06 0)
(4.03507e-06 3.52958e-06 0)
(4.19349e-06 3.7024e-06 0)
(4.35043e-06 3.87399e-06 0)
(4.50614e-06 4.04423e-06 0)
(4.66096e-06 4.21296e-06 0)
(4.81519e-06 4.3799e-06 0)
(4.96933e-06 4.54478e-06 0)
(5.1237e-06 4.70688e-06 -1.70855e-23)
(1.68576e-06 1.13737e-06 0)
(1.87042e-06 1.31566e-06 0)
(2.04471e-06 1.49058e-06 0)
(2.21905e-06 1.66768e-06 0)
(2.39243e-06 1.84643e-06 0)
(2.56473e-06 2.02605e-06 0)
(2.73551e-06 2.20605e-06 0)
(2.90464e-06 2.386e-06 0)
(3.07195e-06 2.56557e-06 0)
(3.23741e-06 2.74453e-06 0)
(3.40101e-06 2.92268e-06 0)
(3.56279e-06 3.09988e-06 0)
(3.72286e-06 3.27599e-06 0)
(3.88135e-06 3.4509e-06 0)
(4.03842e-06 3.62449e-06 0)
(4.19427e-06 3.79661e-06 0)
(4.34911e-06 3.9671e-06 0)
(4.50322e-06 4.1357e-06 0)
(4.65686e-06 4.30208e-06 0)
(4.81044e-06 4.46585e-06 0)
(4.96424e-06 4.62612e-06 -2.23368e-25)
(1.59651e-06 1.06558e-06 0)
(1.77237e-06 1.2398e-06 0)
(1.93945e-06 1.41207e-06 0)
(2.10708e-06 1.58738e-06 0)
(2.27429e-06 1.765e-06 0)
(2.44098e-06 1.94408e-06 0)
(2.6067e-06 2.124e-06 0)
(2.7713e-06 2.30424e-06 0)
(2.9346e-06 2.48437e-06 0)
(3.09654e-06 2.66408e-06 0)
(3.25707e-06 2.84307e-06 0)
(3.41623e-06 3.02114e-06 0)
(3.57406e-06 3.19809e-06 0)
(3.73067e-06 3.37375e-06 0)
(3.88619e-06 3.54795e-06 0)
(4.04077e-06 3.72048e-06 0)
(4.19458e-06 3.89113e-06 0)
(4.34785e-06 4.0596e-06 0)
(4.50078e-06 4.22548e-06 0)
(4.6537e-06 4.38833e-06 0)
(4.80679e-06 4.5471e-06 1.68621e-23)
(1.51168e-06 9.97665e-07 0)
(1.67902e-06 1.16799e-06 0)
(1.83886e-06 1.33763e-06 0)
(1.99967e-06 1.51107e-06 0)
(2.16057e-06 1.68742e-06 0)
(2.32143e-06 1.86576e-06 0)
(2.48185e-06 2.04538e-06 0)
(2.64168e-06 2.22566e-06 0)
(2.80072e-06 2.40609e-06 0)
(2.95889e-06 2.58627e-06 0)
(3.11612e-06 2.76586e-06 0)
(3.27241e-06 2.94455e-06 0)
(3.4278e-06 3.12212e-06 0)
(3.58235e-06 3.29832e-06 0)
(3.73615e-06 3.47295e-06 0)
(3.88932e-06 3.64577e-06 0)
(4.04198e-06 3.81651e-06 0)
(4.19431e-06 3.98484e-06 0)
(4.34644e-06 4.15032e-06 0)
(4.49861e-06 4.31246e-06 0)
(4.65091e-06 4.47011e-06 2.27972e-37)
(1.42978e-06 9.33337e-07 0)
(1.58883e-06 1.1e-06 0)
(1.74143e-06 1.26711e-06 0)
(1.89536e-06 1.43865e-06 0)
(2.04983e-06 1.61365e-06 0)
(2.20475e-06 1.7911e-06 0)
(2.35972e-06 1.97023e-06 0)
(2.51461e-06 2.15032e-06 0)
(2.66921e-06 2.33082e-06 0)
(2.82344e-06 2.51124e-06 0)
(2.97721e-06 2.69116e-06 0)
(3.13049e-06 2.87025e-06 0)
(3.28329e-06 3.0482e-06 0)
(3.43565e-06 3.22475e-06 0)
(3.58762e-06 3.39964e-06 0)
(3.73927e-06 3.57261e-06 0)
(3.8907e-06 3.74336e-06 0)
(4.04201e-06 3.91156e-06 0)
(4.19328e-06 4.07673e-06 0)
(4.34464e-06 4.23838e-06 0)
(4.49611e-06 4.39534e-06 2.2795e-37)
(1.34939e-06 8.72352e-07 0)
(1.5003e-06 1.03563e-06 0)
(1.64565e-06 1.20032e-06 0)
(1.79267e-06 1.37001e-06 0)
(1.94066e-06 1.5436e-06 0)
(2.08956e-06 1.72007e-06 0)
(2.239e-06 1.89854e-06 0)
(2.38886e-06 2.07826e-06 0)
(2.53894e-06 2.25861e-06 0)
(2.68913e-06 2.43902e-06 0)
(2.83935e-06 2.61905e-06 0)
(2.98954e-06 2.7983e-06 0)
(3.13968e-06 2.97643e-06 0)
(3.28977e-06 3.15313e-06 0)
(3.43984e-06 3.32811e-06 0)
(3.58993e-06 3.5011e-06 0)
(3.74007e-06 3.67178e-06 0)
(3.89032e-06 3.83984e-06 0)
(4.0407e-06 4.00479e-06 0)
(4.19122e-06 4.16619e-06 0)
(4.34183e-06 4.32288e-06 1.70673e-37)
(1.26915e-06 8.14548e-07 0)
(1.41199e-06 9.74735e-07 0)
(1.55005e-06 1.13716e-06 0)
(1.69014e-06 1.30504e-06 0)
(1.83163e-06 1.47721e-06 0)
(1.97448e-06 1.6526e-06 0)
(2.11837e-06 1.83028e-06 0)
(2.26317e-06 2.00946e-06 0)
(2.40871e-06 2.18944e-06 0)
(2.55486e-06 2.36964e-06 0)
(2.70151e-06 2.54956e-06 0)
(2.8486e-06 2.72875e-06 0)
(2.99607e-06 2.90684e-06 0)
(3.14389e-06 3.08349e-06 0)
(3.29205e-06 3.2584e-06 0)
(3.44056e-06 3.43127e-06 0)
(3.58941e-06 3.60182e-06 0)
(3.73859e-06 3.76971e-06 0)
(3.88807e-06 3.93453e-06 0)
(4.03777e-06 4.09589e-06 0)
(4.18753e-06 4.25274e-06 5.48538e-38)
(1.18767e-06 7.59806e-07 0)
(1.32239e-06 9.1718e-07 0)
(1.45314e-06 1.0775e-06 0)
(1.58626e-06 1.24363e-06 0)
(1.72125e-06 1.41437e-06 0)
(1.85807e-06 1.58859e-06 0)
(1.99644e-06 1.76536e-06 0)
(2.13624e-06 1.94383e-06 0)
(2.27729e-06 2.12326e-06 0)
(2.41946e-06 2.30305e-06 0)
(2.56262e-06 2.48263e-06 0)
(2.70668e-06 2.66156e-06 0)
(2.85154e-06 2.83941e-06 0)
(2.99716e-06 3.01583e-06 0)
(3.14348e-06 3.19051e-06 0)
(3.29045e-06 3.36314e-06 0)
(3.43804e-06 3.53345e-06 0)
(3.58619e-06 3.70116e-06 0)
(3.73481e-06 3.86591e-06 0)
(3.88371e-06 4.02741e-06 0)
(4.03269e-06 4.1848e-06 -6.30521e-38)
(1.10351e-06 7.08154e-07 0)
(1.22998e-06 8.62965e-07 0)
(1.35334e-06 1.0213e-06 0)
(1.47948e-06 1.18573e-06 0)
(1.60799e-06 1.355e-06 0)
(1.73884e-06 1.52798e-06 0)
(1.8718e-06 1.70369e-06 0)
(2.00672e-06 1.88128e-06 0)
(2.14342e-06 2.05997e-06 0)
(2.28176e-06 2.23913e-06 0)
(2.42159e-06 2.41819e-06 0)
(2.56277e-06 2.59664e-06 0)
(2.7052e-06 2.77407e-06 0)
(2.84876e-06 2.95009e-06 0)
(2.99336e-06 3.12438e-06 0)
(3.13892e-06 3.29665e-06 0)
(3.28535e-06 3.46664e-06 0)
(3.43254e-06 3.63412e-06 0)
(3.58036e-06 3.79883e-06 0)
(3.72856e-06 3.96059e-06 0)
(3.87684e-06 4.11884e-06 -2.36679e-37)
(1.01509e-06 6.59575e-07 0)
(1.13308e-06 8.12025e-07 0)
(1.24895e-06 9.68471e-07 0)
(1.36811e-06 1.1312e-06 0)
(1.49021e-06 1.29894e-06 0)
(1.61522e-06 1.47057e-06 0)
(1.74293e-06 1.64509e-06 0)
(1.87317e-06 1.82162e-06 0)
(2.00577e-06 1.99939e-06 0)
(2.14053e-06 2.17772e-06 0)
(2.27729e-06 2.35604e-06 0)
(2.41587e-06 2.53383e-06 0)
(2.55611e-06 2.71065e-06 0)
(2.69786e-06 2.88612e-06 0)
(2.84098e-06 3.05989e-06 0)
(2.98532e-06 3.23168e-06 0)
(3.13076e-06 3.40126e-06 0)
(3.27714e-06 3.56845e-06 0)
(3.42427e-06 3.73311e-06 0)
(3.57188e-06 3.89521e-06 0)
(3.71961e-06 4.05452e-06 -3.51682e-37)
(9.20707e-07 6.14364e-07 0)
(1.02989e-06 7.64555e-07 0)
(1.13819e-06 9.19105e-07 0)
(1.25039e-06 1.08006e-06 0)
(1.3662e-06 1.24616e-06 0)
(1.48558e-06 1.41627e-06 0)
(1.60829e-06 1.5894e-06 0)
(1.73417e-06 1.76467e-06 0)
(1.863e-06 1.94129e-06 0)
(1.99455e-06 2.11859e-06 0)
(2.12862e-06 2.29597e-06 0)
(2.26497e-06 2.47291e-06 0)
(2.40341e-06 2.64895e-06 0)
(2.54371e-06 2.8237e-06 0)
(2.68568e-06 2.99682e-06 0)
(2.82912e-06 3.16804e-06 0)
(2.97384e-06 3.33714e-06 0)
(3.11962e-06 3.50398e-06 0)
(3.26625e-06 3.66855e-06 0)
(3.41342e-06 3.83094e-06 0)
(3.56074e-06 3.99139e-06 -5.54184e-38)
(8.18243e-07 5.72418e-07 0)
(9.18236e-07 7.20368e-07 0)
(1.01892e-06 8.7295e-07 0)
(1.12425e-06 1.032e-06 0)
(1.234e-06 1.19629e-06 0)
(1.34804e-06 1.3647e-06 0)
(1.46615e-06 1.53624e-06 0)
(1.5881e-06 1.71003e-06 0)
(1.71363e-06 1.8853e-06 0)
(1.84248e-06 2.06135e-06 0)
(1.97436e-06 2.23759e-06 0)
(2.10902e-06 2.4135e-06 0)
(2.24616e-06 2.58861e-06 0)
(2.38553e-06 2.76252e-06 0)
(2.52685e-06 2.9349e-06 0)
(2.66985e-06 3.10546e-06 0)
(2.81426e-06 3.27402e-06 0)
(2.9598e-06 3.44047e-06 0)
(3.10621e-06 3.60486e-06 0)
(3.25314e-06 3.76746e-06 0)
(3.40025e-06 3.92891e-06 -1.7369e-23)
(7.05705e-07 5.3453e-07 0)
(7.96098e-07 6.80046e-07 0)
(8.8919e-07 8.30386e-07 0)
(9.87847e-07 9.87235e-07 0)
(1.09184e-06 1.14941e-06 0)
(1.20099e-06 1.31581e-06 0)
(1.31499e-06 1.48545e-06 0)
(1.43358e-06 1.65748e-06 0)
(1.55641e-06 1.8311e-06 0)
(1.68318e-06 2.00565e-06 0)
(1.81353e-06 2.18053e-06 0)
(1.94714e-06 2.3552e-06 0)
(2.08365e-06 2.5292e-06 0)
(2.22273e-06 2.70213e-06 0)
(2.36404e-06 2.87366e-06 0)
(2.50721e-06 3.04352e-06 0)
(2.6519e-06 3.2115e-06 0)
(2.79773e-06 3.37754e-06 0)
(2.94434e-06 3.54171e-06 0)
(3.09134e-06 3.70437e-06 0)
(3.2384e-06 3.86641e-06 -1.7369e-23)
(5.79373e-07 5.00009e-07 1.36874e-23)
(6.59632e-07 6.42644e-07 3.44885e-23)
(7.45349e-07 7.90435e-07 3.2709e-23)
(8.37754e-07 9.44786e-07 1.67048e-23)
(9.36556e-07 1.10456e-06 -1.77403e-23)
(1.04147e-06 1.26867e-06 -3.58368e-23)
(1.15213e-06 1.43616e-06 2.62364e-25)
(1.26815e-06 1.60618e-06 3.68979e-23)
(1.38913e-06 1.77794e-06 -1.07025e-25)
(1.51467e-06 1.95079e-06 -1.86461e-23)
(1.64437e-06 2.12411e-06 4.38537e-38)
(1.7778e-06 2.29738e-06 -8.5674e-38)
(1.91457e-06 2.47015e-06 -1.93393e-37)
(2.05426e-06 2.64201e-06 -1.52422e-37)
(2.19646e-06 2.81262e-06 -1.52691e-37)
(2.34075e-06 2.98173e-06 -2.77815e-37)
(2.48665e-06 3.14913e-06 1.78001e-23)
(2.63368e-06 3.31477e-06 1.78001e-23)
(2.78132e-06 3.47872e-06 0)
(2.9289e-06 3.64134e-06 0)
(3.07989e-06 3.77872e-06 0)
(0 0 0)
(1.93007e-07 3.61229e-08 0)
(3.93047e-07 1.11078e-07 0)
(6.06241e-07 2.28541e-07 0)
(8.35879e-07 3.83769e-07 0)
(1.0847e-06 5.721e-07 0)
(1.35391e-06 7.87407e-07 0)
(1.64381e-06 1.02311e-06 0)
(1.95366e-06 1.2723e-06 0)
(2.28208e-06 1.5287e-06 0)
(0 0 0)
(1.8216e-07 3.21222e-08 0)
(3.70856e-07 9.97519e-08 0)
(5.71291e-07 2.06855e-07 0)
(7.86224e-07 3.49677e-07 0)
(1.01811e-06 5.2444e-07 0)
(1.26812e-06 7.25891e-07 0)
(1.53664e-06 9.48303e-07 0)
(1.82316e-06 1.18543e-06 0)
(2.12637e-06 1.43188e-06 0)
(0 0 0)
(1.72349e-07 2.79918e-08 0)
(3.50909e-07 8.87421e-08 0)
(5.40101e-07 1.86363e-07 0)
(7.42147e-07 3.17838e-07 0)
(9.59184e-07 4.80069e-07 0)
(1.19225e-06 6.68496e-07 0)
(1.44177e-06 8.78084e-07 0)
(1.70755e-06 1.1032e-06 0)
(1.9884e-06 1.33914e-06 0)
(0 0 0)
(1.63299e-07 2.36782e-08 0)
(3.32637e-07 7.79022e-08 0)
(5.11793e-07 1.66835e-07 0)
(7.02507e-07 2.88e-07 0)
(9.06601e-07 4.38816e-07 0)
(1.12495e-06 6.15268e-07 0)
(1.3579e-06 8.12865e-07 0)
(1.60541e-06 1.02646e-06 0)
(1.86623e-06 1.25168e-06 0)
(0 0 0)
(1.54832e-07 1.91372e-08 0)
(3.15625e-07 6.70361e-08 0)
(4.85626e-07 1.47856e-07 0)
(6.66142e-07 2.59517e-07 0)
(8.58703e-07 3.99825e-07 0)
(1.06403e-06 5.65196e-07 0)
(1.28237e-06 7.51574e-07 0)
(1.51382e-06 9.54287e-07 0)
(1.75704e-06 1.16916e-06 0)
(0 0 0)
(1.46826e-07 1.43586e-08 0)
(2.99605e-07 5.60699e-08 0)
(4.61148e-07 1.29263e-07 0)
(6.32382e-07 2.32147e-07 0)
(8.14569e-07 3.62815e-07 0)
(1.00827e-06 5.18015e-07 0)
(1.21364e-06 6.94012e-07 0)
(1.43082e-06 8.86526e-07 0)
(1.65846e-06 1.0915e-06 0)
(0 0 0)
(1.39164e-07 9.32886e-09 0)
(2.84319e-07 4.49123e-08 0)
(4.37916e-07 1.10838e-07 0)
(6.00546e-07 2.05528e-07 0)
(7.73241e-07 3.27285e-07 0)
(9.56427e-07 4.73114e-07 0)
(1.15015e-06 6.39532e-07 0)
(1.35459e-06 8.22592e-07 0)
(1.5684e-06 1.01832e-06 0)
(0 0 0)
(1.31764e-07 4.05173e-09 0)
(2.69591e-07 3.3528e-08 0)
(4.15627e-07 9.24798e-08 0)
(5.70169e-07 1.79481e-07 0)
(7.34048e-07 2.92981e-07 0)
(9.07565e-07 4.3018e-07 0)
(1.09069e-06 5.87779e-07 0)
(1.2836e-06 7.62103e-07 0)
(1.48502e-06 9.49264e-07 0)
(0 0 0)
(1.2455e-07 -1.47533e-09 0)
(2.55256e-07 2.18731e-08 0)
(3.94005e-07 7.40726e-08 0)
(5.40825e-07 1.53805e-07 0)
(6.96381e-07 2.59616e-07 0)
(8.60865e-07 3.8885e-07 0)
(1.03419e-06 5.38343e-07 0)
(1.21655e-06 7.04638e-07 0)
(1.40672e-06 8.83937e-07 0)
(0 0 0)
(1.17466e-07 -7.24912e-09 0)
(2.41195e-07 9.92582e-09 0)
(3.72839e-07 5.55508e-08 0)
(5.12183e-07 1.2838e-07 0)
(6.59747e-07 2.27011e-07 0)
(8.15638e-07 3.48884e-07 0)
(9.79752e-07 4.90933e-07 0)
(1.15226e-06 6.49867e-07 0)
(1.33206e-06 8.21986e-07 0)
(0 0 0)
(1.10465e-07 -1.32732e-08 0)
(2.27306e-07 -2.34044e-09 0)
(3.5195e-07 3.6853e-08 0)
(4.8395e-07 1.03103e-07 0)
(6.2371e-07 1.95017e-07 0)
(7.71274e-07 3.10085e-07 0)
(9.26546e-07 4.45307e-07 0)
(1.0897e-06 5.97515e-07 0)
(1.25975e-06 7.63109e-07 0)
(0 0 0)
(1.03522e-07 -1.95558e-08 0)
(2.13526e-07 -1.49511e-08 0)
(3.31208e-07 1.79355e-08 0)
(4.55891e-07 7.79101e-08 0)
(5.87892e-07 1.63541e-07 0)
(7.27219e-07 2.72326e-07 0)
(8.73822e-07 4.01297e-07 0)
(1.02788e-06 5.47377e-07 0)
(1.18857e-06 7.07069e-07 0)
(0 0 0)
(9.66299e-08 -2.61212e-08 0)
(1.99831e-07 -2.79387e-08 0)
(3.10524e-07 -1.23091e-09 0)
(4.27809e-07 5.27776e-08 0)
(5.51947e-07 1.32555e-07 0)
(6.82955e-07 2.35561e-07 0)
(8.20861e-07 3.58829e-07 0)
(9.65885e-07 4.99349e-07 0)
(1.11735e-06 6.5372e-07 0)
(0 0 0)
(8.98325e-08 -3.30188e-08 0)
(1.86272e-07 -4.13576e-08 0)
(2.89881e-07 -2.06786e-08 0)
(3.9956e-07 2.77002e-08 0)
(5.15562e-07 1.02066e-07 0)
(6.37974e-07 1.99791e-07 0)
(7.66943e-07 3.17884e-07 0)
(9.02758e-07 4.53379e-07 0)
(1.04491e-06 6.02974e-07 0)
(0 0 0)
(8.3237e-08 -4.0357e-08 0)
(1.72995e-07 -5.52749e-08 0)
(2.69339e-07 -4.03853e-08 0)
(3.71043e-07 2.78246e-09 0)
(4.78436e-07 7.22266e-08 0)
(5.91753e-07 1.65181e-07 0)
(7.11317e-07 2.7861e-07 0)
(8.37515e-07 4.09585e-07 0)
(9.70031e-07 5.54903e-07 0)
(0 0 0)
(7.71314e-08 -4.83235e-08 0)
(1.6038e-07 -6.982e-08 0)
(2.49125e-07 -6.03633e-08 0)
(3.42237e-07 -2.1892e-08 0)
(4.40265e-07 4.3174e-08 0)
(5.43713e-07 1.31879e-07 0)
(6.53133e-07 2.41139e-07 0)
(7.69044e-07 3.68058e-07 0)
(8.91333e-07 5.09547e-07 0)
(0 0 0)
(7.20563e-08 -5.73455e-08 0)
(1.49037e-07 -8.51078e-08 0)
(2.2959e-07 -8.03743e-08 0)
(3.13138e-07 -4.58651e-08 0)
(4.00701e-07 1.54623e-08 0)
(4.93185e-07 1.00455e-07 0)
(5.9143e-07 2.06003e-07 0)
(6.96109e-07 3.29271e-07 0)
(8.07318e-07 4.67295e-07 0)
(0 0 0)
(6.96468e-08 -6.80192e-08 0)
(1.40402e-07 -1.01354e-07 0)
(2.1148e-07 -1.00316e-07 0)
(2.838e-07 -6.89031e-08 0)
(3.59249e-07 -1.0646e-08 0)
(4.39238e-07 7.11361e-08 0)
(5.24918e-07 1.73365e-07 0)
(6.17108e-07 2.93302e-07 0)
(7.16096e-07 4.28137e-07 0)
(0 0 0)
(7.30473e-08 -8.18606e-08 0)
(1.36259e-07 -1.18263e-07 0)
(1.95574e-07 -1.18896e-07 0)
(2.5418e-07 -8.94006e-08 0)
(3.15324e-07 -3.35536e-08 0)
(3.8089e-07 4.54073e-08 0)
(4.52301e-07 1.44556e-07 0)
(5.30481e-07 2.61318e-07 0)
(6.15855e-07 3.93063e-07 0)
(3.84962e-08 -3.63734e-08 1.07007e-23)
(9.91119e-08 -1.00188e-07 2.30587e-23)
(1.422e-07 -1.35321e-07 5.51224e-24)
(1.83103e-07 -1.35534e-07 -1.11649e-23)
(2.23756e-07 -1.06787e-07 -5.94442e-24)
(2.675e-07 -5.26837e-08 6.95291e-24)
(3.16182e-07 2.38605e-08 8.53955e-24)
(3.71206e-07 1.20096e-07 3.21144e-24)
(4.33481e-07 2.3361e-07 -7.83783e-24)
(5.03378e-07 3.61903e-07 -1.58772e-23)
(0 0 0)
(1.93007e-07 3.61229e-08 0)
(3.93047e-07 1.11078e-07 0)
(6.06241e-07 2.28541e-07 0)
(8.35879e-07 3.83769e-07 0)
(1.0847e-06 5.721e-07 0)
(1.35391e-06 7.87407e-07 0)
(1.64381e-06 1.02311e-06 0)
(1.95366e-06 1.2723e-06 0)
(2.28208e-06 1.5287e-06 0)
(0 0 0)
(1.8216e-07 3.21222e-08 0)
(3.70856e-07 9.97519e-08 0)
(5.71291e-07 2.06855e-07 0)
(7.86224e-07 3.49677e-07 0)
(1.01811e-06 5.2444e-07 0)
(1.26812e-06 7.25891e-07 0)
(1.53664e-06 9.48303e-07 0)
(1.82316e-06 1.18543e-06 0)
(2.12637e-06 1.43188e-06 0)
(0 0 0)
(1.72349e-07 2.79918e-08 0)
(3.50909e-07 8.87421e-08 0)
(5.40101e-07 1.86363e-07 0)
(7.42147e-07 3.17838e-07 0)
(9.59184e-07 4.80069e-07 0)
(1.19225e-06 6.68496e-07 0)
(1.44177e-06 8.78084e-07 0)
(1.70755e-06 1.1032e-06 0)
(1.9884e-06 1.33914e-06 0)
(0 0 0)
(1.63299e-07 2.36782e-08 0)
(3.32637e-07 7.79022e-08 0)
(5.11793e-07 1.66835e-07 0)
(7.02507e-07 2.88e-07 0)
(9.06601e-07 4.38816e-07 0)
(1.12495e-06 6.15268e-07 0)
(1.3579e-06 8.12865e-07 0)
(1.60541e-06 1.02646e-06 0)
(1.86623e-06 1.25168e-06 0)
(0 0 0)
(1.54832e-07 1.91372e-08 0)
(3.15625e-07 6.70361e-08 0)
(4.85626e-07 1.47856e-07 0)
(6.66142e-07 2.59517e-07 0)
(8.58703e-07 3.99825e-07 0)
(1.06403e-06 5.65196e-07 0)
(1.28237e-06 7.51574e-07 0)
(1.51382e-06 9.54287e-07 0)
(1.75704e-06 1.16916e-06 0)
(0 0 0)
(1.46826e-07 1.43586e-08 0)
(2.99605e-07 5.60699e-08 0)
(4.61148e-07 1.29263e-07 0)
(6.32382e-07 2.32147e-07 0)
(8.14569e-07 3.62815e-07 0)
(1.00827e-06 5.18015e-07 0)
(1.21364e-06 6.94012e-07 0)
(1.43082e-06 8.86526e-07 0)
(1.65846e-06 1.0915e-06 0)
(0 0 0)
(1.39164e-07 9.32886e-09 0)
(2.84319e-07 4.49123e-08 0)
(4.37916e-07 1.10838e-07 0)
(6.00546e-07 2.05528e-07 0)
(7.73241e-07 3.27285e-07 0)
(9.56427e-07 4.73114e-07 0)
(1.15015e-06 6.39532e-07 0)
(1.35459e-06 8.22592e-07 0)
(1.5684e-06 1.01832e-06 0)
(0 0 0)
(1.31764e-07 4.05173e-09 0)
(2.69591e-07 3.3528e-08 0)
(4.15627e-07 9.24798e-08 0)
(5.70169e-07 1.79481e-07 0)
(7.34048e-07 2.92981e-07 0)
(9.07565e-07 4.3018e-07 0)
(1.09069e-06 5.87779e-07 0)
(1.2836e-06 7.62103e-07 0)
(1.48502e-06 9.49264e-07 0)
(0 0 0)
(1.2455e-07 -1.47533e-09 0)
(2.55256e-07 2.18731e-08 0)
(3.94005e-07 7.40726e-08 0)
(5.40825e-07 1.53805e-07 0)
(6.96381e-07 2.59616e-07 0)
(8.60865e-07 3.8885e-07 0)
(1.03419e-06 5.38343e-07 0)
(1.21655e-06 7.04638e-07 0)
(1.40672e-06 8.83937e-07 0)
(0 0 0)
(1.17466e-07 -7.24912e-09 0)
(2.41195e-07 9.92582e-09 0)
(3.72839e-07 5.55508e-08 0)
(5.12183e-07 1.2838e-07 0)
(6.59747e-07 2.27011e-07 0)
(8.15638e-07 3.48884e-07 0)
(9.79752e-07 4.90933e-07 0)
(1.15226e-06 6.49867e-07 0)
(1.33206e-06 8.21986e-07 0)
(0 0 0)
(1.10465e-07 -1.32732e-08 0)
(2.27306e-07 -2.34044e-09 0)
(3.5195e-07 3.6853e-08 0)
(4.8395e-07 1.03103e-07 0)
(6.2371e-07 1.95017e-07 0)
(7.71274e-07 3.10085e-07 0)
(9.26546e-07 4.45307e-07 0)
(1.0897e-06 5.97515e-07 0)
(1.25975e-06 7.63109e-07 0)
(0 0 0)
(1.03522e-07 -1.95558e-08 0)
(2.13526e-07 -1.49511e-08 0)
(3.31208e-07 1.79355e-08 0)
(4.55891e-07 7.79101e-08 0)
(5.87892e-07 1.63541e-07 0)
(7.27219e-07 2.72326e-07 0)
(8.73822e-07 4.01297e-07 0)
(1.02788e-06 5.47377e-07 0)
(1.18857e-06 7.07069e-07 0)
(0 0 0)
(9.66299e-08 -2.61212e-08 0)
(1.99831e-07 -2.79387e-08 0)
(3.10524e-07 -1.23091e-09 0)
(4.27809e-07 5.27776e-08 0)
(5.51947e-07 1.32555e-07 0)
(6.82955e-07 2.35561e-07 0)
(8.20861e-07 3.58829e-07 0)
(9.65885e-07 4.99349e-07 0)
(1.11735e-06 6.5372e-07 0)
(0 0 0)
(8.98325e-08 -3.30188e-08 0)
(1.86272e-07 -4.13576e-08 0)
(2.89881e-07 -2.06786e-08 0)
(3.9956e-07 2.77002e-08 0)
(5.15562e-07 1.02066e-07 0)
(6.37974e-07 1.99791e-07 0)
(7.66943e-07 3.17884e-07 0)
(9.02758e-07 4.53379e-07 0)
(1.04491e-06 6.02974e-07 0)
(0 0 0)
(8.3237e-08 -4.0357e-08 0)
(1.72995e-07 -5.52749e-08 0)
(2.69339e-07 -4.03853e-08 0)
(3.71043e-07 2.78246e-09 0)
(4.78436e-07 7.22266e-08 0)
(5.91753e-07 1.65181e-07 0)
(7.11317e-07 2.7861e-07 0)
(8.37515e-07 4.09585e-07 0)
(9.70031e-07 5.54903e-07 0)
(0 0 0)
(7.71314e-08 -4.83235e-08 0)
(1.6038e-07 -6.982e-08 0)
(2.49125e-07 -6.03633e-08 0)
(3.42237e-07 -2.1892e-08 0)
(4.40265e-07 4.3174e-08 0)
(5.43713e-07 1.31879e-07 0)
(6.53133e-07 2.41139e-07 0)
(7.69044e-07 3.68058e-07 0)
(8.91333e-07 5.09547e-07 0)
(0 0 0)
(7.20563e-08 -5.73455e-08 0)
(1.49037e-07 -8.51078e-08 0)
(2.2959e-07 -8.03743e-08 0)
(3.13138e-07 -4.58651e-08 0)
(4.00701e-07 1.54623e-08 0)
(4.93185e-07 1.00455e-07 0)
(5.9143e-07 2.06003e-07 0)
(6.96109e-07 3.29271e-07 0)
(8.07318e-07 4.67295e-07 0)
(0 0 0)
(6.96468e-08 -6.80192e-08 0)
(1.40402e-07 -1.01354e-07 0)
(2.1148e-07 -1.00316e-07 0)
(2.838e-07 -6.89031e-08 0)
(3.59249e-07 -1.0646e-08 0)
(4.39238e-07 7.11361e-08 0)
(5.24918e-07 1.73365e-07 0)
(6.17108e-07 2.93302e-07 0)
(7.16096e-07 4.28137e-07 0)
(0 0 0)
(7.30473e-08 -8.18606e-08 0)
(1.36259e-07 -1.18263e-07 0)
(1.95574e-07 -1.18896e-07 0)
(2.5418e-07 -8.94006e-08 0)
(3.15324e-07 -3.35536e-08 0)
(3.8089e-07 4.54073e-08 0)
(4.52301e-07 1.44556e-07 0)
(5.30481e-07 2.61318e-07 0)
(6.15855e-07 3.93063e-07 0)
(3.84962e-08 -3.63734e-08 1.07007e-23)
(9.91119e-08 -1.00188e-07 2.30587e-23)
(1.422e-07 -1.35321e-07 5.51224e-24)
(1.83103e-07 -1.35534e-07 -1.11649e-23)
(2.23756e-07 -1.06787e-07 -5.94442e-24)
(2.675e-07 -5.26837e-08 6.95291e-24)
(3.16182e-07 2.38605e-08 8.53955e-24)
(3.71206e-07 1.20096e-07 3.21144e-24)
(4.33481e-07 2.3361e-07 -7.83783e-24)
(5.03378e-07 3.61903e-07 -1.58772e-23)
)
;

boundaryField
{
    left
    {
        type            calculated;
    }
    right
    {
        type            calculated;
    }
    down
    {
        type            calculated;
    }
    up
    {
        type            calculated;
    }
    hole
    {
        type            calculated;
    }
    frontAndBack
    {
        type            empty;
    }
}


// ************************************************************************* //
