/*--------------------------------*- C++ -*----------------------------------*\
  =========                 |
  \\      /  F ield         | OpenFOAM: The Open Source CFD Toolbox
   \\    /   O peration     | Website:  https://openfoam.org
    \\  /    A nd           | Version:  9
     \\/     M anipulation  |
\*---------------------------------------------------------------------------*/
FoamFile
{
    format      ascii;
    class       volSymmTensorField;
    location    "5";
    object      epsilon;
}
// * * * * * * * * * * * * * * * * * * * * * * * * * * * * * * * * * * * * * //

dimensions      [0 0 0 0 0 0 0];

internalField   nonuniform List<symmTensor> 
1000
(
(2.10726e-06 -2.73146e-06 2.54865e-19 4.23718e-07 2.80273e-19 7.63796e-34)
(2.90594e-06 -2.10676e-06 -4.34058e-21 -5.19952e-07 2.43528e-21 0)
(3.2974e-06 -1.61368e-06 5.06495e-21 -9.71206e-07 -9.74183e-22 0)
(3.51686e-06 -1.24159e-06 1.30066e-21 -1.28795e-06 -9.31349e-22 0)
(3.62255e-06 -9.42184e-07 -5.49986e-21 -1.46351e-06 4.07866e-22 0)
(3.65796e-06 -7.08106e-07 -5.95051e-22 -1.57583e-06 6.54647e-22 0)
(3.65371e-06 -5.17909e-07 -4.99621e-21 -1.63656e-06 -2.68214e-21 0)
(3.62042e-06 -3.66694e-07 3.42897e-21 -1.66752e-06 1.60229e-21 0)
(3.57727e-06 -2.41018e-07 -1.7686e-21 -1.67874e-06 -2.01485e-21 0)
(3.51454e-06 -1.36471e-07 0 -1.68035e-06 0 0)
(2.85097e-06 -3.03759e-06 2.63532e-19 1.16987e-07 3.39712e-19 4.59772e-35)
(3.47032e-06 -2.1748e-06 0 -7.22423e-07 0 0)
(3.73547e-06 -1.55162e-06 4.05427e-21 -1.09431e-06 1.93265e-21 0)
(3.85823e-06 -1.1036e-06 -6.95664e-21 -1.35825e-06 -3.71205e-21 0)
(3.88864e-06 -7.62016e-07 -2.95679e-21 -1.49148e-06 -1.7839e-21 0)
(3.86457e-06 -5.06553e-07 2.05804e-21 -1.57425e-06 2.1009e-21 0)
(3.81208e-06 -3.07104e-07 2.30439e-21 -1.61149e-06 1.54518e-21 0)
(3.74116e-06 -1.55501e-07 5.41782e-21 -1.62826e-06 3.16262e-21 0)
(3.66143e-06 -3.26508e-08 0 -1.62278e-06 0 0)
(3.57722e-06 6.56678e-08 0 -1.62554e-06 0 0)
(3.68442e-06 -3.23117e-06 2.61648e-19 -2.89344e-07 3.91583e-19 0)
(4.05487e-06 -2.17209e-06 0 -9.51399e-07 0 0)
(4.15584e-06 -1.44389e-06 3.86417e-21 -1.20408e-06 1.99759e-21 0)
(4.15894e-06 -9.36523e-07 -1.1595e-21 -1.39133e-06 4.11513e-22 0)
(4.10047e-06 -5.65158e-07 -5.67826e-23 -1.46803e-06 2.54299e-23 0)
(4.00879e-06 -2.97572e-07 -1.91871e-21 -1.51279e-06 -1.98779e-21 0)
(3.90377e-06 -9.65877e-08 2.61959e-21 -1.52145e-06 1.21072e-21 0)
(3.79213e-06 5.01947e-08 -1.94506e-21 -1.52027e-06 -1.43732e-21 0)
(3.67889e-06 1.6427e-07 -1.56708e-22 -1.49923e-06 2.72326e-22 0)
(3.56976e-06 2.56995e-07 -4.10727e-22 -1.49751e-06 -1.7636e-22 0)
(4.57645e-06 -3.28435e-06 2.32829e-19 -7.72348e-07 4.19793e-19 -2.68235e-35)
(4.64501e-06 -2.08996e-06 2.21311e-21 -1.19822e-06 -2.29532e-22 0)
(4.55191e-06 -1.29235e-06 -1.76609e-21 -1.29839e-06 -9.97208e-22 0)
(4.41638e-06 -7.4853e-07 -1.11904e-21 -1.38876e-06 2.18346e-22 0)
(4.25793e-06 -3.63674e-07 2.00331e-21 -1.39752e-06 1.93881e-21 0)
(4.09305e-06 -9.53821e-08 -2.41135e-21 -1.39852e-06 -1.59547e-21 0)
(3.93328e-06 9.85851e-08 -2.08323e-21 -1.37676e-06 -1.48342e-21 0)
(3.78155e-06 2.35135e-07 -4.64295e-21 -1.35733e-06 -3.39878e-21 0)
(3.637e-06 3.35787e-07 -6.65799e-22 -1.32362e-06 -8.14724e-22 0)
(3.50633e-06 4.17754e-07 1.13724e-21 -1.31603e-06 1.0071e-21 0)
(5.48316e-06 -3.17203e-06 1.81207e-19 -1.30105e-06 3.95378e-19 -4.61971e-34)
(5.22149e-06 -1.91741e-06 1.1573e-25 -1.45129e-06 5.47954e-27 0)
(4.91367e-06 -1.09471e-06 -5.71726e-21 -1.37318e-06 -2.80292e-21 0)
(4.62596e-06 -5.43686e-07 5.1955e-22 -1.3508e-06 -2.02127e-23 0)
(4.35997e-06 -1.66529e-07 -7.28099e-22 -1.28286e-06 7.83672e-23 0)
(4.119e-06 8.75219e-08 1.73641e-21 -1.23635e-06 1.60605e-21 0)
(3.90493e-06 2.63652e-07 -1.9453e-22 -1.18392e-06 5.83002e-23 0)
(3.71504e-06 3.82573e-07 1.8322e-21 -1.14729e-06 1.22486e-21 0)
(3.54351e-06 4.64504e-07 -3.96918e-22 -1.10467e-06 -8.52171e-22 0)
(3.39434e-06 5.31297e-07 -7.24715e-22 -1.09252e-06 -5.85933e-22 0)
(6.37373e-06 -2.88858e-06 1.21889e-19 -1.84007e-06 3.40672e-19 -4.44862e-34)
(5.77045e-06 -1.64732e-06 1.05533e-25 -1.69389e-06 2.22638e-26 0)
(5.23506e-06 -8.48271e-07 -5.70957e-26 -1.41942e-06 -8.79896e-27 0)
(4.78619e-06 -3.26003e-07 4.59077e-22 -1.27497e-06 5.59327e-23 0)
(4.409e-06 1.76424e-08 -2.47386e-21 -1.12685e-06 -1.50538e-21 0)
(4.09269e-06 2.3967e-07 2.81976e-23 -1.03372e-06 -3.23106e-25 0)
(3.82752e-06 3.86242e-07 1.84115e-21 -9.53838e-07 1.24778e-21 0)
(3.60373e-06 4.80073e-07 3.915e-21 -9.03483e-07 2.86613e-21 0)
(3.41019e-06 5.38867e-07 7.09154e-22 -8.56417e-07 5.20839e-22 0)
(3.24644e-06 5.86872e-07 -1.23832e-21 -8.41747e-07 -9.76641e-22 0)
(7.18831e-06 -2.416e-06 8.05686e-20 -2.34647e-06 2.65275e-19 -8.39603e-34)
(6.25966e-06 -1.25963e-06 1.65519e-21 -1.90041e-06 6.63823e-22 0)
(5.48808e-06 -5.45798e-07 1.75003e-21 -1.41657e-06 7.95607e-22 0)
(4.87816e-06 -9.79007e-08 -3.77281e-22 -1.15043e-06 -1.12263e-22 0)
(4.39603e-06 1.80252e-07 1.78869e-21 -9.2879e-07 1.1988e-21 0)
(4.01359e-06 3.49533e-07 -1.6461e-21 -7.97942e-07 -1.13562e-21 0)
(3.70699e-06 4.54264e-07 4.67858e-22 -6.99494e-07 2.68004e-23 0)
(3.45771e-06 5.1608e-07 -1.46954e-21 -6.42336e-07 -9.64229e-22 0)
(3.24966e-06 5.49052e-07 -1.01476e-22 -5.96923e-07 1.36607e-23 0)
(3.07627e-06 5.76485e-07 -7.44563e-22 -5.82953e-07 -4.86253e-22 0)
(7.95099e-06 -1.75286e-06 4.2424e-20 -2.78308e-06 1.70119e-19 -2.70884e-35)
(6.67154e-06 -7.34692e-07 -4.41403e-21 -2.01995e-06 -1.59115e-21 0)
(5.65495e-06 -1.82893e-07 3.41724e-23 -1.3236e-06 1.87456e-23 0)
(4.89719e-06 1.2762e-07 5.51532e-22 -9.58129e-07 2.79272e-22 0)
(4.32741e-06 3.03898e-07 4.08962e-21 -6.87287e-07 2.03749e-21 0)
(3.89698e-06 4.01085e-07 -2.41576e-22 -5.39782e-07 -7.51552e-23 0)
(3.56407e-06 4.55991e-07 6.01141e-27 -4.39102e-07 1.17254e-27 0)
(3.30097e-06 4.83707e-07 -1.43788e-21 -3.86085e-07 -7.5952e-22 0)
(3.08703e-06 4.9279e-07 3.48226e-23 -3.49675e-07 1.19046e-24 0)
(2.90957e-06 5.0157e-07 1.07561e-22 -3.40098e-07 5.2797e-23 0)
(8.53912e-06 -8.1714e-07 1.16711e-20 -3.03891e-06 6.3824e-20 1.48743e-34)
(6.87173e-06 -7.11341e-08 -4.86149e-21 -1.91912e-06 -2.04192e-21 0)
(5.62302e-06 1.91511e-07 5.0765e-22 -1.05312e-06 4.3223e-22 0)
(4.77179e-06 2.89879e-07 4.7697e-22 -6.58734e-07 3.76763e-22 0)
(4.1727e-06 3.39414e-07 -1.99537e-22 -4.0163e-07 -1.2143e-22 0)
(3.73603e-06 3.56535e-07 1.59321e-21 -2.77748e-07 5.80744e-22 0)
(3.40581e-06 3.65071e-07 8.68689e-23 -2.00573e-07 2.6387e-23 0)
(3.14665e-06 3.65197e-07 2.5696e-21 -1.65539e-07 9.86184e-22 0)
(2.93742e-06 3.59025e-07 5.67338e-22 -1.44882e-07 2.20054e-22 0)
(2.76155e-06 3.55948e-07 3.18121e-22 -1.42287e-07 1.28477e-22 0)
(9.06155e-06 7.3926e-07 9.75566e-22 -2.80297e-06 -3.8997e-20 -1.72715e-34)
(6.699e-06 8.23942e-07 -3.71824e-22 -1.26261e-06 -6.45127e-22 0)
(5.38763e-06 5.44468e-07 1.6887e-21 -5.28112e-07 7.17637e-22 0)
(4.57053e-06 3.5395e-07 8.67678e-23 -2.60292e-07 1.21779e-22 0)
(4.02099e-06 2.79937e-07 2.965e-27 -1.22295e-07 2.75505e-27 0)
(3.61588e-06 2.38743e-07 1.61572e-21 -6.69865e-08 2.9195e-22 0)
(3.30821e-06 2.24129e-07 2.50018e-23 -3.75492e-08 7.25247e-24 0)
(3.06113e-06 2.15651e-07 1.23828e-21 -2.77142e-08 2.36063e-22 0)
(2.85918e-06 2.08995e-07 -1.36514e-23 -2.33735e-08 -8.7224e-25 0)
(2.68448e-06 2.04487e-07 -2.07867e-23 -2.50805e-08 -4.32965e-24 0)
(-7.32087e-09 9.12363e-09 3.1299e-20 -2.34886e-09 2.29711e-20 1.62371e-34)
(1.20063e-08 -2.01903e-08 -9.32296e-23 -3.55302e-09 2.05172e-20 1.57127e-36)
(1.07528e-07 -6.9332e-08 -1.18374e-21 -4.98012e-08 1.68035e-20 1.95707e-35)
(2.58203e-07 -1.08701e-07 -2.17168e-24 -1.1875e-07 1.80058e-20 0)
(4.31775e-07 -1.33019e-07 -1.60507e-22 -1.95391e-07 1.60223e-20 -1.56114e-36)
(6.13252e-07 -1.46894e-07 -1.62182e-21 -2.74239e-07 1.76265e-20 3.25101e-35)
(7.90563e-07 -1.52381e-07 3.64329e-22 -3.50376e-07 1.94535e-20 1.5473e-36)
(9.59631e-07 -1.52876e-07 -1.07598e-21 -4.22283e-07 1.82301e-20 2.93011e-35)
(1.11474e-06 -1.48829e-07 8.69303e-22 -4.88467e-07 1.851e-20 -1.26671e-35)
(1.25844e-06 -1.45706e-07 1.82473e-21 -5.48055e-07 1.79676e-20 -3.80653e-35)
(1.98302e-08 -2.19091e-08 3.22685e-20 -8.97076e-09 5.24552e-21 4.3621e-35)
(1.14462e-07 -1.30508e-07 1.30868e-21 -1.65392e-09 1.43689e-21 0)
(2.87169e-07 -2.50548e-07 -1.22477e-21 -7.35478e-08 -1.23129e-21 0)
(4.79272e-07 -3.42346e-07 1.14172e-23 -1.70596e-07 -1.01947e-21 0)
(6.72e-07 -3.98868e-07 0 -2.67351e-07 0 0)
(8.54798e-07 -4.30606e-07 -1.85784e-21 -3.58508e-07 -2.76058e-22 0)
(1.02321e-06 -4.42129e-07 3.14008e-22 -4.4053e-07 1.60098e-21 0)
(1.17797e-06 -4.41476e-07 2.34289e-23 -5.13892e-07 8.61331e-23 0)
(1.31432e-06 -4.29316e-07 -1.00282e-21 -5.78372e-07 -2.91138e-21 0)
(1.44095e-06 -4.19627e-07 7.33839e-22 -6.3318e-07 1.14026e-22 0)
(3.02687e-08 -1.18338e-07 3.44712e-20 3.44121e-08 6.81842e-21 -1.94824e-36)
(2.11505e-07 -3.29948e-07 1.33847e-21 1.09903e-08 1.41935e-21 0)
(4.5536e-07 -4.78665e-07 1.39973e-21 -1.00793e-07 2.93433e-22 0)
(6.94782e-07 -5.78385e-07 7.1491e-23 -2.3958e-07 -9.83173e-22 0)
(9.15139e-07 -6.33423e-07 0 -3.67542e-07 0 0)
(1.10899e-06 -6.59402e-07 -2.07951e-21 -4.79806e-07 -5.43291e-22 0)
(1.27735e-06 -6.6271e-07 -2.83658e-21 -5.74116e-07 -7.94973e-22 0)
(1.4254e-06 -6.52249e-07 1.87695e-21 -6.5355e-07 1.14832e-21 0)
(1.54847e-06 -6.29234e-07 1.14074e-23 -7.18356e-07 3.66758e-23 0)
(1.66333e-06 -6.09882e-07 -1.68827e-21 -7.71071e-07 -1.06788e-21 0)
(4.59778e-08 -2.69454e-07 4.41361e-20 1.37623e-07 1.10533e-20 -3.75611e-35)
(3.44387e-07 -5.69007e-07 3.2939e-22 2.41984e-08 -1.19198e-21 0)
(6.54227e-07 -7.25423e-07 1.53827e-21 -1.37484e-07 3.00948e-22 0)
(9.36643e-07 -8.13239e-07 0 -3.17334e-07 0 0)
(1.18127e-06 -8.49744e-07 -2.62112e-21 -4.73911e-07 9.77378e-22 0)
(1.38582e-06 -8.56695e-07 3.25724e-23 -6.06416e-07 2.41943e-21 0)
(1.55503e-06 -8.42269e-07 -1.30927e-22 -7.13409e-07 -1.29982e-21 0)
(1.69801e-06 -8.15358e-07 -3.76338e-22 -8.00189e-07 -2.00642e-21 0)
(1.8095e-06 -7.77844e-07 8.56537e-22 -8.67248e-07 2.78035e-22 0)
(1.91457e-06 -7.46121e-07 1.59892e-21 -9.19999e-07 5.9991e-22 0)
(8.66984e-08 -4.82923e-07 4.69999e-20 2.81119e-07 2.03673e-20 9.97532e-35)
(5.31465e-07 -8.29266e-07 -2.69955e-21 2.12207e-08 1.81084e-21 0)
(9.07466e-07 -9.69938e-07 -1.63799e-21 -2.08146e-07 -4.82206e-22 0)
(1.22648e-06 -1.02859e-06 -4.41142e-22 -4.32544e-07 1.77337e-21 0)
(1.48718e-06 -1.03271e-06 -1.72918e-23 -6.15075e-07 1.09399e-22 0)
(1.69571e-06 -1.01009e-06 2.52539e-21 -7.63838e-07 -6.78644e-22 0)
(1.86074e-06 -9.70315e-07 1.10039e-21 -8.79581e-07 2.88881e-22 0)
(1.99493e-06 -9.21491e-07 0 -9.70302e-07 0 0)
(2.0926e-06 -8.66583e-07 -1.1755e-21 -1.03695e-06 -1.54698e-21 0)
(2.18614e-06 -8.19869e-07 4.68673e-22 -1.08769e-06 1.13714e-22 0)
(1.75449e-07 -7.63479e-07 6.90106e-20 4.42565e-07 2.99757e-20 -1.51316e-34)
(7.79055e-07 -1.09315e-06 1.10096e-21 1.45778e-09 -2.14877e-21 0)
(1.21757e-06 -1.18992e-06 -1.35333e-21 -3.05006e-07 -1.46013e-21 0)
(1.56399e-06 -1.20447e-06 2.9698e-22 -5.72971e-07 -8.25781e-22 0)
(1.83071e-06 -1.16749e-06 2.86213e-21 -7.76209e-07 9.57936e-22 0)
(2.03439e-06 -1.11002e-06 -2.7608e-21 -9.35443e-07 3.08208e-22 0)
(2.1883e-06 -1.04168e-06 -3.11584e-24 -1.05485e-06 7.33482e-23 0)
(2.30812e-06 -9.69036e-07 -2.15135e-21 -1.14527e-06 -1.48211e-21 0)
(2.38845e-06 -8.96219e-07 4.52927e-24 -1.20878e-06 2.87901e-23 0)
(2.46711e-06 -8.3375e-07 -2.34902e-21 -1.25507e-06 -1.07374e-21 0)
(3.37962e-07 -1.10809e-06 1.08164e-19 5.87633e-07 5.83166e-20 -1.62015e-34)
(1.08928e-06 -1.35018e-06 6.09578e-23 -4.20137e-08 -9.24239e-23 0)
(1.57888e-06 -1.37232e-06 -4.46633e-26 -4.25502e-07 7.63376e-26 0)
(1.94035e-06 -1.32781e-06 -2.92433e-21 -7.33064e-07 -2.04981e-21 0)
(2.20186e-06 -1.24284e-06 -4.95855e-22 -9.50955e-07 1.32834e-21 0)
(2.391e-06 -1.14768e-06 -2.67963e-21 -1.1146e-06 -1.09057e-21 0)
(2.52618e-06 -1.04999e-06 4.81721e-21 -1.23218e-06 2.1475e-21 0)
(2.62532e-06 -9.53913e-07 -5.82169e-25 -1.31775e-06 5.76146e-23 0)
(2.68449e-06 -8.64405e-07 9.48086e-22 -1.37484e-06 -4.55533e-24 0)
(2.744e-06 -7.86702e-07 -1.28492e-21 -1.41406e-06 -6.11734e-22 0)
(5.98069e-07 -1.50397e-06 1.56799e-19 6.84087e-07 9.88613e-20 -3.29316e-34)
(1.46109e-06 -1.59029e-06 1.57035e-21 -1.12145e-07 -1.8776e-21 0)
(1.97996e-06 -1.50843e-06 -6.0622e-22 -5.59248e-07 8.08534e-22 0)
(2.33985e-06 -1.39158e-06 3.70639e-22 -8.96516e-07 -5.78249e-22 0)
(2.5837e-06 -1.25392e-06 3.3052e-26 -1.12096e-06 -6.496e-26 0)
(2.74856e-06 -1.1206e-06 3.10972e-21 -1.28248e-06 2.62262e-22 0)
(2.85797e-06 -9.95042e-07 2.33245e-22 -1.39336e-06 -1.01369e-21 0)
(2.93062e-06 -8.78148e-07 -7.78331e-23 -1.4699e-06 8.3425e-22 0)
(2.96593e-06 -7.74852e-07 1.08968e-23 -1.51907e-06 4.1663e-22 0)
(3.00198e-06 -6.83944e-07 9.82115e-22 -1.54842e-06 9.18037e-22 0)
(9.74618e-07 -1.92796e-06 1.96281e-19 7.01649e-07 1.54972e-19 4.5057e-34)
(1.89187e-06 -1.80358e-06 -5.0496e-22 -2.13936e-07 3.44293e-21 0)
(2.40854e-06 -1.59425e-06 -5.86113e-26 -6.99357e-07 6.15064e-26 0)
(2.7461e-06 -1.39509e-06 4.02343e-21 -1.05099e-06 9.44456e-22 0)
(2.9586e-06 -1.20222e-06 3.07327e-21 -1.27169e-06 1.53438e-21 0)
(3.0894e-06 -1.03211e-06 2.77273e-21 -1.42424e-06 1.38462e-21 0)
(3.16636e-06 -8.81451e-07 -3.02873e-22 -1.52316e-06 8.71484e-22 0)
(3.20728e-06 -7.48069e-07 -3.3389e-21 -1.58788e-06 -1.86572e-21 0)
(3.2168e-06 -6.34496e-07 2.05009e-21 -1.62669e-06 4.84552e-22 0)
(3.22662e-06 -5.32927e-07 9.19498e-22 -1.64879e-06 5.46438e-22 0)
(1.47784e-06 -2.34931e-06 2.29531e-19 6.18811e-07 2.12626e-19 6.61796e-35)
(2.37606e-06 -1.97957e-06 -1.01851e-21 -3.49548e-07 7.52444e-22 0)
(2.85137e-06 -1.62907e-06 -1.97577e-21 -8.3823e-07 -9.21345e-22 0)
(3.14238e-06 -1.34268e-06 8.55882e-21 -1.1839e-06 2.00437e-21 0)
(3.30854e-06 -1.09484e-06 5.23784e-23 -1.38862e-06 -5.96412e-23 0)
(3.3955e-06 -8.90512e-07 -2.72669e-21 -1.52445e-06 -1.54827e-21 0)
(3.43368e-06 -7.18678e-07 -2.92134e-21 -1.60684e-06 -4.58679e-22 0)
(3.4382e-06 -5.73739e-07 -1.10086e-21 -1.65495e-06 -6.58461e-22 0)
(3.42306e-06 -4.56233e-07 1.21962e-22 -1.68604e-06 -9.13199e-22 0)
(3.39812e-06 -3.54332e-07 5.51112e-22 -1.68866e-06 1.15401e-21 0)
(1.38783e-06 -1.35072e-07 1.83877e-21 -6.03474e-07 1.90728e-20 -1.12921e-35)
(1.50058e-06 -1.20333e-07 1.71998e-21 -6.49657e-07 1.77521e-20 -2.47382e-35)
(1.60416e-06 -1.07524e-07 -1.72491e-22 -6.92516e-07 1.54791e-20 -1.43903e-35)
(1.69731e-06 -9.58975e-08 1.62063e-22 -7.31298e-07 1.66421e-20 -6.29912e-37)
(1.78134e-06 -8.51159e-08 -8.73619e-22 -7.66188e-07 1.67668e-20 3.73245e-35)
(1.85664e-06 -7.54646e-08 5.68258e-22 -7.97639e-07 1.72099e-20 0)
(1.92416e-06 -6.66122e-08 5.34705e-22 -8.25786e-07 1.71598e-20 0)
(1.98434e-06 -5.86287e-08 1.05374e-21 -8.5097e-07 1.77928e-20 4.8207e-37)
(2.03789e-06 -5.13087e-08 9.5765e-22 -8.73386e-07 1.72542e-20 -1.25807e-35)
(2.08523e-06 -4.46015e-08 1.59475e-21 -8.93255e-07 1.84072e-20 8.15025e-37)
(2.12683e-06 -3.83609e-08 1.88493e-21 -9.10739e-07 1.75628e-20 -3.79992e-35)
(2.16297e-06 -3.24973e-08 -1.33151e-22 -9.25976e-07 1.67767e-20 1.2713e-35)
(2.19391e-06 -2.68946e-08 1.83789e-21 -9.39062e-07 1.7515e-20 -3.8286e-35)
(2.2198e-06 -2.14702e-08 -1.5575e-21 -9.50071e-07 1.47752e-20 -7.68062e-37)
(2.24073e-06 -1.61548e-08 3.74552e-22 -9.59033e-07 1.74195e-20 1.30851e-35)
(2.25679e-06 -1.09428e-08 2.26502e-22 -9.65984e-07 1.68752e-20 -3.09559e-45)
(2.26794e-06 -5.90691e-09 -4.40201e-22 -9.70903e-07 1.61254e-20 -1.39598e-37)
(2.2746e-06 -1.33493e-09 7.88737e-22 -9.73864e-07 1.75935e-20 1.00135e-37)
(2.27673e-06 2.17042e-09 4.29559e-22 -9.74764e-07 1.59305e-20 -3.94571e-35)
(2.27598e-06 2.99343e-09 1.35112e-20 -9.73438e-07 1.42659e-20 -2.81567e-35)
(1.5451e-06 -3.90664e-07 1.79658e-21 -6.82583e-07 2.20931e-21 0)
(1.62865e-06 -3.51474e-07 1.16397e-21 -7.17844e-07 3.1902e-22 0)
(1.70856e-06 -3.16954e-07 8.70118e-23 -7.50318e-07 -5.05017e-22 0)
(1.78023e-06 -2.84749e-07 2.6451e-21 -7.80128e-07 2.38557e-21 0)
(1.84625e-06 -2.54567e-07 -5.0807e-22 -8.06728e-07 -1.19953e-22 0)
(1.90584e-06 -2.27296e-07 -2.15712e-21 -8.31153e-07 -2.18712e-21 0)
(1.96012e-06 -2.0205e-07 1.0995e-21 -8.53072e-07 4.06752e-22 0)
(2.00899e-06 -1.79123e-07 0 -8.73e-07 0 0)
(2.0531e-06 -1.57966e-07 5.23931e-22 -8.90926e-07 1.85477e-22 0)
(2.09258e-06 -1.385e-07 1.07724e-21 -9.07085e-07 4.15005e-22 0)
(2.12781e-06 -1.20349e-07 3.23119e-21 -9.21551e-07 1.66934e-21 0)
(2.15895e-06 -1.03305e-07 1.45881e-23 -9.34439e-07 1.66885e-23 0)
(2.18625e-06 -8.70841e-08 4.19059e-22 -9.45802e-07 -3.26775e-22 0)
(2.20984e-06 -7.14942e-08 6.16975e-22 -9.55675e-07 7.06264e-22 0)
(2.22981e-06 -5.6381e-08 6.32956e-22 -9.64032e-07 7.26446e-22 0)
(2.2463e-06 -4.1739e-08 -6.27023e-22 -9.70785e-07 -7.23303e-22 0)
(2.25918e-06 -2.77436e-08 -6.30576e-22 -9.75702e-07 -7.3151e-22 0)
(2.26862e-06 -1.50048e-08 -1.26636e-21 -9.78383e-07 -1.47768e-21 0)
(2.27386e-06 -4.44541e-09 -9.58157e-24 -9.77891e-07 -1.04951e-23 0)
(2.27516e-06 1.1619e-09 1.60496e-20 -9.72721e-07 1.06446e-21 3.62905e-35)
(1.74351e-06 -5.66453e-07 4.91686e-22 -8.1176e-07 6.72697e-22 0)
(1.79604e-06 -5.13034e-07 6.70259e-22 -8.32707e-07 2.39201e-22 0)
(1.85049e-06 -4.65104e-07 -1.55843e-21 -8.50279e-07 -1.96335e-21 0)
(1.8982e-06 -4.20609e-07 -1.39323e-22 -8.66958e-07 3.58638e-22 0)
(1.94394e-06 -3.78216e-07 2.84215e-21 -8.81184e-07 2.36733e-21 0)
(1.98539e-06 -3.39734e-07 -2.25789e-21 -8.94812e-07 -2.15673e-21 0)
(2.02424e-06 -3.03727e-07 -6.0117e-22 -9.07088e-07 -6.96613e-22 0)
(2.05968e-06 -2.70831e-07 1.14897e-21 -9.1868e-07 1.30757e-21 0)
(2.09244e-06 -2.40288e-07 4.57365e-24 -9.29418e-07 -8.49286e-22 0)
(2.12229e-06 -2.12087e-07 -1.21576e-21 -9.39514e-07 -1.36789e-21 0)
(2.14957e-06 -1.85764e-07 1.16497e-21 -9.48955e-07 1.30606e-21 0)
(2.17427e-06 -1.61092e-07 1.80016e-21 -9.57801e-07 2.01931e-21 0)
(2.19658e-06 -1.37732e-07 1.37738e-23 -9.66034e-07 1.51905e-23 0)
(2.21653e-06 -1.15449e-07 -6.16381e-22 -9.73606e-07 -6.95428e-22 0)
(2.23415e-06 -9.40327e-08 6.1018e-22 -9.80373e-07 6.92602e-22 0)
(2.24945e-06 -7.34058e-08 8.99472e-29 -9.86058e-07 1.00239e-28 0)
(2.26211e-06 -5.36175e-08 -6.28665e-22 -9.90112e-07 -7.22597e-22 0)
(2.27197e-06 -3.498e-08 8.54129e-23 -9.91645e-07 5.22219e-22 0)
(2.27742e-06 -1.80668e-08 -2.06583e-21 -9.88798e-07 -2.64734e-22 0)
(2.27833e-06 -3.64212e-09 1.66021e-20 -9.79487e-07 2.37645e-22 2.7407e-38)
(1.97118e-06 -6.90503e-07 0 -9.52782e-07 0 0)
(1.99157e-06 -6.29302e-07 7.16686e-22 -9.60569e-07 2.61093e-22 0)
(2.0202e-06 -5.72848e-07 5.61286e-22 -9.64023e-07 6.41802e-22 0)
(2.04286e-06 -5.21361e-07 6.16007e-22 -9.68415e-07 7.13598e-22 0)
(2.06728e-06 -4.7124e-07 0 -9.70526e-07 0 0)
(2.08919e-06 -4.25746e-07 8.30016e-23 -9.73393e-07 -3.60409e-22 0)
(2.11125e-06 -3.82647e-07 -1.84296e-21 -9.75813e-07 -1.13206e-21 0)
(2.13179e-06 -3.43084e-07 -1.17648e-21 -9.78685e-07 -1.27926e-21 0)
(2.15178e-06 -3.061e-07 -6.61152e-22 -9.81738e-07 -3.0516e-22 0)
(2.17059e-06 -2.71823e-07 -3.33166e-24 -9.85169e-07 8.18551e-22 0)
(2.18855e-06 -2.3975e-07 -5.81311e-22 -9.88916e-07 1.8022e-22 0)
(2.20545e-06 -2.09675e-07 1.21655e-21 -9.92981e-07 5.21703e-22 0)
(2.22137e-06 -1.81238e-07 1.15466e-21 -9.97282e-07 5.66186e-23 0)
(2.23623e-06 -1.54177e-07 2.83436e-23 -1.00169e-06 4.37678e-22 0)
(2.24994e-06 -1.28227e-07 5.00716e-23 -1.00595e-06 4.6399e-22 0)
(2.26237e-06 -1.0319e-07 -6.21567e-22 -1.00966e-06 -6.99888e-22 0)
(2.27296e-06 -7.89357e-08 -1.32751e-28 -1.01208e-06 -1.49564e-28 0)
(2.28143e-06 -5.5305e-08 1.32569e-21 -1.01217e-06 1.94611e-21 0)
(2.28574e-06 -3.24998e-08 -6.76067e-23 -1.00784e-06 -5.12043e-22 0)
(2.28594e-06 -8.86734e-09 1.42062e-20 -9.96947e-07 -2.29729e-21 -5.48087e-35)
(2.21817e-06 -7.54751e-07 5.52919e-23 -1.11036e-06 8.96524e-22 0)
(2.20521e-06 -6.93301e-07 -7.78851e-22 -1.10467e-06 -3.40345e-22 0)
(2.20789e-06 -6.33344e-07 -1.95907e-21 -1.09283e-06 -1.59718e-21 0)
(2.20484e-06 -5.80563e-07 1.28967e-21 -1.08442e-06 8.78186e-22 0)
(2.20758e-06 -5.27528e-07 3.3561e-21 -1.07367e-06 2.20518e-21 0)
(2.20919e-06 -4.79598e-07 -6.16621e-22 -1.06494e-06 -6.44968e-22 0)
(2.21374e-06 -4.33497e-07 0 -1.05663e-06 0 0)
(2.21848e-06 -3.90949e-07 6.00491e-22 -1.04981e-06 6.25358e-22 0)
(2.22475e-06 -3.50846e-07 -1.93202e-21 -1.04422e-06 -8.25346e-22 0)
(2.23151e-06 -3.13478e-07 -1.2535e-21 -1.04001e-06 -9.24265e-22 0)
(2.23909e-06 -2.78369e-07 6.98275e-23 -1.03714e-06 -7.14129e-22 0)
(2.24709e-06 -2.45361e-07 -6.31949e-22 -1.03553e-06 -1.06929e-21 0)
(2.2555e-06 -2.14113e-07 -6.37638e-23 -1.03508e-06 1.12359e-21 0)
(2.26411e-06 -1.84337e-07 1.23512e-21 -1.0356e-06 1.74235e-21 0)
(2.27271e-06 -1.55713e-07 6.01136e-22 -1.03675e-06 2.56193e-22 0)
(2.28107e-06 -1.27885e-07 -2.28318e-23 -1.03808e-06 -4.34679e-22 0)
(2.28851e-06 -1.00531e-07 1.16524e-21 -1.03879e-06 4.79096e-22 0)
(2.29469e-06 -7.29695e-08 5.73106e-22 -1.03783e-06 2.29929e-22 0)
(2.29751e-06 -4.51738e-08 2.35255e-21 -1.03323e-06 1.85893e-21 0)
(2.29718e-06 -1.34721e-08 1.93616e-20 -1.02305e-06 2.39318e-21 5.6776e-35)
(2.47372e-06 -7.62487e-07 4.59464e-22 -1.26674e-06 6.31494e-22 0)
(2.42711e-06 -7.08736e-07 1.10654e-23 -1.24959e-06 2.42535e-23 0)
(2.40464e-06 -6.50095e-07 -1.41633e-21 -1.22335e-06 -9.8193e-22 0)
(2.37592e-06 -6.01229e-07 -3.40133e-21 -1.20314e-06 -2.54654e-21 0)
(2.35738e-06 -5.49604e-07 1.32875e-21 -1.1805e-06 9.05558e-22 0)
(2.33872e-06 -5.03132e-07 1.2508e-21 -1.16075e-06 1.24257e-21 0)
(2.3257e-06 -4.57607e-07 -6.12823e-22 -1.14225e-06 -6.09722e-22 0)
(2.31442e-06 -4.1524e-07 -9.82502e-23 -1.12599e-06 2.73591e-22 0)
(2.30658e-06 -3.74938e-07 2.68816e-21 -1.11183e-06 1.60148e-21 0)
(2.30078e-06 -3.37085e-07 -1.79706e-21 -1.09988e-06 -1.83476e-21 0)
(2.29733e-06 -3.0131e-07 -6.39225e-22 -1.09011e-06 -6.60806e-22 0)
(2.29569e-06 -2.67498e-07 1.73791e-21 -1.08245e-06 2.57658e-21 0)
(2.29576e-06 -2.35358e-07 -2.53804e-21 -1.0768e-06 -7.55033e-22 0)
(2.29723e-06 -2.04597e-07 -1.80928e-21 -1.07296e-06 -1.9343e-21 0)
(2.29984e-06 -1.74864e-07 4.33442e-24 -1.07063e-06 -3.90943e-22 0)
(2.30327e-06 -1.45666e-07 -2.43774e-21 -1.06935e-06 -1.86594e-21 0)
(2.30686e-06 -1.16535e-07 -1.77464e-23 -1.06844e-06 -1.66939e-23 0)
(2.31024e-06 -8.63391e-08 2.39606e-21 -1.06698e-06 2.29167e-21 0)
(2.31168e-06 -5.49248e-08 3.78531e-23 -1.0634e-06 4.73319e-22 0)
(2.31125e-06 -1.70683e-08 2.02664e-20 -1.05606e-06 9.03054e-22 -4.33508e-37)
(2.72537e-06 -7.1368e-07 -4.81475e-22 -1.4138e-06 -6.17907e-22 0)
(2.64659e-06 -6.76217e-07 6.65185e-22 -1.38836e-06 6.07508e-22 0)
(2.60143e-06 -6.23927e-07 8.21003e-22 -1.35018e-06 4.28851e-22 0)
(2.54826e-06 -5.83927e-07 -6.48983e-22 -1.31961e-06 -6.08862e-22 0)
(2.5097e-06 -5.38344e-07 -1.53719e-21 -1.28675e-06 -7.67689e-22 0)
(2.47161e-06 -4.97051e-07 7.50427e-22 -1.25669e-06 3.7311e-22 0)
(2.44144e-06 -4.55603e-07 2.12398e-21 -1.22854e-06 1.36678e-21 0)
(2.41446e-06 -4.16292e-07 -3.41722e-21 -1.20305e-06 -2.29473e-21 0)
(2.39253e-06 -3.78386e-07 -2.1078e-21 -1.18042e-06 -1.3886e-21 0)
(2.37412e-06 -3.42307e-07 3.30825e-21 -1.16071e-06 2.2406e-21 0)
(2.35942e-06 -3.07911e-07 -1.34915e-21 -1.14398e-06 -6.45011e-22 0)
(2.34783e-06 -2.75144e-07 1.78781e-21 -1.13017e-06 1.83224e-21 0)
(2.33915e-06 -2.43817e-07 1.92486e-21 -1.1192e-06 1.25422e-21 0)
(2.33303e-06 -2.13648e-07 -1.12365e-21 -1.11089e-06 -1.56532e-21 0)
(2.32916e-06 -1.84285e-07 -7.32996e-22 -1.10501e-06 3.81196e-22 0)
(2.32718e-06 -1.55139e-07 3.47416e-23 -1.10119e-06 3.20631e-23 0)
(2.32658e-06 -1.25639e-07 -2.97045e-21 -1.09891e-06 -2.4728e-21 0)
(2.32693e-06 -9.43263e-08 5.89877e-22 -1.09751e-06 6.63063e-22 0)
(2.32715e-06 -6.09897e-08 1.16927e-21 -1.09597e-06 9.15171e-22 0)
(2.32695e-06 -1.93924e-08 2.09395e-20 -1.09303e-06 7.54095e-22 -1.87739e-37)
(2.95992e-06 -6.11929e-07 5.77441e-24 -1.53863e-06 1.96958e-23 0)
(2.85277e-06 -5.99138e-07 -6.87684e-22 -1.509e-06 -6.05166e-22 0)
(2.78873e-06 -5.58641e-07 1.47452e-22 -1.46392e-06 -1.60628e-22 0)
(2.71382e-06 -5.30829e-07 0 -1.42483e-06 0 0)
(2.65727e-06 -4.95415e-07 0 -1.38495e-06 0 0)
(2.60201e-06 -4.62203e-07 -2.05922e-21 -1.34692e-06 -1.61274e-21 0)
(2.55603e-06 -4.28041e-07 1.8322e-21 -1.31125e-06 1.70923e-21 0)
(2.51456e-06 -3.94582e-07 3.86268e-21 -1.27812e-06 3.36981e-21 0)
(2.47921e-06 -3.61699e-07 -2.92186e-21 -1.24806e-06 -2.80737e-21 0)
(2.44859e-06 -3.29718e-07 -2.55938e-21 -1.22121e-06 -2.18008e-21 0)
(2.42278e-06 -2.98751e-07 1.18033e-21 -1.19777e-06 1.17434e-21 0)
(2.40119e-06 -2.68829e-07 -1.15348e-22 -1.17782e-06 2.3297e-22 0)
(2.3836e-06 -2.39896e-07 2.01952e-21 -1.16137e-06 9.97788e-22 0)
(2.36964e-06 -2.11742e-07 3.14587e-21 -1.14839e-06 2.17633e-21 0)
(2.359e-06 -1.84062e-07 4.29418e-23 -1.13875e-06 3.92526e-23 0)
(2.35135e-06 -1.56248e-07 1.43105e-21 -1.13227e-06 -3.92811e-22 0)
(2.34637e-06 -1.27696e-07 0 -1.12869e-06 0 0)
(2.34359e-06 -9.6766e-08 -1.20494e-21 -1.12766e-06 -5.31967e-22 0)
(2.34279e-06 -6.3244e-08 5.79705e-22 -1.12878e-06 2.45225e-22 0)
(2.34312e-06 -2.03796e-08 2.33325e-20 -1.13131e-06 1.25257e-21 -5.25867e-37)
(3.16735e-06 -4.67041e-07 -4.52534e-24 -1.63218e-06 -1.72311e-23 0)
(3.03587e-06 -4.83481e-07 8.53429e-22 -1.6013e-06 5.10015e-22 0)
(2.95867e-06 -4.63192e-07 -8.48871e-22 -1.55976e-06 -5.16976e-22 0)
(2.86699e-06 -4.49974e-07 -8.35497e-22 -1.51545e-06 -5.03504e-22 0)
(2.79423e-06 -4.28979e-07 2.29398e-21 -1.47109e-06 1.56501e-21 0)
(2.72435e-06 -4.05837e-07 1.63419e-21 -1.42654e-06 9.75559e-22 0)
(2.66393e-06 -3.80615e-07 -2.17062e-21 -1.38427e-06 -1.45294e-21 0)
(2.60952e-06 -3.54265e-07 2.88329e-22 -1.34452e-06 -3.06078e-22 0)
(2.56194e-06 -3.27519e-07 4.92837e-22 -1.30802e-06 4.57244e-22 0)
(2.52016e-06 -3.00781e-07 -2.67414e-22 -1.27505e-06 3.608e-22 0)
(2.48403e-06 -2.74395e-07 -2.20376e-21 -1.24586e-06 -1.20822e-21 0)
(2.45306e-06 -2.4851e-07 1.97248e-23 -1.2206e-06 1.90353e-23 0)
(2.42695e-06 -2.23171e-07 -1.00837e-21 -1.1994e-06 -1.37295e-21 0)
(2.40537e-06 -1.98245e-07 -3.40595e-23 -1.1823e-06 -3.11669e-23 0)
(2.3881e-06 -1.73482e-07 1.28719e-21 -1.16936e-06 6.26615e-22 0)
(2.37479e-06 -1.48299e-07 -2.56789e-23 -1.16057e-06 -2.245e-23 0)
(2.36543e-06 -1.22104e-07 1.56995e-21 -1.156e-06 2.10642e-21 0)
(2.35953e-06 -9.32225e-08 -5.92586e-22 -1.15563e-06 -2.6508e-22 0)
(2.3578e-06 -6.14344e-08 -2.77709e-21 -1.15979e-06 -2.74991e-21 0)
(2.35873e-06 -1.99521e-08 2.11939e-20 -1.16826e-06 -9.65874e-22 -4.16789e-35)
(3.33244e-06 -2.81208e-07 -1.08789e-22 -1.69298e-06 -5.48246e-23 0)
(3.19626e-06 -3.17078e-07 -9.14879e-22 -1.65511e-06 -5.39239e-22 0)
(3.10805e-06 -3.25588e-07 7.42931e-22 -1.62647e-06 5.83513e-22 0)
(3.00992e-06 -3.29065e-07 -1.94467e-21 -1.58613e-06 -1.77173e-21 0)
(2.92403e-06 -3.27469e-07 -2.00072e-21 -1.54417e-06 -1.66391e-21 0)
(2.84284e-06 -3.20022e-07 1.18389e-21 -1.49924e-06 1.22331e-21 0)
(2.76944e-06 -3.08505e-07 1.02916e-21 -1.45399e-06 1.22786e-21 0)
(2.70283e-06 -2.9359e-07 1.79353e-21 -1.40982e-06 1.6172e-21 0)
(2.64334e-06 -2.76319e-07 -2.10424e-21 -1.36787e-06 -1.5714e-21 0)
(2.59051e-06 -2.57473e-07 5.18815e-24 -1.32902e-06 4.31715e-23 0)
(2.54411e-06 -2.37679e-07 -2.55534e-23 -1.29386e-06 -1.287e-22 0)
(2.50374e-06 -2.17385e-07 -1.64574e-21 -1.26284e-06 -1.60943e-21 0)
(2.46911e-06 -1.96859e-07 0 -1.23629e-06 0 0)
(2.43987e-06 -1.76167e-07 -1.49085e-21 -1.21446e-06 -4.84001e-22 0)
(2.41588e-06 -1.55205e-07 -6.97746e-24 -1.19761e-06 -2.97257e-23 0)
(2.39682e-06 -1.33523e-07 -1.92482e-21 -1.18598e-06 -9.36959e-22 0)
(2.38295e-06 -1.1062e-07 5.27323e-22 -1.17996e-06 5.56609e-22 0)
(2.37377e-06 -8.49449e-08 1.2139e-21 -1.17994e-06 5.5537e-22 0)
(2.37104e-06 -5.63045e-08 1.50887e-23 -1.18698e-06 -1.24177e-24 0)
(2.37264e-06 -1.83187e-08 2.28502e-20 -1.20149e-06 -8.27121e-23 -1.83873e-37)
(3.41308e-06 -1.28215e-07 9.41347e-22 -1.69806e-06 8.28658e-22 0)
(3.28903e-06 -1.47388e-07 -8.70583e-22 -1.66626e-06 -5.47265e-22 0)
(3.19368e-06 -1.82743e-07 -5.04527e-22 -1.64622e-06 -4.18947e-22 0)
(3.09631e-06 -1.99533e-07 8.36608e-22 -1.6135e-06 5.11357e-22 0)
(3.00613e-06 -2.11361e-07 -1.6535e-21 -1.57515e-06 -7.509e-22 0)
(2.92056e-06 -2.16684e-07 -1.11518e-21 -1.5331e-06 -5.26468e-22 0)
(2.84165e-06 -2.16898e-07 -1.39056e-21 -1.48907e-06 -1.00923e-21 0)
(2.76887e-06 -2.12903e-07 1.67432e-22 -1.44495e-06 -1.16852e-22 0)
(2.70285e-06 -2.055e-07 2.81085e-21 -1.40206e-06 1.79176e-21 0)
(2.6433e-06 -1.95536e-07 -9.66985e-23 -1.36153e-06 -1.0402e-22 0)
(2.59024e-06 -1.83666e-07 1.50234e-21 -1.32419e-06 8.50825e-22 0)
(2.54342e-06 -1.70442e-07 -7.41414e-23 -1.2907e-06 -8.40328e-23 0)
(2.50267e-06 -1.56244e-07 5.49091e-36 -1.26161e-06 5.57867e-36 0)
(2.46775e-06 -1.41268e-07 -6.60464e-22 -1.23738e-06 -3.29023e-22 0)
(2.43865e-06 -1.25546e-07 6.45634e-22 -1.21848e-06 3.14336e-22 0)
(2.41512e-06 -1.08803e-07 -2.89993e-23 -1.20539e-06 -4.19041e-23 0)
(2.39773e-06 -9.06865e-08 1.02572e-22 -1.19884e-06 -2.72695e-22 0)
(2.38594e-06 -6.99918e-08 5.85469e-24 -1.19953e-06 1.94525e-23 0)
(2.38231e-06 -4.65866e-08 -5.96499e-24 -1.20917e-06 7.75457e-24 0)
(2.38425e-06 -1.50506e-08 2.48272e-20 -1.22876e-06 1.27048e-22 2.21254e-37)
(3.34538e-06 2.19098e-08 8.74031e-22 -1.63607e-06 6.91385e-22 0)
(3.26269e-06 -1.11074e-10 0 -1.64526e-06 0 0)
(3.17642e-06 -4.32281e-08 -6.81909e-22 -1.62988e-06 -6.011e-22 0)
(3.09012e-06 -7.15288e-08 8.91343e-36 -1.6051e-06 7.21814e-36 0)
(3.00783e-06 -9.38147e-08 2.04277e-36 -1.57229e-06 1.48191e-36 0)
(2.92838e-06 -1.09602e-07 9.68836e-36 -1.53485e-06 7.20541e-36 0)
(2.8538e-06 -1.19814e-07 1.4862e-35 -1.49452e-06 1.20115e-35 0)
(2.78382e-06 -1.25364e-07 -5.97625e-22 -1.45321e-06 -5.60294e-22 0)
(2.7193e-06 -1.26978e-07 0 -1.41233e-06 0 0)
(2.66019e-06 -1.25454e-07 5.71085e-22 -1.37313e-06 5.53625e-22 0)
(2.60677e-06 -1.21426e-07 -8.17825e-37 -1.33655e-06 -1.37454e-36 0)
(2.55898e-06 -1.15458e-07 -5.49357e-22 -1.30339e-06 -5.51431e-22 0)
(2.51686e-06 -1.07959e-07 5.40315e-22 -1.27434e-06 5.51744e-22 0)
(2.48034e-06 -9.92058e-08 7.7596e-36 -1.25001e-06 5.65294e-36 0)
(2.44958e-06 -8.93026e-08 -5.25872e-22 -1.23102e-06 -5.54884e-22 0)
(2.42449e-06 -7.81644e-08 -4.66193e-36 -1.21804e-06 -4.31178e-36 0)
(2.40586e-06 -6.55438e-08 5.16485e-22 -1.21202e-06 5.6147e-22 0)
(2.39324e-06 -5.06894e-08 5.13777e-22 -1.21389e-06 5.66381e-22 0)
(2.38981e-06 -3.36249e-08 -5.54596e-36 -1.22584e-06 -4.83861e-36 0)
(2.39261e-06 -1.05673e-08 2.55194e-20 -1.24904e-06 -4.9135e-36 -1.50541e-49)
(3.28678e-06 1.72447e-07 1.61769e-22 -1.57201e-06 2.80395e-22 0)
(3.2163e-06 1.37857e-07 -5.5687e-22 -1.59365e-06 -3.42121e-22 0)
(3.14777e-06 8.70573e-08 -1.24234e-21 -1.59104e-06 -9.45525e-22 0)
(3.07177e-06 4.94766e-08 0 -1.57624e-06 0 0)
(2.99872e-06 1.83861e-08 6.4563e-23 -1.55213e-06 2.53883e-22 0)
(2.92561e-06 -6.34967e-09 -5.37125e-22 -1.52165e-06 -7.34627e-23 0)
(2.85593e-06 -2.52422e-08 -1.19766e-21 -1.48698e-06 -8.92939e-22 0)
(2.78927e-06 -3.92796e-08 -1.76978e-21 -1.45011e-06 -1.19124e-21 0)
(2.72696e-06 -4.90305e-08 5.85419e-22 -1.41262e-06 5.64594e-22 0)
(2.66909e-06 -5.52531e-08 -1.17051e-21 -1.3759e-06 -5.90752e-22 0)
(2.61617e-06 -5.85265e-08 -5.84505e-22 -1.34107e-06 -2.87899e-22 0)
(2.5683e-06 -5.94085e-08 -1.16709e-21 -1.30909e-06 -5.62066e-22 0)
(2.52569e-06 -5.83286e-08 -1.16498e-21 -1.28079e-06 -5.49914e-22 0)
(2.48842e-06 -5.56239e-08 -5.8143e-22 -1.25693e-06 -2.69835e-22 0)
(2.45677e-06 -5.14916e-08 -1.16083e-21 -1.23832e-06 -5.31678e-22 0)
(2.43081e-06 -4.60234e-08 -1.15896e-21 -1.22576e-06 -5.26286e-22 0)
(2.41149e-06 -3.91007e-08 -5.17695e-22 -1.22046e-06 -5.61823e-22 0)
(2.39844e-06 -3.05334e-08 -5.77818e-22 -1.22335e-06 -2.62627e-22 0)
(2.39519e-06 -2.02404e-08 -5.76993e-22 -1.23693e-06 -2.65542e-22 0)
(2.39842e-06 -5.98402e-09 2.54022e-20 -1.26277e-06 -2.71089e-22 -1.14936e-49)
(3.20294e-06 2.89072e-07 3.18541e-21 -1.50342e-06 2.68747e-21 0)
(3.14865e-06 2.53749e-07 5.04272e-22 -1.53782e-06 3.30136e-22 0)
(3.09583e-06 2.00627e-07 -1.84791e-21 -1.54519e-06 -1.54139e-21 0)
(3.03138e-06 1.58685e-07 1.89197e-35 -1.53903e-06 1.5782e-35 0)
(2.96859e-06 1.21831e-07 7.34575e-22 -1.52257e-06 8.57772e-22 0)
(2.90342e-06 9.06971e-08 -1.00575e-36 -1.49852e-06 -5.91063e-37 0)
(2.8403e-06 6.49796e-08 5.53066e-22 -1.46939e-06 3.15445e-22 0)
(2.77874e-06 4.39826e-08 -1.19307e-21 -1.43712e-06 -1.15252e-21 0)
(2.7204e-06 2.72829e-08 2.36627e-35 -1.40346e-06 1.97798e-35 0)
(2.6655e-06 1.42576e-08 1.14445e-21 -1.36985e-06 1.13797e-21 0)
(2.61474e-06 4.40781e-09 -5.64478e-22 -1.33749e-06 -2.8713e-22 0)
(2.56836e-06 -2.77967e-09 -6.64533e-36 -1.30745e-06 -5.29525e-36 0)
(2.52672e-06 -7.72723e-09 -2.83403e-35 -1.28066e-06 -2.6108e-35 0)
(2.49002e-06 -1.08264e-08 5.6667e-22 -1.25799e-06 2.70062e-22 0)
(2.45867e-06 -1.23254e-08 -1.68666e-35 -1.24031e-06 -1.43866e-35 0)
(2.43288e-06 -1.25731e-08 -1.04457e-21 -1.22861e-06 -1.1231e-21 0)
(2.41359e-06 -1.13795e-08 7.46422e-36 -1.22404e-06 5.67721e-36 0)
(2.40078e-06 -9.43461e-09 4.63895e-22 -1.22785e-06 8.62096e-22 0)
(2.39806e-06 -5.84109e-09 -5.6642e-22 -1.24299e-06 -2.66843e-22 0)
(2.40155e-06 -8.92836e-10 2.56652e-20 -1.27021e-06 -2.72687e-22 0)
(3.10223e-06 3.85983e-07 8.75455e-22 -1.42796e-06 6.13104e-22 0)
(3.06249e-06 3.5021e-07 1.11554e-21 -1.47094e-06 9.24239e-22 0)
(3.02474e-06 2.97436e-07 9.51997e-22 -1.4869e-06 6.3841e-22 0)
(2.9725e-06 2.53597e-07 1.53639e-36 -1.48926e-06 1.93477e-36 0)
(2.92083e-06 2.13439e-07 1.63533e-21 -1.4807e-06 1.23153e-21 0)
(2.86479e-06 1.78107e-07 -1.00192e-22 -1.46372e-06 -2.77058e-22 0)
(2.8095e-06 1.47478e-07 -7.95596e-23 -1.44082e-06 -2.77585e-22 0)
(2.75438e-06 1.21161e-07 1.06152e-21 -1.41395e-06 6.07089e-22 0)
(2.70139e-06 9.88919e-08 5.79929e-22 -1.38491e-06 5.79036e-22 0)
(2.65083e-06 8.02114e-08 1.11033e-21 -1.35518e-06 8.66624e-22 0)
(2.60358e-06 6.4723e-08 1.08996e-21 -1.32607e-06 5.69357e-22 0)
(2.56e-06 5.19899e-08 -1.65813e-24 -1.2987e-06 -2.91437e-22 0)
(2.52055e-06 4.16088e-08 5.59298e-22 -1.27407e-06 -2.10364e-23 0)
(2.48558e-06 3.31973e-08 5.51957e-22 -1.25315e-06 2.69025e-22 0)
(2.45547e-06 2.63855e-08 1.6337e-21 -1.23685e-06 1.09566e-21 0)
(2.43079e-06 2.08492e-08 5.5426e-22 -1.22632e-06 2.63263e-22 0)
(2.41175e-06 1.63114e-08 0 -1.22253e-06 0 0)
(2.40054e-06 1.20657e-08 1.62626e-21 -1.2276e-06 1.08772e-21 0)
(2.39451e-06 9.39411e-09 1.64374e-21 -1.24105e-06 9.45425e-22 0)
(2.40241e-06 3.60996e-09 2.7351e-20 -1.27018e-06 5.4536e-22 0)
(2.99171e-06 4.60441e-07 -4.73998e-22 -1.35264e-06 -3.40106e-22 0)
(2.96518e-06 4.26869e-07 -4.18697e-22 -1.40203e-06 -3.00985e-22 0)
(2.94076e-06 3.7721e-07 -6.31317e-22 -1.42488e-06 -6.00905e-22 0)
(2.90027e-06 3.33994e-07 0 -1.43427e-06 0 0)
(2.85946e-06 2.92749e-07 6.13863e-22 -1.43253e-06 5.978e-22 0)
(2.8129e-06 2.55177e-07 1.08921e-21 -1.42194e-06 9.00168e-22 0)
(2.76602e-06 2.21303e-07 -1.09044e-21 -1.40494e-06 -8.93259e-22 0)
(2.71819e-06 1.9111e-07 -5.83535e-22 -1.38339e-06 -5.8826e-22 0)
(2.67151e-06 1.64502e-07 5.73514e-22 -1.3591e-06 5.84888e-22 0)
(2.62635e-06 1.41218e-07 5.20984e-22 -1.33356e-06 2.86286e-22 0)
(2.58372e-06 1.20979e-07 -9.12459e-38 -1.30809e-06 -1.01964e-36 0)
(2.54403e-06 1.03446e-07 5.3112e-22 -1.28385e-06 2.75614e-22 0)
(2.5079e-06 8.82559e-08 1.85474e-36 -1.26188e-06 1.973e-36 0)
(2.47567e-06 7.50457e-08 -5.3779e-22 -1.24316e-06 -2.66879e-22 0)
(2.44794e-06 6.33567e-08 1.81039e-36 -1.22867e-06 1.95445e-36 0)
(2.42498e-06 5.2862e-08 5.41928e-22 -1.21945e-06 2.61789e-22 0)
(2.40801e-06 4.27409e-08 -5.16947e-22 -1.21675e-06 -5.61711e-22 0)
(2.39686e-06 3.28185e-08 -1.07639e-37 -1.22213e-06 1.01411e-36 0)
(2.39499e-06 2.17179e-08 -1.87904e-36 -1.23705e-06 -9.14869e-37 0)
(2.39868e-06 8.23447e-09 2.60169e-20 -1.26318e-06 4.18585e-35 -7.67382e-50)
(2.87542e-06 5.16114e-07 6.83551e-22 -1.27861e-06 6.28149e-22 0)
(2.86037e-06 4.85962e-07 3.85714e-22 -1.33174e-06 2.85896e-22 0)
(2.84751e-06 4.40812e-07 -6.11297e-22 -1.35963e-06 -5.96783e-22 0)
(2.81804e-06 3.99697e-07 8.5684e-36 -1.37476e-06 7.16567e-36 0)
(2.7876e-06 3.58977e-07 -9.05004e-37 -1.3789e-06 -9.22026e-37 0)
(2.75054e-06 3.207e-07 4.59515e-22 -1.37416e-06 2.95003e-22 0)
(2.71233e-06 2.85037e-07 4.72791e-22 -1.36276e-06 2.92555e-22 0)
(2.67227e-06 2.52294e-07 -5.73679e-22 -1.34648e-06 -5.9262e-22 0)
(2.63255e-06 2.22537e-07 0 -1.32703e-06 0 0)
(2.59356e-06 1.95697e-07 1.0594e-21 -1.30588e-06 8.66991e-22 0)
(2.55637e-06 1.71623e-07 -7.28223e-36 -1.28434e-06 -5.90776e-36 0)
(2.52146e-06 1.50076e-07 -2.55778e-23 -1.26357e-06 -3.089e-22 0)
(2.48948e-06 1.30758e-07 5.34438e-22 -1.2446e-06 5.76803e-22 0)
(2.46086e-06 1.13301e-07 5.24693e-22 -1.22841e-06 2.63712e-22 0)
(2.43619e-06 9.72689e-08 -5.22996e-22 -1.21597e-06 -5.69702e-22 0)
(2.41577e-06 8.21055e-08 5.30518e-22 -1.20822e-06 2.59377e-22 0)
(2.40075e-06 6.72067e-08 5.15389e-22 -1.20642e-06 5.6141e-22 0)
(2.39082e-06 5.1421e-08 5.13257e-22 -1.21154e-06 5.56281e-22 0)
(2.38932e-06 3.44276e-08 -3.69034e-36 -1.22564e-06 -1.81286e-36 0)
(2.39305e-06 1.27375e-08 2.56018e-20 -1.2503e-06 -5.57641e-36 -1.51028e-49)
(2.75671e-06 5.54711e-07 3.34802e-22 -1.20817e-06 2.59368e-22 0)
(2.75142e-06 5.28905e-07 3.58881e-22 -1.26306e-06 2.7115e-22 0)
(2.74838e-06 4.89233e-07 3.81616e-22 -1.29435e-06 2.77869e-22 0)
(2.72892e-06 4.51304e-07 0 -1.31374e-06 0 0)
(2.70806e-06 4.1231e-07 4.209e-22 -1.32259e-06 2.83932e-22 0)
(2.6802e-06 3.74509e-07 0 -1.32283e-06 0 0)
(2.65059e-06 3.38215e-07 4.52379e-22 -1.31642e-06 2.82606e-22 0)
(2.61852e-06 3.04011e-07 0 -1.30501e-06 0 0)
(2.58614e-06 2.72116e-07 0 -1.29023e-06 0 0)
(2.55383e-06 2.42649e-07 0 -1.27344e-06 0 0)
(2.5227e-06 2.15578e-07 4.9502e-22 -1.25593e-06 2.6962e-22 0)
(2.49323e-06 1.90774e-07 0 -1.23878e-06 0 0)
(2.46612e-06 1.68003e-07 0 -1.22302e-06 0 0)
(2.44177e-06 1.4693e-07 5.13073e-22 -1.20956e-06 2.59665e-22 0)
(2.42081e-06 1.2711e-07 0 -1.1993e-06 0 0)
(2.40348e-06 1.07925e-07 0 -1.19312e-06 0 0)
(2.39084e-06 8.86621e-08 0 -1.19206e-06 0 0)
(2.3826e-06 6.79877e-08 5.25064e-22 -1.19714e-06 2.56999e-22 0)
(2.38164e-06 4.55791e-08 5.26881e-22 -1.20989e-06 2.59736e-22 0)
(2.38511e-06 1.661e-08 2.55221e-20 -1.23151e-06 2.64379e-22 1.22581e-64)
(2.63751e-06 5.78727e-07 -9.29166e-22 -1.1419e-06 -8.41029e-22 0)
(2.64031e-06 5.57621e-07 0 -1.19667e-06 0 0)
(2.64553e-06 5.23692e-07 -3.61052e-22 -1.22985e-06 -2.64022e-22 0)
(2.63505e-06 4.89478e-07 0 -1.25217e-06 0 0)
(2.62301e-06 4.52944e-07 -4.02007e-22 -1.26467e-06 -2.71497e-22 0)
(2.60391e-06 4.16434e-07 -4.19737e-22 -1.26905e-06 -2.72438e-22 0)
(2.58271e-06 3.80391e-07 0 -1.26703e-06 0 0)
(2.55867e-06 3.45614e-07 0 -1.26011e-06 0 0)
(2.53382e-06 3.12455e-07 0 -1.24974e-06 0 0)
(2.50854e-06 2.81191e-07 -4.7328e-22 -1.23722e-06 -2.65604e-22 0)
(2.48389e-06 2.51906e-07 -4.82727e-22 -1.22372e-06 -2.62705e-22 0)
(2.46037e-06 2.2457e-07 -4.90804e-22 -1.21027e-06 -2.59819e-22 0)
(2.43864e-06 1.99024e-07 0 -1.19783e-06 0 0)
(2.41911e-06 1.74969e-07 0 -1.18723e-06 0 0)
(2.40236e-06 1.51991e-07 0 -1.17927e-06 0 0)
(2.3886e-06 1.29409e-07 -5.11763e-22 -1.1747e-06 -2.52182e-22 0)
(2.37873e-06 1.06521e-07 0 -1.17436e-06 0 0)
(2.37241e-06 8.1744e-08 -5.17356e-22 -1.179e-06 -2.53105e-22 0)
(2.37203e-06 5.47144e-08 -5.19524e-22 -1.18989e-06 -2.55444e-22 0)
(2.37514e-06 1.97216e-08 2.37047e-20 -1.2079e-06 -2.5931e-22 -1.07186e-49)
(2.51886e-06 5.89988e-07 -1.70865e-21 -1.08016e-06 -1.71112e-21 0)
(2.52839e-06 5.7355e-07 -3.22129e-22 -1.1334e-06 -2.43317e-22 0)
(2.54058e-06 5.45255e-07 3.74234e-37 -1.16721e-06 1.20285e-36 0)
(2.53814e-06 5.14945e-07 2.28871e-37 -1.19129e-06 1.21676e-36 0)
(2.53416e-06 4.81271e-07 5.44028e-22 -1.20645e-06 5.94303e-22 0)
(2.52337e-06 4.46582e-07 -9.47835e-22 -1.21416e-06 -8.5852e-22 0)
(2.51031e-06 4.11428e-07 -9.61774e-22 -1.2159e-06 -8.6054e-22 0)
(2.49423e-06 3.76769e-07 0 -1.21297e-06 0 0)
(2.477e-06 3.43064e-07 5.31757e-22 -1.2067e-06 5.98517e-22 0)
(2.45895e-06 3.10723e-07 6.49258e-23 -1.19824e-06 3.39132e-22 0)
(2.44107e-06 2.7993e-07 1.46012e-36 -1.18866e-06 -2.79959e-37 0)
(2.42384e-06 2.50745e-07 -1.00231e-21 -1.17889e-06 -8.42706e-22 0)
(2.40788e-06 2.2308e-07 -5.16918e-22 -1.16979e-06 -5.85215e-22 0)
(2.39357e-06 1.96687e-07 -4.95694e-22 -1.1621e-06 -2.49478e-22 0)
(2.38142e-06 1.71188e-07 5.11239e-22 -1.1565e-06 5.74362e-22 0)
(2.37161e-06 1.45899e-07 -5.05086e-22 -1.15357e-06 -2.47646e-22 0)
(2.36479e-06 1.20111e-07 3.49326e-36 -1.1539e-06 1.70174e-36 0)
(2.36066e-06 9.21295e-08 5.06782e-22 -1.15802e-06 5.5092e-22 0)
(2.36091e-06 6.15872e-08 0 -1.16669e-06 0 0)
(2.36353e-06 2.20704e-08 2.33323e-20 -1.18039e-06 3.73923e-35 -6.88198e-50)
(2.40109e-06 5.90111e-07 5.15462e-22 -1.02253e-06 5.40552e-22 0)
(2.41629e-06 5.77971e-07 1.31824e-36 -1.07314e-06 6.93068e-37 0)
(2.43446e-06 5.54851e-07 -5.22626e-22 -1.10658e-06 -5.73476e-22 0)
(2.43933e-06 5.28331e-07 0 -1.13149e-06 0 0)
(2.44282e-06 4.97629e-07 5.2442e-22 -1.14851e-06 5.91571e-22 0)
(2.43995e-06 4.65051e-07 5.23804e-22 -1.15888e-06 5.96507e-22 0)
(2.4348e-06 4.31223e-07 -5.22698e-22 -1.16382e-06 -5.99253e-22 0)
(2.42658e-06 3.97214e-07 -5.20934e-22 -1.16448e-06 -6.00216e-22 0)
(2.41698e-06 3.63563e-07 5.18874e-22 -1.16199e-06 5.99674e-22 0)
(2.40628e-06 3.30781e-07 -1.15427e-35 -1.15737e-06 -9.52415e-36 0)
(2.39534e-06 2.99127e-07 -6.59382e-36 -1.15156e-06 -4.60482e-36 0)
(2.38463e-06 2.68742e-07 1.99142e-37 -1.1454e-06 2.31673e-36 0)
(2.37469e-06 2.39603e-07 8.53372e-36 -1.13962e-06 7.67657e-36 0)
(2.36588e-06 2.11517e-07 1.03129e-35 -1.13485e-06 8.51949e-36 0)
(2.35861e-06 1.84157e-07 3.40732e-36 -1.13162e-06 1.66889e-36 0)
(2.353e-06 1.56874e-07 -1.71924e-36 -1.13035e-06 -8.33505e-37 0)
(2.34948e-06 1.28988e-07 -5.04382e-22 -1.13136e-06 -5.59592e-22 0)
(2.34772e-06 9.87812e-08 -3.49522e-36 -1.13488e-06 -1.67862e-36 0)
(2.34868e-06 6.58816e-08 -6.97713e-36 -1.14113e-06 -5.38523e-36 0)
(2.35079e-06 2.35215e-08 2.23503e-20 -1.1502e-06 -1.70128e-36 0)
(2.28399e-06 5.80111e-07 -1.53722e-21 -9.68529e-07 -1.63091e-21 0)
(2.30419e-06 5.71671e-07 -2.75341e-36 -1.01579e-06 -2.64556e-36 0)
(2.32773e-06 5.53071e-07 -5.50575e-37 -1.04815e-06 4.03753e-37 0)
(2.33941e-06 5.30033e-07 9.22734e-37 -1.07322e-06 1.06479e-36 0)
(2.34999e-06 5.0223e-07 5.04492e-22 -1.09148e-06 5.88425e-22 0)
(2.35478e-06 4.7189e-07 -5.05519e-22 -1.10395e-06 -5.94579e-22 0)
(2.35737e-06 4.39687e-07 -5.06075e-22 -1.11165e-06 -5.98311e-22 0)
(2.35695e-06 4.06749e-07 0 -1.11552e-06 0 0)
(2.35498e-06 3.73669e-07 5.05564e-22 -1.11651e-06 6.00043e-22 0)
(2.35167e-06 3.41021e-07 5.04853e-22 -1.1155e-06 5.98607e-22 0)
(2.34779e-06 3.09121e-07 -3.1383e-36 -1.1133e-06 -1.61925e-36 0)
(2.34372e-06 2.78169e-07 -5.03146e-22 -1.11061e-06 -5.92189e-22 0)
(2.33996e-06 2.48197e-07 -5.02338e-22 -1.10807e-06 -5.8748e-22 0)
(2.3368e-06 2.1907e-07 1.7658e-36 -1.10617e-06 3.17912e-36 0)
(2.33456e-06 1.90524e-07 5.0118e-22 -1.10531e-06 5.75327e-22 0)
(2.33333e-06 1.61976e-07 1.72563e-36 -1.10573e-06 1.95599e-36 0)
(2.33327e-06 1.32816e-07 0 -1.10747e-06 0 0)
(2.33403e-06 1.01405e-07 5.01065e-22 -1.11044e-06 5.48823e-22 0)
(2.33581e-06 6.7406e-08 -6.94498e-36 -1.11426e-06 -5.33686e-36 0)
(2.33745e-06 2.40111e-08 2.13222e-20 -1.11863e-06 -1.65458e-36 0)
(2.16701e-06 5.60614e-07 -2.88216e-23 -9.17001e-07 -1.47142e-23 0)
(2.19195e-06 5.55113e-07 -3.05396e-22 -9.6054e-07 -2.06207e-22 0)
(2.2206e-06 5.40237e-07 -4.76714e-22 -9.91466e-07 -5.61147e-22 0)
(2.23892e-06 5.20252e-07 0 -1.01632e-06 0 0)
(2.25645e-06 4.95152e-07 4.84411e-22 -1.03548e-06 5.84973e-22 0)
(2.26881e-06 4.67077e-07 8.78699e-22 -1.04974e-06 8.17533e-22 0)
(2.2791e-06 4.36713e-07 -8.98538e-22 -1.0599e-06 -8.24307e-22 0)
(2.28648e-06 4.05208e-07 -1.34124e-21 -1.06672e-06 -1.05718e-21 0)
(2.29218e-06 3.73173e-07 4.92081e-22 -1.07099e-06 5.99677e-22 0)
(2.29631e-06 3.41212e-07 4.52075e-22 -1.0734e-06 2.30436e-22 0)
(2.29954e-06 3.09675e-07 -5.20002e-38 -1.07464e-06 -1.23225e-36 0)
(2.30216e-06 2.78795e-07 4.72695e-22 -1.0753e-06 2.30844e-22 0)
(2.30461e-06 2.48646e-07 -9.6175e-22 -1.07589e-06 -4.61939e-22 0)
(2.30714e-06 2.1915e-07 -4.87782e-22 -1.0768e-06 -2.31165e-22 0)
(2.30999e-06 1.90107e-07 -9.87069e-22 -1.07827e-06 -4.62963e-22 0)
(2.31318e-06 1.61037e-07 4.98279e-22 -1.08039e-06 2.31937e-22 0)
(2.31666e-06 1.31435e-07 -4.97336e-22 -1.08295e-06 -5.58581e-22 0)
(2.32004e-06 9.9854e-08 -1.74099e-36 -1.08554e-06 -8.02818e-37 0)
(2.3228e-06 6.60206e-08 -5.17602e-36 -1.08716e-06 -4.48931e-36 0)
(2.32409e-06 2.34761e-08 2.02947e-20 -1.08706e-06 -8.03946e-37 0)
(2.04931e-06 5.31513e-07 4.64673e-22 -8.67456e-07 5.23184e-22 0)
(2.07921e-06 5.28117e-07 3.09736e-22 -9.07209e-07 1.94758e-22 0)
(2.11313e-06 5.16139e-07 -4.53642e-22 -9.36618e-07 -5.55256e-22 0)
(2.13825e-06 4.98742e-07 -1.25931e-37 -9.61134e-07 1.46297e-36 0)
(2.16288e-06 4.76123e-07 -3.05138e-36 -9.81045e-07 -1.15124e-36 0)
(2.18294e-06 4.50326e-07 3.95986e-22 -9.96934e-07 2.1402e-22 0)
(2.20105e-06 4.22007e-07 1.35851e-21 -1.00939e-06 1.40602e-21 0)
(2.21632e-06 3.92301e-07 -4.75796e-22 -1.019e-06 -5.97655e-22 0)
(2.22976e-06 3.61801e-07 -9.57362e-22 -1.02636e-06 -1.19722e-21 0)
(2.24139e-06 3.31113e-07 9.36835e-22 -1.03203e-06 8.19375e-22 0)
(2.25174e-06 3.00586e-07 -4.81112e-36 -1.03654e-06 -2.28771e-36 0)
(2.26105e-06 2.70467e-07 9.61194e-22 -1.04038e-06 8.15269e-22 0)
(2.26968e-06 2.40853e-07 4.8725e-22 -1.04394e-06 5.87159e-22 0)
(2.27783e-06 2.11709e-07 4.90449e-22 -1.04753e-06 2.24881e-22 0)
(2.28567e-06 1.829e-07 -4.90684e-22 -1.05126e-06 -5.74555e-22 0)
(2.29321e-06 1.54073e-07 -4.83974e-22 -1.05508e-06 -9.07056e-22 0)
(2.30022e-06 1.24859e-07 4.93806e-22 -1.05858e-06 5.57996e-22 0)
(2.30626e-06 9.41155e-08 4.95103e-22 -1.06105e-06 5.47919e-22 0)
(2.31017e-06 6.16854e-08 3.46092e-36 -1.06092e-06 2.62785e-36 0)
(2.31133e-06 2.18901e-08 1.9314e-20 -1.05694e-06 -3.41821e-35 -5.69675e-50)
(1.93e-06 4.92428e-07 -2.43637e-36 -8.17801e-07 -2.34127e-36 0)
(1.96556e-06 4.90284e-07 3.19245e-22 -8.54198e-07 1.83378e-22 0)
(2.00533e-06 4.80393e-07 3.50865e-36 -8.82469e-07 1.93616e-36 0)
(2.0378e-06 4.65153e-07 0 -9.06952e-07 0 0)
(2.06996e-06 4.44825e-07 -3.94799e-36 -9.27847e-07 -2.03572e-36 0)
(2.0981e-06 4.21357e-07 -4.0518e-22 -9.45519e-07 -2.02982e-22 0)
(2.1243e-06 3.95333e-07 4.22295e-22 -9.60368e-07 2.0617e-22 0)
(2.1477e-06 3.67837e-07 8.75192e-22 -9.72801e-07 4.17678e-22 0)
(2.16903e-06 3.39415e-07 0 -9.83245e-07 0 0)
(2.18824e-06 3.1064e-07 -4.63014e-22 -9.92119e-07 -2.12986e-22 0)
(2.20573e-06 2.81835e-07 -6.5059e-36 -9.99824e-07 -8.16526e-36 0)
(2.22167e-06 2.53235e-07 -4.8208e-22 -1.00672e-06 -2.16122e-22 0)
(2.23635e-06 2.24936e-07 9.79043e-22 -1.01312e-06 4.34991e-22 0)
(2.24995e-06 1.96931e-07 4.95752e-22 -1.01924e-06 2.18808e-22 0)
(2.26257e-06 1.69139e-07 1.00183e-21 -1.02512e-06 4.40139e-22 0)
(2.27423e-06 1.41343e-07 -5.05163e-22 -1.03061e-06 -2.21249e-22 0)
(2.2846e-06 1.13333e-07 0 -1.03516e-06 0 0)
(2.29322e-06 8.43752e-08 5.22774e-36 -1.03785e-06 2.27707e-36 0)
(2.29848e-06 5.44912e-08 1.2032e-35 -1.03663e-06 9.65708e-36 0)
(2.29976e-06 1.92665e-08 1.84285e-20 -1.02973e-06 -1.34388e-36 -1.08711e-49)
(1.80813e-06 4.41727e-07 -3.88166e-22 -7.68872e-07 -4.98467e-22 0)
(1.85062e-06 4.40105e-07 1.36864e-36 -8.02536e-07 1.80291e-36 0)
(1.89727e-06 4.31637e-07 2.01676e-36 -8.30204e-07 2.7278e-36 0)
(1.93801e-06 4.18267e-07 -5.13578e-37 -8.55085e-07 1.57015e-36 0)
(1.97844e-06 4.00196e-07 4.24727e-22 -8.77276e-07 5.72971e-22 0)
(2.01527e-06 3.79254e-07 -4.32634e-22 -8.96939e-07 -5.82355e-22 0)
(2.05005e-06 3.55918e-07 -4.40101e-22 -9.14293e-07 -5.88808e-22 0)
(2.08191e-06 3.31184e-07 0 -9.29581e-07 0 0)
(2.11136e-06 3.0552e-07 4.53263e-22 -9.43072e-07 5.94461e-22 0)
(2.13828e-06 2.79439e-07 4.59041e-22 -9.55048e-07 5.94263e-22 0)
(2.16293e-06 2.5321e-07 -4.78475e-36 -9.65787e-07 -6.10432e-36 0)
(2.18543e-06 2.27035e-07 -4.69165e-22 -9.75552e-07 -5.89067e-22 0)
(2.20599e-06 2.00982e-07 -4.73578e-22 -9.84562e-07 -5.84473e-22 0)
(2.22476e-06 1.75052e-07 0 -9.9297e-07 0 0)
(2.24183e-06 1.49196e-07 4.81272e-22 -1.00079e-06 5.72114e-22 0)
(2.25722e-06 1.23311e-07 0 -1.00782e-06 0 0)
(2.27061e-06 9.73576e-08 -7.07084e-36 -1.01349e-06 -2.98933e-36 0)
(2.28156e-06 7.10602e-08 4.89801e-22 -1.01675e-06 5.47605e-22 0)
(2.28824e-06 4.47101e-08 6.89211e-36 -1.01524e-06 5.17509e-36 0)
(2.28993e-06 1.56814e-08 1.76782e-20 -1.00676e-06 3.15016e-35 -5.21427e-50)
(1.68303e-06 3.78309e-07 3.29436e-22 -7.16166e-07 1.53745e-22 0)
(1.73427e-06 3.76616e-07 0 -7.48594e-07 0 0)
(1.78932e-06 3.69106e-07 1.96814e-36 -7.7699e-07 1.4991e-36 0)
(1.83964e-06 3.57502e-07 0 -8.03425e-07 0 0)
(1.88941e-06 3.41831e-07 -6.96612e-37 -8.27856e-07 -9.76017e-37 0)
(1.93577e-06 3.23771e-07 1.68355e-36 -8.50279e-07 -2.08519e-36 0)
(1.97977e-06 3.03653e-07 0 -8.70734e-07 0 0)
(2.02057e-06 2.82353e-07 0 -8.89325e-07 0 0)
(2.05846e-06 2.60236e-07 0 -9.06179e-07 0 0)
(2.09326e-06 2.37727e-07 -3.22966e-36 -9.21454e-07 -2.71323e-36 0)
(2.12513e-06 2.15027e-07 1.4707e-37 -9.35317e-07 -1.33447e-36 0)
(2.1541e-06 1.92278e-07 1.73702e-36 -9.47939e-07 7.01055e-37 0)
(2.18034e-06 1.6951e-07 0 -9.59463e-07 0 0)
(2.20394e-06 1.46699e-07 0 -9.69994e-07 0 0)
(2.22501e-06 1.23805e-07 0 -9.79531e-07 0 0)
(2.24356e-06 1.00803e-07 1.79084e-36 -9.87907e-07 7.30614e-37 0)
(2.25937e-06 7.7796e-08 0 -9.94607e-07 0 0)
(2.27209e-06 5.49638e-08 1.01814e-35 -9.98656e-07 1.01392e-35 0)
(2.28008e-06 3.29496e-08 -1.80976e-36 -9.97751e-07 -7.37894e-37 0)
(2.2824e-06 1.13389e-08 1.7114e-20 -9.89357e-07 6.09791e-35 -5.2169e-64)
(1.5542e-06 2.97615e-07 -6.80812e-22 -6.65817e-07 -9.5312e-22 0)
(1.61667e-06 2.95689e-07 -3.67571e-23 -6.98213e-07 3.60885e-22 0)
(1.68207e-06 2.89108e-07 -8.30506e-37 -7.28275e-07 3.6008e-37 0)
(1.74365e-06 2.79587e-07 -7.87115e-37 -7.56981e-07 4.51278e-37 0)
(1.80407e-06 2.66885e-07 3.87295e-22 -7.84149e-07 5.62913e-22 0)
(1.86102e-06 2.52446e-07 -8.6428e-22 -8.09634e-07 -7.4696e-22 0)
(1.91502e-06 2.36447e-07 -8.90018e-22 -8.33339e-07 -7.59325e-22 0)
(1.96532e-06 2.19586e-07 0 -8.55247e-07 0 0)
(2.01204e-06 2.02116e-07 4.3194e-22 -8.75373e-07 5.87564e-22 0)
(2.05494e-06 1.84354e-07 -6.77039e-23 -8.93775e-07 3.96134e-22 0)
(2.09409e-06 1.66423e-07 -1.71694e-37 -9.10526e-07 1.36431e-36 0)
(2.12949e-06 1.48405e-07 -9.7732e-22 -9.25716e-07 -7.82614e-22 0)
(2.16121e-06 1.30277e-07 -4.63964e-22 -9.39425e-07 -5.79738e-22 0)
(2.18931e-06 1.11982e-07 -5.26385e-22 -9.51719e-07 -2.04313e-22 0)
(2.21386e-06 9.34551e-08 4.75266e-22 -9.626e-07 5.68268e-22 0)
(2.2349e-06 7.46803e-08 -5.29322e-22 -9.71962e-07 -2.08659e-22 0)
(2.25232e-06 5.58296e-08 2.03186e-36 -9.79455e-07 -4.0086e-37 0)
(2.26594e-06 3.73619e-08 4.86447e-22 -9.84323e-07 5.4693e-22 0)
(2.27463e-06 2.03115e-08 -7.38708e-36 -9.84694e-07 -2.93722e-36 0)
(2.27746e-06 6.64138e-09 1.67322e-20 -9.78056e-07 -1.47077e-36 0)
(1.42196e-06 2.00965e-07 -8.67578e-23 -6.04765e-07 3.48478e-22 0)
(1.49883e-06 1.98914e-07 -4.18742e-22 -6.40459e-07 -1.37492e-22 0)
(1.57708e-06 1.93619e-07 1.03977e-22 -6.75014e-07 -3.80763e-22 0)
(1.65194e-06 1.86713e-07 0 -7.08451e-07 0 0)
(1.72461e-06 1.7771e-07 8.50935e-22 -7.40397e-07 7.15946e-22 0)
(1.79332e-06 1.67712e-07 3.84987e-22 -7.70637e-07 5.67585e-22 0)
(1.85822e-06 1.56745e-07 -9.06854e-22 -7.98976e-07 -7.46756e-22 0)
(1.91866e-06 1.45295e-07 -4.11893e-22 -8.25319e-07 -5.80327e-22 0)
(1.97461e-06 1.33496e-07 4.23906e-22 -8.49612e-07 5.83142e-22 0)
(2.02587e-06 1.21546e-07 -2.94656e-36 -8.71841e-07 -3.95642e-36 0)
(2.07244e-06 1.09497e-07 5.36023e-22 -8.92014e-07 1.91496e-22 0)
(2.11427e-06 9.737e-08 1.56362e-36 -9.10153e-07 2.00005e-36 0)
(2.15137e-06 8.51071e-08 -2.1202e-36 -9.26281e-07 6.20922e-37 0)
(2.18373e-06 7.26165e-08 -5.40669e-22 -9.40407e-07 -2.01885e-22 0)
(2.21132e-06 5.98052e-08 -2.07646e-36 -9.52508e-07 5.45117e-37 0)
(2.23415e-06 4.66207e-08 1.45151e-36 -9.62521e-07 3.14519e-36 0)
(2.25208e-06 3.32261e-08 -4.83471e-22 -9.70258e-07 -5.52731e-22 0)
(2.26517e-06 2.014e-08 5.37597e-22 -9.75391e-07 2.09395e-22 0)
(2.27294e-06 8.649e-09 5.37115e-22 -9.77032e-07 2.09747e-22 0)
(2.27542e-06 2.45333e-09 1.71276e-20 -9.73596e-07 2.0901e-22 0)
(1.28705e-06 7.02153e-08 -6.16878e-22 -5.57776e-07 1.699e-20 1.51578e-35)
(1.38189e-06 6.92428e-08 -2.96661e-22 -5.97634e-07 1.69855e-20 -2.57811e-50)
(1.47575e-06 6.70556e-08 -3.16811e-22 -6.36908e-07 1.68863e-20 -2.56668e-50)
(1.56592e-06 6.45167e-08 1.48829e-35 -6.74824e-07 1.73317e-20 0)
(1.65249e-06 6.12736e-08 3.54753e-22 -7.11148e-07 1.78143e-20 0)
(1.73414e-06 5.77524e-08 3.72283e-22 -7.4549e-07 1.7764e-20 2.53712e-50)
(1.81083e-06 5.39264e-08 -3.88746e-22 -7.77717e-07 1.65789e-20 -5.05777e-50)
(1.88199e-06 4.99707e-08 -4.04021e-22 -8.0765e-07 1.65231e-20 1.73699e-64)
(1.94758e-06 4.59194e-08 4.18103e-22 -8.35245e-07 1.76301e-20 -7.54458e-50)
(2.00743e-06 4.18367e-08 2.96605e-35 -8.60441e-07 1.70129e-20 -5.01804e-50)
(2.06155e-06 3.77315e-08 0 -8.8323e-07 1.69784e-20 0)
(2.10986e-06 3.36013e-08 -2.56173e-35 -9.03597e-07 1.69489e-20 -4.99914e-50)
(2.15235e-06 2.94134e-08 5.44304e-36 -9.21527e-07 1.69241e-20 -9.98368e-50)
(2.18891e-06 2.51199e-08 3.83363e-36 -9.36989e-07 1.69041e-20 -9.97186e-50)
(2.21936e-06 2.06685e-08 5.4516e-36 -9.49915e-07 1.68886e-20 -9.96274e-50)
(2.24355e-06 1.6018e-08 7.1016e-36 -9.60244e-07 1.68778e-20 -9.95635e-50)
(2.26112e-06 1.12125e-08 -4.85413e-22 -9.6784e-07 1.63199e-20 -4.97626e-50)
(2.27223e-06 6.44292e-09 2.89714e-35 -9.72721e-07 1.68691e-20 0)
(2.27658e-06 2.37481e-09 0 -9.74732e-07 1.68698e-20 0)
(2.27627e-06 9.48283e-10 1.65618e-20 -9.73931e-07 1.68721e-20 0)
(2.5384e-06 1.90439e-07 9.81723e-22 -2.80731e-08 1.93738e-22 0)
(2.61318e-06 3.35881e-07 -1.31344e-22 -1.39605e-07 -4.34476e-23 0)
(2.75241e-06 4.84873e-07 -9.05543e-22 -3.21343e-07 -5.05609e-22 0)
(2.91226e-06 5.74331e-07 1.112e-22 -5.46559e-07 7.6704e-23 0)
(3.0805e-06 6.06553e-07 -3.21113e-22 -7.9064e-07 -2.22976e-22 0)
(3.23238e-06 5.76494e-07 3.41827e-22 -1.03203e-06 3.7441e-22 0)
(3.35448e-06 4.89295e-07 1.15126e-21 -1.25267e-06 8.2088e-22 0)
(3.43382e-06 3.52806e-07 -5.24708e-22 -1.43783e-06 -3.88861e-22 0)
(3.46617e-06 1.81384e-07 -7.75184e-22 -1.57961e-06 -5.98918e-22 0)
(3.44187e-06 -1.52192e-08 0 -1.65435e-06 0 0)
(2.40461e-06 1.71313e-07 3.02703e-23 -3.01391e-08 8.8267e-24 0)
(2.47608e-06 3.06119e-07 1.15724e-21 -1.34135e-07 4.46969e-22 0)
(2.60541e-06 4.53053e-07 1.24711e-21 -2.95291e-07 6.88549e-22 0)
(2.75641e-06 5.53659e-07 1.15787e-21 -4.95238e-07 7.7337e-22 0)
(2.92185e-06 6.08474e-07 -2.84936e-22 -7.15053e-07 -2.01931e-22 0)
(3.08045e-06 6.10095e-07 -1.44538e-21 -9.37394e-07 -1.19023e-21 0)
(3.22039e-06 5.61085e-07 -1.25579e-21 -1.14721e-06 -9.01211e-22 0)
(3.32685e-06 4.64859e-07 1.87004e-21 -1.33029e-06 1.47025e-21 0)
(3.39171e-06 3.33533e-07 -5.37053e-22 -1.48149e-06 -3.48032e-22 0)
(3.39832e-06 1.43006e-07 8.67764e-22 -1.5865e-06 6.93185e-22 0)
(2.2845e-06 1.50975e-07 -5.49158e-23 -3.35414e-08 -1.94312e-23 0)
(2.35384e-06 2.77342e-07 -1.01061e-21 -1.34948e-07 -3.77863e-22 0)
(2.47368e-06 4.20765e-07 -1.03578e-21 -2.83151e-07 -5.56812e-22 0)
(2.6125e-06 5.26842e-07 1.45352e-21 -4.64977e-07 9.5799e-22 0)
(2.76678e-06 5.95156e-07 1.29534e-21 -6.65825e-07 9.72894e-22 0)
(2.91855e-06 6.16799e-07 1.39176e-21 -8.72023e-07 1.13789e-21 0)
(3.05904e-06 5.93107e-07 -6.98575e-24 -1.07162e-06 1.23379e-24 0)
(3.17733e-06 5.25255e-07 -1.11757e-21 -1.25236e-06 -1.03898e-21 0)
(3.26614e-06 4.29488e-07 -1.75859e-24 -1.40827e-06 2.92859e-24 0)
(3.31984e-06 2.76361e-07 2.84805e-22 -1.52726e-06 8.3115e-23 0)
(2.17479e-06 1.28256e-07 0 -3.74012e-08 0 0)
(2.24369e-06 2.47353e-07 3.32106e-22 -1.37742e-07 9.52167e-23 0)
(2.357e-06 3.87323e-07 -3.71044e-22 -2.74707e-07 -2.42788e-22 0)
(2.4864e-06 4.97773e-07 -9.82326e-22 -4.39293e-07 -6.78121e-22 0)
(2.63165e-06 5.78271e-07 7.24533e-22 -6.20455e-07 5.47234e-22 0)
(2.77729e-06 6.19032e-07 -1.0812e-21 -8.07672e-07 -8.7522e-22 0)
(2.91577e-06 6.20017e-07 -4.27833e-22 -9.91614e-07 -4.36122e-22 0)
(3.03847e-06 5.78618e-07 1.25329e-21 -1.16287e-06 1.07187e-21 0)
(3.13477e-06 5.08992e-07 -5.30705e-24 -1.31626e-06 1.89974e-24 0)
(3.21433e-06 3.82923e-07 1.71615e-21 -1.44712e-06 1.48489e-21 0)
(2.07199e-06 1.02852e-07 3.74984e-22 -4.12624e-08 5.16678e-23 0)
(2.14115e-06 2.15435e-07 5.28526e-22 -1.42554e-07 2.03338e-22 0)
(2.24908e-06 3.51081e-07 0 -2.72162e-07 0 0)
(2.36957e-06 4.6286e-07 -6.03101e-22 -4.23905e-07 -4.01067e-22 0)
(2.50502e-06 5.50557e-07 -4.75076e-22 -5.89476e-07 -3.48835e-22 0)
(2.64262e-06 6.04255e-07 2.5179e-22 -7.60998e-07 2.07729e-22 0)
(2.77629e-06 6.23737e-07 -5.92433e-22 -9.3102e-07 -4.87475e-22 0)
(2.90098e-06 6.05333e-07 -4.18121e-22 -1.09221e-06 -2.96214e-22 0)
(3.0017e-06 5.6117e-07 -3.79819e-22 -1.2378e-06 -2.92555e-22 0)
(3.09763e-06 4.67332e-07 -1.8987e-21 -1.3661e-06 -1.48686e-21 0)
(1.97526e-06 7.52207e-08 -7.1869e-22 -4.50463e-08 -8.23293e-23 0)
(2.04548e-06 1.82707e-07 4.42585e-22 -1.48072e-07 1.53365e-22 0)
(2.14968e-06 3.14838e-07 1.29699e-21 -2.71833e-07 6.31526e-22 0)
(2.26291e-06 4.27575e-07 -4.25369e-22 -4.12274e-07 -2.60545e-22 0)
(2.38963e-06 5.21016e-07 -6.45204e-22 -5.63207e-07 -4.87608e-22 0)
(2.51902e-06 5.85219e-07 4.62355e-22 -7.1905e-07 3.92577e-22 0)
(2.64574e-06 6.19397e-07 5.30832e-22 -8.7415e-07 4.5474e-22 0)
(2.76821e-06 6.19242e-07 2.59763e-22 -1.02382e-06 2.45661e-22 0)
(2.86849e-06 5.93871e-07 1.02048e-21 -1.16123e-06 8.21449e-22 0)
(2.97302e-06 5.2766e-07 -7.04281e-22 -1.28521e-06 -6.28422e-22 0)
(1.88246e-06 4.49773e-08 0 -4.87428e-08 0 0)
(1.95412e-06 1.48265e-07 -1.89016e-22 -1.54421e-07 -1.32278e-22 0)
(2.05558e-06 2.7713e-07 4.85174e-22 -2.74416e-07 2.49272e-22 0)
(2.1626e-06 3.89937e-07 4.064e-22 -4.06176e-07 2.40394e-22 0)
(2.28137e-06 4.87128e-07 -1.31779e-21 -5.45138e-07 -9.40445e-22 0)
(2.4029e-06 5.59151e-07 -4.6146e-22 -6.87517e-07 -3.67516e-22 0)
(2.52245e-06 6.04933e-07 1.26661e-21 -8.28912e-07 1.08642e-21 0)
(2.64123e-06 6.20492e-07 -8.173e-22 -9.66417e-07 -7.39507e-22 0)
(2.73916e-06 6.11408e-07 3.66955e-22 -1.09347e-06 2.54363e-22 0)
(2.84612e-06 5.69337e-07 2.24256e-21 -1.20853e-06 1.99611e-21 0)
(1.7928e-06 1.24649e-08 3.08735e-22 -5.22482e-08 3.01987e-24 0)
(1.86626e-06 1.12639e-07 -6.20908e-23 -1.60958e-07 -4.7021e-23 0)
(1.96588e-06 2.39075e-07 1.99998e-24 -2.78244e-07 2.17997e-24 0)
(2.06772e-06 3.51974e-07 1.3237e-22 -4.02643e-07 1.11761e-22 0)
(2.1794e-06 4.52e-07 -7.59186e-22 -5.30929e-07 -5.90193e-22 0)
(2.29336e-06 5.30041e-07 4.60712e-23 -6.6089e-07 9.76638e-25 0)
(2.4055e-06 5.84626e-07 -5.12443e-24 -7.89401e-07 -4.59636e-24 0)
(2.51916e-06 6.12557e-07 -1.56975e-21 -9.15079e-07 -1.41379e-21 0)
(2.61366e-06 6.16426e-07 -1.433e-21 -1.03218e-06 -1.20833e-21 0)
(2.71954e-06 5.94391e-07 8.80681e-22 -1.13761e-06 8.44301e-22 0)
(1.70505e-06 -2.24759e-08 4.06628e-23 -5.56578e-08 3.08951e-23 0)
(1.78051e-06 7.54451e-08 -1.53659e-22 -1.67845e-07 7.52155e-23 0)
(1.87893e-06 2.00117e-07 -3.51774e-22 -2.83558e-07 -1.37351e-22 0)
(1.97635e-06 3.13103e-07 1.13436e-21 -4.02067e-07 6.31485e-22 0)
(2.08176e-06 4.15212e-07 3.16691e-22 -5.21268e-07 2.79905e-22 0)
(2.18872e-06 4.97897e-07 -1.48969e-21 -6.40204e-07 -1.19482e-21 0)
(2.29385e-06 5.59365e-07 1.14132e-21 -7.5685e-07 9.99433e-22 0)
(2.40178e-06 5.9734e-07 7.54757e-22 -8.70866e-07 7.1524e-22 0)
(2.4923e-06 6.11909e-07 -1.37884e-21 -9.77703e-07 -1.16785e-21 0)
(2.59484e-06 6.06076e-07 -2.60455e-21 -1.07291e-06 -2.35891e-21 0)
(1.6185e-06 -5.96724e-08 5.98875e-23 -5.89311e-08 4.88215e-23 0)
(1.69612e-06 3.68848e-08 8.09558e-22 -1.74844e-07 2.51138e-22 0)
(1.7938e-06 1.60641e-07 9.21108e-22 -2.89669e-07 2.86975e-22 0)
(1.88735e-06 2.73995e-07 -7.29594e-22 -4.03136e-07 -3.93028e-22 0)
(1.98706e-06 3.77756e-07 8.11613e-22 -5.14225e-07 7.27462e-22 0)
(2.08744e-06 4.63953e-07 3.64329e-22 -6.23094e-07 3.24545e-22 0)
(2.18595e-06 5.30559e-07 9.17362e-22 -7.28839e-07 7.94181e-22 0)
(2.28791e-06 5.76267e-07 2.62204e-21 -8.31876e-07 2.3947e-21 0)
(2.37437e-06 5.9943e-07 7.82261e-22 -9.28895e-07 6.59062e-22 0)
(2.47249e-06 6.06462e-07 -8.60776e-22 -1.01424e-06 -8.82461e-22 0)
(1.53242e-06 -9.91814e-08 -9.86334e-23 -6.21818e-08 -8.54472e-23 0)
(1.61229e-06 -3.13555e-09 7.3788e-22 -1.82109e-07 -4.1103e-23 0)
(1.70947e-06 1.20552e-07 5.51736e-22 -2.96634e-07 1.28639e-22 0)
(1.79942e-06 2.34622e-07 -9.15501e-22 -4.05701e-07 -4.2261e-22 0)
(1.89383e-06 3.39744e-07 -1.05397e-21 -5.09447e-07 -7.72854e-22 0)
(1.98801e-06 4.28563e-07 1.36163e-21 -6.09028e-07 1.12349e-21 0)
(2.08037e-06 4.98949e-07 8.48574e-22 -7.04629e-07 7.37651e-22 0)
(2.17644e-06 5.50482e-07 7.03687e-22 -7.97224e-07 5.98311e-22 0)
(2.25895e-06 5.80416e-07 7.59685e-22 -8.84727e-07 6.28124e-22 0)
(2.35228e-06 5.97369e-07 -2.79256e-27 -9.60753e-07 -2.24116e-27 0)
(1.44633e-06 -1.40933e-07 -5.82275e-22 -6.54927e-08 4.45911e-23 0)
(1.52849e-06 -4.44047e-08 -7.46476e-22 -1.89725e-07 -1.97989e-22 0)
(1.62516e-06 8.01924e-08 -3.11178e-22 -3.04293e-07 -9.41205e-23 0)
(1.71144e-06 1.95411e-07 -3.29788e-22 -4.09201e-07 -1.6216e-22 0)
(1.80066e-06 3.01626e-07 -1.18414e-21 -5.0596e-07 -8.88683e-22 0)
(1.88884e-06 3.92179e-07 -7.56242e-22 -5.96747e-07 -5.90521e-22 0)
(1.97547e-06 4.65016e-07 6.12161e-22 -6.82833e-07 5.42049e-22 0)
(2.06591e-06 5.20563e-07 6.36976e-22 -7.65629e-07 6.27292e-22 0)
(2.14478e-06 5.55539e-07 1.16978e-21 -8.44097e-07 1.19552e-21 0)
(2.23348e-06 5.79866e-07 2.1442e-22 -9.11558e-07 2.5899e-22 0)
(1.35999e-06 -1.84996e-07 3.1506e-22 -6.91792e-08 -5.5205e-25 0)
(1.44437e-06 -8.67526e-08 3.29813e-22 -1.98002e-07 5.86236e-23 0)
(1.54007e-06 3.98574e-08 -2.04975e-22 -3.12615e-07 8.04499e-24 0)
(1.62219e-06 1.56697e-07 3.14552e-24 -4.13085e-07 2.73835e-24 0)
(1.70595e-06 2.63698e-07 -8.41329e-22 -5.02764e-07 -5.83325e-22 0)
(1.7882e-06 3.5507e-07 -3.56294e-22 -5.8492e-07 -3.02886e-22 0)
(1.86948e-06 4.29057e-07 5.19859e-22 -6.61888e-07 5.05921e-22 0)
(1.9547e-06 4.86902e-07 2.64638e-28 -7.35432e-07 2.09271e-28 0)
(2.03043e-06 5.25219e-07 5.23219e-28 -8.05363e-07 3.99202e-28 0)
(2.11503e-06 5.5462e-07 3.04807e-22 -8.65078e-07 7.08684e-23 0)
(1.27352e-06 -2.31401e-07 0 -7.36657e-08 0 0)
(1.35982e-06 -1.29423e-07 5.56044e-23 -2.07513e-07 5.69241e-23 0)
(1.45349e-06 5.22615e-10 9.07071e-23 -3.21865e-07 8.90521e-23 0)
(1.53036e-06 1.19336e-07 3.00476e-22 -4.17212e-07 1.36734e-22 0)
(1.60799e-06 2.26473e-07 1.54367e-22 -4.99323e-07 1.3401e-22 0)
(1.68418e-06 3.17413e-07 4.96421e-24 -5.72769e-07 4.0385e-24 0)
(1.76043e-06 3.90985e-07 2.0926e-22 -6.40885e-07 1.62721e-22 0)
(1.84101e-06 4.49291e-07 -3.90118e-22 -7.05715e-07 -3.84269e-22 0)
(1.9143e-06 4.89166e-07 -5.09532e-22 -7.6767e-07 -3.64176e-22 0)
(1.99562e-06 5.215e-07 7.15815e-22 -8.20497e-07 6.73995e-22 0)
(1.18798e-06 -2.80329e-07 0 -8.03782e-08 0 0)
(1.2753e-06 -1.71588e-07 0 -2.1918e-07 0 0)
(1.36444e-06 -3.6799e-08 -2.68173e-22 -3.31587e-07 -2.73958e-22 0)
(1.43406e-06 8.41326e-08 0 -4.19828e-07 0 0)
(1.50437e-06 1.90392e-07 -9.25573e-22 -4.93087e-07 -6.60506e-22 0)
(1.5743e-06 2.79292e-07 3.95602e-22 -5.57358e-07 3.07595e-22 0)
(1.64596e-06 3.50629e-07 1.25003e-21 -6.16781e-07 1.11998e-21 0)
(1.72274e-06 4.07429e-07 8.65064e-22 -6.7349e-07 9.59617e-22 0)
(1.79458e-06 4.46973e-07 -4.1416e-22 -7.2823e-07 -4.39451e-22 0)
(1.87384e-06 4.80148e-07 -1.53219e-21 -7.75218e-07 -1.56777e-21 0)
(1.10528e-06 -3.3177e-07 -1.74281e-23 -9.08463e-08 -2.45273e-23 0)
(1.19148e-06 -2.10033e-07 6.8905e-22 -2.34608e-07 -1.40338e-22 0)
(1.27163e-06 -6.8854e-08 1.67838e-22 -3.42576e-07 1.83953e-22 0)
(1.33099e-06 5.32135e-08 6.94956e-24 -4.21469e-07 5.51595e-24 0)
(1.39238e-06 1.56247e-07 -5.69561e-22 -4.84394e-07 -3.74653e-22 0)
(1.45581e-06 2.40444e-07 -1.27741e-21 -5.39053e-07 -1.02705e-21 0)
(1.52353e-06 3.06995e-07 1.41496e-21 -5.90006e-07 1.23529e-21 0)
(1.59765e-06 3.59881e-07 2.51079e-22 -6.3928e-07 1.56083e-22 0)
(1.66944e-06 3.96945e-07 8.36877e-22 -6.87653e-07 4.95929e-22 0)
(1.74818e-06 4.28836e-07 3.89324e-22 -7.29885e-07 4.53182e-22 0)
(1.03161e-06 -3.85073e-07 -1.98762e-22 -1.12034e-07 1.39038e-22 0)
(1.1103e-06 -2.41978e-07 -6.43823e-22 -2.56406e-07 1.95414e-22 0)
(1.17208e-06 -9.33369e-08 2.43494e-22 -3.51608e-07 2.90304e-22 0)
(1.21646e-06 2.75509e-08 1.06021e-22 -4.15442e-07 -1.45338e-22 0)
(1.26721e-06 1.24156e-07 5.04051e-22 -4.65413e-07 3.81967e-22 0)
(1.32455e-06 2.00297e-07 -9.61835e-22 -5.09904e-07 -7.56233e-22 0)
(1.38972e-06 2.59155e-07 8.1098e-24 -5.53049e-07 5.96767e-24 0)
(1.46309e-06 3.0555e-07 8.91713e-22 -5.96176e-07 8.52884e-22 0)
(1.53688e-06 3.37924e-07 -2.95155e-22 -6.39774e-07 -1.52492e-22 0)
(1.6173e-06 3.66404e-07 -3.09189e-22 -6.79042e-07 -1.5123e-22 0)
(9.75986e-07 -4.33159e-07 1.26485e-30 -1.48378e-07 -1.87129e-30 0)
(1.03177e-06 -2.52661e-07 4.89811e-23 -2.86697e-07 1.5525e-22 0)
(1.06131e-06 -9.98352e-08 2.80045e-22 -3.60196e-07 -4.64804e-22 0)
(1.08514e-06 1.14947e-08 -1.24672e-22 -4.05392e-07 -1.14128e-22 0)
(1.12418e-06 9.41841e-08 -6.71642e-22 -4.41212e-07 -4.91285e-22 0)
(1.17657e-06 1.5651e-07 0 -4.76042e-07 0 0)
(1.24148e-06 2.03439e-07 -5.25245e-22 -5.12585e-07 -2.70037e-22 0)
(1.31674e-06 2.40064e-07 2.79751e-22 -5.51075e-07 3.44009e-22 0)
(1.39528e-06 2.65235e-07 6.00011e-22 -5.9139e-07 7.77576e-22 0)
(1.4801e-06 2.88049e-07 -3.25592e-22 -6.29244e-07 -4.58223e-22 0)
(9.75793e-07 -4.55643e-07 -6.33366e-22 -2.36895e-07 7.29977e-22 0)
(9.49745e-07 -2.36025e-07 3.75126e-22 -3.25099e-07 -2.80586e-22 0)
(9.23532e-07 -8.68171e-08 5.39969e-22 -3.48744e-07 -2.68481e-24 0)
(9.2228e-07 3.22459e-09 -1.96249e-22 -3.64744e-07 4.95893e-23 0)
(9.52678e-07 6.47719e-08 -3.69748e-22 -3.85959e-07 -2.63481e-22 0)
(1.00487e-06 1.07861e-07 -2.37751e-22 -4.13489e-07 -1.12653e-22 0)
(1.07426e-06 1.39273e-07 0 -4.46924e-07 0 0)
(1.15592e-06 1.63419e-07 -3.23375e-22 -4.84451e-07 -1.23326e-22 0)
(1.24317e-06 1.79446e-07 3.5146e-22 -5.25156e-07 1.26106e-22 0)
(1.33603e-06 1.94705e-07 -2.03981e-27 -5.65194e-07 -6.96171e-28 0)
(1.08315e-06 -2.6226e-07 7.99893e-23 -3.84163e-07 1.78428e-20 -6.0712e-35)
(8.32687e-07 -1.05028e-07 7.32319e-22 -3.51003e-07 1.78234e-20 6.07279e-35)
(7.45505e-07 -3.29585e-08 1.74164e-22 -3.24968e-07 1.8552e-20 -5.98193e-35)
(7.18533e-07 1.44331e-09 5.98983e-22 -3.16984e-07 1.84066e-20 -1.93342e-35)
(7.47853e-07 2.35128e-08 3.60586e-22 -3.3002e-07 1.8223e-20 1.91514e-35)
(8.05889e-07 3.82637e-08 2.50546e-23 -3.54811e-07 1.77582e-20 1.81606e-35)
(8.85654e-07 4.89146e-08 4.69468e-22 -3.88576e-07 1.7973e-20 -2.65176e-38)
(9.79101e-07 5.7163e-08 9.68666e-23 -4.27884e-07 1.77573e-20 1.6973e-35)
(1.07982e-06 6.25585e-08 6.50348e-22 -4.70702e-07 1.81273e-20 6.53408e-38)
(1.18517e-06 6.80143e-08 -3.05047e-22 -5.14604e-07 1.781e-20 3.08337e-35)
)
;

boundaryField
{
    left
    {
        type            calculated;
        value           nonuniform List<symmTensor> 
30
(
(2.52586e-06 8.31036e-08 9.81723e-22 -2.80731e-08 1.93738e-22 0)
(2.3912e-06 7.41318e-08 3.02703e-23 -3.01391e-08 8.8267e-24 0)
(2.27015e-06 6.23197e-08 -5.49158e-23 -3.35414e-08 -1.94312e-23 0)
(2.15924e-06 4.62272e-08 0 -3.74012e-08 0 0)
(2.0552e-06 2.61361e-08 3.74984e-22 -4.12624e-08 5.16678e-23 0)
(1.9572e-06 2.61813e-09 -7.1869e-22 -4.50463e-08 -8.23293e-23 0)
(1.86314e-06 -2.44771e-08 0 -4.87428e-08 0 0)
(1.77225e-06 -5.46509e-08 3.08735e-22 -5.22482e-08 3.01987e-24 0)
(1.68328e-06 -8.79451e-08 4.06628e-23 -5.56578e-08 3.08951e-23 0)
(1.59555e-06 -1.24075e-07 5.98875e-23 -5.89311e-08 4.88215e-23 0)
(1.50828e-06 -1.63025e-07 -9.86334e-23 -6.21818e-08 -8.54472e-23 0)
(1.42095e-06 -2.04677e-07 -5.82275e-22 -6.54927e-08 4.45911e-23 0)
(1.33327e-06 -2.49085e-07 3.1506e-22 -6.91792e-08 -5.5205e-25 0)
(1.24521e-06 -2.96448e-07 0 -7.36657e-08 0 0)
(1.15762e-06 -3.47165e-07 0 -8.03782e-08 0 0)
(1.07233e-06 -4.0256e-07 -1.74281e-23 -9.08463e-08 -2.45273e-23 0)
(9.96224e-07 -4.63222e-07 -1.98762e-22 -1.12034e-07 1.39038e-22 0)
(9.44045e-07 -5.29855e-07 1.26485e-30 -1.48378e-07 -1.87129e-30 0)
(9.87663e-07 -5.8728e-07 -6.33366e-22 -2.36895e-07 7.29977e-22 0)
(1.28098e-06 -4.9277e-07 2.50228e-23 -3.84163e-07 1.78428e-20 -6.0712e-35)
(9.4241e-06 1.78213e-06 2.53743e-21 -2.80297e-06 -3.8997e-20 -1.72715e-34)
(6.4901e-06 9.46069e-07 -3.71824e-22 -1.26261e-06 -6.45127e-22 0)
(5.22913e-06 4.3217e-07 1.6887e-21 -5.28112e-07 7.17637e-22 0)
(4.47846e-06 1.74702e-07 8.67678e-23 -2.60292e-07 1.21779e-22 0)
(3.97316e-06 9.94131e-08 2.965e-27 -1.22295e-07 2.75505e-27 0)
(3.58843e-06 6.96236e-08 1.61572e-21 -6.69865e-08 2.9195e-22 0)
(3.29214e-06 7.07149e-08 2.50018e-23 -3.75492e-08 7.25247e-24 0)
(3.04951e-06 7.61164e-08 1.23828e-21 -2.77142e-08 2.36063e-22 0)
(2.8494e-06 8.11624e-08 -1.36514e-23 -2.33735e-08 -8.7224e-25 0)
(2.67373e-06 8.63556e-08 -2.07867e-23 -2.50805e-08 -4.32965e-24 0)
)
;
    }
    right
    {
        type            calculated;
        value           nonuniform List<symmTensor> 
30
(
(2.27547e-06 1.83514e-09 2.9908e-20 -9.73438e-07 1.42659e-20 -2.81567e-35)
(2.27516e-06 1.83591e-09 3.24461e-20 -9.72721e-07 1.06446e-21 3.62905e-35)
(2.27807e-06 1.82945e-09 3.32246e-20 -9.79487e-07 2.37645e-22 2.7407e-38)
(2.28555e-06 1.81158e-09 3.14019e-20 -9.96947e-07 -2.29729e-21 -5.48087e-35)
(2.29674e-06 1.78451e-09 3.74245e-20 -1.02305e-06 2.39318e-21 5.6776e-35)
(2.3109e-06 1.75226e-09 3.94225e-20 -1.05606e-06 9.03054e-22 -4.33508e-37)
(2.32676e-06 1.71337e-09 4.13226e-20 -1.09303e-06 7.54095e-22 -1.87739e-37)
(2.34316e-06 1.67505e-09 4.49866e-20 -1.13131e-06 1.25257e-21 -5.25867e-37)
(2.35901e-06 1.63748e-09 4.40771e-20 -1.16826e-06 -9.65874e-22 -4.16789e-35)
(2.37326e-06 1.60454e-09 4.68399e-20 -1.20149e-06 -8.27121e-23 -1.83873e-37)
(2.38495e-06 1.57644e-09 4.97228e-20 -1.22876e-06 1.27048e-22 2.21254e-37)
(2.39365e-06 1.55487e-09 5.10892e-20 -1.24904e-06 -4.9135e-36 -1.50541e-49)
(2.39954e-06 1.54193e-09 5.14317e-20 -1.26277e-06 -2.71089e-22 -1.14936e-49)
(2.40273e-06 1.53438e-09 5.19481e-20 -1.27021e-06 -2.72687e-22 0)
(2.40271e-06 1.53445e-09 5.36416e-20 -1.27018e-06 5.4536e-22 0)
(2.39971e-06 1.5412e-09 5.20852e-20 -1.26318e-06 4.18585e-35 -7.67382e-50)
(2.39419e-06 1.5544e-09 5.12542e-20 -1.2503e-06 -5.57641e-36 -1.51028e-49)
(2.38613e-06 1.57362e-09 5.05648e-20 -1.23151e-06 2.64379e-22 1.22581e-64)
(2.37601e-06 1.59699e-09 4.7979e-20 -1.2079e-06 -2.5931e-22 -1.07186e-49)
(2.36421e-06 1.62575e-09 4.67105e-20 -1.18039e-06 3.73923e-35 -6.88198e-50)
(2.35127e-06 1.65532e-09 4.47445e-20 -1.1502e-06 -1.70128e-36 0)
(2.33773e-06 1.68766e-09 4.26862e-20 -1.11863e-06 -1.65458e-36 0)
(2.32419e-06 1.71989e-09 4.06291e-20 -1.08706e-06 -8.03946e-37 0)
(2.31128e-06 1.75101e-09 3.86656e-20 -1.05694e-06 -3.41821e-35 -5.69675e-50)
(2.29961e-06 1.77872e-09 3.68928e-20 -1.02973e-06 -1.34388e-36 -1.08711e-49)
(2.28976e-06 1.80169e-09 3.53908e-20 -1.00676e-06 3.15016e-35 -5.21427e-50)
(2.2823e-06 1.81956e-09 3.42612e-20 -9.89357e-07 6.09791e-35 -5.2169e-64)
(2.27745e-06 1.83082e-09 3.34969e-20 -9.78056e-07 -1.47077e-36 0)
(2.27554e-06 1.83523e-09 3.37501e-20 -9.73596e-07 2.0901e-22 0)
(2.27568e-06 1.83517e-09 3.31558e-20 -9.73931e-07 1.68721e-20 0)
)
;
    }
    down
    {
        type            calculated;
        value           nonuniform List<symmTensor> 
30
(
(-7.32087e-09 2.6839e-09 3.1299e-20 3.57962e-09 3.96378e-20 1.62371e-34)
(1.20063e-08 2.67611e-09 -9.32296e-23 -4.69943e-09 3.85516e-20 1.57127e-36)
(1.07528e-07 2.64101e-09 -1.18374e-21 -4.56128e-08 3.48324e-20 1.95707e-35)
(2.58203e-07 2.58457e-09 -2.17168e-24 -1.10149e-07 3.59935e-20 0)
(4.31775e-07 2.52013e-09 -1.60507e-22 -1.84494e-07 3.39471e-20 -1.56114e-36)
(6.13252e-07 2.45334e-09 -1.62182e-21 -2.62224e-07 3.54749e-20 3.25101e-35)
(7.90563e-07 2.38692e-09 3.64329e-22 -3.38169e-07 3.72203e-20 1.5473e-36)
(9.59631e-07 2.3242e-09 -1.07598e-21 -4.10584e-07 3.59137e-20 2.93011e-35)
(1.11474e-06 2.26644e-09 8.69303e-22 -4.7702e-07 3.61133e-20 -1.26671e-35)
(1.25844e-06 2.21255e-09 1.82473e-21 -5.38571e-07 3.54821e-20 -3.80653e-35)
(1.38783e-06 2.1651e-09 1.83877e-21 -5.9399e-07 3.64898e-20 -1.12921e-35)
(1.50058e-06 2.12337e-09 1.71998e-21 -6.42284e-07 3.50939e-20 -2.47382e-35)
(1.60416e-06 2.08502e-09 -1.72491e-22 -6.86649e-07 3.27664e-20 -1.43903e-35)
(1.69731e-06 2.04982e-09 1.62063e-22 -7.26545e-07 3.38794e-20 -6.29912e-37)
(1.78134e-06 2.01888e-09 -8.73619e-22 -7.62537e-07 3.3958e-20 3.73245e-35)
(1.85664e-06 1.99033e-09 5.68258e-22 -7.94792e-07 3.4359e-20 0)
(1.92416e-06 1.96602e-09 5.34705e-22 -8.23708e-07 3.42703e-20 0)
(1.98434e-06 1.9432e-09 1.05374e-21 -8.49484e-07 3.48684e-20 4.8207e-37)
(2.03789e-06 1.92255e-09 9.5765e-22 -8.72424e-07 3.42978e-20 -1.25807e-35)
(2.08523e-06 1.90506e-09 1.59475e-21 -8.92701e-07 3.54219e-20 8.15025e-37)
(2.12683e-06 1.88953e-09 1.88493e-21 -9.10518e-07 3.45514e-20 -3.79992e-35)
(2.16297e-06 1.87633e-09 -1.33151e-22 -9.25997e-07 3.3742e-20 1.2713e-35)
(2.19391e-06 1.86531e-09 1.83789e-21 -9.39249e-07 3.44595e-20 -3.8286e-35)
(2.2198e-06 1.85488e-09 -1.5575e-21 -9.50341e-07 3.17015e-20 -7.68062e-37)
(2.24073e-06 1.84828e-09 3.74552e-22 -9.59302e-07 3.43303e-20 1.30851e-35)
(2.25679e-06 1.84142e-09 2.26502e-22 -9.66183e-07 3.37734e-20 -3.09559e-45)
(2.26794e-06 1.83747e-09 -4.40201e-22 -9.70959e-07 3.30137e-20 -1.39598e-37)
(2.2746e-06 1.83461e-09 7.88737e-22 -9.73811e-07 3.4475e-20 1.00135e-37)
(2.27673e-06 1.83459e-09 4.29559e-22 -9.74721e-07 3.28086e-20 -3.94571e-35)
(2.27598e-06 1.83444e-09 1.35112e-20 -9.74403e-07 3.10952e-20 -2.81567e-35)
)
;
    }
    up
    {
        type            calculated;
        value           nonuniform List<symmTensor> 
30
(
(1.08315e-06 2.27831e-09 7.99893e-23 -4.63491e-07 3.61463e-20 -6.0712e-35)
(8.32687e-07 2.37167e-09 7.32319e-22 -3.56212e-07 3.61652e-20 6.07279e-35)
(7.45505e-07 2.40267e-09 1.74164e-22 -3.1887e-07 3.68624e-20 -5.98193e-35)
(7.18533e-07 2.41292e-09 5.98983e-22 -3.07318e-07 3.66611e-20 -1.93342e-35)
(7.47853e-07 2.40218e-09 3.60586e-22 -3.19875e-07 3.63941e-20 1.91514e-35)
(8.05889e-07 2.38068e-09 2.50546e-23 -3.44734e-07 3.58362e-20 1.81606e-35)
(8.85654e-07 2.35138e-09 4.69468e-22 -3.78899e-07 3.59525e-20 -2.65176e-38)
(9.79101e-07 2.31674e-09 9.68666e-23 -4.18923e-07 3.56375e-20 1.6973e-35)
(1.07982e-06 2.27898e-09 6.50348e-22 -4.62065e-07 3.59113e-20 6.53408e-38)
(1.18517e-06 2.23988e-09 -3.05047e-22 -5.07185e-07 3.54999e-20 3.08337e-35)
(1.28705e-06 2.20268e-09 -6.16878e-22 -5.50823e-07 3.45894e-20 1.51578e-35)
(1.38189e-06 2.16657e-09 -2.96661e-22 -5.91445e-07 3.45027e-20 -2.57811e-50)
(1.47575e-06 2.13214e-09 -3.16811e-22 -6.31647e-07 3.43259e-20 -2.56668e-50)
(1.56592e-06 2.09902e-09 1.48829e-35 -6.70268e-07 3.46989e-20 0)
(1.65249e-06 2.06602e-09 3.54753e-22 -7.07348e-07 3.51145e-20 0)
(1.73414e-06 2.03657e-09 3.72283e-22 -7.42323e-07 3.50028e-20 2.53712e-50)
(1.81083e-06 2.00788e-09 -3.88746e-22 -7.7517e-07 3.37618e-20 -5.05777e-50)
(1.88199e-06 1.98082e-09 -4.04021e-22 -8.05647e-07 3.36556e-20 1.73699e-64)
(1.94758e-06 1.9571e-09 4.18103e-22 -8.33743e-07 3.47176e-20 -7.54458e-50)
(2.00743e-06 1.93477e-09 2.96605e-35 -8.59378e-07 3.40608e-20 -5.01804e-50)
(2.06155e-06 1.91447e-09 0 -8.82555e-07 3.39917e-20 0)
(2.10986e-06 1.89618e-09 -2.56173e-35 -9.03251e-07 3.39325e-20 -4.99914e-50)
(2.15235e-06 1.8803e-09 5.44304e-36 -9.21447e-07 3.3883e-20 -9.98368e-50)
(2.18891e-06 1.86635e-09 3.83363e-36 -9.37107e-07 3.38428e-20 -9.97186e-50)
(2.21936e-06 1.85588e-09 5.4516e-36 -9.50151e-07 3.38119e-20 -9.96274e-50)
(2.24355e-06 1.84702e-09 7.1016e-36 -9.60512e-07 3.37902e-20 -9.95635e-50)
(2.26112e-06 1.84025e-09 -4.85413e-22 -9.68036e-07 3.32258e-20 -4.97626e-50)
(2.27223e-06 1.83555e-09 2.89714e-35 -9.72793e-07 3.37728e-20 0)
(2.27658e-06 1.83469e-09 0 -9.74656e-07 3.37741e-20 0)
(2.27627e-06 1.83468e-09 1.65618e-20 -9.74525e-07 3.37789e-20 0)
)
;
    }
    hole
    {
        type            calculated;
        value           nonuniform List<symmTensor> 
20
(
(1.39337e-06 -2.8843e-06 5.13838e-19 9.28485e-07 5.60428e-19 7.63796e-34)
(2.15973e-06 -3.3002e-06 5.34105e-19 5.6301e-07 6.82932e-19 4.59772e-35)
(3.04961e-06 -3.58787e-06 5.24631e-19 6.48281e-08 7.85164e-19 0)
(4.02452e-06 -3.71076e-06 4.69629e-19 -5.35344e-07 8.42631e-19 -2.54851e-35)
(5.03159e-06 -3.63763e-06 3.64777e-19 -1.19624e-06 7.9357e-19 -4.61971e-34)
(6.02619e-06 -3.3654e-06 2.48705e-19 -1.87142e-06 6.84423e-19 -4.4385e-34)
(6.93557e-06 -2.88652e-06 1.55154e-19 -2.50563e-06 5.29734e-19 -8.39603e-34)
(7.76871e-06 -2.23994e-06 7.59146e-20 -3.07354e-06 3.38487e-19 -2.70884e-35)
(8.40195e-06 -1.42409e-06 1.92147e-20 -3.50354e-06 1.27559e-19 1.48743e-34)
(8.96585e-06 -4.98706e-07 -5.94225e-22 -3.83071e-06 -7.89488e-20 -1.72715e-34)
(3.3976e-09 2.80425e-09 6.52865e-20 -2.86201e-09 2.43065e-20 1.62371e-34)
(3.36125e-09 3.0571e-09 6.80252e-20 -2.83008e-09 9.47767e-21 4.3621e-35)
(-2.78815e-08 -1.94249e-08 7.07965e-20 7.60635e-08 1.40441e-20 -1.94824e-36)
(-8.58541e-08 -9.92554e-08 8.44896e-20 2.44112e-07 2.24342e-20 -3.75611e-35)
(-1.44794e-07 -2.63192e-07 9.91547e-20 4.74753e-07 3.96078e-20 9.95997e-35)
(-1.70976e-07 -5.28615e-07 1.43521e-19 7.32739e-07 6.43258e-20 -1.51316e-34)
(-1.24927e-07 -8.95519e-07 2.15753e-19 9.70902e-07 1.18569e-19 -1.62356e-34)
(3.04393e-08 -1.34941e-06 3.05272e-19 1.14407e-06 1.98068e-19 -3.29316e-34)
(3.25257e-07 -1.86038e-06 3.88146e-19 1.21177e-06 3.06227e-19 4.5057e-34)
(7.78186e-07 -2.38805e-06 4.60506e-19 1.14504e-06 4.26138e-19 6.61796e-35)
)
;
    }
    frontAndBack
    {
        type            empty;
    }
}


// ************************************************************************* //
