/*--------------------------------*- C++ -*----------------------------------*\
  =========                 |
  \\      /  F ield         | OpenFOAM: The Open Source CFD Toolbox
   \\    /   O peration     | Website:  https://openfoam.org
    \\  /    A nd           | Version:  9
     \\/     M anipulation  |
\*---------------------------------------------------------------------------*/
FoamFile
{
    format      ascii;
    class       pointVectorField;
    location    "5";
    object      pointD;
}
// * * * * * * * * * * * * * * * * * * * * * * * * * * * * * * * * * * * * * //

dimensions      [0 1 0 0 0 0 0];

internalField   nonuniform List<vector> 
2142
(
(3.7045e-06 1.08644e-06 -3.5203e-20)
(3.43364e-06 1.25785e-06 0)
(3.24429e-06 1.38016e-06 0)
(3.1065e-06 1.47957e-06 0)
(3.00735e-06 1.56107e-06 0)
(2.93702e-06 1.63127e-06 0)
(2.8885e-06 1.69303e-06 0)
(2.85685e-06 1.74886e-06 0)
(2.83823e-06 1.80029e-06 0)
(2.82986e-06 1.84833e-06 0)
(2.8316e-06 1.90049e-06 0)
(3.38487e-06 9.96721e-07 -4.13987e-20)
(3.09814e-06 1.13182e-06 0)
(2.89936e-06 1.22705e-06 0)
(2.75557e-06 1.30516e-06 0)
(2.65237e-06 1.36905e-06 0)
(2.57905e-06 1.42434e-06 0)
(2.52802e-06 1.47302e-06 0)
(2.49401e-06 1.51722e-06 0)
(2.47288e-06 1.55795e-06 0)
(2.46175e-06 1.59642e-06 0)
(2.41265e-06 1.59841e-06 0)
(3.05227e-06 9.08497e-07 -4.60435e-20)
(2.75772e-06 1.00316e-06 0)
(2.5548e-06 1.06923e-06 0)
(2.40884e-06 1.12505e-06 0)
(2.30449e-06 1.17105e-06 0)
(2.23041e-06 1.21156e-06 0)
(2.17859e-06 1.24751e-06 0)
(2.14355e-06 1.2805e-06 0)
(2.121e-06 1.31095e-06 0)
(2.10785e-06 1.34006e-06 0)
(2.06386e-06 1.33717e-06 0)
(2.70803e-06 8.2255e-07 -4.84499e-20)
(2.41439e-06 8.74449e-07 0)
(2.21306e-06 9.10366e-07 0)
(2.06915e-06 9.43659e-07 0)
(1.96683e-06 9.72067e-07 0)
(1.89443e-06 9.98428e-07 0)
(1.84377e-06 1.02251e-06 0)
(1.80924e-06 1.04523e-06 0)
(1.78659e-06 1.06644e-06 0)
(1.77266e-06 1.08706e-06 0)
(1.73467e-06 1.08087e-06 0)
(2.35335e-06 7.39353e-07 -4.66855e-20)
(2.06956e-06 7.48092e-07 0)
(1.87585e-06 7.54063e-07 0)
(1.73846e-06 7.65485e-07 0)
(1.64159e-06 7.77284e-07 0)
(1.5735e-06 7.90674e-07 0)
(1.52604e-06 8.04149e-07 0)
(1.49364e-06 8.17888e-07 0)
(1.4722e-06 8.3115e-07 0)
(1.4586e-06 8.44453e-07 0)
(1.42689e-06 8.36418e-07 0)
(1.9899e-06 6.58878e-07 -4.07059e-20)
(1.72436e-06 6.2601e-07 0)
(1.54428e-06 6.03569e-07 0)
(1.41809e-06 5.94857e-07 0)
(1.33026e-06 5.91884e-07 0)
(1.26921e-06 5.94166e-07 0)
(1.22701e-06 5.98842e-07 0)
(1.19829e-06 6.05307e-07 0)
(1.17924e-06 6.12235e-07 0)
(1.16692e-06 6.19707e-07 0)
(1.14147e-06 6.11244e-07 0)
(1.61877e-06 5.80232e-07 -3.24271e-20)
(1.37885e-06 5.09291e-07 0)
(1.21856e-06 4.61466e-07 0)
(1.10851e-06 4.35742e-07 0)
(1.0335e-06 4.20931e-07 0)
(9.82231e-07 4.14776e-07 0)
(9.47244e-07 4.13025e-07 0)
(9.23616e-07 4.14309e-07 0)
(9.07958e-07 4.16793e-07 0)
(8.97671e-07 4.20144e-07 0)
(8.78215e-07 4.12574e-07 0)
(1.24316e-06 5.01079e-07 -2.25786e-20)
(1.03349e-06 3.97458e-07 0)
(8.99213e-07 3.29401e-07 0)
(8.10476e-07 2.91823e-07 0)
(7.51959e-07 2.69564e-07 0)
(7.12923e-07 2.58584e-07 0)
(6.86728e-07 2.53331e-07 0)
(6.69208e-07 2.51825e-07 0)
(6.57611e-07 2.519e-07 0)
(6.49852e-07 2.52927e-07 0)
(6.35971e-07 2.47321e-07 0)
(8.65073e-07 4.14354e-07 -1.19278e-20)
(6.86654e-07 2.8639e-07 0)
(5.86212e-07 2.07338e-07 0)
(5.24238e-07 1.66393e-07 0)
(4.85424e-07 1.43111e-07 0)
(4.60412e-07 1.31842e-07 0)
(4.43928e-07 1.26312e-07 0)
(4.32992e-07 1.24354e-07 0)
(4.25708e-07 1.23844e-07 0)
(4.2069e-07 1.24096e-07 0)
(4.11847e-07 1.2102e-07 0)
(5.08295e-07 3.0498e-07 -1.22369e-21)
(3.41294e-07 1.68609e-07 0)
(2.84241e-07 9.86255e-08 0)
(2.53688e-07 6.7232e-08 0)
(2.35762e-07 5.11681e-08 0)
(2.24567e-07 4.41835e-08 0)
(2.17209e-07 4.10881e-08 0)
(2.12306e-07 4.02412e-08 0)
(2.0896e-07 4.01903e-08 0)
(2.06541e-07 4.04952e-08 0)
(2.0219e-07 3.96017e-08 0)
(1.70912e-07 1.21222e-07 2.0241e-21)
(0 0 0)
(0 0 0)
(0 0 0)
(0 0 0)
(0 0 0)
(0 0 0)
(0 0 0)
(0 0 0)
(0 0 0)
(0 0 0)
(3.7045e-06 1.08644e-06 -3.5203e-20)
(3.43364e-06 1.25785e-06 0)
(3.24429e-06 1.38016e-06 0)
(3.1065e-06 1.47957e-06 0)
(3.00735e-06 1.56107e-06 0)
(2.93702e-06 1.63127e-06 0)
(2.8885e-06 1.69303e-06 0)
(2.85685e-06 1.74886e-06 0)
(2.83823e-06 1.80029e-06 0)
(2.82986e-06 1.84833e-06 0)
(2.8316e-06 1.90049e-06 0)
(3.38487e-06 9.96721e-07 -4.13987e-20)
(3.09814e-06 1.13182e-06 0)
(2.89936e-06 1.22705e-06 0)
(2.75557e-06 1.30516e-06 0)
(2.65237e-06 1.36905e-06 0)
(2.57905e-06 1.42434e-06 0)
(2.52802e-06 1.47302e-06 0)
(2.49401e-06 1.51722e-06 0)
(2.47288e-06 1.55795e-06 0)
(2.46175e-06 1.59642e-06 0)
(2.41265e-06 1.59841e-06 0)
(3.05227e-06 9.08497e-07 -4.60435e-20)
(2.75772e-06 1.00316e-06 0)
(2.5548e-06 1.06923e-06 0)
(2.40884e-06 1.12505e-06 0)
(2.30449e-06 1.17105e-06 0)
(2.23041e-06 1.21156e-06 0)
(2.17859e-06 1.24751e-06 0)
(2.14355e-06 1.2805e-06 0)
(2.121e-06 1.31095e-06 0)
(2.10785e-06 1.34006e-06 0)
(2.06386e-06 1.33717e-06 0)
(2.70803e-06 8.2255e-07 -4.84499e-20)
(2.41439e-06 8.74449e-07 0)
(2.21306e-06 9.10366e-07 0)
(2.06915e-06 9.43659e-07 0)
(1.96683e-06 9.72067e-07 0)
(1.89443e-06 9.98428e-07 0)
(1.84377e-06 1.02251e-06 0)
(1.80924e-06 1.04523e-06 0)
(1.78659e-06 1.06644e-06 0)
(1.77266e-06 1.08706e-06 0)
(1.73467e-06 1.08087e-06 0)
(2.35335e-06 7.39353e-07 -4.66855e-20)
(2.06956e-06 7.48092e-07 0)
(1.87585e-06 7.54063e-07 0)
(1.73846e-06 7.65485e-07 0)
(1.64159e-06 7.77284e-07 0)
(1.5735e-06 7.90674e-07 0)
(1.52604e-06 8.04149e-07 0)
(1.49364e-06 8.17888e-07 0)
(1.4722e-06 8.3115e-07 0)
(1.4586e-06 8.44453e-07 0)
(1.42689e-06 8.36418e-07 0)
(1.9899e-06 6.58878e-07 -4.07059e-20)
(1.72436e-06 6.2601e-07 0)
(1.54428e-06 6.03569e-07 0)
(1.41809e-06 5.94857e-07 0)
(1.33026e-06 5.91884e-07 0)
(1.26921e-06 5.94166e-07 0)
(1.22701e-06 5.98842e-07 0)
(1.19829e-06 6.05307e-07 0)
(1.17924e-06 6.12235e-07 0)
(1.16692e-06 6.19707e-07 0)
(1.14147e-06 6.11244e-07 0)
(1.61877e-06 5.80232e-07 -3.24271e-20)
(1.37885e-06 5.09291e-07 0)
(1.21856e-06 4.61466e-07 0)
(1.10851e-06 4.35742e-07 0)
(1.0335e-06 4.20931e-07 0)
(9.82231e-07 4.14776e-07 0)
(9.47244e-07 4.13025e-07 0)
(9.23616e-07 4.14309e-07 0)
(9.07958e-07 4.16793e-07 0)
(8.97671e-07 4.20144e-07 0)
(8.78215e-07 4.12574e-07 0)
(1.24316e-06 5.01079e-07 -2.25786e-20)
(1.03349e-06 3.97458e-07 0)
(8.99213e-07 3.29401e-07 0)
(8.10476e-07 2.91823e-07 0)
(7.51959e-07 2.69564e-07 0)
(7.12923e-07 2.58584e-07 0)
(6.86728e-07 2.53331e-07 0)
(6.69208e-07 2.51825e-07 0)
(6.57611e-07 2.519e-07 0)
(6.49852e-07 2.52927e-07 0)
(6.35971e-07 2.47321e-07 0)
(8.65073e-07 4.14354e-07 -1.19278e-20)
(6.86654e-07 2.8639e-07 0)
(5.86212e-07 2.07338e-07 0)
(5.24238e-07 1.66393e-07 0)
(4.85424e-07 1.43111e-07 0)
(4.60412e-07 1.31842e-07 0)
(4.43928e-07 1.26312e-07 0)
(4.32992e-07 1.24354e-07 0)
(4.25708e-07 1.23844e-07 0)
(4.2069e-07 1.24096e-07 0)
(4.11847e-07 1.2102e-07 0)
(5.08295e-07 3.0498e-07 -1.22369e-21)
(3.41294e-07 1.68609e-07 0)
(2.84241e-07 9.86255e-08 0)
(2.53688e-07 6.7232e-08 0)
(2.35762e-07 5.11681e-08 0)
(2.24567e-07 4.41835e-08 0)
(2.17209e-07 4.10881e-08 0)
(2.12306e-07 4.02412e-08 0)
(2.0896e-07 4.01903e-08 0)
(2.06541e-07 4.04952e-08 0)
(2.0219e-07 3.96017e-08 0)
(1.70912e-07 1.21222e-07 2.0241e-21)
(0 0 0)
(0 0 0)
(0 0 0)
(0 0 0)
(0 0 0)
(0 0 0)
(0 0 0)
(0 0 0)
(0 0 0)
(0 0 0)
(6.01103e-06 1.78365e-06 -2.49957e-21)
(6.05396e-06 1.95627e-06 -1.55622e-21)
(6.04878e-06 2.17823e-06 -1.69775e-21)
(6.0453e-06 2.38417e-06 -1.83663e-21)
(6.04895e-06 2.57373e-06 -1.97203e-21)
(6.06174e-06 2.74883e-06 -2.10458e-21)
(6.08442e-06 2.91173e-06 -2.23487e-21)
(6.1169e-06 3.06474e-06 -2.36349e-21)
(6.15877e-06 3.20978e-06 -2.49092e-21)
(6.20916e-06 3.34865e-06 -2.6176e-21)
(6.26751e-06 3.48209e-06 -2.70651e-21)
(5.87741e-06 1.71675e-06 -3.57719e-21)
(5.85915e-06 1.94849e-06 0)
(5.84391e-06 2.16904e-06 0)
(5.83581e-06 2.37194e-06 0)
(5.8369e-06 2.55725e-06 0)
(5.84785e-06 2.72723e-06 0)
(5.8686e-06 2.8844e-06 0)
(5.89866e-06 3.03125e-06 0)
(5.93742e-06 3.16985e-06 0)
(5.98399e-06 3.30214e-06 0)
(6.04122e-06 3.42973e-06 0)
(5.69554e-06 1.6884e-06 -3.69438e-21)
(5.65742e-06 1.92523e-06 0)
(5.62645e-06 2.14375e-06 0)
(5.60663e-06 2.34239e-06 0)
(5.59875e-06 2.52226e-06 0)
(5.60255e-06 2.6862e-06 0)
(5.61715e-06 2.83692e-06 0)
(5.64152e-06 2.9771e-06 0)
(5.67471e-06 3.10886e-06 0)
(5.71553e-06 3.23427e-06 0)
(5.77124e-06 3.35628e-06 0)
(5.50281e-06 1.64253e-06 -3.99386e-21)
(5.44064e-06 1.88711e-06 0)
(5.39092e-06 2.10282e-06 0)
(5.35622e-06 2.29563e-06 0)
(5.33641e-06 2.46834e-06 0)
(5.33038e-06 2.62468e-06 0)
(5.33654e-06 2.76769e-06 0)
(5.35332e-06 2.90016e-06 0)
(5.3794e-06 3.02429e-06 0)
(5.41325e-06 3.14218e-06 0)
(5.46735e-06 3.25876e-06 0)
(5.29574e-06 1.58338e-06 -4.9322e-21)
(5.20549e-06 1.83469e-06 0)
(5.13495e-06 2.04635e-06 0)
(5.08367e-06 2.2319e-06 0)
(5.05046e-06 2.39591e-06 0)
(5.03328e-06 2.54322e-06 0)
(5.02983e-06 2.67724e-06 0)
(5.03802e-06 2.8009e-06 0)
(5.05622e-06 2.91643e-06 0)
(5.08248e-06 3.02596e-06 0)
(5.13515e-06 3.13712e-06 0)
(5.07241e-06 1.51379e-06 -6.96124e-21)
(4.95082e-06 1.76821e-06 0)
(4.85817e-06 1.97368e-06 0)
(4.7897e-06 2.15022e-06 0)
(4.74278e-06 2.30397e-06 0)
(4.71419e-06 2.44087e-06 0)
(4.70094e-06 2.56467e-06 0)
(4.7004e-06 2.67845e-06 0)
(4.71061e-06 2.78449e-06 0)
(4.72926e-06 2.88484e-06 0)
(4.78091e-06 2.99065e-06 0)
(4.83206e-06 1.43632e-06 -1.03862e-20)
(4.67724e-06 1.6883e-06 0)
(4.56204e-06 1.88462e-06 0)
(4.47658e-06 2.05017e-06 0)
(4.41632e-06 2.19218e-06 0)
(4.37678e-06 2.31748e-06 0)
(4.35415e-06 2.43005e-06 0)
(4.34529e-06 2.53307e-06 0)
(4.3479e-06 2.62883e-06 0)
(4.35934e-06 2.71932e-06 0)
(4.41051e-06 2.81988e-06 0)
(4.57459e-06 1.35309e-06 -1.52676e-20)
(4.38633e-06 1.5958e-06 0)
(4.24913e-06 1.7794e-06 0)
(4.14756e-06 1.93175e-06 0)
(4.07496e-06 2.06055e-06 0)
(4.02541e-06 2.17319e-06 0)
(3.99428e-06 2.27371e-06 0)
(3.97793e-06 2.3653e-06 0)
(3.97366e-06 2.45021e-06 0)
(3.97862e-06 2.53028e-06 0)
(4.02989e-06 2.62579e-06 0)
(4.30035e-06 1.26597e-06 -2.13873e-20)
(4.08036e-06 1.49204e-06 0)
(3.92275e-06 1.65901e-06 0)
(3.80666e-06 1.79587e-06 0)
(3.72317e-06 1.91007e-06 0)
(3.66496e-06 2.00917e-06 0)
(3.62653e-06 2.09704e-06 0)
(3.60375e-06 2.17676e-06 0)
(3.59357e-06 2.25046e-06 0)
(3.59297e-06 2.31977e-06 0)
(3.64488e-06 2.41035e-06 0)
(4.01002e-06 1.17661e-06 -2.82643e-20)
(3.76191e-06 1.37871e-06 0)
(3.58658e-06 1.52513e-06 0)
(3.4582e-06 1.64426e-06 0)
(3.36572e-06 1.74262e-06 0)
(3.30048e-06 1.82749e-06 0)
(3.25618e-06 1.90235e-06 0)
(3.22824e-06 1.97004e-06 0)
(3.21323e-06 2.03243e-06 0)
(3.20819e-06 2.09074e-06 0)
(3.26101e-06 2.17636e-06 0)
(6.01103e-06 1.78365e-06 -2.49957e-21)
(6.05396e-06 1.95627e-06 -1.55622e-21)
(6.04878e-06 2.17823e-06 -1.69775e-21)
(6.0453e-06 2.38417e-06 -1.83663e-21)
(6.04895e-06 2.57373e-06 -1.97203e-21)
(6.06174e-06 2.74883e-06 -2.10458e-21)
(6.08442e-06 2.91173e-06 -2.23487e-21)
(6.1169e-06 3.06474e-06 -2.36349e-21)
(6.15877e-06 3.20978e-06 -2.49092e-21)
(6.20916e-06 3.34865e-06 -2.6176e-21)
(6.26751e-06 3.48209e-06 -2.70651e-21)
(5.87741e-06 1.71675e-06 -3.57719e-21)
(5.85915e-06 1.94849e-06 0)
(5.84391e-06 2.16904e-06 0)
(5.83581e-06 2.37194e-06 0)
(5.8369e-06 2.55725e-06 0)
(5.84785e-06 2.72723e-06 0)
(5.8686e-06 2.8844e-06 0)
(5.89866e-06 3.03125e-06 0)
(5.93742e-06 3.16985e-06 0)
(5.98399e-06 3.30214e-06 0)
(6.04122e-06 3.42973e-06 0)
(5.69554e-06 1.6884e-06 -3.69438e-21)
(5.65742e-06 1.92523e-06 0)
(5.62645e-06 2.14375e-06 0)
(5.60663e-06 2.34239e-06 0)
(5.59875e-06 2.52226e-06 0)
(5.60255e-06 2.6862e-06 0)
(5.61715e-06 2.83692e-06 0)
(5.64152e-06 2.9771e-06 0)
(5.67471e-06 3.10886e-06 0)
(5.71553e-06 3.23427e-06 0)
(5.77124e-06 3.35628e-06 0)
(5.50281e-06 1.64253e-06 -3.99386e-21)
(5.44064e-06 1.88711e-06 0)
(5.39092e-06 2.10282e-06 0)
(5.35622e-06 2.29563e-06 0)
(5.33641e-06 2.46834e-06 0)
(5.33038e-06 2.62468e-06 0)
(5.33654e-06 2.76769e-06 0)
(5.35332e-06 2.90016e-06 0)
(5.3794e-06 3.02429e-06 0)
(5.41325e-06 3.14218e-06 0)
(5.46735e-06 3.25876e-06 0)
(5.29574e-06 1.58338e-06 -4.9322e-21)
(5.20549e-06 1.83469e-06 0)
(5.13495e-06 2.04635e-06 0)
(5.08367e-06 2.2319e-06 0)
(5.05046e-06 2.39591e-06 0)
(5.03328e-06 2.54322e-06 0)
(5.02983e-06 2.67724e-06 0)
(5.03802e-06 2.8009e-06 0)
(5.05622e-06 2.91643e-06 0)
(5.08248e-06 3.02596e-06 0)
(5.13515e-06 3.13712e-06 0)
(5.07241e-06 1.51379e-06 -6.96124e-21)
(4.95082e-06 1.76821e-06 0)
(4.85817e-06 1.97368e-06 0)
(4.7897e-06 2.15022e-06 0)
(4.74278e-06 2.30397e-06 0)
(4.71419e-06 2.44087e-06 0)
(4.70094e-06 2.56467e-06 0)
(4.7004e-06 2.67845e-06 0)
(4.71061e-06 2.78449e-06 0)
(4.72926e-06 2.88484e-06 0)
(4.78091e-06 2.99065e-06 0)
(4.83206e-06 1.43632e-06 -1.03862e-20)
(4.67724e-06 1.6883e-06 0)
(4.56204e-06 1.88462e-06 0)
(4.47658e-06 2.05017e-06 0)
(4.41632e-06 2.19218e-06 0)
(4.37678e-06 2.31748e-06 0)
(4.35415e-06 2.43005e-06 0)
(4.34529e-06 2.53307e-06 0)
(4.3479e-06 2.62883e-06 0)
(4.35934e-06 2.71932e-06 0)
(4.41051e-06 2.81988e-06 0)
(4.57459e-06 1.35309e-06 -1.52676e-20)
(4.38633e-06 1.5958e-06 0)
(4.24913e-06 1.7794e-06 0)
(4.14756e-06 1.93175e-06 0)
(4.07496e-06 2.06055e-06 0)
(4.02541e-06 2.17319e-06 0)
(3.99428e-06 2.27371e-06 0)
(3.97793e-06 2.3653e-06 0)
(3.97366e-06 2.45021e-06 0)
(3.97862e-06 2.53028e-06 0)
(4.02989e-06 2.62579e-06 0)
(4.30035e-06 1.26597e-06 -2.13873e-20)
(4.08036e-06 1.49204e-06 0)
(3.92275e-06 1.65901e-06 0)
(3.80666e-06 1.79587e-06 0)
(3.72317e-06 1.91007e-06 0)
(3.66496e-06 2.00917e-06 0)
(3.62653e-06 2.09704e-06 0)
(3.60375e-06 2.17676e-06 0)
(3.59357e-06 2.25046e-06 0)
(3.59297e-06 2.31977e-06 0)
(3.64488e-06 2.41035e-06 0)
(4.01002e-06 1.17661e-06 -2.82643e-20)
(3.76191e-06 1.37871e-06 0)
(3.58658e-06 1.52513e-06 0)
(3.4582e-06 1.64426e-06 0)
(3.36572e-06 1.74262e-06 0)
(3.30048e-06 1.82749e-06 0)
(3.25618e-06 1.90235e-06 0)
(3.22824e-06 1.97004e-06 0)
(3.21323e-06 2.03243e-06 0)
(3.20819e-06 2.09074e-06 0)
(3.26101e-06 2.17636e-06 0)
(6.33386e-06 3.61175e-06 -2.72035e-21)
(6.40705e-06 3.73938e-06 -2.69695e-21)
(6.48593e-06 3.8651e-06 -2.67436e-21)
(6.56995e-06 3.98952e-06 -2.65255e-21)
(6.65858e-06 4.11314e-06 -2.63148e-21)
(6.7513e-06 4.23636e-06 -2.61112e-21)
(6.84767e-06 4.35955e-06 -2.59141e-21)
(6.94728e-06 4.483e-06 -2.57233e-21)
(7.04976e-06 4.60695e-06 -2.55381e-21)
(7.15478e-06 4.73162e-06 -2.53584e-21)
(7.26201e-06 4.85718e-06 -2.51838e-21)
(7.37115e-06 4.98379e-06 -2.50141e-21)
(7.48194e-06 5.11156e-06 -2.48493e-21)
(7.59407e-06 5.24058e-06 -2.46892e-21)
(7.70728e-06 5.37092e-06 -2.45338e-21)
(7.82128e-06 5.50258e-06 -2.43835e-21)
(7.93575e-06 5.6355e-06 -2.42381e-21)
(8.05038e-06 5.76952e-06 -2.40982e-21)
(8.16477e-06 5.90433e-06 -2.39642e-21)
(8.20265e-06 5.98832e-06 -3.77117e-22)
(6.112e-06 3.55549e-06 0)
(6.19139e-06 3.68042e-06 0)
(6.2754e-06 3.8037e-06 0)
(6.36358e-06 3.92598e-06 0)
(6.45554e-06 4.04774e-06 0)
(6.55091e-06 4.16938e-06 0)
(6.64935e-06 4.29122e-06 0)
(6.75055e-06 4.41355e-06 0)
(6.85422e-06 4.5366e-06 0)
(6.96008e-06 4.66056e-06 0)
(7.06789e-06 4.78561e-06 0)
(7.1774e-06 4.91187e-06 0)
(7.28839e-06 5.03948e-06 0)
(7.40063e-06 5.1685e-06 0)
(7.51391e-06 5.299e-06 0)
(7.62801e-06 5.43098e-06 0)
(7.74273e-06 5.56438e-06 0)
(7.85786e-06 5.69903e-06 0)
(7.97318e-06 5.83464e-06 0)
(8.08804e-06 5.97048e-06 1.64812e-21)
(5.84882e-06 3.4795e-06 0)
(5.93782e-06 3.60353e-06 0)
(6.03017e-06 3.726e-06 0)
(6.12551e-06 3.84761e-06 0)
(6.22365e-06 3.96886e-06 0)
(6.32433e-06 4.09012e-06 0)
(6.42735e-06 4.21174e-06 0)
(6.53249e-06 4.334e-06 0)
(6.63957e-06 4.45711e-06 0)
(6.7484e-06 4.58129e-06 0)
(6.85881e-06 4.70668e-06 0)
(6.97064e-06 4.83343e-06 0)
(7.08373e-06 4.96165e-06 0)
(7.19792e-06 5.09144e-06 0)
(7.31306e-06 5.22285e-06 0)
(7.42901e-06 5.35589e-06 0)
(7.54562e-06 5.49054e-06 0)
(7.66271e-06 5.62667e-06 0)
(7.78007e-06 5.76406e-06 0)
(7.89652e-06 5.90201e-06 1.67229e-21)
(5.55342e-06 3.38096e-06 0)
(5.6544e-06 3.50615e-06 0)
(5.75741e-06 3.62975e-06 0)
(5.86213e-06 3.75243e-06 0)
(5.96857e-06 3.87475e-06 0)
(6.07658e-06 3.99709e-06 0)
(6.18609e-06 4.11982e-06 0)
(6.297e-06 4.24321e-06 0)
(6.40923e-06 4.36751e-06 0)
(6.52267e-06 4.49292e-06 0)
(6.63726e-06 4.61962e-06 0)
(6.75289e-06 4.74775e-06 0)
(6.86949e-06 4.87744e-06 0)
(6.98698e-06 5.00879e-06 0)
(7.10526e-06 5.14188e-06 0)
(7.22424e-06 5.27676e-06 0)
(7.34382e-06 5.41345e-06 0)
(7.46387e-06 5.55191e-06 0)
(7.58416e-06 5.69207e-06 0)
(7.70305e-06 5.83339e-06 1.7389e-21)
(5.2311e-06 3.25971e-06 0)
(5.34598e-06 3.388e-06 0)
(5.46152e-06 3.51456e-06 0)
(5.57742e-06 3.64e-06 0)
(5.69391e-06 3.76495e-06 0)
(5.81091e-06 3.88979e-06 0)
(5.92851e-06 4.01493e-06 0)
(6.0467e-06 4.14067e-06 0)
(6.1655e-06 4.26728e-06 0)
(6.28492e-06 4.39497e-06 0)
(6.40496e-06 4.52395e-06 0)
(6.52562e-06 4.65438e-06 0)
(6.64688e-06 4.78639e-06 0)
(6.76873e-06 4.92013e-06 0)
(6.89114e-06 5.05569e-06 0)
(7.01408e-06 5.19318e-06 0)
(7.13748e-06 5.33268e-06 0)
(7.26125e-06 5.47428e-06 0)
(7.3852e-06 5.61803e-06 0)
(7.50735e-06 5.76359e-06 1.85071e-21)
(4.88787e-06 3.11511e-06 0)
(5.01808e-06 3.24849e-06 0)
(5.14755e-06 3.37992e-06 0)
(5.27598e-06 3.50984e-06 0)
(5.40384e-06 3.63903e-06 0)
(5.5311e-06 3.76785e-06 0)
(5.658e-06 3.89677e-06 0)
(5.78463e-06 4.02612e-06 0)
(5.91113e-06 4.1562e-06 0)
(6.03758e-06 4.28725e-06 0)
(6.16407e-06 4.41952e-06 0)
(6.29068e-06 4.55317e-06 0)
(6.41747e-06 4.68839e-06 0)
(6.54449e-06 4.82533e-06 0)
(6.67178e-06 4.96415e-06 0)
(6.79937e-06 5.105e-06 0)
(6.92723e-06 5.24803e-06 0)
(7.05533e-06 5.39346e-06 0)
(7.18353e-06 5.54146e-06 0)
(7.30967e-06 5.69187e-06 2.0041e-21)
(4.52924e-06 2.94768e-06 0)
(4.67572e-06 3.08807e-06 0)
(4.8201e-06 3.22619e-06 0)
(4.96202e-06 3.36227e-06 0)
(5.10219e-06 3.49725e-06 0)
(5.24065e-06 3.63148e-06 0)
(5.37777e-06 3.76551e-06 0)
(5.51373e-06 3.8997e-06 0)
(5.64875e-06 4.03439e-06 0)
(5.78302e-06 4.16988e-06 0)
(5.91672e-06 4.30642e-06 0)
(6.04998e-06 4.44423e-06 0)
(6.18296e-06 4.58352e-06 0)
(6.31575e-06 4.72449e-06 0)
(6.44848e-06 4.86732e-06 0)
(6.58122e-06 5.01222e-06 0)
(6.71401e-06 5.15943e-06 0)
(6.84689e-06 5.30925e-06 0)
(6.97979e-06 5.46198e-06 0)
(7.11057e-06 5.61764e-06 2.19349e-21)
(4.16075e-06 2.75836e-06 0)
(4.32388e-06 2.90753e-06 0)
(4.48368e-06 3.05404e-06 0)
(4.63964e-06 3.19789e-06 0)
(4.79272e-06 3.34014e-06 0)
(4.94299e-06 3.48118e-06 0)
(5.09095e-06 3.62162e-06 0)
(5.23685e-06 3.76185e-06 0)
(5.38101e-06 3.90228e-06 0)
(5.52368e-06 4.04325e-06 0)
(5.66511e-06 4.18504e-06 0)
(5.80554e-06 4.32791e-06 0)
(5.94516e-06 4.47212e-06 0)
(6.08415e-06 4.61788e-06 0)
(6.2227e-06 4.76543e-06 0)
(6.36093e-06 4.91503e-06 0)
(6.49899e-06 5.06697e-06 0)
(6.63695e-06 5.22165e-06 0)
(6.77488e-06 5.37945e-06 0)
(6.91083e-06 5.54057e-06 2.41156e-21)
(3.78781e-06 2.54893e-06 0)
(3.96743e-06 2.70847e-06 0)
(4.14269e-06 2.86484e-06 0)
(4.31287e-06 3.01788e-06 0)
(4.47908e-06 3.16869e-06 0)
(4.64147e-06 3.31779e-06 0)
(4.80059e-06 3.46579e-06 0)
(4.95678e-06 3.61318e-06 0)
(5.11043e-06 3.7604e-06 0)
(5.26185e-06 3.90784e-06 0)
(5.41137e-06 4.05582e-06 0)
(5.55928e-06 4.20464e-06 0)
(5.70584e-06 4.35458e-06 0)
(5.8513e-06 4.50589e-06 0)
(5.99591e-06 4.65885e-06 0)
(6.13986e-06 4.81374e-06 0)
(6.28337e-06 4.97091e-06 0)
(6.4266e-06 5.13081e-06 0)
(6.56974e-06 5.29389e-06 0)
(6.7113e-06 5.46055e-06 2.6503e-21)
(3.41529e-06 2.32191e-06 0)
(3.61055e-06 2.49298e-06 0)
(3.80068e-06 2.66023e-06 0)
(3.98492e-06 2.82374e-06 0)
(4.16425e-06 2.98431e-06 0)
(4.33887e-06 3.1426e-06 0)
(4.50933e-06 3.29924e-06 0)
(4.67602e-06 3.45479e-06 0)
(4.83936e-06 3.60975e-06 0)
(4.99975e-06 3.76455e-06 0)
(5.15755e-06 3.91957e-06 0)
(5.31311e-06 4.07513e-06 0)
(5.46677e-06 4.23154e-06 0)
(5.61884e-06 4.38909e-06 0)
(5.76961e-06 4.54806e-06 0)
(5.91937e-06 4.70879e-06 0)
(6.06839e-06 4.87161e-06 0)
(6.21695e-06 5.03702e-06 0)
(6.36536e-06 5.2055e-06 0)
(6.51286e-06 5.37769e-06 2.90069e-21)
(3.08461e-06 2.11537e-06 0)
(3.29151e-06 2.29636e-06 0)
(3.49275e-06 2.47249e-06 0)
(3.6879e-06 2.64485e-06 0)
(3.87755e-06 2.81391e-06 0)
(4.06199e-06 2.98034e-06 0)
(4.24165e-06 3.14474e-06 0)
(4.41692e-06 3.30768e-06 0)
(4.58824e-06 3.46966e-06 0)
(4.756e-06 3.63113e-06 0)
(4.92061e-06 3.79249e-06 0)
(5.08246e-06 3.95408e-06 0)
(5.24192e-06 4.11622e-06 0)
(5.39934e-06 4.27921e-06 0)
(5.55507e-06 4.44332e-06 0)
(5.70945e-06 4.60889e-06 0)
(5.86284e-06 4.77624e-06 0)
(6.01557e-06 4.94585e-06 0)
(6.1681e-06 5.11818e-06 0)
(6.32045e-06 5.29411e-06 3.12003e-21)
(6.33386e-06 3.61175e-06 -2.72035e-21)
(6.40705e-06 3.73938e-06 -2.69695e-21)
(6.48593e-06 3.8651e-06 -2.67436e-21)
(6.56995e-06 3.98952e-06 -2.65255e-21)
(6.65858e-06 4.11314e-06 -2.63148e-21)
(6.7513e-06 4.23636e-06 -2.61112e-21)
(6.84767e-06 4.35955e-06 -2.59141e-21)
(6.94728e-06 4.483e-06 -2.57233e-21)
(7.04976e-06 4.60695e-06 -2.55381e-21)
(7.15478e-06 4.73162e-06 -2.53584e-21)
(7.26201e-06 4.85718e-06 -2.51838e-21)
(7.37115e-06 4.98379e-06 -2.50141e-21)
(7.48194e-06 5.11156e-06 -2.48493e-21)
(7.59407e-06 5.24058e-06 -2.46892e-21)
(7.70728e-06 5.37092e-06 -2.45338e-21)
(7.82128e-06 5.50258e-06 -2.43835e-21)
(7.93575e-06 5.6355e-06 -2.42381e-21)
(8.05038e-06 5.76952e-06 -2.40982e-21)
(8.16477e-06 5.90433e-06 -2.39642e-21)
(8.20265e-06 5.98832e-06 -3.77117e-22)
(6.112e-06 3.55549e-06 0)
(6.19139e-06 3.68042e-06 0)
(6.2754e-06 3.8037e-06 0)
(6.36358e-06 3.92598e-06 0)
(6.45554e-06 4.04774e-06 0)
(6.55091e-06 4.16938e-06 0)
(6.64935e-06 4.29122e-06 0)
(6.75055e-06 4.41355e-06 0)
(6.85422e-06 4.5366e-06 0)
(6.96008e-06 4.66056e-06 0)
(7.06789e-06 4.78561e-06 0)
(7.1774e-06 4.91187e-06 0)
(7.28839e-06 5.03948e-06 0)
(7.40063e-06 5.1685e-06 0)
(7.51391e-06 5.299e-06 0)
(7.62801e-06 5.43098e-06 0)
(7.74273e-06 5.56438e-06 0)
(7.85786e-06 5.69903e-06 0)
(7.97318e-06 5.83464e-06 0)
(8.08804e-06 5.97048e-06 1.64812e-21)
(5.84882e-06 3.4795e-06 0)
(5.93782e-06 3.60353e-06 0)
(6.03017e-06 3.726e-06 0)
(6.12551e-06 3.84761e-06 0)
(6.22365e-06 3.96886e-06 0)
(6.32433e-06 4.09012e-06 0)
(6.42735e-06 4.21174e-06 0)
(6.53249e-06 4.334e-06 0)
(6.63957e-06 4.45711e-06 0)
(6.7484e-06 4.58129e-06 0)
(6.85881e-06 4.70668e-06 0)
(6.97064e-06 4.83343e-06 0)
(7.08373e-06 4.96165e-06 0)
(7.19792e-06 5.09144e-06 0)
(7.31306e-06 5.22285e-06 0)
(7.42901e-06 5.35589e-06 0)
(7.54562e-06 5.49054e-06 0)
(7.66271e-06 5.62667e-06 0)
(7.78007e-06 5.76406e-06 0)
(7.89652e-06 5.90201e-06 1.67229e-21)
(5.55342e-06 3.38096e-06 0)
(5.6544e-06 3.50615e-06 0)
(5.75741e-06 3.62975e-06 0)
(5.86213e-06 3.75243e-06 0)
(5.96857e-06 3.87475e-06 0)
(6.07658e-06 3.99709e-06 0)
(6.18609e-06 4.11982e-06 0)
(6.297e-06 4.24321e-06 0)
(6.40923e-06 4.36751e-06 0)
(6.52267e-06 4.49292e-06 0)
(6.63726e-06 4.61962e-06 0)
(6.75289e-06 4.74775e-06 0)
(6.86949e-06 4.87744e-06 0)
(6.98698e-06 5.00879e-06 0)
(7.10526e-06 5.14188e-06 0)
(7.22424e-06 5.27676e-06 0)
(7.34382e-06 5.41345e-06 0)
(7.46387e-06 5.55191e-06 0)
(7.58416e-06 5.69207e-06 0)
(7.70305e-06 5.83339e-06 1.7389e-21)
(5.2311e-06 3.25971e-06 0)
(5.34598e-06 3.388e-06 0)
(5.46152e-06 3.51456e-06 0)
(5.57742e-06 3.64e-06 0)
(5.69391e-06 3.76495e-06 0)
(5.81091e-06 3.88979e-06 0)
(5.92851e-06 4.01493e-06 0)
(6.0467e-06 4.14067e-06 0)
(6.1655e-06 4.26728e-06 0)
(6.28492e-06 4.39497e-06 0)
(6.40496e-06 4.52395e-06 0)
(6.52562e-06 4.65438e-06 0)
(6.64688e-06 4.78639e-06 0)
(6.76873e-06 4.92013e-06 0)
(6.89114e-06 5.05569e-06 0)
(7.01408e-06 5.19318e-06 0)
(7.13748e-06 5.33268e-06 0)
(7.26125e-06 5.47428e-06 0)
(7.3852e-06 5.61803e-06 0)
(7.50735e-06 5.76359e-06 1.85071e-21)
(4.88787e-06 3.11511e-06 0)
(5.01808e-06 3.24849e-06 0)
(5.14755e-06 3.37992e-06 0)
(5.27598e-06 3.50984e-06 0)
(5.40384e-06 3.63903e-06 0)
(5.5311e-06 3.76785e-06 0)
(5.658e-06 3.89677e-06 0)
(5.78463e-06 4.02612e-06 0)
(5.91113e-06 4.1562e-06 0)
(6.03758e-06 4.28725e-06 0)
(6.16407e-06 4.41952e-06 0)
(6.29068e-06 4.55317e-06 0)
(6.41747e-06 4.68839e-06 0)
(6.54449e-06 4.82533e-06 0)
(6.67178e-06 4.96415e-06 0)
(6.79937e-06 5.105e-06 0)
(6.92723e-06 5.24803e-06 0)
(7.05533e-06 5.39346e-06 0)
(7.18353e-06 5.54146e-06 0)
(7.30967e-06 5.69187e-06 2.0041e-21)
(4.52924e-06 2.94768e-06 0)
(4.67572e-06 3.08807e-06 0)
(4.8201e-06 3.22619e-06 0)
(4.96202e-06 3.36227e-06 0)
(5.10219e-06 3.49725e-06 0)
(5.24065e-06 3.63148e-06 0)
(5.37777e-06 3.76551e-06 0)
(5.51373e-06 3.8997e-06 0)
(5.64875e-06 4.03439e-06 0)
(5.78302e-06 4.16988e-06 0)
(5.91672e-06 4.30642e-06 0)
(6.04998e-06 4.44423e-06 0)
(6.18296e-06 4.58352e-06 0)
(6.31575e-06 4.72449e-06 0)
(6.44848e-06 4.86732e-06 0)
(6.58122e-06 5.01222e-06 0)
(6.71401e-06 5.15943e-06 0)
(6.84689e-06 5.30925e-06 0)
(6.97979e-06 5.46198e-06 0)
(7.11057e-06 5.61764e-06 2.19349e-21)
(4.16075e-06 2.75836e-06 0)
(4.32388e-06 2.90753e-06 0)
(4.48368e-06 3.05404e-06 0)
(4.63964e-06 3.19789e-06 0)
(4.79272e-06 3.34014e-06 0)
(4.94299e-06 3.48118e-06 0)
(5.09095e-06 3.62162e-06 0)
(5.23685e-06 3.76185e-06 0)
(5.38101e-06 3.90228e-06 0)
(5.52368e-06 4.04325e-06 0)
(5.66511e-06 4.18504e-06 0)
(5.80554e-06 4.32791e-06 0)
(5.94516e-06 4.47212e-06 0)
(6.08415e-06 4.61788e-06 0)
(6.2227e-06 4.76543e-06 0)
(6.36093e-06 4.91503e-06 0)
(6.49899e-06 5.06697e-06 0)
(6.63695e-06 5.22165e-06 0)
(6.77488e-06 5.37945e-06 0)
(6.91083e-06 5.54057e-06 2.41156e-21)
(3.78781e-06 2.54893e-06 0)
(3.96743e-06 2.70847e-06 0)
(4.14269e-06 2.86484e-06 0)
(4.31287e-06 3.01788e-06 0)
(4.47908e-06 3.16869e-06 0)
(4.64147e-06 3.31779e-06 0)
(4.80059e-06 3.46579e-06 0)
(4.95678e-06 3.61318e-06 0)
(5.11043e-06 3.7604e-06 0)
(5.26185e-06 3.90784e-06 0)
(5.41137e-06 4.05582e-06 0)
(5.55928e-06 4.20464e-06 0)
(5.70584e-06 4.35458e-06 0)
(5.8513e-06 4.50589e-06 0)
(5.99591e-06 4.65885e-06 0)
(6.13986e-06 4.81374e-06 0)
(6.28337e-06 4.97091e-06 0)
(6.4266e-06 5.13081e-06 0)
(6.56974e-06 5.29389e-06 0)
(6.7113e-06 5.46055e-06 2.6503e-21)
(3.41529e-06 2.32191e-06 0)
(3.61055e-06 2.49298e-06 0)
(3.80068e-06 2.66023e-06 0)
(3.98492e-06 2.82374e-06 0)
(4.16425e-06 2.98431e-06 0)
(4.33887e-06 3.1426e-06 0)
(4.50933e-06 3.29924e-06 0)
(4.67602e-06 3.45479e-06 0)
(4.83936e-06 3.60975e-06 0)
(4.99975e-06 3.76455e-06 0)
(5.15755e-06 3.91957e-06 0)
(5.31311e-06 4.07513e-06 0)
(5.46677e-06 4.23154e-06 0)
(5.61884e-06 4.38909e-06 0)
(5.76961e-06 4.54806e-06 0)
(5.91937e-06 4.70879e-06 0)
(6.06839e-06 4.87161e-06 0)
(6.21695e-06 5.03702e-06 0)
(6.36536e-06 5.2055e-06 0)
(6.51286e-06 5.37769e-06 2.90069e-21)
(3.08461e-06 2.11537e-06 0)
(3.29151e-06 2.29636e-06 0)
(3.49275e-06 2.47249e-06 0)
(3.6879e-06 2.64485e-06 0)
(3.87755e-06 2.81391e-06 0)
(4.06199e-06 2.98034e-06 0)
(4.24165e-06 3.14474e-06 0)
(4.41692e-06 3.30768e-06 0)
(4.58824e-06 3.46966e-06 0)
(4.756e-06 3.63113e-06 0)
(4.92061e-06 3.79249e-06 0)
(5.08246e-06 3.95408e-06 0)
(5.24192e-06 4.11622e-06 0)
(5.39934e-06 4.27921e-06 0)
(5.55507e-06 4.44332e-06 0)
(5.70945e-06 4.60889e-06 0)
(5.86284e-06 4.77624e-06 0)
(6.01557e-06 4.94585e-06 0)
(6.1681e-06 5.11818e-06 0)
(6.32045e-06 5.29411e-06 3.12003e-21)
(2.59478e-06 1.77042e-06 0)
(2.84388e-06 1.97374e-06 0)
(3.05478e-06 2.15892e-06 0)
(3.25994e-06 2.33906e-06 0)
(3.45929e-06 2.51574e-06 0)
(3.65317e-06 2.68928e-06 0)
(3.84181e-06 2.86025e-06 0)
(4.02557e-06 3.02915e-06 0)
(4.20477e-06 3.19646e-06 0)
(4.37981e-06 3.36265e-06 0)
(4.55105e-06 3.5281e-06 0)
(4.71889e-06 3.69318e-06 0)
(4.88371e-06 3.85821e-06 0)
(5.04586e-06 4.02349e-06 0)
(5.20573e-06 4.18928e-06 0)
(5.36368e-06 4.35585e-06 0)
(5.52007e-06 4.52348e-06 0)
(5.67531e-06 4.69247e-06 0)
(5.82977e-06 4.86321e-06 0)
(5.984e-06 5.03609e-06 0)
(6.1384e-06 5.21197e-06 3.25584e-21)
(2.41841e-06 1.66683e-06 0)
(2.65929e-06 1.86753e-06 0)
(2.86871e-06 2.05306e-06 0)
(3.07312e-06 2.23449e-06 0)
(3.27229e-06 2.41304e-06 0)
(3.46643e-06 2.58885e-06 0)
(3.65565e-06 2.76233e-06 0)
(3.8402e-06 2.93387e-06 0)
(4.02033e-06 3.10384e-06 0)
(4.19637e-06 3.27261e-06 0)
(4.36862e-06 3.44051e-06 0)
(4.53744e-06 3.60785e-06 0)
(4.70317e-06 3.77489e-06 0)
(4.86616e-06 3.94189e-06 0)
(5.02676e-06 4.10909e-06 0)
(5.18534e-06 4.27669e-06 0)
(5.34228e-06 4.44493e-06 0)
(5.49798e-06 4.61406e-06 0)
(5.65286e-06 4.78436e-06 0)
(5.80752e-06 4.9561e-06 0)
(5.96238e-06 5.12989e-06 3.32905e-21)
(2.26188e-06 1.56708e-06 0)
(2.49383e-06 1.76504e-06 0)
(2.69956e-06 1.95012e-06 0)
(2.90137e-06 2.13212e-06 0)
(3.09863e-06 2.31192e-06 0)
(3.29151e-06 2.4895e-06 0)
(3.47992e-06 2.66509e-06 0)
(3.66403e-06 2.83894e-06 0)
(3.84401e-06 3.01131e-06 0)
(4.02008e-06 3.18248e-06 0)
(4.1925e-06 3.35269e-06 0)
(4.36158e-06 3.52219e-06 0)
(4.52761e-06 3.69118e-06 0)
(4.69091e-06 3.85987e-06 0)
(4.85183e-06 4.02843e-06 0)
(5.01071e-06 4.19705e-06 0)
(5.16791e-06 4.36587e-06 0)
(5.32387e-06 4.53507e-06 0)
(5.47899e-06 4.70484e-06 0)
(5.63392e-06 4.8753e-06 0)
(5.78907e-06 5.04679e-06 3.37505e-21)
(2.12231e-06 1.47197e-06 0)
(2.34478e-06 1.66653e-06 0)
(2.54554e-06 1.85047e-06 0)
(2.74337e-06 2.03243e-06 0)
(2.93743e-06 2.21297e-06 0)
(3.12779e-06 2.39185e-06 0)
(3.31423e-06 2.56916e-06 0)
(3.49684e-06 2.74499e-06 0)
(3.67569e-06 2.9195e-06 0)
(3.85093e-06 3.09284e-06 0)
(4.02277e-06 3.26519e-06 0)
(4.19144e-06 3.4367e-06 0)
(4.3572e-06 3.60753e-06 0)
(4.52034e-06 3.77781e-06 0)
(4.68116e-06 3.94768e-06 0)
(4.84e-06 4.11724e-06 0)
(4.9972e-06 4.28659e-06 0)
(5.15317e-06 4.45582e-06 0)
(5.30836e-06 4.62497e-06 0)
(5.46344e-06 4.79407e-06 0)
(5.61871e-06 4.96318e-06 3.3919e-21)
(1.99728e-06 1.3818e-06 0)
(2.21007e-06 1.57262e-06 0)
(2.4049e-06 1.75487e-06 0)
(2.59772e-06 1.93623e-06 0)
(2.78754e-06 2.11697e-06 0)
(2.97437e-06 2.29668e-06 0)
(3.15789e-06 2.47528e-06 0)
(3.3381e-06 2.65272e-06 0)
(3.51499e-06 2.82903e-06 0)
(3.68865e-06 3.00428e-06 0)
(3.85922e-06 3.17852e-06 0)
(4.02689e-06 3.35186e-06 0)
(4.19186e-06 3.52437e-06 0)
(4.35439e-06 3.69613e-06 0)
(4.51475e-06 3.8672e-06 0)
(4.67324e-06 4.03763e-06 0)
(4.83019e-06 4.20744e-06 0)
(4.98598e-06 4.37662e-06 0)
(5.14104e-06 4.54511e-06 0)
(5.29602e-06 4.71283e-06 0)
(5.4512e-06 4.87961e-06 3.37805e-21)
(1.88429e-06 1.29657e-06 0)
(2.08747e-06 1.48337e-06 0)
(2.27577e-06 1.66349e-06 0)
(2.46286e-06 1.84382e-06 0)
(2.64769e-06 2.02431e-06 0)
(2.83022e-06 2.20442e-06 0)
(3.01004e-06 2.3839e-06 0)
(3.18711e-06 2.56259e-06 0)
(3.36134e-06 2.74039e-06 0)
(3.53278e-06 2.91724e-06 0)
(3.7015e-06 3.09314e-06 0)
(3.86764e-06 3.26808e-06 0)
(4.03137e-06 3.44209e-06 0)
(4.1929e-06 3.61516e-06 0)
(4.35246e-06 3.78731e-06 0)
(4.51033e-06 3.9585e-06 0)
(4.66679e-06 4.12869e-06 0)
(4.82222e-06 4.29779e-06 0)
(4.97697e-06 4.46562e-06 0)
(5.13161e-06 4.63202e-06 0)
(5.28649e-06 4.79652e-06 3.33688e-21)
(1.78118e-06 1.21614e-06 0)
(1.97495e-06 1.39879e-06 0)
(2.15634e-06 1.5765e-06 0)
(2.33721e-06 1.75544e-06 0)
(2.5165e-06 1.9353e-06 0)
(2.69413e-06 2.11543e-06 0)
(2.86967e-06 2.29544e-06 0)
(3.04301e-06 2.47503e-06 0)
(3.21402e-06 2.65398e-06 0)
(3.3827e-06 2.83214e-06 0)
(3.54908e-06 3.00942e-06 0)
(3.71325e-06 3.18573e-06 0)
(3.87533e-06 3.36102e-06 0)
(4.03551e-06 3.53523e-06 0)
(4.19397e-06 3.7083e-06 0)
(4.35096e-06 3.88015e-06 0)
(4.50673e-06 4.05065e-06 0)
(4.66161e-06 4.21964e-06 0)
(4.81589e-06 4.38684e-06 0)
(4.9701e-06 4.55199e-06 0)
(5.12454e-06 4.71436e-06 3.27071e-21)
(1.68592e-06 1.14023e-06 0)
(1.87058e-06 1.31871e-06 0)
(2.04485e-06 1.49384e-06 0)
(2.21919e-06 1.67114e-06 0)
(2.39257e-06 1.85009e-06 0)
(2.56488e-06 2.02992e-06 0)
(2.73568e-06 2.21013e-06 0)
(2.90483e-06 2.39029e-06 0)
(3.07217e-06 2.57009e-06 0)
(3.23766e-06 2.74928e-06 0)
(3.40128e-06 2.92766e-06 0)
(3.56311e-06 3.10509e-06 0)
(3.72322e-06 3.28145e-06 0)
(3.88175e-06 3.4566e-06 0)
(4.03887e-06 3.63044e-06 0)
(4.19476e-06 3.80282e-06 0)
(4.34966e-06 3.97355e-06 0)
(4.50382e-06 4.14242e-06 0)
(4.65751e-06 4.30904e-06 0)
(4.81116e-06 4.47308e-06 0)
(4.96502e-06 4.6336e-06 3.1818e-21)
(1.59671e-06 1.06851e-06 0)
(1.77256e-06 1.24293e-06 0)
(1.93963e-06 1.41541e-06 0)
(2.10726e-06 1.59091e-06 0)
(2.27447e-06 1.76874e-06 0)
(2.44116e-06 1.94803e-06 0)
(2.60688e-06 2.12816e-06 0)
(2.7715e-06 2.30861e-06 0)
(2.93482e-06 2.48897e-06 0)
(3.09678e-06 2.66889e-06 0)
(3.25735e-06 2.84812e-06 0)
(3.41653e-06 3.02642e-06 0)
(3.5744e-06 3.20361e-06 0)
(3.73105e-06 3.37951e-06 0)
(3.88661e-06 3.55395e-06 0)
(4.04123e-06 3.72673e-06 0)
(4.19509e-06 3.89763e-06 0)
(4.34841e-06 4.06635e-06 0)
(4.5014e-06 4.23247e-06 0)
(4.65438e-06 4.39557e-06 0)
(4.80754e-06 4.55459e-06 3.07443e-21)
(1.51194e-06 1.00066e-06 0)
(1.67926e-06 1.17119e-06 0)
(1.83909e-06 1.34105e-06 0)
(1.99989e-06 1.51468e-06 0)
(2.16078e-06 1.69124e-06 0)
(2.32164e-06 1.86979e-06 0)
(2.48207e-06 2.04962e-06 0)
(2.64191e-06 2.2301e-06 0)
(2.80096e-06 2.41076e-06 0)
(2.95914e-06 2.59116e-06 0)
(3.1164e-06 2.77097e-06 0)
(3.27272e-06 2.9499e-06 0)
(3.42814e-06 3.12769e-06 0)
(3.58273e-06 3.30414e-06 0)
(3.73657e-06 3.479e-06 0)
(3.88977e-06 3.65206e-06 0)
(4.04248e-06 3.82304e-06 0)
(4.19486e-06 3.99162e-06 0)
(4.34705e-06 4.15733e-06 0)
(4.49927e-06 4.31971e-06 0)
(4.65165e-06 4.47759e-06 2.95314e-21)
(1.43009e-06 9.36402e-07 0)
(1.58912e-06 1.10328e-06 0)
(1.7417e-06 1.27059e-06 0)
(1.89562e-06 1.44234e-06 0)
(2.05008e-06 1.61755e-06 0)
(2.205e-06 1.79521e-06 0)
(2.35997e-06 1.97454e-06 0)
(2.51487e-06 2.15485e-06 0)
(2.66948e-06 2.33556e-06 0)
(2.82372e-06 2.51619e-06 0)
(2.97751e-06 2.69634e-06 0)
(3.13082e-06 2.87565e-06 0)
(3.28365e-06 3.05384e-06 0)
(3.43604e-06 3.23062e-06 0)
(3.58804e-06 3.40575e-06 0)
(3.73974e-06 3.57895e-06 0)
(3.89121e-06 3.74994e-06 0)
(4.04257e-06 3.91837e-06 0)
(4.19389e-06 4.08377e-06 0)
(4.34531e-06 4.24565e-06 0)
(4.49684e-06 4.40283e-06 2.82319e-21)
(1.34974e-06 8.75481e-07 0)
(1.50064e-06 1.03898e-06 0)
(1.64597e-06 1.20388e-06 0)
(1.79298e-06 1.37377e-06 0)
(1.94096e-06 1.54758e-06 0)
(2.08985e-06 1.72425e-06 0)
(2.2393e-06 1.90293e-06 0)
(2.38916e-06 2.08286e-06 0)
(2.53925e-06 2.26342e-06 0)
(2.68945e-06 2.44405e-06 0)
(2.83969e-06 2.6243e-06 0)
(2.9899e-06 2.80377e-06 0)
(3.14007e-06 2.98213e-06 0)
(3.29019e-06 3.15905e-06 0)
(3.44029e-06 3.33427e-06 0)
(3.59041e-06 3.50749e-06 0)
(3.7406e-06 3.6784e-06 0)
(3.8909e-06 3.84668e-06 0)
(4.04133e-06 4.01186e-06 0)
(4.1919e-06 4.17348e-06 0)
(4.34258e-06 4.33038e-06 2.69031e-21)
(1.26955e-06 8.17739e-07 0)
(1.41237e-06 9.7815e-07 0)
(1.55042e-06 1.14079e-06 0)
(1.6905e-06 1.30888e-06 0)
(1.83198e-06 1.48126e-06 0)
(1.97482e-06 1.65685e-06 0)
(2.11871e-06 1.83474e-06 0)
(2.26352e-06 2.01412e-06 0)
(2.40906e-06 2.19432e-06 0)
(2.55522e-06 2.37474e-06 0)
(2.70189e-06 2.55487e-06 0)
(2.849e-06 2.73428e-06 0)
(2.99649e-06 2.91259e-06 0)
(3.14435e-06 3.08947e-06 0)
(3.29254e-06 3.26461e-06 0)
(3.44109e-06 3.43771e-06 0)
(3.58997e-06 3.60848e-06 0)
(3.7392e-06 3.77659e-06 0)
(3.88874e-06 3.94163e-06 0)
(4.03848e-06 4.1032e-06 0)
(4.18831e-06 4.26025e-06 2.56049e-21)
(1.1881e-06 7.63056e-07 0)
(1.32282e-06 9.20658e-07 0)
(1.45355e-06 1.08119e-06 0)
(1.58667e-06 1.24754e-06 0)
(1.72165e-06 1.41848e-06 0)
(1.85847e-06 1.59292e-06 0)
(1.99684e-06 1.76989e-06 0)
(2.13664e-06 1.94856e-06 0)
(2.2777e-06 2.12821e-06 0)
(2.41988e-06 2.3082e-06 0)
(2.56306e-06 2.48801e-06 0)
(2.70713e-06 2.66715e-06 0)
(2.85202e-06 2.84522e-06 0)
(2.99767e-06 3.02187e-06 0)
(3.14402e-06 3.19677e-06 0)
(3.29103e-06 3.36963e-06 0)
(3.43866e-06 3.54016e-06 0)
(3.58685e-06 3.70808e-06 0)
(3.73552e-06 3.87305e-06 0)
(3.88448e-06 4.03475e-06 0)
(4.03352e-06 4.19233e-06 2.43985e-21)
(1.10398e-06 7.11459e-07 0)
(1.23045e-06 8.66504e-07 0)
(1.3538e-06 1.02506e-06 0)
(1.47994e-06 1.1897e-06 0)
(1.60845e-06 1.35918e-06 0)
(1.7393e-06 1.53236e-06 0)
(1.87225e-06 1.70829e-06 0)
(2.00718e-06 1.88608e-06 0)
(2.14389e-06 2.06499e-06 0)
(2.28224e-06 2.24436e-06 0)
(2.42208e-06 2.42362e-06 0)
(2.56329e-06 2.60229e-06 0)
(2.70574e-06 2.77994e-06 0)
(2.84932e-06 2.95618e-06 0)
(2.99396e-06 3.13069e-06 0)
(3.13955e-06 3.30318e-06 0)
(3.28602e-06 3.47339e-06 0)
(3.43325e-06 3.64108e-06 0)
(3.58112e-06 3.806e-06 0)
(3.72937e-06 3.96796e-06 0)
(3.87772e-06 4.12639e-06 2.3341e-21)
(1.0156e-06 6.62931e-07 0)
(1.13359e-06 8.15619e-07 0)
(1.24946e-06 9.72286e-07 0)
(1.36862e-06 1.13523e-06 0)
(1.49072e-06 1.30319e-06 0)
(1.61574e-06 1.47502e-06 0)
(1.74345e-06 1.64974e-06 0)
(1.8737e-06 1.82648e-06 0)
(2.0063e-06 2.00446e-06 0)
(2.14108e-06 2.183e-06 0)
(2.27785e-06 2.36154e-06 0)
(2.41645e-06 2.53954e-06 0)
(2.55672e-06 2.71658e-06 0)
(2.69849e-06 2.89226e-06 0)
(2.84164e-06 3.06625e-06 0)
(2.98602e-06 3.23826e-06 0)
(3.13149e-06 3.40806e-06 0)
(3.27791e-06 3.57546e-06 0)
(3.4251e-06 3.74032e-06 0)
(3.57276e-06 3.9026e-06 0)
(3.72054e-06 4.0621e-06 2.24913e-21)
(9.21247e-07 6.17769e-07 0)
(1.03044e-06 7.68201e-07 0)
(1.13875e-06 9.22976e-07 0)
(1.25095e-06 1.08414e-06 0)
(1.36677e-06 1.25046e-06 0)
(1.48616e-06 1.42078e-06 0)
(1.60888e-06 1.59412e-06 0)
(1.73476e-06 1.76959e-06 0)
(1.8636e-06 1.94642e-06 0)
(1.99517e-06 2.12393e-06 0)
(2.12925e-06 2.30152e-06 0)
(2.26562e-06 2.47867e-06 0)
(2.40408e-06 2.65493e-06 0)
(2.54441e-06 2.8299e-06 0)
(2.68641e-06 3.00324e-06 0)
(2.82988e-06 3.17467e-06 0)
(2.97463e-06 3.34398e-06 0)
(3.12046e-06 3.51103e-06 0)
(3.26714e-06 3.67579e-06 0)
(3.41436e-06 3.83837e-06 0)
(3.56175e-06 3.999e-06 2.18798e-21)
(8.18815e-07 5.75864e-07 0)
(9.18827e-07 7.24059e-07 0)
(1.01953e-06 8.76868e-07 0)
(1.12487e-06 1.03614e-06 0)
(1.23462e-06 1.20065e-06 0)
(1.34868e-06 1.36926e-06 0)
(1.4668e-06 1.54101e-06 0)
(1.58876e-06 1.71501e-06 0)
(1.7143e-06 1.89048e-06 0)
(1.84315e-06 2.06675e-06 0)
(1.97505e-06 2.2432e-06 0)
(2.10973e-06 2.41932e-06 0)
(2.24689e-06 2.59464e-06 0)
(2.38629e-06 2.76877e-06 0)
(2.52763e-06 2.94136e-06 0)
(2.67067e-06 3.11214e-06 0)
(2.81512e-06 3.2809e-06 0)
(2.96071e-06 3.44755e-06 0)
(3.10716e-06 3.61215e-06 0)
(3.25415e-06 3.77493e-06 0)
(3.40131e-06 3.93656e-06 2.15413e-21)
(7.06319e-07 5.38013e-07 0)
(7.96739e-07 6.83779e-07 0)
(8.89851e-07 8.34349e-07 0)
(9.88525e-07 9.91421e-07 0)
(1.09253e-06 1.15382e-06 0)
(1.20169e-06 1.32042e-06 0)
(1.31571e-06 1.49028e-06 0)
(1.4343e-06 1.66251e-06 0)
(1.55714e-06 1.83635e-06 0)
(1.68392e-06 2.01111e-06 0)
(1.81428e-06 2.18619e-06 0)
(1.9479e-06 2.36107e-06 0)
(2.08444e-06 2.53529e-06 0)
(2.22354e-06 2.70844e-06 0)
(2.36488e-06 2.88018e-06 0)
(2.50809e-06 3.05024e-06 0)
(2.65282e-06 3.21843e-06 0)
(2.79869e-06 3.38467e-06 0)
(2.94535e-06 3.54904e-06 0)
(3.0924e-06 3.71188e-06 0)
(3.23953e-06 3.8741e-06 2.14311e-21)
(5.80035e-07 5.03533e-07 2.25156e-21)
(6.60328e-07 6.46422e-07 2.26543e-21)
(7.46071e-07 7.94446e-07 2.25515e-21)
(8.38496e-07 9.49022e-07 2.24547e-21)
(9.37313e-07 1.10902e-06 2.23647e-21)
(1.04224e-06 1.27334e-06 2.22818e-21)
(1.1529e-06 1.44105e-06 2.22061e-21)
(1.26893e-06 1.61127e-06 2.21376e-21)
(1.38992e-06 1.78324e-06 2.20761e-21)
(1.51547e-06 1.9563e-06 2.20215e-21)
(1.64517e-06 2.12983e-06 2.19736e-21)
(1.77862e-06 2.30332e-06 2.19322e-21)
(1.9154e-06 2.47629e-06 2.1897e-21)
(2.05512e-06 2.64836e-06 2.18681e-21)
(2.19735e-06 2.81919e-06 2.18451e-21)
(2.34166e-06 2.9885e-06 2.18282e-21)
(2.48761e-06 3.15611e-06 2.18169e-21)
(2.63469e-06 3.32194e-06 2.18113e-21)
(2.78238e-06 3.48609e-06 2.18104e-21)
(2.93002e-06 3.6489e-06 2.18123e-21)
(3.08104e-06 3.78639e-06 2.16133e-21)
(2.59478e-06 1.77042e-06 0)
(2.84388e-06 1.97374e-06 0)
(3.05478e-06 2.15892e-06 0)
(3.25994e-06 2.33906e-06 0)
(3.45929e-06 2.51574e-06 0)
(3.65317e-06 2.68928e-06 0)
(3.84181e-06 2.86025e-06 0)
(4.02557e-06 3.02915e-06 0)
(4.20477e-06 3.19646e-06 0)
(4.37981e-06 3.36265e-06 0)
(4.55105e-06 3.5281e-06 0)
(4.71889e-06 3.69318e-06 0)
(4.88371e-06 3.85821e-06 0)
(5.04586e-06 4.02349e-06 0)
(5.20573e-06 4.18928e-06 0)
(5.36368e-06 4.35585e-06 0)
(5.52007e-06 4.52348e-06 0)
(5.67531e-06 4.69247e-06 0)
(5.82977e-06 4.86321e-06 0)
(5.984e-06 5.03609e-06 0)
(6.1384e-06 5.21197e-06 3.25584e-21)
(2.41841e-06 1.66683e-06 0)
(2.65929e-06 1.86753e-06 0)
(2.86871e-06 2.05306e-06 0)
(3.07312e-06 2.23449e-06 0)
(3.27229e-06 2.41304e-06 0)
(3.46643e-06 2.58885e-06 0)
(3.65565e-06 2.76233e-06 0)
(3.8402e-06 2.93387e-06 0)
(4.02033e-06 3.10384e-06 0)
(4.19637e-06 3.27261e-06 0)
(4.36862e-06 3.44051e-06 0)
(4.53744e-06 3.60785e-06 0)
(4.70317e-06 3.77489e-06 0)
(4.86616e-06 3.94189e-06 0)
(5.02676e-06 4.10909e-06 0)
(5.18534e-06 4.27669e-06 0)
(5.34228e-06 4.44493e-06 0)
(5.49798e-06 4.61406e-06 0)
(5.65286e-06 4.78436e-06 0)
(5.80752e-06 4.9561e-06 0)
(5.96238e-06 5.12989e-06 3.32905e-21)
(2.26188e-06 1.56708e-06 0)
(2.49383e-06 1.76504e-06 0)
(2.69956e-06 1.95012e-06 0)
(2.90137e-06 2.13212e-06 0)
(3.09863e-06 2.31192e-06 0)
(3.29151e-06 2.4895e-06 0)
(3.47992e-06 2.66509e-06 0)
(3.66403e-06 2.83894e-06 0)
(3.84401e-06 3.01131e-06 0)
(4.02008e-06 3.18248e-06 0)
(4.1925e-06 3.35269e-06 0)
(4.36158e-06 3.52219e-06 0)
(4.52761e-06 3.69118e-06 0)
(4.69091e-06 3.85987e-06 0)
(4.85183e-06 4.02843e-06 0)
(5.01071e-06 4.19705e-06 0)
(5.16791e-06 4.36587e-06 0)
(5.32387e-06 4.53507e-06 0)
(5.47899e-06 4.70484e-06 0)
(5.63392e-06 4.8753e-06 0)
(5.78907e-06 5.04679e-06 3.37505e-21)
(2.12231e-06 1.47197e-06 0)
(2.34478e-06 1.66653e-06 0)
(2.54554e-06 1.85047e-06 0)
(2.74337e-06 2.03243e-06 0)
(2.93743e-06 2.21297e-06 0)
(3.12779e-06 2.39185e-06 0)
(3.31423e-06 2.56916e-06 0)
(3.49684e-06 2.74499e-06 0)
(3.67569e-06 2.9195e-06 0)
(3.85093e-06 3.09284e-06 0)
(4.02277e-06 3.26519e-06 0)
(4.19144e-06 3.4367e-06 0)
(4.3572e-06 3.60753e-06 0)
(4.52034e-06 3.77781e-06 0)
(4.68116e-06 3.94768e-06 0)
(4.84e-06 4.11724e-06 0)
(4.9972e-06 4.28659e-06 0)
(5.15317e-06 4.45582e-06 0)
(5.30836e-06 4.62497e-06 0)
(5.46344e-06 4.79407e-06 0)
(5.61871e-06 4.96318e-06 3.3919e-21)
(1.99728e-06 1.3818e-06 0)
(2.21007e-06 1.57262e-06 0)
(2.4049e-06 1.75487e-06 0)
(2.59772e-06 1.93623e-06 0)
(2.78754e-06 2.11697e-06 0)
(2.97437e-06 2.29668e-06 0)
(3.15789e-06 2.47528e-06 0)
(3.3381e-06 2.65272e-06 0)
(3.51499e-06 2.82903e-06 0)
(3.68865e-06 3.00428e-06 0)
(3.85922e-06 3.17852e-06 0)
(4.02689e-06 3.35186e-06 0)
(4.19186e-06 3.52437e-06 0)
(4.35439e-06 3.69613e-06 0)
(4.51475e-06 3.8672e-06 0)
(4.67324e-06 4.03763e-06 0)
(4.83019e-06 4.20744e-06 0)
(4.98598e-06 4.37662e-06 0)
(5.14104e-06 4.54511e-06 0)
(5.29602e-06 4.71283e-06 0)
(5.4512e-06 4.87961e-06 3.37805e-21)
(1.88429e-06 1.29657e-06 0)
(2.08747e-06 1.48337e-06 0)
(2.27577e-06 1.66349e-06 0)
(2.46286e-06 1.84382e-06 0)
(2.64769e-06 2.02431e-06 0)
(2.83022e-06 2.20442e-06 0)
(3.01004e-06 2.3839e-06 0)
(3.18711e-06 2.56259e-06 0)
(3.36134e-06 2.74039e-06 0)
(3.53278e-06 2.91724e-06 0)
(3.7015e-06 3.09314e-06 0)
(3.86764e-06 3.26808e-06 0)
(4.03137e-06 3.44209e-06 0)
(4.1929e-06 3.61516e-06 0)
(4.35246e-06 3.78731e-06 0)
(4.51033e-06 3.9585e-06 0)
(4.66679e-06 4.12869e-06 0)
(4.82222e-06 4.29779e-06 0)
(4.97697e-06 4.46562e-06 0)
(5.13161e-06 4.63202e-06 0)
(5.28649e-06 4.79652e-06 3.33688e-21)
(1.78118e-06 1.21614e-06 0)
(1.97495e-06 1.39879e-06 0)
(2.15634e-06 1.5765e-06 0)
(2.33721e-06 1.75544e-06 0)
(2.5165e-06 1.9353e-06 0)
(2.69413e-06 2.11543e-06 0)
(2.86967e-06 2.29544e-06 0)
(3.04301e-06 2.47503e-06 0)
(3.21402e-06 2.65398e-06 0)
(3.3827e-06 2.83214e-06 0)
(3.54908e-06 3.00942e-06 0)
(3.71325e-06 3.18573e-06 0)
(3.87533e-06 3.36102e-06 0)
(4.03551e-06 3.53523e-06 0)
(4.19397e-06 3.7083e-06 0)
(4.35096e-06 3.88015e-06 0)
(4.50673e-06 4.05065e-06 0)
(4.66161e-06 4.21964e-06 0)
(4.81589e-06 4.38684e-06 0)
(4.9701e-06 4.55199e-06 0)
(5.12454e-06 4.71436e-06 3.27071e-21)
(1.68592e-06 1.14023e-06 0)
(1.87058e-06 1.31871e-06 0)
(2.04485e-06 1.49384e-06 0)
(2.21919e-06 1.67114e-06 0)
(2.39257e-06 1.85009e-06 0)
(2.56488e-06 2.02992e-06 0)
(2.73568e-06 2.21013e-06 0)
(2.90483e-06 2.39029e-06 0)
(3.07217e-06 2.57009e-06 0)
(3.23766e-06 2.74928e-06 0)
(3.40128e-06 2.92766e-06 0)
(3.56311e-06 3.10509e-06 0)
(3.72322e-06 3.28145e-06 0)
(3.88175e-06 3.4566e-06 0)
(4.03887e-06 3.63044e-06 0)
(4.19476e-06 3.80282e-06 0)
(4.34966e-06 3.97355e-06 0)
(4.50382e-06 4.14242e-06 0)
(4.65751e-06 4.30904e-06 0)
(4.81116e-06 4.47308e-06 0)
(4.96502e-06 4.6336e-06 3.1818e-21)
(1.59671e-06 1.06851e-06 0)
(1.77256e-06 1.24293e-06 0)
(1.93963e-06 1.41541e-06 0)
(2.10726e-06 1.59091e-06 0)
(2.27447e-06 1.76874e-06 0)
(2.44116e-06 1.94803e-06 0)
(2.60688e-06 2.12816e-06 0)
(2.7715e-06 2.30861e-06 0)
(2.93482e-06 2.48897e-06 0)
(3.09678e-06 2.66889e-06 0)
(3.25735e-06 2.84812e-06 0)
(3.41653e-06 3.02642e-06 0)
(3.5744e-06 3.20361e-06 0)
(3.73105e-06 3.37951e-06 0)
(3.88661e-06 3.55395e-06 0)
(4.04123e-06 3.72673e-06 0)
(4.19509e-06 3.89763e-06 0)
(4.34841e-06 4.06635e-06 0)
(4.5014e-06 4.23247e-06 0)
(4.65438e-06 4.39557e-06 0)
(4.80754e-06 4.55459e-06 3.07443e-21)
(1.51194e-06 1.00066e-06 0)
(1.67926e-06 1.17119e-06 0)
(1.83909e-06 1.34105e-06 0)
(1.99989e-06 1.51468e-06 0)
(2.16078e-06 1.69124e-06 0)
(2.32164e-06 1.86979e-06 0)
(2.48207e-06 2.04962e-06 0)
(2.64191e-06 2.2301e-06 0)
(2.80096e-06 2.41076e-06 0)
(2.95914e-06 2.59116e-06 0)
(3.1164e-06 2.77097e-06 0)
(3.27272e-06 2.9499e-06 0)
(3.42814e-06 3.12769e-06 0)
(3.58273e-06 3.30414e-06 0)
(3.73657e-06 3.479e-06 0)
(3.88977e-06 3.65206e-06 0)
(4.04248e-06 3.82304e-06 0)
(4.19486e-06 3.99162e-06 0)
(4.34705e-06 4.15733e-06 0)
(4.49927e-06 4.31971e-06 0)
(4.65165e-06 4.47759e-06 2.95314e-21)
(1.43009e-06 9.36402e-07 0)
(1.58912e-06 1.10328e-06 0)
(1.7417e-06 1.27059e-06 0)
(1.89562e-06 1.44234e-06 0)
(2.05008e-06 1.61755e-06 0)
(2.205e-06 1.79521e-06 0)
(2.35997e-06 1.97454e-06 0)
(2.51487e-06 2.15485e-06 0)
(2.66948e-06 2.33556e-06 0)
(2.82372e-06 2.51619e-06 0)
(2.97751e-06 2.69634e-06 0)
(3.13082e-06 2.87565e-06 0)
(3.28365e-06 3.05384e-06 0)
(3.43604e-06 3.23062e-06 0)
(3.58804e-06 3.40575e-06 0)
(3.73974e-06 3.57895e-06 0)
(3.89121e-06 3.74994e-06 0)
(4.04257e-06 3.91837e-06 0)
(4.19389e-06 4.08377e-06 0)
(4.34531e-06 4.24565e-06 0)
(4.49684e-06 4.40283e-06 2.82319e-21)
(1.34974e-06 8.75481e-07 0)
(1.50064e-06 1.03898e-06 0)
(1.64597e-06 1.20388e-06 0)
(1.79298e-06 1.37377e-06 0)
(1.94096e-06 1.54758e-06 0)
(2.08985e-06 1.72425e-06 0)
(2.2393e-06 1.90293e-06 0)
(2.38916e-06 2.08286e-06 0)
(2.53925e-06 2.26342e-06 0)
(2.68945e-06 2.44405e-06 0)
(2.83969e-06 2.6243e-06 0)
(2.9899e-06 2.80377e-06 0)
(3.14007e-06 2.98213e-06 0)
(3.29019e-06 3.15905e-06 0)
(3.44029e-06 3.33427e-06 0)
(3.59041e-06 3.50749e-06 0)
(3.7406e-06 3.6784e-06 0)
(3.8909e-06 3.84668e-06 0)
(4.04133e-06 4.01186e-06 0)
(4.1919e-06 4.17348e-06 0)
(4.34258e-06 4.33038e-06 2.69031e-21)
(1.26955e-06 8.17739e-07 0)
(1.41237e-06 9.7815e-07 0)
(1.55042e-06 1.14079e-06 0)
(1.6905e-06 1.30888e-06 0)
(1.83198e-06 1.48126e-06 0)
(1.97482e-06 1.65685e-06 0)
(2.11871e-06 1.83474e-06 0)
(2.26352e-06 2.01412e-06 0)
(2.40906e-06 2.19432e-06 0)
(2.55522e-06 2.37474e-06 0)
(2.70189e-06 2.55487e-06 0)
(2.849e-06 2.73428e-06 0)
(2.99649e-06 2.91259e-06 0)
(3.14435e-06 3.08947e-06 0)
(3.29254e-06 3.26461e-06 0)
(3.44109e-06 3.43771e-06 0)
(3.58997e-06 3.60848e-06 0)
(3.7392e-06 3.77659e-06 0)
(3.88874e-06 3.94163e-06 0)
(4.03848e-06 4.1032e-06 0)
(4.18831e-06 4.26025e-06 2.56049e-21)
(1.1881e-06 7.63056e-07 0)
(1.32282e-06 9.20658e-07 0)
(1.45355e-06 1.08119e-06 0)
(1.58667e-06 1.24754e-06 0)
(1.72165e-06 1.41848e-06 0)
(1.85847e-06 1.59292e-06 0)
(1.99684e-06 1.76989e-06 0)
(2.13664e-06 1.94856e-06 0)
(2.2777e-06 2.12821e-06 0)
(2.41988e-06 2.3082e-06 0)
(2.56306e-06 2.48801e-06 0)
(2.70713e-06 2.66715e-06 0)
(2.85202e-06 2.84522e-06 0)
(2.99767e-06 3.02187e-06 0)
(3.14402e-06 3.19677e-06 0)
(3.29103e-06 3.36963e-06 0)
(3.43866e-06 3.54016e-06 0)
(3.58685e-06 3.70808e-06 0)
(3.73552e-06 3.87305e-06 0)
(3.88448e-06 4.03475e-06 0)
(4.03352e-06 4.19233e-06 2.43985e-21)
(1.10398e-06 7.11459e-07 0)
(1.23045e-06 8.66504e-07 0)
(1.3538e-06 1.02506e-06 0)
(1.47994e-06 1.1897e-06 0)
(1.60845e-06 1.35918e-06 0)
(1.7393e-06 1.53236e-06 0)
(1.87225e-06 1.70829e-06 0)
(2.00718e-06 1.88608e-06 0)
(2.14389e-06 2.06499e-06 0)
(2.28224e-06 2.24436e-06 0)
(2.42208e-06 2.42362e-06 0)
(2.56329e-06 2.60229e-06 0)
(2.70574e-06 2.77994e-06 0)
(2.84932e-06 2.95618e-06 0)
(2.99396e-06 3.13069e-06 0)
(3.13955e-06 3.30318e-06 0)
(3.28602e-06 3.47339e-06 0)
(3.43325e-06 3.64108e-06 0)
(3.58112e-06 3.806e-06 0)
(3.72937e-06 3.96796e-06 0)
(3.87772e-06 4.12639e-06 2.3341e-21)
(1.0156e-06 6.62931e-07 0)
(1.13359e-06 8.15619e-07 0)
(1.24946e-06 9.72286e-07 0)
(1.36862e-06 1.13523e-06 0)
(1.49072e-06 1.30319e-06 0)
(1.61574e-06 1.47502e-06 0)
(1.74345e-06 1.64974e-06 0)
(1.8737e-06 1.82648e-06 0)
(2.0063e-06 2.00446e-06 0)
(2.14108e-06 2.183e-06 0)
(2.27785e-06 2.36154e-06 0)
(2.41645e-06 2.53954e-06 0)
(2.55672e-06 2.71658e-06 0)
(2.69849e-06 2.89226e-06 0)
(2.84164e-06 3.06625e-06 0)
(2.98602e-06 3.23826e-06 0)
(3.13149e-06 3.40806e-06 0)
(3.27791e-06 3.57546e-06 0)
(3.4251e-06 3.74032e-06 0)
(3.57276e-06 3.9026e-06 0)
(3.72054e-06 4.0621e-06 2.24913e-21)
(9.21247e-07 6.17769e-07 0)
(1.03044e-06 7.68201e-07 0)
(1.13875e-06 9.22976e-07 0)
(1.25095e-06 1.08414e-06 0)
(1.36677e-06 1.25046e-06 0)
(1.48616e-06 1.42078e-06 0)
(1.60888e-06 1.59412e-06 0)
(1.73476e-06 1.76959e-06 0)
(1.8636e-06 1.94642e-06 0)
(1.99517e-06 2.12393e-06 0)
(2.12925e-06 2.30152e-06 0)
(2.26562e-06 2.47867e-06 0)
(2.40408e-06 2.65493e-06 0)
(2.54441e-06 2.8299e-06 0)
(2.68641e-06 3.00324e-06 0)
(2.82988e-06 3.17467e-06 0)
(2.97463e-06 3.34398e-06 0)
(3.12046e-06 3.51103e-06 0)
(3.26714e-06 3.67579e-06 0)
(3.41436e-06 3.83837e-06 0)
(3.56175e-06 3.999e-06 2.18798e-21)
(8.18815e-07 5.75864e-07 0)
(9.18827e-07 7.24059e-07 0)
(1.01953e-06 8.76868e-07 0)
(1.12487e-06 1.03614e-06 0)
(1.23462e-06 1.20065e-06 0)
(1.34868e-06 1.36926e-06 0)
(1.4668e-06 1.54101e-06 0)
(1.58876e-06 1.71501e-06 0)
(1.7143e-06 1.89048e-06 0)
(1.84315e-06 2.06675e-06 0)
(1.97505e-06 2.2432e-06 0)
(2.10973e-06 2.41932e-06 0)
(2.24689e-06 2.59464e-06 0)
(2.38629e-06 2.76877e-06 0)
(2.52763e-06 2.94136e-06 0)
(2.67067e-06 3.11214e-06 0)
(2.81512e-06 3.2809e-06 0)
(2.96071e-06 3.44755e-06 0)
(3.10716e-06 3.61215e-06 0)
(3.25415e-06 3.77493e-06 0)
(3.40131e-06 3.93656e-06 2.15413e-21)
(7.06319e-07 5.38013e-07 0)
(7.96739e-07 6.83779e-07 0)
(8.89851e-07 8.34349e-07 0)
(9.88525e-07 9.91421e-07 0)
(1.09253e-06 1.15382e-06 0)
(1.20169e-06 1.32042e-06 0)
(1.31571e-06 1.49028e-06 0)
(1.4343e-06 1.66251e-06 0)
(1.55714e-06 1.83635e-06 0)
(1.68392e-06 2.01111e-06 0)
(1.81428e-06 2.18619e-06 0)
(1.9479e-06 2.36107e-06 0)
(2.08444e-06 2.53529e-06 0)
(2.22354e-06 2.70844e-06 0)
(2.36488e-06 2.88018e-06 0)
(2.50809e-06 3.05024e-06 0)
(2.65282e-06 3.21843e-06 0)
(2.79869e-06 3.38467e-06 0)
(2.94535e-06 3.54904e-06 0)
(3.0924e-06 3.71188e-06 0)
(3.23953e-06 3.8741e-06 2.14311e-21)
(5.80035e-07 5.03533e-07 2.25156e-21)
(6.60328e-07 6.46422e-07 2.26543e-21)
(7.46071e-07 7.94446e-07 2.25515e-21)
(8.38496e-07 9.49022e-07 2.24547e-21)
(9.37313e-07 1.10902e-06 2.23647e-21)
(1.04224e-06 1.27334e-06 2.22818e-21)
(1.1529e-06 1.44105e-06 2.22061e-21)
(1.26893e-06 1.61127e-06 2.21376e-21)
(1.38992e-06 1.78324e-06 2.20761e-21)
(1.51547e-06 1.9563e-06 2.20215e-21)
(1.64517e-06 2.12983e-06 2.19736e-21)
(1.77862e-06 2.30332e-06 2.19322e-21)
(1.9154e-06 2.47629e-06 2.1897e-21)
(2.05512e-06 2.64836e-06 2.18681e-21)
(2.19735e-06 2.81919e-06 2.18451e-21)
(2.34166e-06 2.9885e-06 2.18282e-21)
(2.48761e-06 3.15611e-06 2.18169e-21)
(2.63469e-06 3.32194e-06 2.18113e-21)
(2.78238e-06 3.48609e-06 2.18104e-21)
(2.93002e-06 3.6489e-06 2.18123e-21)
(3.08104e-06 3.78639e-06 2.16133e-21)
(0 0 0)
(1.93071e-07 3.64978e-08 0)
(3.93149e-07 1.11808e-07 0)
(6.06351e-07 2.29601e-07 0)
(8.35964e-07 3.85091e-07 0)
(1.08474e-06 5.73645e-07 0)
(1.35391e-06 7.89134e-07 0)
(1.64378e-06 1.025e-06 0)
(1.95363e-06 1.27432e-06 0)
(2.28207e-06 1.53088e-06 0)
(0 0 0)
(1.82231e-07 3.25009e-08 0)
(3.70973e-07 1.00492e-07 0)
(5.71427e-07 2.07936e-07 0)
(7.86346e-07 3.51034e-07 0)
(1.0182e-06 5.26034e-07 0)
(1.26817e-06 7.27681e-07 0)
(1.53665e-06 9.50263e-07 0)
(1.82315e-06 1.18753e-06 0)
(2.12636e-06 1.43414e-06 0)
(0 0 0)
(1.72426e-07 2.83732e-08 0)
(3.51042e-07 8.94892e-08 0)
(5.40262e-07 1.87457e-07 0)
(7.42303e-07 3.1922e-07 0)
(9.59314e-07 4.81701e-07 0)
(1.19233e-06 6.70334e-07 0)
(1.44182e-06 8.80102e-07 0)
(1.70756e-06 1.10536e-06 0)
(1.9884e-06 1.34146e-06 0)
(0 0 0)
(1.63382e-07 2.40619e-08 0)
(3.32782e-07 7.86559e-08 0)
(5.11976e-07 1.67943e-07 0)
(7.02696e-07 2.89408e-07 0)
(9.06774e-07 4.40487e-07 0)
(1.12509e-06 6.1716e-07 0)
(1.358e-06 8.1495e-07 0)
(1.60546e-06 1.0287e-06 0)
(1.86624e-06 1.25409e-06 0)
(0 0 0)
(1.5492e-07 1.95227e-08 0)
(3.15781e-07 6.77945e-08 0)
(4.85827e-07 1.48973e-07 0)
(6.66358e-07 2.60943e-07 0)
(8.5891e-07 4.01525e-07 0)
(1.06421e-06 5.67129e-07 0)
(1.28251e-06 7.53712e-07 0)
(1.51392e-06 9.56593e-07 0)
(1.75709e-06 1.17163e-06 0)
(0 0 0)
(1.46918e-07 1.47457e-08 0)
(2.99773e-07 5.68326e-08 0)
(4.61368e-07 1.30389e-07 0)
(6.32625e-07 2.33591e-07 0)
(8.14812e-07 3.64546e-07 0)
(1.0085e-06 5.19991e-07 0)
(1.21382e-06 6.96205e-07 0)
(1.43096e-06 8.88899e-07 0)
(1.65855e-06 1.09404e-06 0)
(0 0 0)
(1.3926e-07 9.71706e-09 0)
(2.84496e-07 4.5678e-08 0)
(4.38151e-07 1.11972e-07 0)
(6.00811e-07 2.06987e-07 0)
(7.73514e-07 3.29039e-07 0)
(9.56688e-07 4.75125e-07 0)
(1.15037e-06 6.41771e-07 0)
(1.35478e-06 8.25026e-07 0)
(1.56854e-06 1.02093e-06 0)
(0 0 0)
(1.31863e-07 4.44081e-09 0)
(2.69776e-07 3.42963e-08 0)
(4.15877e-07 9.36192e-08 0)
(5.70457e-07 1.80953e-07 0)
(7.3435e-07 2.94757e-07 0)
(9.07863e-07 4.32226e-07 0)
(1.09095e-06 5.90063e-07 0)
(1.28384e-06 7.64595e-07 0)
(1.48521e-06 9.51944e-07 0)
(0 0 0)
(1.24653e-07 -1.08595e-09 0)
(2.5545e-07 2.26429e-08 0)
(3.94268e-07 7.52163e-08 0)
(5.41133e-07 1.55287e-07 0)
(6.96709e-07 2.61411e-07 0)
(8.61195e-07 3.90924e-07 0)
(1.0345e-06 5.40668e-07 0)
(1.21683e-06 7.07185e-07 0)
(1.40696e-06 8.86681e-07 0)
(0 0 0)
(1.17572e-07 -6.85977e-09 0)
(2.41397e-07 1.06965e-08 0)
(3.73115e-07 5.66983e-08 0)
(5.12508e-07 1.29871e-07 0)
(6.60099e-07 2.28823e-07 0)
(8.15999e-07 3.50987e-07 0)
(9.80098e-07 4.93296e-07 0)
(1.15259e-06 6.52464e-07 0)
(1.33235e-06 8.2479e-07 0)
(0 0 0)
(1.10575e-07 -1.28844e-08 0)
(2.27515e-07 -1.56967e-09 0)
(3.52238e-07 3.80035e-08 0)
(4.84291e-07 1.04603e-07 0)
(6.24084e-07 1.96845e-07 0)
(7.71661e-07 3.12213e-07 0)
(9.26925e-07 4.47705e-07 0)
(1.09006e-06 6.00159e-07 0)
(1.26008e-06 7.65971e-07 0)
(0 0 0)
(1.03635e-07 -1.9168e-08 0)
(2.13742e-07 -1.41809e-08 0)
(3.31506e-07 1.90882e-08 0)
(4.56246e-07 7.94177e-08 0)
(5.88283e-07 1.65384e-07 0)
(7.27629e-07 2.74478e-07 0)
(8.7423e-07 4.03729e-07 0)
(1.02828e-06 5.50066e-07 0)
(1.18894e-06 7.09985e-07 0)
(0 0 0)
(9.67459e-08 -2.57348e-08 0)
(2.00052e-07 -2.71696e-08 0)
(3.1083e-07 -7.59319e-11 0)
(4.28175e-07 5.42933e-08 0)
(5.52353e-07 1.34413e-07 0)
(6.83384e-07 2.37736e-07 0)
(8.21294e-07 3.61294e-07 0)
(9.66316e-07 5.0208e-07 0)
(1.11776e-06 6.5669e-07 0)
(0 0 0)
(8.99515e-08 -3.26345e-08 0)
(1.86498e-07 -4.05899e-08 0)
(2.90193e-07 -1.95215e-08 0)
(3.99933e-07 2.92238e-08 0)
(5.15978e-07 1.03938e-07 0)
(6.38417e-07 2.01988e-07 0)
(7.67397e-07 3.20379e-07 0)
(9.03215e-07 4.5615e-07 0)
(1.04536e-06 6.05994e-07 0)
(0 0 0)
(8.33585e-08 -3.99752e-08 0)
(1.73224e-07 -5.4508e-08 0)
(2.69652e-07 -3.92247e-08 0)
(3.71418e-07 4.31582e-09 0)
(4.78856e-07 7.4115e-08 0)
(5.92205e-07 1.67401e-07 0)
(7.11786e-07 2.81137e-07 0)
(8.37994e-07 4.12396e-07 0)
(9.70507e-07 5.57971e-07 0)
(0 0 0)
(7.72559e-08 -4.79442e-08 0)
(1.60609e-07 -6.90527e-08 0)
(2.49436e-07 -5.91985e-08 0)
(3.42608e-07 -2.03494e-08 0)
(4.40684e-07 4.50768e-08 0)
(5.44168e-07 1.3412e-07 0)
(6.53612e-07 2.43692e-07 0)
(7.6954e-07 3.70904e-07 0)
(8.91835e-07 5.12657e-07 0)
(0 0 0)
(7.21799e-08 -5.6969e-08 0)
(1.49259e-07 -8.43373e-08 0)
(2.29888e-07 -7.92017e-08 0)
(3.13496e-07 -4.43098e-08 0)
(4.01112e-07 1.73821e-08 0)
(4.93637e-07 1.02718e-07 0)
(5.91915e-07 2.08585e-07 0)
(6.9662e-07 3.32151e-07 0)
(8.07845e-07 4.70447e-07 0)
(0 0 0)
(6.97705e-08 -6.76423e-08 0)
(1.40609e-07 -1.00575e-07 0)
(2.11755e-07 -9.91342e-08 0)
(2.84138e-07 -6.73378e-08 0)
(3.59643e-07 -8.71372e-09 0)
(4.39682e-07 7.34152e-08 0)
(5.25404e-07 1.75967e-07 0)
(6.17632e-07 2.96209e-07 0)
(7.16646e-07 4.31324e-07 0)
(0 0 0)
(7.3135e-08 -8.14781e-08 0)
(1.36424e-07 -1.17471e-07 0)
(1.95815e-07 -1.17705e-07 0)
(2.54492e-07 -8.7827e-08 0)
(3.15704e-07 -3.16119e-08 0)
(3.81331e-07 4.76988e-08 0)
(4.52797e-07 1.47176e-07 0)
(5.31025e-07 2.64249e-07 0)
(6.16438e-07 3.9628e-07 0)
(3.84962e-08 -3.62793e-08 9.13362e-22)
(9.91361e-08 -9.97946e-08 1.83883e-21)
(1.42305e-07 -1.34519e-07 1.85614e-21)
(1.83303e-07 -1.34333e-07 1.87974e-21)
(2.2404e-07 -1.05201e-07 1.91127e-21)
(2.67867e-07 -5.0727e-08 1.9509e-21)
(3.16624e-07 2.61707e-08 1.99914e-21)
(3.71716e-07 1.22738e-07 2.05586e-21)
(4.34051e-07 2.36568e-07 2.12093e-21)
(5.04002e-07 3.65155e-07 2.19396e-21)
(0 0 0)
(1.93071e-07 3.64978e-08 0)
(3.93149e-07 1.11808e-07 0)
(6.06351e-07 2.29601e-07 0)
(8.35964e-07 3.85091e-07 0)
(1.08474e-06 5.73645e-07 0)
(1.35391e-06 7.89134e-07 0)
(1.64378e-06 1.025e-06 0)
(1.95363e-06 1.27432e-06 0)
(2.28207e-06 1.53088e-06 0)
(0 0 0)
(1.82231e-07 3.25009e-08 0)
(3.70973e-07 1.00492e-07 0)
(5.71427e-07 2.07936e-07 0)
(7.86346e-07 3.51034e-07 0)
(1.0182e-06 5.26034e-07 0)
(1.26817e-06 7.27681e-07 0)
(1.53665e-06 9.50263e-07 0)
(1.82315e-06 1.18753e-06 0)
(2.12636e-06 1.43414e-06 0)
(0 0 0)
(1.72426e-07 2.83732e-08 0)
(3.51042e-07 8.94892e-08 0)
(5.40262e-07 1.87457e-07 0)
(7.42303e-07 3.1922e-07 0)
(9.59314e-07 4.81701e-07 0)
(1.19233e-06 6.70334e-07 0)
(1.44182e-06 8.80102e-07 0)
(1.70756e-06 1.10536e-06 0)
(1.9884e-06 1.34146e-06 0)
(0 0 0)
(1.63382e-07 2.40619e-08 0)
(3.32782e-07 7.86559e-08 0)
(5.11976e-07 1.67943e-07 0)
(7.02696e-07 2.89408e-07 0)
(9.06774e-07 4.40487e-07 0)
(1.12509e-06 6.1716e-07 0)
(1.358e-06 8.1495e-07 0)
(1.60546e-06 1.0287e-06 0)
(1.86624e-06 1.25409e-06 0)
(0 0 0)
(1.5492e-07 1.95227e-08 0)
(3.15781e-07 6.77945e-08 0)
(4.85827e-07 1.48973e-07 0)
(6.66358e-07 2.60943e-07 0)
(8.5891e-07 4.01525e-07 0)
(1.06421e-06 5.67129e-07 0)
(1.28251e-06 7.53712e-07 0)
(1.51392e-06 9.56593e-07 0)
(1.75709e-06 1.17163e-06 0)
(0 0 0)
(1.46918e-07 1.47457e-08 0)
(2.99773e-07 5.68326e-08 0)
(4.61368e-07 1.30389e-07 0)
(6.32625e-07 2.33591e-07 0)
(8.14812e-07 3.64546e-07 0)
(1.0085e-06 5.19991e-07 0)
(1.21382e-06 6.96205e-07 0)
(1.43096e-06 8.88899e-07 0)
(1.65855e-06 1.09404e-06 0)
(0 0 0)
(1.3926e-07 9.71706e-09 0)
(2.84496e-07 4.5678e-08 0)
(4.38151e-07 1.11972e-07 0)
(6.00811e-07 2.06987e-07 0)
(7.73514e-07 3.29039e-07 0)
(9.56688e-07 4.75125e-07 0)
(1.15037e-06 6.41771e-07 0)
(1.35478e-06 8.25026e-07 0)
(1.56854e-06 1.02093e-06 0)
(0 0 0)
(1.31863e-07 4.44081e-09 0)
(2.69776e-07 3.42963e-08 0)
(4.15877e-07 9.36192e-08 0)
(5.70457e-07 1.80953e-07 0)
(7.3435e-07 2.94757e-07 0)
(9.07863e-07 4.32226e-07 0)
(1.09095e-06 5.90063e-07 0)
(1.28384e-06 7.64595e-07 0)
(1.48521e-06 9.51944e-07 0)
(0 0 0)
(1.24653e-07 -1.08595e-09 0)
(2.5545e-07 2.26429e-08 0)
(3.94268e-07 7.52163e-08 0)
(5.41133e-07 1.55287e-07 0)
(6.96709e-07 2.61411e-07 0)
(8.61195e-07 3.90924e-07 0)
(1.0345e-06 5.40668e-07 0)
(1.21683e-06 7.07185e-07 0)
(1.40696e-06 8.86681e-07 0)
(0 0 0)
(1.17572e-07 -6.85977e-09 0)
(2.41397e-07 1.06965e-08 0)
(3.73115e-07 5.66983e-08 0)
(5.12508e-07 1.29871e-07 0)
(6.60099e-07 2.28823e-07 0)
(8.15999e-07 3.50987e-07 0)
(9.80098e-07 4.93296e-07 0)
(1.15259e-06 6.52464e-07 0)
(1.33235e-06 8.2479e-07 0)
(0 0 0)
(1.10575e-07 -1.28844e-08 0)
(2.27515e-07 -1.56967e-09 0)
(3.52238e-07 3.80035e-08 0)
(4.84291e-07 1.04603e-07 0)
(6.24084e-07 1.96845e-07 0)
(7.71661e-07 3.12213e-07 0)
(9.26925e-07 4.47705e-07 0)
(1.09006e-06 6.00159e-07 0)
(1.26008e-06 7.65971e-07 0)
(0 0 0)
(1.03635e-07 -1.9168e-08 0)
(2.13742e-07 -1.41809e-08 0)
(3.31506e-07 1.90882e-08 0)
(4.56246e-07 7.94177e-08 0)
(5.88283e-07 1.65384e-07 0)
(7.27629e-07 2.74478e-07 0)
(8.7423e-07 4.03729e-07 0)
(1.02828e-06 5.50066e-07 0)
(1.18894e-06 7.09985e-07 0)
(0 0 0)
(9.67459e-08 -2.57348e-08 0)
(2.00052e-07 -2.71696e-08 0)
(3.1083e-07 -7.59319e-11 0)
(4.28175e-07 5.42933e-08 0)
(5.52353e-07 1.34413e-07 0)
(6.83384e-07 2.37736e-07 0)
(8.21294e-07 3.61294e-07 0)
(9.66316e-07 5.0208e-07 0)
(1.11776e-06 6.5669e-07 0)
(0 0 0)
(8.99515e-08 -3.26345e-08 0)
(1.86498e-07 -4.05899e-08 0)
(2.90193e-07 -1.95215e-08 0)
(3.99933e-07 2.92238e-08 0)
(5.15978e-07 1.03938e-07 0)
(6.38417e-07 2.01988e-07 0)
(7.67397e-07 3.20379e-07 0)
(9.03215e-07 4.5615e-07 0)
(1.04536e-06 6.05994e-07 0)
(0 0 0)
(8.33585e-08 -3.99752e-08 0)
(1.73224e-07 -5.4508e-08 0)
(2.69652e-07 -3.92247e-08 0)
(3.71418e-07 4.31582e-09 0)
(4.78856e-07 7.4115e-08 0)
(5.92205e-07 1.67401e-07 0)
(7.11786e-07 2.81137e-07 0)
(8.37994e-07 4.12396e-07 0)
(9.70507e-07 5.57971e-07 0)
(0 0 0)
(7.72559e-08 -4.79442e-08 0)
(1.60609e-07 -6.90527e-08 0)
(2.49436e-07 -5.91985e-08 0)
(3.42608e-07 -2.03494e-08 0)
(4.40684e-07 4.50768e-08 0)
(5.44168e-07 1.3412e-07 0)
(6.53612e-07 2.43692e-07 0)
(7.6954e-07 3.70904e-07 0)
(8.91835e-07 5.12657e-07 0)
(0 0 0)
(7.21799e-08 -5.6969e-08 0)
(1.49259e-07 -8.43373e-08 0)
(2.29888e-07 -7.92017e-08 0)
(3.13496e-07 -4.43098e-08 0)
(4.01112e-07 1.73821e-08 0)
(4.93637e-07 1.02718e-07 0)
(5.91915e-07 2.08585e-07 0)
(6.9662e-07 3.32151e-07 0)
(8.07845e-07 4.70447e-07 0)
(0 0 0)
(6.97705e-08 -6.76423e-08 0)
(1.40609e-07 -1.00575e-07 0)
(2.11755e-07 -9.91342e-08 0)
(2.84138e-07 -6.73378e-08 0)
(3.59643e-07 -8.71372e-09 0)
(4.39682e-07 7.34152e-08 0)
(5.25404e-07 1.75967e-07 0)
(6.17632e-07 2.96209e-07 0)
(7.16646e-07 4.31324e-07 0)
(0 0 0)
(7.3135e-08 -8.14781e-08 0)
(1.36424e-07 -1.17471e-07 0)
(1.95815e-07 -1.17705e-07 0)
(2.54492e-07 -8.7827e-08 0)
(3.15704e-07 -3.16119e-08 0)
(3.81331e-07 4.76988e-08 0)
(4.52797e-07 1.47176e-07 0)
(5.31025e-07 2.64249e-07 0)
(6.16438e-07 3.9628e-07 0)
(3.84962e-08 -3.62793e-08 9.13362e-22)
(9.91361e-08 -9.97946e-08 1.83883e-21)
(1.42305e-07 -1.34519e-07 1.85614e-21)
(1.83303e-07 -1.34333e-07 1.87974e-21)
(2.2404e-07 -1.05201e-07 1.91127e-21)
(2.67867e-07 -5.0727e-08 1.9509e-21)
(3.16624e-07 2.61707e-08 1.99914e-21)
(3.71716e-07 1.22738e-07 2.05586e-21)
(4.34051e-07 2.36568e-07 2.12093e-21)
(5.04002e-07 3.65155e-07 2.19396e-21)
)
;

boundaryField
{
    left
    {
        type            calculated;
    }
    right
    {
        type            calculated;
    }
    down
    {
        type            calculated;
    }
    up
    {
        type            calculated;
    }
    hole
    {
        type            calculated;
    }
    frontAndBack
    {
        type            empty;
    }
}


// ************************************************************************* //
