/*--------------------------------*- C++ -*----------------------------------*\
  =========                 |
  \\      /  F ield         | OpenFOAM: The Open Source CFD Toolbox
   \\    /   O peration     | Website:  https://openfoam.org
    \\  /    A nd           | Version:  9
     \\/     M anipulation  |
\*---------------------------------------------------------------------------*/
FoamFile
{
    format      ascii;
    class       volSymmTensorField;
    location    "15";
    object      epsilon;
}
// * * * * * * * * * * * * * * * * * * * * * * * * * * * * * * * * * * * * * //

dimensions      [0 0 0 0 0 0 0];

internalField   nonuniform List<symmTensor> 
1000
(
(6.30074e-06 -8.20863e-06 6.5286e-19 1.26902e-06 7.19931e-19 1.96017e-33)
(8.70237e-06 -6.33341e-06 -1.30395e-20 -1.57778e-06 7.27703e-21 0)
(9.87699e-06 -4.85701e-06 1.52272e-20 -2.91422e-06 -2.91823e-21 0)
(1.05435e-05 -3.74415e-06 3.91972e-21 -3.87227e-06 -2.7869e-21 0)
(1.08649e-05 -2.84337e-06 -1.65507e-20 -4.39871e-06 1.20882e-21 0)
(1.09743e-05 -2.14097e-06 -1.79876e-21 -4.73762e-06 1.95891e-21 0)
(1.09641e-05 -1.56848e-06 -1.50141e-20 -4.92074e-06 -8.05552e-21 0)
(1.08656e-05 -1.11362e-06 1.03101e-20 -5.01418e-06 4.8163e-21 0)
(1.07372e-05 -7.35136e-07 -5.30126e-21 -5.04831e-06 -6.04242e-21 0)
(1.05494e-05 -4.20228e-07 0 -5.05305e-06 0 0)
(8.47967e-06 -9.15037e-06 6.07529e-19 4.03433e-07 7.86938e-19 1.06669e-34)
(1.04053e-05 -6.54632e-06 0 -2.2018e-06 0 0)
(1.11998e-05 -4.67395e-06 1.2177e-20 -3.29291e-06 5.80508e-21 0)
(1.15757e-05 -3.33477e-06 -2.09017e-20 -4.09104e-06 -1.11454e-20 0)
(1.16706e-05 -2.30481e-06 -8.88366e-21 -4.48982e-06 -5.35703e-21 0)
(1.16002e-05 -1.53768e-06 6.17333e-21 -4.73813e-06 6.30175e-21 0)
(1.14445e-05 -9.36441e-07 6.92449e-21 -4.8502e-06 4.64066e-21 0)
(1.12323e-05 -4.79965e-07 1.62903e-20 -4.90009e-06 9.50595e-21 0)
(1.09935e-05 -1.09523e-07 0 -4.88356e-06 0 0)
(1.07406e-05 1.86716e-07 0 -4.89121e-06 0 0)
(1.09438e-05 -9.75629e-06 5.68375e-19 -7.52439e-07 8.5063e-19 0)
(1.21778e-05 -6.52971e-06 0 -2.89432e-06 0 0)
(1.24713e-05 -4.34375e-06 1.16103e-20 -3.63094e-06 6.01265e-21 0)
(1.24855e-05 -2.83071e-06 -3.49924e-21 -4.19377e-06 1.228e-21 0)
(1.23137e-05 -1.71149e-06 -1.71454e-22 -4.42594e-06 7.58255e-23 0)
(1.20389e-05 -9.08637e-07 -5.75598e-21 -4.55762e-06 -5.96464e-21 0)
(1.17248e-05 -3.02745e-07 7.88379e-21 -4.58418e-06 3.64664e-21 0)
(1.13894e-05 1.39226e-07 -5.8456e-21 -4.57903e-06 -4.31824e-21 0)
(1.10494e-05 4.8331e-07 -4.78778e-22 -4.51546e-06 8.11317e-22 0)
(1.07212e-05 7.62781e-07 -1.23778e-21 -4.50912e-06 -5.3282e-22 0)
(1.36034e-05 -9.88366e-06 5.12367e-19 -2.19831e-06 9.27e-19 -5.92799e-35)
(1.3945e-05 -6.28287e-06 6.64548e-21 -3.60309e-06 -6.82401e-22 0)
(1.36578e-05 -3.88938e-06 -5.30425e-21 -3.9124e-06 -3.00295e-21 0)
(1.32597e-05 -2.26477e-06 -3.38025e-21 -4.17965e-06 6.52692e-22 0)
(1.27904e-05 -1.10449e-06 6.01118e-21 -4.21697e-06 5.82278e-21 0)
(1.22958e-05 -2.9872e-07 -7.24989e-21 -4.21523e-06 -4.79664e-21 0)
(1.18171e-05 2.86141e-07 -6.26266e-21 -4.15207e-06 -4.45969e-21 0)
(1.13607e-05 6.97429e-07 -1.39575e-20 -4.09124e-06 -1.02172e-20 0)
(1.09261e-05 1.00103e-06 -1.99428e-21 -3.98965e-06 -2.44198e-21 0)
(1.05328e-05 1.24798e-06 3.41483e-21 -3.96524e-06 3.02396e-21 0)
(1.63595e-05 -9.53888e-06 4.74714e-19 -3.91712e-06 1.03652e-18 -1.21149e-33)
(1.56591e-05 -5.78342e-06 3.48617e-25 -4.33681e-06 1.61391e-26 0)
(1.47511e-05 -3.30882e-06 -1.71883e-20 -4.15618e-06 -8.44217e-21 0)
(1.38952e-05 -1.65182e-06 1.57187e-21 -4.06518e-06 -5.96027e-23 0)
(1.31023e-05 -5.12071e-07 -2.2023e-21 -3.87805e-06 2.25124e-22 0)
(1.23779e-05 2.53572e-07 5.21055e-21 -3.72885e-06 4.82428e-21 0)
(1.17348e-05 7.85073e-07 -5.89341e-22 -3.57441e-06 1.70808e-22 0)
(1.1163e-05 1.14361e-06 5.51097e-21 -3.46045e-06 3.68617e-21 0)
(1.06466e-05 1.39047e-06 -1.17841e-21 -3.33199e-06 -2.54649e-21 0)
(1.01973e-05 1.59151e-06 -2.17746e-21 -3.29339e-06 -1.76089e-21 0)
(1.8978e-05 -8.81867e-06 3.42899e-19 -5.54256e-06 9.59861e-19 -1.25386e-33)
(1.7336e-05 -4.96604e-06 3.18831e-25 -5.07499e-06 6.61904e-26 0)
(1.57335e-05 -2.57015e-06 -1.73215e-25 -4.31566e-06 -2.73045e-26 0)
(1.4388e-05 -9.91175e-07 1.39025e-21 -3.83944e-06 1.68274e-22 0)
(1.32558e-05 4.7158e-08 -7.44122e-21 -3.41333e-06 -4.53511e-21 0)
(1.23019e-05 7.16482e-07 8.5338e-23 -3.11887e-06 -6.95239e-25 0)
(1.15035e-05 1.15793e-06 5.5356e-21 -2.88232e-06 3.75537e-21 0)
(1.08289e-05 1.4402e-06 1.17653e-20 -2.72575e-06 8.61944e-21 0)
(1.02459e-05 1.61674e-06 2.13118e-21 -2.58409e-06 1.5663e-21 0)
(9.75248e-06 1.76089e-06 -3.71903e-21 -2.53783e-06 -2.93439e-21 0)
(2.13406e-05 -7.33654e-06 2.13508e-19 -6.98175e-06 6.94718e-19 -2.19624e-33)
(1.88419e-05 -3.78048e-06 5.01721e-21 -5.67871e-06 1.96265e-21 0)
(1.6495e-05 -1.64015e-06 5.26383e-21 -4.3037e-06 2.41085e-21 0)
(1.46681e-05 -2.9112e-07 -1.14195e-21 -3.4529e-06 -3.33263e-22 0)
(1.32157e-05 5.44132e-07 5.36985e-21 -2.81296e-06 3.60761e-21 0)
(1.20626e-05 1.0527e-06 -4.94284e-21 -2.40274e-06 -3.42038e-21 0)
(1.11391e-05 1.36586e-06 1.41487e-21 -2.11276e-06 8.90895e-23 0)
(1.03879e-05 1.55097e-06 -4.41535e-21 -1.93577e-06 -2.90033e-21 0)
(9.76127e-06 1.64897e-06 -3.07939e-22 -1.80019e-06 3.81145e-23 0)
(9.23906e-06 1.73088e-06 -2.23785e-21 -1.75644e-06 -1.46278e-21 0)
(2.36702e-05 -5.25232e-06 8.97277e-20 -8.19297e-06 3.2244e-19 -5.08422e-35)
(2.00594e-05 -2.29193e-06 -1.32909e-20 -5.96846e-06 -4.79431e-21 0)
(1.69798e-05 -5.40213e-07 1.03553e-22 -3.98677e-06 5.62926e-23 0)
(1.47117e-05 3.82891e-07 1.67492e-21 -2.84872e-06 8.19344e-22 0)
(1.29998e-05 9.1685e-07 1.22817e-20 -2.0716e-06 6.13924e-21 0)
(1.17052e-05 1.20741e-06 -7.30069e-22 -1.61512e-06 -2.2089e-22 0)
(1.07042e-05 1.37054e-06 1.81659e-26 -1.32197e-06 3.55565e-27 0)
(9.91263e-06 1.453e-06 -4.31955e-21 -1.15924e-06 -2.28243e-21 0)
(9.2691e-06 1.47903e-06 1.05536e-22 -1.05222e-06 4.03218e-24 0)
(8.73529e-06 1.50489e-06 3.23779e-22 -1.02261e-06 1.58887e-22 0)
(2.57536e-05 -2.33886e-06 -6.54541e-21 -9.19954e-06 -1.61492e-19 -3.81618e-34)
(2.06591e-05 -3.76245e-07 -1.46962e-20 -5.58106e-06 -6.00659e-21 0)
(1.69133e-05 5.50507e-07 1.53204e-21 -3.20178e-06 1.32077e-21 0)
(1.43315e-05 8.48369e-07 1.46047e-21 -1.92958e-06 1.09218e-21 0)
(1.2533e-05 1.00771e-06 -6.05042e-22 -1.20687e-06 -3.65883e-22 0)
(1.1218e-05 1.06392e-06 4.78008e-21 -8.19329e-07 1.74825e-21 0)
(1.02256e-05 1.08985e-06 2.63354e-22 -5.99698e-07 7.83582e-23 0)
(9.44632e-06 1.09164e-06 7.71429e-21 -4.92003e-07 2.95497e-21 0)
(8.81736e-06 1.07283e-06 1.70308e-21 -4.33393e-07 6.5917e-22 0)
(8.28868e-06 1.06395e-06 9.53129e-22 -4.25445e-07 3.85421e-22 0)
(2.77582e-05 2.14828e-06 -1.16895e-20 -8.78307e-06 -5.10525e-19 -2.22471e-33)
(2.01536e-05 2.45645e-06 -1.20847e-21 -3.65157e-06 -1.85665e-21 0)
(1.6231e-05 1.56574e-06 5.08787e-21 -1.67362e-06 2.1711e-21 0)
(1.37441e-05 1.05022e-06 2.65168e-22 -7.57184e-07 3.52468e-22 0)
(1.20823e-05 8.13077e-07 9.06324e-27 -3.75467e-07 8.58361e-27 0)
(1.0862e-05 7.041e-07 4.85269e-21 -1.93574e-07 8.69336e-22 0)
(9.934e-06 6.58568e-07 7.62259e-23 -1.12118e-07 2.20105e-23 0)
(9.19091e-06 6.37235e-07 3.71792e-21 -8.02607e-08 7.00813e-22 0)
(8.58293e-06 6.1748e-07 -4.16035e-23 -6.91292e-08 -2.45084e-24 0)
(8.0576e-06 6.05305e-07 -6.26128e-23 -7.40256e-08 -1.27267e-23 0)
(-2.6098e-08 1.9871e-08 2.93244e-20 -8.44873e-09 2.8729e-20 1.72432e-34)
(3.26445e-08 -6.823e-08 -2.77367e-22 -1.24379e-08 2.39071e-20 1.43725e-36)
(3.20099e-07 -2.1565e-07 -3.54994e-21 -1.51286e-07 1.27713e-20 1.78955e-35)
(7.72688e-07 -3.33663e-07 -1.97643e-24 -3.58008e-07 1.6387e-20 0)
(1.29376e-06 -4.06488e-07 -4.75767e-22 -5.87653e-07 1.04455e-20 -1.41016e-36)
(1.83828e-06 -4.48049e-07 -4.86828e-21 -8.23803e-07 1.52679e-20 2.9093e-35)
(2.37018e-06 -4.64441e-07 1.09633e-21 -1.05176e-06 2.07608e-20 1.37056e-36)
(2.87731e-06 -4.65828e-07 -3.2311e-21 -1.26724e-06 1.70991e-20 2.56787e-35)
(3.34272e-06 -4.53539e-07 2.61535e-21 -1.46576e-06 1.70828e-20 -1.03627e-35)
(3.77414e-06 -4.43899e-07 5.00243e-21 -1.64497e-06 8.03956e-21 -1.47635e-35)
(5.54587e-08 -7.37153e-08 3.00776e-20 -2.79691e-08 7.83972e-21 4.90649e-35)
(3.40431e-07 -3.99962e-07 3.92955e-21 -6.88589e-09 4.31108e-21 0)
(8.59292e-07 -7.59841e-07 -3.67762e-21 -2.22573e-07 -3.69418e-21 0)
(1.43581e-06 -1.03491e-06 3.53202e-23 -5.13406e-07 -3.05836e-21 0)
(2.01403e-06 -1.20408e-06 0 -8.03091e-07 0 0)
(2.56231e-06 -1.299e-06 -5.58088e-21 -1.07603e-06 -8.28475e-22 0)
(3.06757e-06 -1.33327e-06 9.39803e-22 -1.3218e-06 4.80446e-21 0)
(3.53213e-06 -1.33101e-06 7.01698e-23 -1.54207e-06 2.58499e-22 0)
(3.94163e-06 -1.29427e-06 -3.00484e-21 -1.73588e-06 -8.73785e-21 0)
(4.32188e-06 -1.26495e-06 2.20497e-21 -1.90072e-06 3.42305e-22 0)
(8.71712e-08 -3.63604e-07 3.58065e-20 1.02393e-07 7.00802e-21 -2.2008e-36)
(6.32292e-07 -9.98598e-07 4.0189e-21 3.06259e-08 4.25843e-21 0)
(1.36429e-06 -1.44416e-06 4.2035e-21 -3.04493e-07 8.80863e-22 0)
(2.08234e-06 -1.74288e-06 2.15885e-22 -7.20202e-07 -2.94958e-21 0)
(2.74318e-06 -1.90754e-06 0 -1.10324e-06 0 0)
(3.32475e-06 -1.98507e-06 -6.24538e-21 -1.43978e-06 -1.63027e-21 0)
(3.83026e-06 -1.99459e-06 -8.5191e-21 -1.72298e-06 -2.38569e-21 0)
(4.27482e-06 -1.96287e-06 5.63549e-21 -1.96173e-06 3.44621e-21 0)
(4.6444e-06 -1.89348e-06 3.41655e-23 -2.15655e-06 1.10064e-22 0)
(4.98924e-06 -1.83514e-06 -5.06882e-21 -2.31503e-06 -3.20519e-21 0)
(1.35069e-07 -8.17577e-07 6.525e-20 4.11874e-07 1.4216e-20 -4.98444e-35)
(1.03172e-06 -1.71563e-06 9.89785e-22 6.97475e-08 -3.57548e-21 0)
(1.96115e-06 -2.18401e-06 4.61903e-21 -4.14618e-07 9.03453e-22 0)
(2.80788e-06 -2.44702e-06 0 -9.53246e-07 0 0)
(3.54168e-06 -2.556e-06 -7.87363e-21 -1.42254e-06 2.93235e-21 0)
(4.1557e-06 -2.5764e-06 9.28006e-23 -1.82043e-06 7.25963e-21 0)
(4.66375e-06 -2.53269e-06 -3.90227e-22 -2.14182e-06 -3.90024e-21 0)
(5.09293e-06 -2.45163e-06 -1.1251e-21 -2.40247e-06 -6.02067e-21 0)
(5.42764e-06 -2.33883e-06 2.572e-21 -2.60391e-06 8.34617e-22 0)
(5.74303e-06 -2.24347e-06 4.80114e-21 -2.76241e-06 1.80086e-21 0)
(2.58468e-07 -1.45848e-06 7.54289e-20 8.41617e-07 3.69148e-20 1.73238e-34)
(1.5936e-06 -2.49585e-06 -8.10604e-21 6.02682e-08 5.43039e-21 0)
(2.72082e-06 -2.91687e-06 -4.91766e-21 -6.26269e-07 -1.44716e-21 0)
(3.67742e-06 -3.09232e-06 -1.32727e-21 -1.29904e-06 5.32061e-21 0)
(4.45975e-06 -3.10411e-06 -5.21205e-23 -1.84685e-06 3.28236e-22 0)
(5.08564e-06 -3.03593e-06 7.58488e-21 -2.29362e-06 -2.03526e-21 0)
(5.58095e-06 -2.91632e-06 3.30387e-21 -2.64108e-06 8.67214e-22 0)
(5.98368e-06 -2.7697e-06 0 -2.91352e-06 0 0)
(6.27691e-06 -2.60484e-06 -3.52577e-21 -3.11368e-06 -4.64226e-21 0)
(6.55768e-06 -2.46464e-06 1.40745e-21 -3.26612e-06 3.41481e-22 0)
(5.2625e-07 -2.30063e-06 1.4406e-19 1.32508e-06 6.09041e-20 -3.2544e-34)
(2.33663e-06 -3.28651e-06 3.30597e-21 8.09699e-10 -6.44483e-21 0)
(3.65077e-06 -3.57586e-06 -4.06115e-21 -9.16366e-07 -4.38086e-21 0)
(4.68984e-06 -3.61894e-06 8.92911e-22 -1.72093e-06 -2.47742e-21 0)
(5.4902e-06 -3.50765e-06 8.59135e-21 -2.33087e-06 2.87509e-21 0)
(6.1014e-06 -3.33529e-06 -8.29058e-21 -2.80902e-06 9.2335e-22 0)
(6.56338e-06 -3.13024e-06 -9.56491e-24 -3.16751e-06 2.20056e-22 0)
(6.92306e-06 -2.91238e-06 -6.45653e-21 -3.43906e-06 -4.44794e-21 0)
(7.16432e-06 -2.69393e-06 1.3494e-23 -3.62983e-06 8.63776e-23 0)
(7.40052e-06 -2.50661e-06 -7.05252e-21 -3.76895e-06 -3.22332e-21 0)
(1.0155e-06 -3.33433e-06 2.64762e-19 1.75866e-06 1.41501e-19 -3.95638e-34)
(3.26709e-06 -4.05604e-06 1.82995e-22 -1.29768e-07 -2.77184e-22 0)
(4.73382e-06 -4.12167e-06 -1.34165e-25 -1.27787e-06 2.29009e-25 0)
(5.81813e-06 -3.98814e-06 -8.77463e-21 -2.20172e-06 -6.15057e-21 0)
(6.6028e-06 -3.73343e-06 -1.49189e-21 -2.8554e-06 3.98487e-21 0)
(7.17051e-06 -3.44847e-06 -8.04326e-21 -3.34695e-06 -3.27322e-21 0)
(7.57654e-06 -3.15562e-06 1.44604e-20 -3.70005e-06 6.44573e-21 0)
(7.87438e-06 -2.86764e-06 -1.99962e-24 -3.95723e-06 1.72829e-22 0)
(8.05235e-06 -2.5992e-06 2.84872e-21 -4.12885e-06 -1.2658e-23 0)
(8.23135e-06 -2.36625e-06 -3.85808e-21 -4.24687e-06 -1.83654e-21 0)
(1.79749e-06 -4.52211e-06 4.14368e-19 2.04745e-06 2.59144e-19 -8.63024e-34)
(4.38092e-06 -4.77465e-06 4.71328e-21 -3.39555e-07 -5.6303e-21 0)
(5.93474e-06 -4.52912e-06 -1.82097e-21 -1.67814e-06 2.42544e-21 0)
(7.01477e-06 -4.17957e-06 1.11409e-21 -2.69178e-06 -1.7344e-21 0)
(7.74681e-06 -3.7674e-06 9.94638e-26 -3.36526e-06 -1.9485e-25 0)
(8.24224e-06 -3.36832e-06 9.33902e-21 -3.85094e-06 7.89072e-22 0)
(8.57144e-06 -2.99206e-06 7.05789e-22 -4.18427e-06 -3.04013e-21 0)
(8.79026e-06 -2.64171e-06 -2.388e-22 -4.41462e-06 2.50187e-21 0)
(8.89696e-06 -2.33188e-06 2.99602e-23 -4.56265e-06 1.24947e-21 0)
(9.00589e-06 -2.05925e-06 2.9462e-21 -4.6512e-06 2.75477e-21 0)
(2.9268e-06 -5.79196e-06 5.36538e-19 2.0989e-06 4.23664e-19 1.22826e-33)
(5.66998e-06 -5.4121e-06 -1.51878e-21 -6.45791e-07 1.0323e-20 0)
(7.21638e-06 -4.78707e-06 -1.76097e-25 -2.09716e-06 1.84484e-25 0)
(8.23105e-06 -4.19195e-06 1.20764e-20 -3.15535e-06 2.8346e-21 0)
(8.87005e-06 -3.61447e-06 9.22345e-21 -3.81774e-06 4.60388e-21 0)
(9.26435e-06 -3.10522e-06 8.32353e-21 -4.27719e-06 4.15536e-21 0)
(9.49685e-06 -2.65361e-06 -9.16491e-22 -4.57484e-06 2.6126e-21 0)
(9.62089e-06 -2.2537e-06 -1.00258e-20 -4.76993e-06 -5.60047e-21 0)
(9.65053e-06 -1.91281e-06 6.16301e-21 -4.88696e-06 1.45776e-21 0)
(9.68099e-06 -1.60792e-06 2.76159e-21 -4.95388e-06 1.64063e-21 0)
(4.43191e-06 -7.06045e-06 6.40446e-19 1.8535e-06 5.93369e-19 1.84673e-34)
(7.11531e-06 -5.94287e-06 -3.05744e-21 -1.05185e-06 2.25426e-21 0)
(8.53927e-06 -4.89553e-06 -5.92646e-21 -2.51069e-06 -2.76204e-21 0)
(9.41792e-06 -4.03954e-06 2.5699e-20 -3.55461e-06 6.01629e-21 0)
(9.91961e-06 -3.29629e-06 1.57858e-22 -4.16959e-06 -1.78764e-22 0)
(1.01835e-05 -2.68423e-06 -8.18679e-21 -4.57952e-06 -4.6463e-21 0)
(1.03003e-05 -2.16831e-06 -8.78485e-21 -4.82784e-06 -1.38228e-21 0)
(1.03155e-05 -1.7331e-06 -3.30644e-21 -4.97321e-06 -1.97675e-21 0)
(1.02713e-05 -1.37986e-06 3.78505e-22 -5.06715e-06 -2.73529e-21 0)
(1.01975e-05 -1.07334e-06 1.64473e-21 -5.07554e-06 3.45917e-21 0)
(4.16263e-06 -4.11794e-07 3.88218e-21 -1.81167e-06 4.61451e-21 4.46563e-38)
(4.50115e-06 -3.67417e-07 2.81402e-21 -1.9506e-06 -5.19813e-21 8.62771e-36)
(4.81209e-06 -3.28852e-07 -2.96725e-21 -2.07952e-06 -1.73417e-20 9.61287e-36)
(5.09169e-06 -2.93843e-07 -2.02777e-21 -2.19617e-06 -1.86302e-20 6.03072e-37)
(5.34391e-06 -2.61388e-07 -5.16961e-21 -2.3011e-06 -2.25636e-20 -4.55513e-35)
(5.56991e-06 -2.32331e-07 -8.28385e-22 -2.39567e-06 -2.5088e-20 0)
(5.77251e-06 -2.05687e-07 -8.9401e-22 -2.48031e-06 -2.86906e-20 0)
(5.95308e-06 -1.81658e-07 7.23918e-22 -2.55602e-06 -2.98644e-20 -8.98644e-37)
(6.11377e-06 -1.5963e-07 5.22185e-22 -2.62341e-06 -3.42137e-20 2.56171e-35)
(6.25577e-06 -1.39451e-07 2.53474e-21 -2.68312e-06 -3.31653e-20 -1.78426e-36)
(6.38053e-06 -1.20683e-07 3.53649e-21 -2.73567e-06 -3.78158e-20 8.83252e-35)
(6.48891e-06 -1.03055e-07 -2.39079e-21 -2.78145e-06 -4.20143e-20 -3.10522e-35)
(6.58167e-06 -8.62225e-08 3.68747e-21 -2.82076e-06 -4.13672e-20 9.74111e-35)
(6.6593e-06 -6.99359e-08 -6.34112e-21 -2.85382e-06 -5.09047e-20 2.01998e-36)
(6.72201e-06 -5.39885e-08 -3.70169e-22 -2.88074e-06 -4.4026e-20 -3.5326e-35)
(6.77015e-06 -3.83609e-08 -6.23716e-22 -2.9016e-06 -4.64692e-20 8.52431e-45)
(6.80355e-06 -2.3277e-08 -2.42767e-21 -2.91637e-06 -4.92806e-20 3.89719e-37)
(6.82349e-06 -9.5929e-09 1.46183e-21 -2.92525e-06 -4.52046e-20 -2.81859e-37)
(6.82985e-06 8.89184e-10 6.01151e-22 -2.92795e-06 -5.03043e-20 1.114e-34)
(6.82762e-06 3.34866e-09 -1.08465e-19 -2.92399e-06 -5.5685e-20 2.56109e-34)
(4.63466e-06 -1.17787e-06 5.39152e-21 -2.04932e-06 6.6313e-21 0)
(4.88555e-06 -1.06015e-06 3.49735e-21 -2.15541e-06 9.57828e-22 0)
(5.12546e-06 -9.56474e-07 2.63769e-22 -2.25312e-06 -1.51573e-21 0)
(5.34065e-06 -8.59747e-07 7.94083e-21 -2.34281e-06 7.16125e-21 0)
(5.5388e-06 -7.69119e-07 -1.52696e-21 -2.42283e-06 -3.60293e-22 0)
(5.71767e-06 -6.87228e-07 -6.47436e-21 -2.4963e-06 -6.5656e-21 0)
(5.88056e-06 -6.1143e-07 3.30397e-21 -2.56223e-06 1.22153e-21 0)
(6.0272e-06 -5.42597e-07 0 -2.62215e-06 0 0)
(6.15955e-06 -4.7909e-07 1.57455e-21 -2.67605e-06 5.57074e-22 0)
(6.27796e-06 -4.20662e-07 3.23725e-21 -2.72462e-06 1.24641e-21 0)
(6.38361e-06 -3.66193e-07 9.7075e-21 -2.7681e-06 5.01274e-21 0)
(6.477e-06 -3.15056e-07 4.37666e-23 -2.80682e-06 5.00957e-23 0)
(6.55884e-06 -2.66407e-07 1.26266e-21 -2.84095e-06 -9.80191e-22 0)
(6.62954e-06 -2.19664e-07 1.85098e-21 -2.8706e-06 2.11999e-21 0)
(6.6894e-06 -1.74367e-07 1.89891e-21 -2.89569e-06 2.18052e-21 0)
(6.73877e-06 -1.30501e-07 -1.88108e-21 -2.91595e-06 -2.17102e-21 0)
(6.77735e-06 -8.85909e-08 -1.89172e-21 -2.93071e-06 -2.19559e-21 0)
(6.8056e-06 -5.04639e-08 -3.79903e-21 -2.93875e-06 -4.43505e-21 0)
(6.8213e-06 -1.88786e-08 -2.87491e-23 -2.93729e-06 -3.14994e-23 0)
(6.82516e-06 -2.12136e-09 -1.0042e-19 -2.92185e-06 1.8762e-21 -2.20496e-34)
(5.23003e-06 -1.70466e-06 1.47499e-21 -2.43738e-06 2.01898e-21 0)
(5.38782e-06 -1.54424e-06 2.01316e-21 -2.5004e-06 7.18134e-22 0)
(5.5513e-06 -1.40036e-06 -4.67536e-21 -2.55331e-06 -5.89308e-21 0)
(5.69456e-06 -1.26678e-06 -4.20301e-22 -2.60353e-06 1.07628e-21 0)
(5.83188e-06 -1.13954e-06 8.53167e-21 -2.64637e-06 7.10648e-21 0)
(5.95631e-06 -1.02404e-06 -6.77648e-21 -2.6874e-06 -6.47423e-21 0)
(6.07292e-06 -9.15982e-07 -1.80361e-21 -2.72436e-06 -2.09109e-21 0)
(6.17927e-06 -8.17263e-07 3.44716e-21 -2.75924e-06 3.92509e-21 0)
(6.27756e-06 -7.25615e-07 1.85871e-23 -2.79155e-06 -2.54885e-21 0)
(6.3671e-06 -6.41007e-07 -3.64753e-21 -2.82191e-06 -4.10619e-21 0)
(6.44892e-06 -5.62046e-07 3.49517e-21 -2.85029e-06 3.92057e-21 0)
(6.523e-06 -4.8805e-07 5.40083e-21 -2.87687e-06 6.06159e-21 0)
(6.58986e-06 -4.18003e-07 4.13256e-23 -2.9016e-06 4.55986e-23 0)
(6.64964e-06 -3.51201e-07 -1.84923e-21 -2.92433e-06 -2.08748e-21 0)
(6.70243e-06 -2.87019e-07 1.8306e-21 -2.94463e-06 2.07894e-21 0)
(6.74827e-06 -2.25223e-07 2.69864e-28 -2.96167e-06 3.00877e-28 0)
(6.78617e-06 -1.65961e-07 -1.88602e-21 -2.97382e-06 -2.16885e-21 0)
(6.81567e-06 -1.10172e-07 2.53514e-22 -2.97842e-06 1.56695e-21 0)
(6.83195e-06 -5.95744e-08 -6.21122e-21 -2.96991e-06 -7.96755e-22 0)
(6.83466e-06 -1.64608e-08 -9.9325e-20 -2.94207e-06 -1.41103e-21 -1.63984e-37)
(5.91305e-06 -2.07646e-06 0 -2.86096e-06 0 0)
(5.97437e-06 -1.89271e-06 2.15227e-21 -2.88437e-06 7.83868e-22 0)
(6.06038e-06 -1.72328e-06 1.68387e-21 -2.89486e-06 1.92632e-21 0)
(6.1285e-06 -1.56873e-06 1.84798e-21 -2.90814e-06 2.14187e-21 0)
(6.20184e-06 -1.41831e-06 0 -2.91458e-06 0 0)
(6.26764e-06 -1.28177e-06 2.51229e-22 -2.92328e-06 -1.08157e-21 0)
(6.33388e-06 -1.15244e-06 -5.53373e-21 -2.93063e-06 -3.3987e-21 0)
(6.39553e-06 -1.03372e-06 -3.52968e-21 -2.93932e-06 -3.84007e-21 0)
(6.45552e-06 -9.2275e-07 -1.98587e-21 -2.94854e-06 -9.16313e-22 0)
(6.51195e-06 -8.19919e-07 -1.46601e-23 -2.95888e-06 2.45657e-21 0)
(6.56581e-06 -7.23709e-07 -1.74878e-21 -2.97016e-06 5.40391e-22 0)
(6.61648e-06 -6.33508e-07 3.65469e-21 -2.98238e-06 1.56666e-21 0)
(6.6642e-06 -5.48238e-07 3.47151e-21 -2.99529e-06 1.70901e-22 0)
(6.70874e-06 -4.6711e-07 8.25552e-23 -3.0085e-06 1.31346e-21 0)
(6.74979e-06 -3.89333e-07 1.47707e-22 -3.02127e-06 1.39241e-21 0)
(6.787e-06 -3.14316e-07 -1.86476e-21 -3.03237e-06 -2.10077e-21 0)
(6.8187e-06 -2.41671e-07 -3.98268e-28 -3.03962e-06 -4.48914e-28 0)
(6.84404e-06 -1.70928e-07 3.97447e-21 -3.03986e-06 5.84059e-21 0)
(6.85688e-06 -1.02696e-07 -2.00143e-22 -3.02686e-06 -1.53634e-21 0)
(6.85744e-06 -3.20446e-08 -1.07946e-19 -2.99426e-06 -9.73521e-21 3.1586e-34)
(6.65396e-06 -2.26915e-06 1.62457e-22 -3.33432e-06 2.69005e-21 0)
(6.61523e-06 -2.08463e-06 -2.33861e-21 -3.31718e-06 -1.02175e-21 0)
(6.62335e-06 -1.9047e-06 -5.87931e-21 -3.2817e-06 -4.79398e-21 0)
(6.61433e-06 -1.74625e-06 3.8713e-21 -3.25648e-06 2.63613e-21 0)
(6.62262e-06 -1.58707e-06 1.0075e-20 -3.22427e-06 6.61975e-21 0)
(6.62754e-06 -1.44321e-06 -1.84991e-21 -3.19813e-06 -1.93595e-21 0)
(6.64122e-06 -1.30485e-06 0 -3.17323e-06 0 0)
(6.65548e-06 -1.17716e-06 1.80157e-21 -3.15281e-06 1.87716e-21 0)
(6.67431e-06 -1.05683e-06 -5.80311e-21 -3.13605e-06 -2.47835e-21 0)
(6.6946e-06 -9.44709e-07 -3.763e-21 -3.12346e-06 -2.77475e-21 0)
(6.71734e-06 -8.39383e-07 2.14095e-22 -3.11483e-06 -2.14312e-21 0)
(6.74132e-06 -7.40377e-07 -1.89362e-21 -3.11002e-06 -3.20953e-21 0)
(6.76652e-06 -6.46666e-07 -1.98449e-22 -3.10866e-06 3.37192e-21 0)
(6.79231e-06 -5.57388e-07 3.7031e-21 -3.11016e-06 5.2298e-21 0)
(6.81806e-06 -4.71587e-07 1.80594e-21 -3.11359e-06 7.69316e-22 0)
(6.84307e-06 -3.88197e-07 -6.59948e-23 -3.11754e-06 -1.30443e-21 0)
(6.86532e-06 -3.06258e-07 3.50086e-21 -3.11961e-06 1.43866e-21 0)
(6.88375e-06 -2.23736e-07 1.72191e-21 -3.11667e-06 6.90446e-22 0)
(6.89214e-06 -1.40561e-07 7.06282e-21 -3.10284e-06 5.5798e-21 0)
(6.89107e-06 -4.57627e-08 -9.46185e-20 -3.0723e-06 3.74761e-21 -3.09865e-34)
(7.42058e-06 -2.29267e-06 1.37747e-21 -3.80416e-06 1.89497e-21 0)
(7.28089e-06 -2.13115e-06 3.31291e-23 -3.7525e-06 7.27786e-23 0)
(7.21356e-06 -1.95514e-06 -4.25112e-21 -3.67375e-06 -2.94741e-21 0)
(7.12751e-06 -1.80839e-06 -1.02084e-20 -3.61307e-06 -7.64385e-21 0)
(7.07195e-06 -1.65341e-06 3.98856e-21 -3.54513e-06 2.71835e-21 0)
(7.01606e-06 -1.51389e-06 3.75248e-21 -3.48588e-06 3.72965e-21 0)
(6.97702e-06 -1.37723e-06 -1.83854e-21 -3.43034e-06 -1.83017e-21 0)
(6.94324e-06 -1.25006e-06 -2.96948e-22 -3.38155e-06 8.20947e-22 0)
(6.91974e-06 -1.1291e-06 8.0715e-21 -3.33904e-06 4.80812e-21 0)
(6.90235e-06 -1.0155e-06 -5.39144e-21 -3.30315e-06 -5.50759e-21 0)
(6.892e-06 -9.08154e-07 -1.91776e-21 -3.27382e-06 -1.98362e-21 0)
(6.88704e-06 -8.06712e-07 5.2093e-21 -3.25082e-06 7.7339e-21 0)
(6.88722e-06 -7.10311e-07 -7.62629e-21 -3.23383e-06 -2.26784e-21 0)
(6.89162e-06 -6.18063e-07 -5.42806e-21 -3.22225e-06 -5.80633e-21 0)
(6.89939e-06 -5.2892e-07 1.54487e-23 -3.21517e-06 -1.17323e-21 0)
(6.90962e-06 -4.41413e-07 -7.31838e-21 -3.21127e-06 -5.60146e-21 0)
(6.92033e-06 -3.54137e-07 -5.32586e-23 -3.20843e-06 -5.01098e-23 0)
(6.93038e-06 -2.63713e-07 7.19076e-21 -3.20395e-06 6.87855e-21 0)
(6.93459e-06 -1.69692e-07 1.10961e-22 -3.19313e-06 1.42023e-21 0)
(6.9332e-06 -5.64612e-08 -9.45769e-20 -3.17102e-06 -1.164e-21 2.2167e-36)
(8.17569e-06 -2.14695e-06 -1.44334e-21 -4.24629e-06 -1.85407e-21 0)
(7.93949e-06 -2.03416e-06 1.99565e-21 -4.16957e-06 1.82326e-21 0)
(7.80401e-06 -1.8771e-06 2.46518e-21 -4.0549e-06 1.28751e-21 0)
(7.64462e-06 -1.75687e-06 -1.94699e-21 -3.96303e-06 -1.82742e-21 0)
(7.52898e-06 -1.61994e-06 -4.61609e-21 -3.86435e-06 -2.30494e-21 0)
(7.41476e-06 -1.4959e-06 2.25356e-21 -3.77406e-06 1.12026e-21 0)
(7.32425e-06 -1.37142e-06 6.37656e-21 -3.68954e-06 4.10323e-21 0)
(7.24332e-06 -1.25337e-06 -1.02587e-20 -3.613e-06 -6.88903e-21 0)
(7.17756e-06 -1.13956e-06 -6.32811e-21 -3.54502e-06 -4.16883e-21 0)
(7.12231e-06 -1.03125e-06 9.93204e-21 -3.48581e-06 6.7267e-21 0)
(7.07822e-06 -9.28007e-07 -4.05228e-21 -3.43555e-06 -1.93678e-21 0)
(7.04341e-06 -8.29679e-07 5.36363e-21 -3.39406e-06 5.5001e-21 0)
(7.01736e-06 -7.35691e-07 5.7796e-21 -3.36106e-06 3.7655e-21 0)
(6.99897e-06 -6.45201e-07 -3.36859e-21 -3.33605e-06 -4.69856e-21 0)
(6.9873e-06 -5.57151e-07 -2.20652e-21 -3.31829e-06 1.14352e-21 0)
(6.98132e-06 -4.69782e-07 1.04263e-22 -3.30672e-06 9.62478e-23 0)
(6.97944e-06 -3.81386e-07 -8.9165e-21 -3.29976e-06 -7.42289e-21 0)
(6.9804e-06 -2.87602e-07 1.76962e-21 -3.29541e-06 1.99018e-21 0)
(6.98094e-06 -1.87806e-07 3.51036e-21 -3.29061e-06 2.74697e-21 0)
(6.98021e-06 -6.33502e-08 -9.55463e-20 -3.28161e-06 -1.86812e-21 8.95901e-37)
(8.87991e-06 -1.84276e-06 1.72044e-23 -4.62198e-06 5.9072e-23 0)
(8.55844e-06 -1.80379e-06 -2.06326e-21 -4.53253e-06 -1.81627e-21 0)
(8.36633e-06 -1.68195e-06 4.447e-22 -4.39709e-06 -4.81538e-22 0)
(8.1416e-06 -1.59818e-06 0 -4.27953e-06 0 0)
(7.97194e-06 -1.49166e-06 0 -4.15965e-06 0 0)
(7.80614e-06 -1.39178e-06 -6.18023e-21 -4.04538e-06 -4.84111e-21 0)
(7.66816e-06 -1.28909e-06 5.49693e-21 -3.9382e-06 5.13046e-21 0)
(7.54375e-06 -1.18854e-06 1.15908e-20 -3.83865e-06 1.01155e-20 0)
(7.43765e-06 -1.08974e-06 -8.76602e-21 -3.74831e-06 -8.42706e-21 0)
(7.34576e-06 -9.93687e-07 -7.68077e-21 -3.6676e-06 -6.54452e-21 0)
(7.26828e-06 -9.00697e-07 3.54111e-21 -3.59715e-06 3.5252e-21 0)
(7.2035e-06 -8.10871e-07 -3.48518e-22 -3.53716e-06 6.99063e-22 0)
(7.1507e-06 -7.24035e-07 6.06621e-21 -3.4877e-06 2.99604e-21 0)
(7.10876e-06 -6.39563e-07 9.4454e-21 -3.44861e-06 6.53382e-21 0)
(7.07681e-06 -5.56539e-07 1.2887e-22 -3.41955e-06 1.17834e-22 0)
(7.05379e-06 -4.73142e-07 4.30618e-21 -3.39996e-06 -1.17805e-21 0)
(7.03877e-06 -3.87567e-07 0 -3.38903e-06 0 0)
(7.03036e-06 -2.94911e-07 -3.62012e-21 -3.38572e-06 -1.59713e-21 0)
(7.02782e-06 -1.94532e-07 1.74176e-21 -3.38884e-06 7.362e-22 0)
(7.02865e-06 -6.62468e-08 -9.14336e-20 -3.39612e-06 -4.16618e-22 2.34547e-36)
(9.50329e-06 -1.4095e-06 -1.34325e-23 -4.90404e-06 -5.16587e-23 0)
(9.10869e-06 -1.45789e-06 2.5631e-21 -4.81063e-06 1.53137e-21 0)
(8.87697e-06 -1.39638e-06 -2.54924e-21 -4.68566e-06 -1.55224e-21 0)
(8.60176e-06 -1.35623e-06 -2.50907e-21 -4.55229e-06 -1.51181e-21 0)
(8.38334e-06 -1.29286e-06 6.88721e-21 -4.41884e-06 4.69843e-21 0)
(8.17355e-06 -1.22312e-06 4.90758e-21 -4.2849e-06 2.92918e-21 0)
(7.99217e-06 -1.14717e-06 -6.51712e-21 -4.15779e-06 -4.36213e-21 0)
(7.82886e-06 -1.06789e-06 8.69903e-22 -4.03831e-06 -9.17898e-22 0)
(7.68601e-06 -9.87469e-07 1.47869e-21 -3.92858e-06 1.37256e-21 0)
(7.56061e-06 -9.07105e-07 -8.07267e-22 -3.82945e-06 1.08235e-21 0)
(7.45215e-06 -8.27832e-07 -6.6191e-21 -3.74168e-06 -3.62791e-21 0)
(7.35915e-06 -7.5009e-07 5.91814e-23 -3.66573e-06 5.7143e-23 0)
(7.28078e-06 -6.74014e-07 -3.02255e-21 -3.60192e-06 -4.12124e-21 0)
(7.21598e-06 -5.99204e-07 -1.0221e-22 -3.55044e-06 -9.35639e-23 0)
(7.16409e-06 -5.24908e-07 3.86692e-21 -3.51142e-06 1.88148e-21 0)
(7.12411e-06 -4.49383e-07 -7.70731e-23 -3.48486e-06 -6.73947e-23 0)
(7.09595e-06 -3.70857e-07 4.70699e-21 -3.47093e-06 6.32292e-21 0)
(7.07815e-06 -2.84316e-07 -1.78047e-21 -3.46956e-06 -7.95826e-22 0)
(7.0728e-06 -1.89099e-07 -8.33365e-21 -3.48169e-06 -8.25417e-21 0)
(7.07542e-06 -6.49108e-08 -1.00812e-19 -3.50671e-06 -6.88666e-21 1.7473e-34)
(1.00002e-05 -8.53242e-07 -3.27041e-22 -5.08824e-06 -1.64762e-22 0)
(9.59104e-06 -9.59892e-07 -2.74881e-21 -4.97378e-06 -1.61961e-21 0)
(9.32608e-06 -9.8461e-07 2.23011e-21 -4.88728e-06 1.75158e-21 0)
(9.03139e-06 -9.94335e-07 -5.83439e-21 -4.76568e-06 -5.31751e-21 0)
(8.77339e-06 -9.89039e-07 -6.00444e-21 -4.63926e-06 -4.99463e-21 0)
(8.52954e-06 -9.66286e-07 3.55037e-21 -4.50397e-06 3.67142e-21 0)
(8.30909e-06 -9.31382e-07 3.08475e-21 -4.36778e-06 3.68492e-21 0)
(8.10904e-06 -8.86334e-07 5.38149e-21 -4.23487e-06 4.85449e-21 0)
(7.93043e-06 -8.34276e-07 -6.31708e-21 -4.10867e-06 -4.71774e-21 0)
(7.77177e-06 -7.77536e-07 1.52108e-23 -3.99181e-06 1.2954e-22 0)
(7.63246e-06 -7.17994e-07 -7.57337e-23 -3.88605e-06 -3.86218e-22 0)
(7.51124e-06 -6.56988e-07 -4.93757e-21 -3.79273e-06 -4.83149e-21 0)
(7.40727e-06 -5.95321e-07 0 -3.71282e-06 0 0)
(7.31949e-06 -5.33181e-07 -4.48117e-21 -3.6471e-06 -1.45374e-21 0)
(7.24744e-06 -4.70263e-07 -2.07529e-23 -3.59631e-06 -8.92231e-23 0)
(7.19017e-06 -4.05215e-07 -5.78312e-21 -3.56116e-06 -2.81326e-21 0)
(7.14848e-06 -3.36531e-07 1.58205e-21 -3.54283e-06 1.67091e-21 0)
(7.12086e-06 -2.59571e-07 3.64753e-21 -3.54245e-06 1.66731e-21 0)
(7.11248e-06 -1.73749e-07 4.54009e-23 -3.56316e-06 -3.72619e-24 0)
(7.11711e-06 -5.99809e-08 -9.84848e-20 -3.6062e-06 -3.05584e-21 7.30931e-37)
(1.02444e-05 -3.94045e-07 2.82508e-21 -5.10499e-06 2.48684e-21 0)
(9.87128e-06 -4.50755e-07 -2.61617e-21 -5.0086e-06 -1.64401e-21 0)
(9.58452e-06 -5.56157e-07 -1.51442e-21 -4.94768e-06 -1.25756e-21 0)
(9.29186e-06 -6.05879e-07 2.51378e-21 -4.84886e-06 1.53603e-21 0)
(9.0208e-06 -6.4085e-07 -4.97142e-21 -4.73318e-06 -2.25709e-21 0)
(8.7636e-06 -6.56443e-07 -3.3523e-21 -4.6064e-06 -1.58206e-21 0)
(8.52642e-06 -6.56769e-07 -4.17549e-21 -4.47377e-06 -3.03029e-21 0)
(8.30772e-06 -6.44502e-07 5.05463e-22 -4.3409e-06 -3.5008e-22 0)
(8.10934e-06 -6.22056e-07 8.44272e-21 -4.21178e-06 5.38051e-21 0)
(7.93045e-06 -5.91964e-07 -2.9e-22 -4.08978e-06 -3.12243e-22 0)
(7.77109e-06 -5.56192e-07 4.5134e-21 -3.97739e-06 2.55507e-21 0)
(7.63044e-06 -5.16394e-07 -2.22333e-22 -3.8766e-06 -2.52259e-22 0)
(7.50806e-06 -4.73701e-07 1.64728e-35 -3.78902e-06 1.67476e-35 0)
(7.4032e-06 -4.28704e-07 -1.98455e-21 -3.71603e-06 -9.88028e-22 0)
(7.31579e-06 -3.8149e-07 1.94005e-21 -3.65904e-06 9.43884e-22 0)
(7.24511e-06 -3.31241e-07 -8.69023e-23 -3.61946e-06 -1.25795e-22 0)
(7.19282e-06 -2.76893e-07 3.10926e-22 -3.59949e-06 -8.18544e-22 0)
(7.15735e-06 -2.14838e-07 1.74556e-23 -3.6012e-06 5.83957e-23 0)
(7.1463e-06 -1.4467e-07 -1.80129e-23 -3.62967e-06 2.32805e-23 0)
(7.15192e-06 -5.01662e-08 -9.4749e-20 -3.68788e-06 -5.13804e-22 -8.43285e-37)
(1.00425e-05 5.73232e-08 2.62502e-21 -4.92e-06 2.07604e-21 0)
(9.79339e-06 -8.19256e-09 0 -4.94651e-06 0 0)
(9.53371e-06 -1.37106e-07 -2.04668e-21 -4.89946e-06 -1.80437e-21 0)
(9.27415e-06 -2.21544e-07 2.67626e-35 -4.82433e-06 2.16723e-35 0)
(9.02664e-06 -2.8802e-07 6.13573e-36 -4.72523e-06 4.45042e-36 0)
(8.78766e-06 -3.35101e-07 2.90962e-35 -4.61225e-06 2.16373e-35 0)
(8.56339e-06 -3.65496e-07 4.46191e-35 -4.49063e-06 3.60644e-35 0)
(8.35299e-06 -3.81935e-07 -1.7932e-21 -4.36613e-06 -1.68202e-21 0)
(8.15904e-06 -3.86586e-07 0 -4.24299e-06 0 0)
(7.98141e-06 -3.81852e-07 1.71343e-21 -4.1249e-06 1.66204e-21 0)
(7.82089e-06 -3.69634e-07 -2.4475e-36 -4.01474e-06 -4.12566e-36 0)
(7.67729e-06 -3.51622e-07 -1.64815e-21 -3.91489e-06 -1.65549e-21 0)
(7.55077e-06 -3.2904e-07 1.62098e-21 -3.82739e-06 1.65644e-21 0)
(7.44106e-06 -3.02714e-07 2.33022e-35 -3.75405e-06 1.69731e-35 0)
(7.34864e-06 -2.72958e-07 -1.57759e-21 -3.69676e-06 -1.66588e-21 0)
(7.27325e-06 -2.39514e-07 -1.39917e-35 -3.65747e-06 -1.29451e-35 0)
(7.21722e-06 -2.01638e-07 1.54938e-21 -3.63905e-06 1.68564e-21 0)
(7.17926e-06 -1.57072e-07 1.54123e-21 -3.64424e-06 1.70038e-21 0)
(7.16876e-06 -1.05875e-07 -1.66486e-35 -3.67962e-06 -1.45259e-35 0)
(7.17698e-06 -3.67203e-08 -9.43417e-20 -3.74864e-06 -1.47501e-35 5.56531e-49)
(9.86744e-06 5.10091e-07 4.82407e-22 -4.72834e-06 8.39857e-22 0)
(9.65496e-06 4.06564e-07 -1.67489e-21 -4.79218e-06 -1.02878e-21 0)
(9.44846e-06 2.54375e-07 -3.73229e-21 -4.78344e-06 -2.84003e-21 0)
(9.21969e-06 1.41916e-07 0 -4.73823e-06 0 0)
(8.99978e-06 4.88564e-08 1.90493e-22 -4.66516e-06 7.61032e-22 0)
(8.77978e-06 -2.51808e-08 -1.61854e-21 -4.57305e-06 -2.22596e-22 0)
(8.57014e-06 -8.17107e-08 -3.59731e-21 -4.4684e-06 -2.68168e-21 0)
(8.36967e-06 -1.23684e-07 -5.31728e-21 -4.35716e-06 -3.57792e-21 0)
(8.18231e-06 -1.52806e-07 1.75656e-21 -4.24416e-06 1.69504e-21 0)
(8.00833e-06 -1.71358e-07 -3.51887e-21 -4.1335e-06 -1.77474e-21 0)
(7.84927e-06 -1.8108e-07 -1.75715e-21 -4.02855e-06 -8.64842e-22 0)
(7.70538e-06 -1.83639e-07 -3.50848e-21 -3.93218e-06 -1.68831e-21 0)
(7.57735e-06 -1.80329e-07 -3.50211e-21 -3.84688e-06 -1.65168e-21 0)
(7.46534e-06 -1.72158e-07 -1.74785e-21 -3.77494e-06 -8.10396e-22 0)
(7.37023e-06 -1.59716e-07 -3.48958e-21 -3.71873e-06 -1.59666e-21 0)
(7.29223e-06 -1.43274e-07 -3.48396e-21 -3.68068e-06 -1.58032e-21 0)
(7.23414e-06 -1.22474e-07 -1.55301e-21 -3.6644e-06 -1.68679e-21 0)
(7.19484e-06 -9.67373e-08 -1.737e-21 -3.67265e-06 -7.88438e-22 0)
(7.18491e-06 -6.58074e-08 -1.73452e-21 -3.7129e-06 -7.97079e-22 0)
(7.19441e-06 -2.2986e-08 -9.58389e-20 -3.78982e-06 -8.1359e-22 4.16361e-49)
(9.6163e-06 8.61099e-07 9.56761e-21 -4.52267e-06 8.07155e-21 0)
(9.4524e-06 7.55162e-07 1.51692e-21 -4.62495e-06 9.92874e-22 0)
(9.29299e-06 5.95774e-07 -5.55015e-21 -4.64614e-06 -4.62932e-21 0)
(9.09878e-06 4.70021e-07 5.68212e-35 -4.62683e-06 4.7397e-35 0)
(8.90965e-06 3.59533e-07 2.2014e-21 -4.57672e-06 2.57423e-21 0)
(8.71346e-06 2.66199e-07 -3.02451e-36 -4.5039e-06 -1.77647e-36 0)
(8.52349e-06 1.89104e-07 1.6631e-21 -4.41584e-06 9.47984e-22 0)
(8.33829e-06 1.26176e-07 -3.5801e-21 -4.31844e-06 -3.46031e-21 0)
(8.16282e-06 7.614e-08 7.10503e-35 -4.2169e-06 5.93961e-35 0)
(7.99773e-06 3.71259e-08 3.43387e-21 -4.11552e-06 3.41665e-21 0)
(7.84511e-06 7.63376e-09 -1.6972e-21 -4.01799e-06 -8.62573e-22 0)
(7.70567e-06 -1.38772e-08 -1.99558e-35 -3.92742e-06 -1.59006e-35 0)
(7.58052e-06 -2.86739e-08 -8.50635e-35 -3.84663e-06 -7.83909e-35 0)
(7.47022e-06 -3.79306e-08 1.70372e-21 -3.7782e-06 8.11097e-22 0)
(7.37598e-06 -4.23894e-08 -5.0639e-35 -3.72478e-06 -4.31969e-35 0)
(7.29847e-06 -4.30917e-08 -3.13364e-21 -3.68929e-06 -3.37209e-21 0)
(7.24045e-06 -3.94699e-08 2.24176e-35 -3.67518e-06 1.70459e-35 0)
(7.20187e-06 -3.35734e-08 1.38779e-21 -3.68618e-06 2.58859e-21 0)
(7.19351e-06 -2.27061e-08 -1.70296e-21 -3.73111e-06 -8.00987e-22 0)
(7.20384e-06 -7.73694e-09 -9.56905e-20 -3.81219e-06 -8.18394e-22 0)
(9.31405e-06 1.1528e-06 2.63419e-21 -4.2959e-06 1.84447e-21 0)
(9.19388e-06 1.04532e-06 3.35196e-21 -4.4241e-06 2.77681e-21 0)
(9.07974e-06 8.86824e-07 2.86393e-21 -4.47119e-06 1.91973e-21 0)
(8.92221e-06 7.55229e-07 4.60059e-36 -4.47751e-06 5.80517e-36 0)
(8.76647e-06 6.34714e-07 4.91479e-21 -4.45115e-06 3.70006e-21 0)
(8.59769e-06 5.28687e-07 -2.9732e-22 -4.39955e-06 -8.30923e-22 0)
(8.43122e-06 4.36779e-07 -2.35309e-22 -4.33024e-06 -8.32616e-22 0)
(8.26534e-06 3.57818e-07 3.19244e-21 -4.24904e-06 1.82435e-21 0)
(8.10591e-06 2.91011e-07 1.74016e-21 -4.16136e-06 1.7386e-21 0)
(7.95382e-06 2.34976e-07 3.33519e-21 -4.07165e-06 2.60266e-21 0)
(7.81172e-06 1.88522e-07 3.27767e-21 -3.98383e-06 1.71048e-21 0)
(7.68066e-06 1.50336e-07 -1.2384e-24 -3.90126e-06 -8.74664e-22 0)
(7.56207e-06 1.19211e-07 1.68555e-21 -3.82695e-06 -6.25357e-23 0)
(7.45695e-06 9.39983e-08 1.65973e-21 -3.76379e-06 8.08003e-22 0)
(7.3664e-06 7.35896e-08 4.90882e-21 -3.71449e-06 3.29015e-21 0)
(7.29221e-06 5.70176e-08 1.66663e-21 -3.68248e-06 7.90548e-22 0)
(7.23492e-06 4.34561e-08 0 -3.67072e-06 0 0)
(7.20115e-06 3.08019e-08 4.88639e-21 -3.68548e-06 3.26584e-21 0)
(7.18292e-06 2.29026e-08 4.94083e-21 -3.72538e-06 2.83828e-21 0)
(7.20643e-06 5.73918e-09 -9.06624e-20 -3.81218e-06 1.63678e-21 0)
(8.98203e-06 1.377e-06 -1.42667e-21 -4.06925e-06 -1.02335e-21 0)
(8.90165e-06 1.27601e-06 -1.25988e-21 -4.21689e-06 -9.05273e-22 0)
(8.82763e-06 1.12674e-06 -1.8951e-21 -4.2848e-06 -1.80448e-21 0)
(8.70541e-06 9.96903e-07 0 -4.31234e-06 0 0)
(8.5823e-06 8.73027e-07 1.84243e-21 -4.30651e-06 1.79511e-21 0)
(8.44201e-06 7.60188e-07 3.27233e-21 -4.27414e-06 2.70397e-21 0)
(8.30081e-06 6.58468e-07 -3.27589e-21 -4.22255e-06 -2.68309e-21 0)
(8.15679e-06 5.6781e-07 -1.75108e-21 -4.15735e-06 -1.76641e-21 0)
(8.01629e-06 4.87921e-07 1.72092e-21 -4.08395e-06 1.75627e-21 0)
(7.88042e-06 4.18019e-07 1.56696e-21 -4.00681e-06 8.60174e-22 0)
(7.75216e-06 3.57266e-07 -2.60688e-37 -3.92992e-06 -3.06012e-36 0)
(7.6328e-06 3.04641e-07 1.59736e-21 -3.85674e-06 8.27958e-22 0)
(7.52414e-06 2.59058e-07 5.56453e-36 -3.79041e-06 5.92432e-36 0)
(7.42722e-06 2.19428e-07 -1.61737e-21 -3.73384e-06 -8.01573e-22 0)
(7.34384e-06 1.84374e-07 5.43119e-36 -3.68998e-06 5.86871e-36 0)
(7.27476e-06 1.52923e-07 1.62978e-21 -3.66193e-06 7.86135e-22 0)
(7.2237e-06 1.22619e-07 -1.55077e-21 -3.65342e-06 -1.68673e-21 0)
(7.19011e-06 9.29482e-08 -3.37044e-37 -3.66913e-06 3.04593e-36 0)
(7.18434e-06 5.98009e-08 -5.65089e-36 -3.71343e-06 -2.74629e-36 0)
(7.19529e-06 1.95718e-08 -9.41518e-20 -3.79131e-06 -1.70177e-34 2.77705e-49)
(8.63242e-06 1.54471e-06 2.05285e-21 -3.8463e-06 1.88688e-21 0)
(8.58667e-06 1.45392e-06 1.16077e-21 -4.00536e-06 8.59864e-22 0)
(8.54746e-06 1.3181e-06 -1.83495e-21 -4.08856e-06 -1.79224e-21 0)
(8.45843e-06 1.19448e-06 2.57512e-35 -4.13341e-06 2.15301e-35 0)
(8.3665e-06 1.07209e-06 -2.71583e-36 -4.14532e-06 -2.7688e-36 0)
(8.25478e-06 9.57054e-07 1.38252e-21 -4.13058e-06 8.86745e-22 0)
(8.13962e-06 8.49895e-07 1.42239e-21 -4.09586e-06 8.79291e-22 0)
(8.01897e-06 7.51521e-07 -1.7215e-21 -4.04648e-06 -1.7796e-21 0)
(7.89937e-06 6.62124e-07 0 -3.98765e-06 0 0)
(7.78201e-06 5.81506e-07 3.18259e-21 -3.92372e-06 2.60397e-21 0)
(7.67008e-06 5.09202e-07 -2.18764e-35 -3.85865e-06 -1.77431e-35 0)
(7.56506e-06 4.44498e-07 -7.2771e-23 -3.79589e-06 -9.27235e-22 0)
(7.46888e-06 3.86499e-07 1.60341e-21 -3.73858e-06 1.73205e-21 0)
(7.38277e-06 3.34106e-07 1.5782e-21 -3.6896e-06 7.92076e-22 0)
(7.30857e-06 2.8601e-07 -1.56899e-21 -3.65189e-06 -1.71074e-21 0)
(7.24714e-06 2.40546e-07 1.59568e-21 -3.62825e-06 7.78906e-22 0)
(7.20193e-06 1.95908e-07 1.5461e-21 -3.62249e-06 1.68591e-21 0)
(7.17201e-06 1.4866e-07 1.53967e-21 -3.63745e-06 1.67057e-21 0)
(7.16735e-06 9.78492e-08 -1.10995e-35 -3.67932e-06 -5.44213e-36 0)
(7.17845e-06 3.3033e-08 -9.44041e-20 -3.75283e-06 -1.67451e-35 5.56899e-49)
(8.27539e-06 1.66106e-06 1.0077e-21 -3.634e-06 7.8014e-22 0)
(8.25906e-06 1.58326e-06 1.08012e-21 -3.79848e-06 8.15451e-22 0)
(8.24947e-06 1.46383e-06 1.14848e-21 -3.89206e-06 8.35539e-22 0)
(8.19057e-06 1.34971e-06 0 -3.94982e-06 0 0)
(8.12752e-06 1.23243e-06 1.26657e-21 -3.97597e-06 8.53553e-22 0)
(8.04345e-06 1.11876e-06 0 -3.97622e-06 0 0)
(7.95416e-06 1.00965e-06 1.36116e-21 -3.95654e-06 8.49382e-22 0)
(7.85753e-06 9.06834e-07 0 -3.92187e-06 0 0)
(7.75999e-06 8.10974e-07 0 -3.87706e-06 0 0)
(7.66273e-06 7.22423e-07 0 -3.82628e-06 0 0)
(7.56899e-06 6.41089e-07 1.48924e-21 -3.7733e-06 8.10045e-22 0)
(7.48032e-06 5.66578e-07 0 -3.72146e-06 0 0)
(7.39874e-06 4.98191e-07 0 -3.67379e-06 0 0)
(7.32548e-06 4.34929e-07 1.54345e-21 -3.63303e-06 7.79931e-22 0)
(7.26241e-06 3.75452e-07 0 -3.60189e-06 0 0)
(7.21024e-06 3.17917e-07 0 -3.583e-06 0 0)
(7.1722e-06 2.60187e-07 0 -3.57944e-06 0 0)
(7.14736e-06 1.98276e-07 1.57944e-21 -3.5943e-06 7.71618e-22 0)
(7.14432e-06 1.31228e-07 1.5849e-21 -3.63217e-06 7.79748e-22 0)
(7.15468e-06 4.45966e-08 -9.31712e-20 -3.69665e-06 7.93591e-22 -4.64763e-64)
(7.91672e-06 1.73349e-06 -2.79223e-21 -3.43415e-06 -2.52722e-21 0)
(7.92485e-06 1.66979e-06 0 -3.59844e-06 0 0)
(7.9402e-06 1.56758e-06 -1.0867e-21 -3.69778e-06 -7.93833e-22 0)
(7.90837e-06 1.46456e-06 0 -3.76447e-06 0 0)
(7.87184e-06 1.35462e-06 -1.20985e-21 -3.80165e-06 -8.1613e-22 0)
(7.81416e-06 1.24478e-06 -1.26315e-21 -3.81444e-06 -8.18876e-22 0)
(7.75018e-06 1.13637e-06 0 -3.808e-06 0 0)
(7.67769e-06 1.03179e-06 0 -3.78683e-06 0 0)
(7.60281e-06 9.32094e-07 0 -3.75534e-06 0 0)
(7.52667e-06 8.38114e-07 -1.42406e-21 -3.71739e-06 -7.98042e-22 0)
(7.45243e-06 7.50102e-07 -1.45244e-21 -3.67651e-06 -7.89267e-22 0)
(7.38162e-06 6.67966e-07 -1.4767e-21 -3.63582e-06 -7.80531e-22 0)
(7.31621e-06 5.91231e-07 0 -3.59814e-06 0 0)
(7.25744e-06 5.19002e-07 0 -3.56599e-06 0 0)
(7.20702e-06 4.5004e-07 0 -3.54179e-06 0 0)
(7.16559e-06 3.82303e-07 -1.53964e-21 -3.52773e-06 -7.57327e-22 0)
(7.13582e-06 3.13695e-07 0 -3.52638e-06 0 0)
(7.11677e-06 2.39476e-07 -1.55643e-21 -3.53997e-06 -7.59954e-22 0)
(7.11553e-06 1.5857e-07 -1.56293e-21 -3.57232e-06 -7.669e-22 0)
(7.12481e-06 5.38773e-08 -9.67749e-20 -3.62601e-06 -7.78424e-22 4.21218e-49)
(7.55965e-06 1.76751e-06 -5.12915e-21 -3.24786e-06 -5.13981e-21 0)
(7.58809e-06 1.71783e-06 -9.69651e-22 -3.40767e-06 -7.31552e-22 0)
(7.62448e-06 1.63252e-06 1.10177e-36 -3.509e-06 3.60813e-36 0)
(7.61691e-06 1.5412e-06 6.64241e-37 -3.58108e-06 3.65019e-36 0)
(7.60468e-06 1.43981e-06 1.63256e-21 -3.62633e-06 1.78499e-21 0)
(7.57202e-06 1.33541e-06 -2.84785e-21 -3.64921e-06 -2.57907e-21 0)
(7.53256e-06 1.22964e-06 -2.88971e-21 -3.65411e-06 -2.58504e-21 0)
(7.48403e-06 1.12537e-06 0 -3.64504e-06 0 0)
(7.43206e-06 1.02401e-06 1.5955e-21 -3.6259e-06 1.79753e-21 0)
(7.37767e-06 9.26769e-07 1.90684e-22 -3.60019e-06 1.01817e-21 0)
(7.32379e-06 8.34202e-07 4.40968e-36 -3.57111e-06 -8.38855e-37 0)
(7.27188e-06 7.46495e-07 -3.01137e-21 -3.5415e-06 -2.53105e-21 0)
(7.22381e-06 6.63384e-07 -1.55079e-21 -3.51389e-06 -1.75752e-21 0)
(7.18073e-06 5.84128e-07 -1.49149e-21 -3.49053e-06 -7.4934e-22 0)
(7.14414e-06 5.07589e-07 1.53369e-21 -3.47342e-06 1.72495e-21 0)
(7.11456e-06 4.31726e-07 -1.5197e-21 -3.46433e-06 -7.43716e-22 0)
(7.09399e-06 3.5441e-07 1.05103e-35 -3.46503e-06 5.11014e-36 0)
(7.08152e-06 2.70578e-07 1.52025e-21 -3.47713e-06 1.65471e-21 0)
(7.0822e-06 1.79131e-07 0 -3.50286e-06 0 0)
(7.09002e-06 6.08636e-08 -9.57164e-20 -3.54369e-06 -1.72433e-34 2.8232e-49)
(7.20516e-06 1.76797e-06 1.54679e-21 -3.07389e-06 1.6236e-21 0)
(7.25072e-06 1.73121e-06 3.97617e-36 -3.22591e-06 2.08552e-36 0)
(7.3052e-06 1.66145e-06 -1.56827e-21 -3.32622e-06 -1.72252e-21 0)
(7.31965e-06 1.58151e-06 0 -3.4009e-06 0 0)
(7.32997e-06 1.48903e-06 1.57358e-21 -3.45181e-06 1.77684e-21 0)
(7.32116e-06 1.39094e-06 1.57169e-21 -3.48273e-06 1.79164e-21 0)
(7.30551e-06 1.28912e-06 -1.56833e-21 -3.49734e-06 -1.79986e-21 0)
(7.28067e-06 1.18679e-06 -1.563e-21 -3.4991e-06 -1.80272e-21 0)
(7.25168e-06 1.08557e-06 1.55678e-21 -3.49138e-06 1.80107e-21 0)
(7.21936e-06 9.86981e-07 -3.46885e-35 -3.47726e-06 -2.86082e-35 0)
(7.18639e-06 8.91816e-07 -1.98269e-35 -3.45957e-06 -1.38321e-35 0)
(7.15407e-06 8.00493e-07 5.6738e-37 -3.44082e-06 6.95661e-36 0)
(7.12412e-06 7.12946e-07 2.56318e-35 -3.42322e-06 2.30559e-35 0)
(7.09756e-06 6.28598e-07 3.09848e-35 -3.40865e-06 2.55874e-35 0)
(7.07563e-06 5.46473e-07 1.02529e-35 -3.39872e-06 5.01234e-36 0)
(7.0587e-06 4.64617e-07 -5.17321e-36 -3.39466e-06 -2.50318e-36 0)
(7.04805e-06 3.81005e-07 -1.51306e-21 -3.39746e-06 -1.68074e-21 0)
(7.04269e-06 2.90491e-07 -1.05168e-35 -3.40778e-06 -5.0405e-36 0)
(7.04551e-06 1.91964e-07 -2.09618e-35 -3.4263e-06 -1.61743e-35 0)
(7.05183e-06 6.51591e-08 -9.62735e-20 -3.45333e-06 -5.10787e-36 0)
(6.85266e-06 1.73793e-06 -4.61308e-21 -2.91085e-06 -4.89872e-21 0)
(6.91333e-06 1.7123e-06 -8.27176e-36 -3.05286e-06 -7.94766e-36 0)
(6.984e-06 1.65613e-06 -1.67461e-36 -3.15002e-06 1.21021e-36 0)
(7.01902e-06 1.58666e-06 2.76852e-36 -3.22524e-06 3.19827e-36 0)
(7.05072e-06 1.50288e-06 1.51364e-21 -3.27997e-06 1.76743e-21 0)
(7.06499e-06 1.4115e-06 -1.5167e-21 -3.3173e-06 -1.78589e-21 0)
(7.07266e-06 1.31456e-06 -1.51835e-21 -3.34025e-06 -1.79707e-21 0)
(7.0713e-06 1.21543e-06 0 -3.35171e-06 0 0)
(7.06529e-06 1.11591e-06 1.51676e-21 -3.35452e-06 1.80222e-21 0)
(7.05524e-06 1.01772e-06 1.51461e-21 -3.3513e-06 1.79788e-21 0)
(7.04349e-06 9.21808e-07 -9.44481e-36 -3.34449e-06 -4.86443e-36 0)
(7.03116e-06 8.28776e-07 -1.50944e-21 -3.33622e-06 -1.77857e-21 0)
(7.01977e-06 7.38722e-07 -1.50699e-21 -3.32838e-06 -1.76442e-21 0)
(7.01019e-06 6.51248e-07 5.28149e-36 -3.3225e-06 9.54795e-36 0)
(7.00341e-06 5.65554e-07 1.50348e-21 -3.31971e-06 1.72795e-21 0)
(6.99963e-06 4.79905e-07 5.17662e-36 -3.32076e-06 5.8748e-36 0)
(6.99939e-06 3.92466e-07 0 -3.32578e-06 0 0)
(7.00161e-06 2.98336e-07 1.50309e-21 -3.33452e-06 1.64852e-21 0)
(7.00692e-06 1.96499e-07 -2.08657e-35 -3.34583e-06 -1.60296e-35 0)
(7.01185e-06 6.65701e-08 -9.68542e-20 -3.3588e-06 -4.96804e-36 0)
(6.50049e-06 1.67928e-06 -8.69084e-23 -2.75524e-06 -4.4226e-23 0)
(6.5755e-06 1.6625e-06 -9.19389e-22 -2.88612e-06 -6.19587e-22 0)
(6.66162e-06 1.61755e-06 -1.4301e-21 -2.97905e-06 -1.68551e-21 0)
(6.71666e-06 1.55725e-06 0 -3.0537e-06 0 0)
(6.76932e-06 1.4816e-06 1.45323e-21 -3.1112e-06 1.75708e-21 0)
(6.80642e-06 1.39703e-06 2.64006e-21 -3.15398e-06 2.45579e-21 0)
(6.83729e-06 1.30561e-06 -2.69972e-21 -3.1844e-06 -2.47609e-21 0)
(6.85941e-06 1.21079e-06 -4.03216e-21 -3.2048e-06 -3.17566e-21 0)
(6.87648e-06 1.11441e-06 1.47623e-21 -3.21749e-06 1.80115e-21 0)
(6.88883e-06 1.01828e-06 1.36062e-21 -3.22462e-06 6.92256e-22 0)
(6.89845e-06 9.23458e-07 -1.40017e-37 -3.22822e-06 -3.70059e-36 0)
(6.90628e-06 8.30644e-07 1.42259e-21 -3.23005e-06 6.93421e-22 0)
(6.91357e-06 7.40063e-07 -2.89434e-21 -3.23166e-06 -1.38753e-21 0)
(6.92111e-06 6.5148e-07 -1.46792e-21 -3.23424e-06 -6.94319e-22 0)
(6.9296e-06 5.64297e-07 -2.97039e-21 -3.23851e-06 -1.39048e-21 0)
(6.93912e-06 4.77083e-07 1.49944e-21 -3.24472e-06 6.96571e-22 0)
(6.94954e-06 3.88316e-07 -1.49191e-21 -3.25225e-06 -1.67778e-21 0)
(6.95966e-06 2.93668e-07 -5.23888e-36 -3.25988e-06 -2.41087e-36 0)
(6.96791e-06 1.92314e-07 -1.55432e-35 -3.26465e-06 -1.3485e-35 0)
(6.97183e-06 6.49121e-08 -9.74305e-20 -3.26429e-06 -2.41413e-36 0)
(6.14618e-06 1.5917e-06 1.39404e-21 -2.60561e-06 1.57138e-21 0)
(6.23616e-06 1.58128e-06 9.32465e-22 -2.72517e-06 5.85034e-22 0)
(6.3382e-06 1.54505e-06 -1.36067e-21 -2.81361e-06 -1.66781e-21 0)
(6.41377e-06 1.49255e-06 -4.04174e-37 -2.88731e-06 4.39379e-36 0)
(6.48781e-06 1.42438e-06 -9.1939e-36 -2.94715e-06 -3.45882e-36 0)
(6.54814e-06 1.34667e-06 1.19197e-21 -2.99488e-06 6.42934e-22 0)
(6.60255e-06 1.26141e-06 4.07941e-21 -3.03227e-06 4.22329e-21 0)
(6.64845e-06 1.172e-06 -1.42728e-21 -3.0611e-06 -1.79512e-21 0)
(6.68882e-06 1.08024e-06 -2.87188e-21 -3.08314e-06 -3.59593e-21 0)
(6.72374e-06 9.87941e-07 2.81484e-21 -3.10011e-06 2.4611e-21 0)
(6.75481e-06 8.96159e-07 -1.44798e-35 -3.11359e-06 -6.87187e-36 0)
(6.78275e-06 8.0564e-07 2.88803e-21 -3.12504e-06 2.44871e-21 0)
(6.80862e-06 7.16671e-07 1.46166e-21 -3.13564e-06 1.76352e-21 0)
(6.83306e-06 6.29152e-07 1.47595e-21 -3.14629e-06 6.75438e-22 0)
(6.85658e-06 5.42678e-07 -1.47196e-21 -3.15739e-06 -1.7257e-21 0)
(6.87916e-06 4.56194e-07 -1.4471e-21 -3.16876e-06 -2.7245e-21 0)
(6.90019e-06 3.68591e-07 1.48132e-21 -3.17915e-06 1.67605e-21 0)
(6.91831e-06 2.7645e-07 1.48521e-21 -3.18648e-06 1.64586e-21 0)
(6.93006e-06 1.7929e-07 1.03984e-35 -3.18603e-06 7.89339e-36 0)
(6.93356e-06 6.01073e-08 -9.7977e-20 -3.17408e-06 1.65227e-34 2.88988e-49)
(5.78709e-06 1.47406e-06 -7.31768e-36 -2.45567e-06 -7.03142e-36 0)
(5.89415e-06 1.46743e-06 9.61085e-22 -2.5652e-06 5.50691e-22 0)
(6.01384e-06 1.43751e-06 1.05624e-35 -2.65028e-06 5.81476e-36 0)
(6.11154e-06 1.39153e-06 0 -2.72394e-06 0 0)
(6.20827e-06 1.33026e-06 -1.18842e-35 -2.78681e-06 -6.11431e-36 0)
(6.29294e-06 1.25957e-06 -1.21962e-21 -2.83996e-06 -6.09678e-22 0)
(6.37175e-06 1.18123e-06 1.27109e-21 -2.88461e-06 6.19263e-22 0)
(6.4421e-06 1.09848e-06 2.6342e-21 -2.92199e-06 1.25457e-21 0)
(6.50622e-06 1.01298e-06 0 -2.95337e-06 0 0)
(6.56397e-06 9.26448e-07 -1.39351e-21 -2.98001e-06 -6.39744e-22 0)
(6.61652e-06 8.39854e-07 -1.95157e-35 -3.00313e-06 -2.45246e-35 0)
(6.66443e-06 7.5391e-07 -1.45081e-21 -3.02382e-06 -6.49148e-22 0)
(6.70851e-06 6.68903e-07 2.94632e-21 -3.04299e-06 1.30653e-21 0)
(6.74932e-06 5.84816e-07 1.49187e-21 -3.06129e-06 6.57192e-22 0)
(6.78723e-06 5.01406e-07 3.01475e-21 -3.07888e-06 1.32193e-21 0)
(6.8222e-06 4.18019e-07 -1.52013e-21 -3.09531e-06 -6.64494e-22 0)
(6.85333e-06 3.34034e-07 0 -3.10891e-06 0 0)
(6.87921e-06 2.47242e-07 1.57306e-35 -3.11695e-06 6.83864e-36 0)
(6.89499e-06 1.57703e-07 3.6142e-35 -3.11325e-06 2.90083e-35 0)
(6.89887e-06 5.21984e-08 -9.84659e-20 -3.09261e-06 -4.03946e-36 5.8086e-49)
(5.42033e-06 1.32146e-06 -1.16363e-21 -2.30795e-06 -1.49705e-21 0)
(5.54827e-06 1.31643e-06 4.10326e-36 -2.40932e-06 5.41497e-36 0)
(5.68871e-06 1.29084e-06 6.04649e-36 -2.49265e-06 8.19312e-36 0)
(5.81134e-06 1.25051e-06 -1.5702e-36 -2.56757e-06 4.71724e-36 0)
(5.93301e-06 1.19606e-06 1.27369e-21 -2.63439e-06 1.72099e-21 0)
(6.04384e-06 1.133e-06 -1.29748e-21 -2.69359e-06 -1.74918e-21 0)
(6.14847e-06 1.06277e-06 -1.31994e-21 -2.74584e-06 -1.76855e-21 0)
(6.24431e-06 9.88348e-07 0 -2.79185e-06 0 0)
(6.33288e-06 9.1116e-07 1.35953e-21 -2.83244e-06 1.78551e-21 0)
(6.41381e-06 8.32741e-07 1.3769e-21 -2.86846e-06 1.7849e-21 0)
(6.48792e-06 7.53909e-07 -1.43523e-35 -2.90075e-06 -1.83345e-35 0)
(6.55555e-06 6.75264e-07 -1.40733e-21 -2.93009e-06 -1.76927e-21 0)
(6.61732e-06 5.97023e-07 -1.42059e-21 -2.95715e-06 -1.75548e-21 0)
(6.67369e-06 5.1918e-07 0 -2.98238e-06 0 0)
(6.72496e-06 4.41593e-07 1.4437e-21 -3.00583e-06 1.7184e-21 0)
(6.77116e-06 3.63954e-07 0 -3.02693e-06 0 0)
(6.81137e-06 2.86139e-07 -2.12762e-35 -3.04391e-06 -8.97815e-36 0)
(6.84423e-06 2.07325e-07 1.46931e-21 -3.05368e-06 1.64493e-21 0)
(6.86432e-06 1.28374e-07 2.0707e-35 -3.04918e-06 1.55451e-35 0)
(6.86942e-06 4.14198e-08 -9.88769e-20 -3.0238e-06 -1.66389e-34 2.91642e-49)
(5.04395e-06 1.1306e-06 9.91733e-22 -2.14891e-06 4.61325e-22 0)
(5.19827e-06 1.12541e-06 0 -2.24663e-06 0 0)
(5.36398e-06 1.10274e-06 5.91616e-36 -2.3322e-06 4.50141e-36 0)
(5.51549e-06 1.06777e-06 0 -2.41186e-06 0 0)
(5.66527e-06 1.02059e-06 -2.08875e-36 -2.48547e-06 -2.93152e-36 0)
(5.8048e-06 9.66229e-07 5.09825e-36 -2.55303e-06 -6.2649e-36 0)
(5.93719e-06 9.05706e-07 0 -2.61465e-06 0 0)
(6.05992e-06 8.41644e-07 0 -2.67064e-06 0 0)
(6.17389e-06 7.75146e-07 0 -2.72139e-06 0 0)
(6.27853e-06 7.07488e-07 -9.70365e-36 -2.76738e-06 -8.14906e-36 0)
(6.37434e-06 6.39279e-07 4.57693e-37 -2.8091e-06 -4.00821e-36 0)
(6.46144e-06 5.7095e-07 5.22687e-36 -2.84706e-06 2.10557e-36 0)
(6.54028e-06 5.0259e-07 0 -2.88172e-06 0 0)
(6.6112e-06 4.34131e-07 0 -2.91337e-06 0 0)
(6.67446e-06 3.65449e-07 0 -2.94202e-06 0 0)
(6.73018e-06 2.96469e-07 5.3884e-36 -2.96717e-06 2.19439e-36 0)
(6.77766e-06 2.27501e-07 0 -2.98729e-06 0 0)
(6.81586e-06 1.59081e-07 3.05586e-35 -2.99946e-06 3.04565e-35 0)
(6.83987e-06 9.31224e-08 -5.44512e-36 -2.99679e-06 -2.21629e-36 0)
(6.84686e-06 2.83818e-08 -9.91807e-20 -2.97169e-06 -3.34077e-34 3.02334e-63)
(4.65646e-06 8.87787e-07 -2.04024e-21 -1.99705e-06 -2.8622e-21 0)
(4.84457e-06 8.81959e-07 -1.15273e-22 -2.09472e-06 1.08428e-21 0)
(5.04147e-06 8.6214e-07 -2.50751e-36 -2.18535e-06 1.0829e-36 0)
(5.22687e-06 8.3349e-07 -2.37718e-36 -2.27189e-06 1.35658e-36 0)
(5.40872e-06 7.95283e-07 1.16113e-21 -2.35379e-06 1.69069e-21 0)
(5.58008e-06 7.51867e-07 -2.59655e-21 -2.43061e-06 -2.24324e-21 0)
(5.74257e-06 7.03766e-07 -2.67394e-21 -2.50204e-06 -2.28044e-21 0)
(5.8939e-06 6.53089e-07 0 -2.56805e-06 0 0)
(6.0344e-06 6.00594e-07 1.29545e-21 -2.62868e-06 1.76474e-21 0)
(6.16341e-06 5.47233e-07 -2.07961e-22 -2.6841e-06 1.18985e-21 0)
(6.28113e-06 4.93385e-07 -5.3114e-37 -2.73454e-06 4.09781e-36 0)
(6.38753e-06 4.39286e-07 -2.93634e-21 -2.78026e-06 -2.35054e-21 0)
(6.48285e-06 3.84883e-07 -1.39173e-21 -2.82151e-06 -1.74125e-21 0)
(6.56729e-06 3.29998e-07 -1.58374e-21 -2.85849e-06 -6.13655e-22 0)
(6.64102e-06 2.74438e-07 1.42568e-21 -2.89121e-06 1.70685e-21 0)
(6.70422e-06 2.18155e-07 -1.59255e-21 -2.91935e-06 -6.2672e-22 0)
(6.75652e-06 1.61664e-07 6.12734e-36 -2.94187e-06 -1.20433e-36 0)
(6.79742e-06 1.06333e-07 1.45926e-21 -2.95651e-06 1.64289e-21 0)
(6.82353e-06 5.52517e-08 -2.22247e-35 -2.95767e-06 -8.82238e-36 0)
(6.83203e-06 1.42937e-08 -9.938e-20 -2.93783e-06 -4.41782e-36 0)
(4.25881e-06 5.97044e-07 -2.65668e-22 -1.81302e-06 1.04707e-21 0)
(4.49027e-06 5.90904e-07 -1.26027e-21 -1.92067e-06 -4.12325e-22 0)
(4.72586e-06 5.75019e-07 3.17269e-22 -2.02488e-06 -1.144e-21 0)
(4.95121e-06 5.54295e-07 0 -2.12571e-06 0 0)
(5.16992e-06 5.27272e-07 2.55634e-21 -2.22203e-06 2.14988e-21 0)
(5.37667e-06 4.97263e-07 1.15425e-21 -2.31319e-06 1.70467e-21 0)
(5.57194e-06 4.64341e-07 -2.72446e-21 -2.3986e-06 -2.24258e-21 0)
(5.75373e-06 4.29972e-07 -1.2352e-21 -2.47799e-06 -1.74296e-21 0)
(5.92201e-06 3.9456e-07 1.27133e-21 -2.55118e-06 1.75142e-21 0)
(6.07614e-06 3.58699e-07 -8.83752e-36 -2.61813e-06 -1.18828e-35 0)
(6.21613e-06 3.22549e-07 1.61262e-21 -2.67888e-06 5.75097e-22 0)
(6.34185e-06 2.8617e-07 4.69016e-36 -2.73349e-06 6.00705e-36 0)
(6.45332e-06 2.49397e-07 -6.39243e-36 -2.78203e-06 1.86496e-36 0)
(6.55055e-06 2.11952e-07 -1.62655e-21 -2.82454e-06 -6.06367e-22 0)
(6.63344e-06 1.73556e-07 -6.26095e-36 -2.86095e-06 1.63728e-36 0)
(6.702e-06 1.34053e-07 4.33827e-36 -2.89106e-06 9.44706e-36 0)
(6.75583e-06 9.39294e-08 -1.45033e-21 -2.91433e-06 -1.66026e-21 0)
(6.79515e-06 5.47346e-08 1.61732e-21 -2.92977e-06 6.28957e-22 0)
(6.81847e-06 2.03149e-08 1.61588e-21 -2.93473e-06 6.30022e-22 0)
(6.82593e-06 1.74476e-09 -9.78277e-20 -2.92447e-06 6.27819e-22 0)
(3.85326e-06 2.03792e-07 -2.10394e-21 -1.67141e-06 3.55877e-21 4.55453e-36)
(4.1388e-06 2.00982e-07 -8.8851e-22 -1.79164e-06 -1.33425e-21 -2.28423e-52)
(4.42136e-06 1.94523e-07 -9.49169e-22 -1.9101e-06 -6.45818e-21 7.23221e-51)
(4.69275e-06 1.87008e-07 -8.37698e-36 -2.02444e-06 -9.75528e-21 0)
(4.95327e-06 1.77374e-07 1.06336e-21 -2.13396e-06 -1.27543e-20 0)
(5.19895e-06 1.66898e-07 1.1161e-21 -2.23748e-06 -1.71005e-20 -2.77022e-50)
(5.42965e-06 1.55502e-07 -1.16563e-21 -2.33462e-06 -2.45991e-20 6.75186e-50)
(5.64366e-06 1.43712e-07 -1.21157e-21 -2.42482e-06 -2.84209e-20 -2.71218e-64)
(5.8409e-06 1.3163e-07 1.25391e-21 -2.50796e-06 -2.84632e-20 1.33605e-49)
(6.02083e-06 1.19449e-07 -5.59975e-35 -2.58385e-06 -3.33875e-20 9.84781e-50)
(6.18347e-06 1.07195e-07 0 -2.65248e-06 -3.62683e-20 0)
(6.32867e-06 9.48646e-08 7.71852e-35 -2.7138e-06 -3.88355e-20 1.14547e-49)
(6.4563e-06 8.23573e-08 1.63595e-35 -2.76777e-06 -4.10883e-20 2.42384e-49)
(6.56612e-06 6.95325e-08 1.15317e-35 -2.8143e-06 -4.30232e-20 2.53798e-49)
(6.65757e-06 5.62289e-08 1.63852e-35 -2.85319e-06 -4.46349e-20 2.63306e-49)
(6.73021e-06 4.23268e-08 2.1335e-35 -2.88426e-06 -4.59039e-20 2.70791e-49)
(6.78295e-06 2.79562e-08 -1.45615e-21 -2.90711e-06 -4.84915e-20 1.38143e-49)
(6.81631e-06 1.36894e-08 -8.13928e-35 -2.9218e-06 -4.73923e-20 0)
(6.82938e-06 1.5118e-09 0 -2.92785e-06 -4.76499e-20 0)
(6.82848e-06 -2.76424e-09 -9.94615e-20 -2.92547e-06 -4.75866e-20 0)
(7.61821e-06 5.63367e-07 2.94679e-21 -8.36618e-08 5.75468e-22 0)
(7.8426e-06 1.00334e-06 -3.93256e-22 -4.18453e-07 -1.29814e-22 0)
(8.26235e-06 1.45387e-06 -2.71763e-21 -9.66615e-07 -1.51715e-21 0)
(8.74495e-06 1.72372e-06 3.33817e-22 -1.64656e-06 2.30343e-22 0)
(9.25238e-06 1.81997e-06 -9.66193e-22 -2.38312e-06 -6.71838e-22 0)
(9.70954e-06 1.7279e-06 1.02209e-21 -3.11048e-06 1.1203e-21 0)
(1.00759e-05 1.46389e-06 3.46386e-21 -3.77404e-06 2.47112e-21 0)
(1.03127e-05 1.05196e-06 -1.57769e-21 -4.32956e-06 -1.16924e-21 0)
(1.04078e-05 5.35537e-07 -2.32936e-21 -4.75352e-06 -1.79924e-21 0)
(1.03321e-05 -5.54268e-08 0 -4.97571e-06 0 0)
(7.21592e-06 5.06334e-07 9.10268e-23 -8.99403e-08 2.63324e-23 0)
(7.43043e-06 9.13768e-07 3.47431e-21 -4.02084e-07 1.33804e-21 0)
(7.82008e-06 1.35766e-06 3.7448e-21 -8.87763e-07 2.06696e-21 0)
(8.27564e-06 1.66116e-06 3.47985e-21 -1.49099e-06 2.32579e-21 0)
(8.77455e-06 1.82583e-06 -8.57318e-22 -2.15415e-06 -6.08279e-22 0)
(9.25225e-06 1.82961e-06 -4.34096e-21 -2.82432e-06 -3.57576e-21 0)
(9.67288e-06 1.68073e-06 -3.77933e-21 -3.45588e-06 -2.71414e-21 0)
(9.99188e-06 1.38998e-06 5.6216e-21 -4.00601e-06 4.42012e-21 0)
(1.01853e-05 9.93978e-07 -1.61603e-21 -4.45922e-06 -1.04749e-21 0)
(1.02028e-05 4.20615e-07 2.60656e-21 -4.77295e-06 2.0817e-21 0)
(6.85471e-06 4.45389e-07 -1.65139e-22 -1.00396e-07 -5.81362e-23 0)
(7.06285e-06 8.27085e-07 -3.03346e-21 -4.04897e-07 -1.13074e-21 0)
(7.42373e-06 1.26006e-06 -3.10934e-21 -8.51272e-07 -1.67057e-21 0)
(7.84226e-06 1.57998e-06 4.36381e-21 -1.39948e-06 2.87677e-21 0)
(8.30741e-06 1.7855e-06 3.89128e-21 -2.00516e-06 2.92418e-21 0)
(8.76462e-06 1.8499e-06 4.17939e-21 -2.62663e-06 3.41829e-21 0)
(9.18732e-06 1.77753e-06 -2.14254e-23 -3.2276e-06 3.30986e-24 0)
(9.54235e-06 1.57231e-06 -3.35376e-21 -3.77106e-06 -3.11853e-21 0)
(9.80846e-06 1.28339e-06 -5.42636e-24 -4.2391e-06 8.68289e-24 0)
(9.96794e-06 8.22202e-07 8.60027e-22 -4.5955e-06 2.52851e-22 0)
(6.5248e-06 3.77334e-07 0 -1.12051e-07 0 0)
(6.73168e-06 7.36889e-07 9.95986e-22 -4.13352e-07 2.84109e-22 0)
(7.0727e-06 1.15921e-06 -1.11558e-21 -8.25636e-07 -7.29584e-22 0)
(7.46265e-06 1.49222e-06 -2.95151e-21 -1.32156e-06 -2.03792e-21 0)
(7.9004e-06 1.73453e-06 2.17676e-21 -1.86767e-06 1.64484e-21 0)
(8.33915e-06 1.85672e-06 -3.24748e-21 -2.43188e-06 -2.62992e-21 0)
(8.75601e-06 1.85885e-06 -1.27817e-21 -2.98588e-06 -1.30461e-21 0)
(9.12468e-06 1.73334e-06 3.76563e-21 -3.50113e-06 3.22111e-21 0)
(9.41372e-06 1.52312e-06 -1.62031e-23 -3.96205e-06 5.50626e-24 0)
(9.65152e-06 1.14322e-06 5.15398e-21 -4.35474e-06 4.45946e-21 0)
(6.21563e-06 3.0112e-07 1.1249e-21 -1.23725e-07 1.52424e-22 0)
(6.42331e-06 6.40879e-07 1.58649e-21 -4.27921e-07 6.08445e-22 0)
(6.74803e-06 1.04998e-06 0 -8.1788e-07 0 0)
(7.11093e-06 1.38691e-06 -1.81105e-21 -1.27488e-06 -1.20436e-21 0)
(7.51903e-06 1.65094e-06 -1.42621e-21 -1.77378e-06 -1.04758e-21 0)
(7.93353e-06 1.81224e-06 7.5756e-22 -2.29058e-06 6.25164e-22 0)
(8.33599e-06 1.87024e-06 -1.78278e-21 -2.80268e-06 -1.46727e-21 0)
(8.71091e-06 1.81409e-06 -1.26153e-21 -3.28778e-06 -8.94154e-22 0)
(9.01361e-06 1.68055e-06 -1.14318e-21 -3.72554e-06 -8.80557e-22 0)
(9.30108e-06 1.39753e-06 -5.71068e-21 -4.11094e-06 -4.47156e-21 0)
(5.92474e-06 2.18231e-07 -2.1557e-21 -1.35091e-07 -2.41794e-22 0)
(6.13558e-06 5.42497e-07 1.32811e-21 -4.44483e-07 4.58417e-22 0)
(6.449e-06 9.40853e-07 3.89186e-21 -8.16693e-07 1.89245e-21 0)
(6.7899e-06 1.28058e-06 -1.27649e-21 -1.23945e-06 -7.81703e-22 0)
(7.17155e-06 1.56191e-06 -1.93784e-21 -1.69407e-06 -1.46481e-21 0)
(7.56125e-06 1.75492e-06 1.39103e-21 -2.16353e-06 1.18105e-21 0)
(7.94284e-06 1.85731e-06 1.5942e-21 -2.63068e-06 1.36623e-21 0)
(8.31123e-06 1.85619e-06 7.78411e-22 -3.08121e-06 7.36913e-22 0)
(8.61278e-06 1.77929e-06 3.07127e-21 -3.49457e-06 2.47189e-21 0)
(8.92651e-06 1.57938e-06 -2.11535e-21 -3.86728e-06 -1.8878e-21 0)
(5.64562e-06 1.27479e-07 0 -1.46178e-07 0 0)
(5.86082e-06 4.38971e-07 -5.68334e-22 -4.6353e-07 -3.96961e-22 0)
(6.16589e-06 8.2737e-07 1.45616e-21 -8.24291e-07 7.47128e-22 0)
(6.48796e-06 1.16723e-06 1.21935e-21 -1.22075e-06 7.21021e-22 0)
(6.84557e-06 1.45983e-06 -3.95499e-21 -1.63914e-06 -2.82314e-21 0)
(7.21151e-06 1.67643e-06 -1.38511e-21 -2.06794e-06 -1.10364e-21 0)
(7.57152e-06 1.81385e-06 3.80153e-21 -2.49376e-06 3.26267e-21 0)
(7.92889e-06 1.86014e-06 -2.45294e-21 -2.90774e-06 -2.22085e-21 0)
(8.22353e-06 1.83234e-06 1.10804e-21 -3.29004e-06 7.67528e-22 0)
(8.54484e-06 1.70509e-06 6.7381e-21 -3.63614e-06 5.99815e-21 0)
(5.37596e-06 2.99355e-08 9.25622e-22 -1.56627e-07 6.46452e-24 0)
(5.59652e-06 3.31936e-07 -1.86703e-22 -4.83076e-07 -1.41091e-22 0)
(5.896e-06 7.12906e-07 6.02554e-24 -8.35584e-07 6.55125e-24 0)
(6.20236e-06 1.05296e-06 3.9809e-22 -1.20974e-06 3.35734e-22 0)
(6.53853e-06 1.35406e-06 -2.28056e-21 -1.59585e-06 -1.77256e-21 0)
(6.88163e-06 1.58879e-06 1.3538e-22 -1.98715e-06 1.60537e-24 0)
(7.2193e-06 1.75277e-06 -1.54536e-23 -2.37413e-06 -1.38375e-23 0)
(7.56131e-06 1.83637e-06 -4.71359e-21 -2.75252e-06 -4.24715e-21 0)
(7.84569e-06 1.84762e-06 -4.31284e-21 -3.10493e-06 -3.63459e-21 0)
(8.16398e-06 1.78073e-06 2.64327e-21 -3.42221e-06 2.53563e-21 0)
(5.11203e-06 -7.48679e-08 1.22257e-22 -1.66803e-07 9.25602e-23 0)
(5.33858e-06 2.20219e-07 -4.5927e-22 -5.03634e-07 2.27609e-22 0)
(5.63436e-06 5.9577e-07 -1.05492e-21 -8.51325e-07 -4.10858e-22 0)
(5.92736e-06 9.36007e-07 3.40255e-21 -1.20763e-06 1.89306e-21 0)
(6.24453e-06 1.24332e-06 9.52615e-22 -1.56628e-06 8.40947e-22 0)
(6.5665e-06 1.49202e-06 -4.47184e-21 -1.92429e-06 -3.58772e-21 0)
(6.88302e-06 1.67676e-06 3.43086e-21 -2.27548e-06 3.00337e-21 0)
(7.20784e-06 1.79066e-06 2.26053e-21 -2.61877e-06 2.14642e-21 0)
(7.4803e-06 1.83415e-06 -4.15009e-21 -2.94034e-06 -3.51206e-21 0)
(7.78865e-06 1.81609e-06 -7.8275e-21 -3.22691e-06 -7.08893e-21 0)
(4.85176e-06 -1.86411e-07 1.80039e-22 -1.76652e-07 1.46301e-22 0)
(5.0847e-06 1.04435e-07 2.4285e-21 -5.24487e-07 7.4919e-22 0)
(5.37815e-06 4.77117e-07 2.76096e-21 -8.69413e-07 8.5699e-22 0)
(5.65943e-06 8.18385e-07 -2.18809e-21 -1.21045e-06 -1.17791e-21 0)
(5.95938e-06 1.13061e-06 2.44164e-21 -1.54458e-06 2.18491e-21 0)
(6.26149e-06 1.38986e-06 1.09616e-21 -1.8722e-06 9.75083e-22 0)
(6.55804e-06 1.59006e-06 2.7533e-21 -2.19053e-06 2.3849e-21 0)
(6.86493e-06 1.72728e-06 7.87232e-21 -2.50075e-06 7.19296e-21 0)
(7.12519e-06 1.79667e-06 2.3545e-21 -2.7928e-06 1.98145e-21 0)
(7.42034e-06 1.81738e-06 -2.58187e-21 -3.04974e-06 -2.65007e-21 0)
(4.59288e-06 -3.04892e-07 -2.9651e-22 -1.86431e-07 -2.56107e-22 0)
(4.83246e-06 -1.57129e-08 2.21007e-21 -5.46096e-07 -1.29266e-22 0)
(5.12431e-06 3.56655e-07 1.65303e-21 -8.9003e-07 3.83187e-22 0)
(5.39472e-06 6.99986e-07 -2.74382e-21 -1.21775e-06 -1.26558e-21 0)
(5.67867e-06 1.01624e-06 -3.16387e-21 -1.52968e-06 -2.31905e-21 0)
(5.96207e-06 1.28334e-06 4.08977e-21 -1.82929e-06 3.37311e-21 0)
(6.24009e-06 1.49492e-06 2.54606e-21 -2.11704e-06 2.21482e-21 0)
(6.52923e-06 1.64969e-06 2.11789e-21 -2.39582e-06 1.79798e-21 0)
(6.7776e-06 1.73948e-06 2.28662e-21 -2.65924e-06 1.88791e-21 0)
(7.05842e-06 1.79011e-06 -8.4063e-27 -2.88816e-06 -6.73717e-27 0)
(4.33394e-06 -4.30074e-07 -1.7452e-21 -1.96353e-07 1.3915e-22 0)
(4.58029e-06 -1.39572e-07 -2.2387e-21 -5.68735e-07 -5.89292e-22 0)
(4.8705e-06 2.35409e-07 -9.32654e-22 -9.12689e-07 -2.80928e-22 0)
(5.12983e-06 5.82096e-07 -9.88603e-22 -1.2278e-06 -4.85689e-22 0)
(5.39809e-06 9.01565e-07 -3.55547e-21 -1.51865e-06 -2.66622e-21 0)
(5.66342e-06 1.17383e-06 -2.26802e-21 -1.79174e-06 -1.77219e-21 0)
(5.92417e-06 1.39277e-06 1.83441e-21 -2.05083e-06 1.62716e-21 0)
(6.19637e-06 1.55963e-06 1.90905e-21 -2.3001e-06 1.88348e-21 0)
(6.4338e-06 1.66461e-06 3.50857e-21 -2.53634e-06 3.59037e-21 0)
(6.70072e-06 1.73747e-06 6.42007e-22 -2.7395e-06 7.77688e-22 0)
(4.07424e-06 -5.62165e-07 9.44508e-22 -2.07393e-07 -4.42994e-24 0)
(4.32714e-06 -2.66606e-07 9.88734e-22 -5.93422e-07 1.73573e-22 0)
(4.61434e-06 1.14269e-07 -6.1313e-22 -9.37283e-07 2.54286e-23 0)
(4.86107e-06 4.65712e-07 9.46015e-24 -1.23897e-06 8.21178e-24 0)
(5.1129e-06 7.87461e-07 -2.52391e-21 -1.50846e-06 -1.7494e-21 0)
(5.36035e-06 1.06214e-06 -1.07229e-21 -1.75554e-06 -9.09052e-22 0)
(5.60497e-06 1.28451e-06 1.55233e-21 -1.98717e-06 1.51855e-21 0)
(5.8615e-06 1.45829e-06 7.96551e-28 -2.2086e-06 6.28462e-28 0)
(6.08949e-06 1.57333e-06 1.57499e-27 -2.41916e-06 1.19912e-27 0)
(6.3441e-06 1.6615e-06 9.22412e-22 -2.59901e-06 2.13381e-22 0)
(3.8141e-06 -7.01253e-07 0 -2.20813e-07 0 0)
(4.07268e-06 -3.94564e-07 1.67244e-22 -6.21809e-07 1.70537e-22 0)
(4.35359e-06 -3.85269e-09 2.72903e-22 -9.64604e-07 2.66849e-22 0)
(4.58449e-06 3.53379e-07 9.00268e-22 -1.25079e-06 4.09283e-22 0)
(4.81788e-06 6.75441e-07 4.64599e-22 -1.49748e-06 4.01893e-22 0)
(5.04711e-06 9.4876e-07 1.49287e-23 -1.71835e-06 1.21161e-23 0)
(5.2766e-06 1.16985e-06 6.29892e-22 -1.92334e-06 4.88343e-22 0)
(5.51919e-06 1.34503e-06 -1.16999e-21 -2.11855e-06 -1.15374e-21 0)
(5.73982e-06 1.46477e-06 -1.53386e-21 -2.30512e-06 -1.09353e-21 0)
(5.9846e-06 1.5618e-06 2.15012e-21 -2.46426e-06 2.02422e-21 0)
(3.5567e-06 -8.47883e-07 0 -2.40874e-07 0 0)
(3.81822e-06 -5.20985e-07 0 -6.56564e-07 0 0)
(4.08536e-06 -1.15934e-07 -8.07132e-22 -9.93226e-07 -8.2051e-22 0)
(4.29443e-06 2.47496e-07 0 -1.25799e-06 0 0)
(4.50585e-06 5.66812e-07 -2.77751e-21 -1.47805e-06 -1.97994e-21 0)
(4.71624e-06 8.33947e-07 1.19084e-21 -1.67133e-06 9.22401e-22 0)
(4.93196e-06 1.04829e-06 3.74973e-21 -1.85018e-06 3.36121e-21 0)
(5.16312e-06 1.21894e-06 2.59078e-21 -2.02097e-06 2.88118e-21 0)
(5.37944e-06 1.33771e-06 -1.24223e-21 -2.18586e-06 -1.31955e-21 0)
(5.61802e-06 1.43731e-06 -4.59905e-21 -2.32745e-06 -4.70807e-21 0)
(3.30771e-06 -1.00199e-06 -5.24591e-23 -2.72135e-07 -7.34562e-23 0)
(3.56575e-06 -6.36239e-07 2.06219e-21 -7.02512e-07 -4.26841e-22 0)
(3.80579e-06 -2.12231e-07 5.05488e-22 -1.02561e-06 5.50667e-22 0)
(3.98402e-06 1.54417e-07 2.0895e-23 -1.26217e-06 1.65153e-23 0)
(4.16862e-06 4.63936e-07 -1.70571e-21 -1.4512e-06 -1.12291e-21 0)
(4.35953e-06 7.16878e-07 -3.8324e-21 -1.6156e-06 -3.08016e-21 0)
(4.56341e-06 9.16816e-07 4.24633e-21 -1.76899e-06 3.70641e-21 0)
(4.78661e-06 1.07571e-06 7.55913e-22 -1.91744e-06 4.6817e-22 0)
(5.00278e-06 1.18705e-06 2.51941e-21 -2.06321e-06 1.48802e-21 0)
(5.23983e-06 1.28282e-06 1.16751e-21 -2.19051e-06 1.36088e-21 0)
(3.08561e-06 -1.16162e-06 -5.94514e-22 -3.35375e-07 4.19431e-22 0)
(3.32099e-06 -7.3202e-07 -1.92578e-21 -7.67358e-07 5.91719e-22 0)
(3.5059e-06 -2.85859e-07 7.34105e-22 -1.05212e-06 8.68585e-22 0)
(3.63915e-06 7.70202e-08 3.09347e-22 -1.24327e-06 -4.35443e-22 0)
(3.79182e-06 3.67129e-07 1.51821e-21 -1.39334e-06 1.14358e-21 0)
(3.96445e-06 5.95841e-07 -2.887e-21 -1.52722e-06 -2.26715e-21 0)
(4.16072e-06 7.72658e-07 2.43763e-23 -1.65721e-06 1.78948e-23 0)
(4.38168e-06 9.12045e-07 2.67558e-21 -1.78721e-06 2.55958e-21 0)
(4.6039e-06 1.00931e-06 -8.88582e-22 -1.91863e-06 -4.57335e-22 0)
(4.84604e-06 1.09488e-06 -9.30818e-22 -2.03703e-06 -4.53674e-22 0)
(2.91737e-06 -1.30546e-06 3.77536e-30 -4.43846e-07 -5.62177e-30 0)
(3.0839e-06 -7.64103e-07 1.48817e-22 -8.57483e-07 4.64258e-22 0)
(3.17223e-06 -3.05649e-07 8.2605e-22 -1.07728e-06 -1.39369e-21 0)
(3.24388e-06 2.83711e-08 -3.75957e-22 -1.21255e-06 -3.41358e-22 0)
(3.36142e-06 2.76602e-07 -2.00866e-21 -1.32e-06 -1.47211e-21 0)
(3.51924e-06 4.6379e-07 0 -1.42477e-06 0 0)
(3.71474e-06 6.04784e-07 -1.58155e-21 -1.53488e-06 -8.08713e-22 0)
(3.9414e-06 7.14847e-07 8.37731e-22 -1.65096e-06 1.03254e-21 0)
(4.17793e-06 7.90492e-07 1.79741e-21 -1.77259e-06 2.3344e-21 0)
(4.43334e-06 8.59051e-07 -9.75308e-22 -1.88678e-06 -1.37591e-21 0)
(2.91494e-06 -1.37249e-06 -1.89185e-21 -7.0804e-07 2.19388e-21 0)
(2.83608e-06 -7.14367e-07 1.11907e-21 -9.7149e-07 -8.43841e-22 0)
(2.75742e-06 -2.67013e-07 1.61225e-21 -1.04218e-06 -1.18041e-23 0)
(2.75401e-06 3.03913e-09 -5.74744e-22 -1.09018e-06 1.48255e-22 0)
(2.8457e-06 1.87771e-07 -1.10946e-21 -1.15389e-06 -7.88796e-22 0)
(3.00293e-06 3.17185e-07 -7.16146e-22 -1.23665e-06 -3.36983e-22 0)
(3.21186e-06 4.1154e-07 0 -1.33719e-06 0 0)
(3.45771e-06 4.84093e-07 -9.73537e-22 -1.45015e-06 -3.6923e-22 0)
(3.72044e-06 5.32276e-07 1.05798e-21 -1.57287e-06 3.77739e-22 0)
(4.00005e-06 5.78179e-07 -6.14004e-27 -1.69366e-06 -2.08622e-27 0)
(3.23434e-06 -7.92761e-07 1.21956e-22 -1.14788e-06 1.57143e-20 -5.64882e-35)
(2.48318e-06 -3.22034e-07 1.85374e-21 -1.04825e-06 1.59693e-20 5.7803e-35)
(2.22193e-06 -1.06033e-07 -2.82172e-24 -9.7035e-07 1.81361e-20 -5.67268e-35)
(2.14148e-06 -2.86584e-09 1.0888e-21 -9.46615e-07 1.7688e-20 -1.82178e-35)
(2.22995e-06 6.33708e-08 2.32243e-22 -9.85905e-07 1.71327e-20 1.78719e-35)
(2.40475e-06 1.07677e-07 -8.61556e-22 -1.06045e-06 1.57365e-20 1.67587e-35)
(2.64484e-06 1.39664e-07 4.29321e-22 -1.16189e-06 1.63836e-20 -2.41712e-38)
(2.92608e-06 1.64435e-07 -6.83783e-22 -1.28e-06 1.57467e-20 1.52718e-35)
(3.22924e-06 1.80601e-07 1.03569e-21 -1.40877e-06 1.67203e-20 5.74749e-38)
(3.54645e-06 1.97057e-07 -1.63362e-21 -1.54116e-06 1.12577e-20 1.88524e-35)
)
;

boundaryField
{
    left
    {
        type            calculated;
        value           nonuniform List<symmTensor> 
30
(
(7.58101e-06 2.39631e-07 2.94679e-21 -8.36618e-08 5.75468e-22 0)
(7.17604e-06 2.13326e-07 9.10268e-23 -8.99403e-08 2.63324e-23 0)
(6.81189e-06 1.78117e-07 -1.65139e-22 -1.00396e-07 -5.81362e-23 0)
(6.47831e-06 1.30084e-07 0 -1.12051e-07 0 0)
(6.16538e-06 6.99067e-08 1.1249e-21 -1.23725e-07 1.52424e-22 0)
(5.87064e-06 -5.51359e-10 -2.1557e-21 -1.35091e-07 -2.41794e-22 0)
(5.58772e-06 -8.17775e-08 0 -1.46178e-07 0 0)
(5.31436e-06 -1.72217e-07 9.25622e-22 -1.56627e-07 6.46452e-24 0)
(5.04678e-06 -2.71959e-07 1.22257e-22 -1.66803e-07 9.25602e-23 0)
(4.78294e-06 -3.80202e-07 1.80039e-22 -1.76652e-07 1.46301e-22 0)
(4.52051e-06 -4.96964e-07 -2.9651e-22 -1.86431e-07 -2.56107e-22 0)
(4.25793e-06 -6.21837e-07 -1.7452e-21 -1.96353e-07 1.3915e-22 0)
(3.99421e-06 -7.54981e-07 9.44508e-22 -2.07393e-07 -4.42994e-24 0)
(3.72931e-06 -8.96962e-07 0 -2.20813e-07 0 0)
(3.46578e-06 -1.04899e-06 0 -2.40874e-07 0 0)
(3.20907e-06 -1.21499e-06 -5.24591e-23 -2.72135e-07 -7.34562e-23 0)
(2.97976e-06 -1.3967e-06 -5.94514e-22 -3.35375e-07 4.19431e-22 0)
(2.82199e-06 -1.59606e-06 3.77536e-30 -4.43846e-07 -5.62177e-30 0)
(2.95109e-06 -1.76759e-06 -1.89185e-21 -7.0804e-07 2.19388e-21 0)
(3.82762e-06 -1.48335e-06 7.08137e-23 -1.14788e-06 1.57143e-20 -5.64882e-35)
(2.91547e-05 5.12654e-06 8.42854e-21 -8.78307e-06 -5.10525e-19 -2.22471e-33)
(1.95357e-05 2.96402e-06 -1.20847e-21 -3.65157e-06 -1.85665e-21 0)
(1.57465e-05 1.21261e-06 5.08787e-21 -1.67362e-06 2.1711e-21 0)
(1.3476e-05 5.23293e-07 2.65168e-22 -7.57184e-07 3.52468e-22 0)
(1.19386e-05 2.64942e-07 9.06324e-27 -3.75467e-07 8.58361e-27 0)
(1.07827e-05 1.94983e-07 4.85269e-21 -1.93574e-07 8.69336e-22 0)
(9.88675e-06 1.94637e-07 7.62259e-23 -1.12118e-07 2.20105e-23 0)
(9.15739e-06 2.16255e-07 3.71792e-21 -8.02607e-08 7.00813e-22 0)
(8.55436e-06 2.31568e-07 -4.16035e-23 -6.91292e-08 -2.45084e-24 0)
(8.02603e-06 2.48969e-07 -6.26128e-23 -7.40256e-08 -1.27267e-23 0)
)
;
    }
    right
    {
        type            calculated;
        value           nonuniform List<symmTensor> 
30
(
(6.82609e-06 -1.14412e-10 -2.07972e-19 -2.92399e-06 -5.5685e-20 2.56109e-34)
(6.82517e-06 -1.14428e-10 -2.0005e-19 -2.92185e-06 1.8762e-21 -2.20496e-34)
(6.83385e-06 -1.21299e-10 -1.98789e-19 -2.94207e-06 -1.41103e-21 -1.63984e-37)
(6.85625e-06 -1.3722e-10 -2.0705e-19 -2.99426e-06 -9.73521e-21 3.1586e-34)
(6.88975e-06 -1.6141e-10 -1.93207e-19 -3.0723e-06 3.74761e-21 -3.09865e-34)
(6.93213e-06 -1.92553e-10 -1.92537e-19 -3.17102e-06 -1.164e-21 2.2167e-36)
(6.97959e-06 -2.27576e-10 -1.92822e-19 -3.28161e-06 -1.86812e-21 8.95901e-37)
(7.02875e-06 -2.63742e-10 -1.88021e-19 -3.39612e-06 -4.16618e-22 2.34547e-36)
(7.07622e-06 -2.99053e-10 -1.96751e-19 -3.50671e-06 -6.88666e-21 1.7473e-34)
(7.11892e-06 -3.2994e-10 -1.93854e-19 -3.6062e-06 -3.05584e-21 7.30931e-37)
(7.15398e-06 -3.55802e-10 -1.89642e-19 -3.68788e-06 -5.13804e-22 -8.43285e-37)
(7.18006e-06 -3.75996e-10 -1.88875e-19 -3.74864e-06 -1.47501e-35 5.56531e-49)
(7.19774e-06 -3.88083e-10 -1.90138e-19 -3.78982e-06 -8.1359e-22 4.16361e-49)
(7.20734e-06 -3.95293e-10 -1.89871e-19 -3.81219e-06 -8.18394e-22 0)
(7.20733e-06 -3.95449e-10 -1.8486e-19 -3.81218e-06 1.63678e-21 0)
(7.19838e-06 -3.88717e-10 -1.88495e-19 -3.79131e-06 -1.70177e-34 2.77705e-49)
(7.18186e-06 -3.76513e-10 -1.89e-19 -3.75283e-06 -1.67451e-35 5.56899e-49)
(7.15775e-06 -3.57989e-10 -1.88126e-19 -3.69665e-06 7.93591e-22 -4.64763e-64)
(7.12742e-06 -3.3618e-10 -1.92173e-19 -3.62601e-06 -7.78424e-22 4.21218e-49)
(7.09209e-06 -3.10902e-10 -1.91627e-19 -3.54369e-06 -1.72433e-34 2.8232e-49)
(7.0533e-06 -2.81912e-10 -1.92743e-19 -3.45333e-06 -5.10787e-36 0)
(7.01272e-06 -2.51901e-10 -1.93905e-19 -3.3588e-06 -4.96804e-36 0)
(6.97216e-06 -2.22086e-10 -1.95059e-19 -3.26429e-06 -2.41413e-36 0)
(6.93344e-06 -1.93507e-10 -1.96153e-19 -3.17408e-06 1.65227e-34 2.88988e-49)
(6.89847e-06 -1.67732e-10 -1.97132e-19 -3.09261e-06 -4.03946e-36 5.8086e-49)
(6.86893e-06 -1.46166e-10 -1.97955e-19 -3.0238e-06 -1.66389e-34 2.91642e-49)
(6.84656e-06 -1.30107e-10 -1.98563e-19 -2.97169e-06 -3.34077e-34 3.02334e-63)
(6.83203e-06 -1.18942e-10 -1.98962e-19 -2.93783e-06 -4.41782e-36 0)
(6.8263e-06 -1.15691e-10 -1.97473e-19 -2.92447e-06 6.27819e-22 0)
(6.82672e-06 -1.15447e-10 -1.99125e-19 -2.92547e-06 -4.75866e-20 0)
)
;
    }
    down
    {
        type            calculated;
        value           nonuniform List<symmTensor> 
30
(
(-2.6098e-08 9.06341e-10 2.93244e-20 9.25604e-09 4.36596e-20 1.72432e-34)
(3.26445e-08 8.76799e-10 -2.77367e-22 -1.58636e-08 4.04065e-20 1.43725e-36)
(3.20099e-07 7.32261e-10 -3.54994e-21 -1.38782e-07 2.92599e-20 1.78955e-35)
(7.72688e-07 5.05769e-10 -1.97643e-24 -3.32315e-07 3.27601e-20 0)
(1.29376e-06 2.44078e-10 -4.75767e-22 -5.55129e-07 2.66392e-20 -1.41016e-36)
(1.83828e-06 -2.99432e-11 -4.86828e-21 -7.87975e-07 3.12426e-20 2.9093e-35)
(2.37018e-06 -2.96681e-10 1.09633e-21 -1.01542e-06 3.65003e-20 1.37056e-36)
(2.87731e-06 -5.52898e-10 -3.2311e-21 -1.23228e-06 3.25986e-20 2.56787e-35)
(3.34272e-06 -7.50454e-10 2.61535e-21 -1.43137e-06 3.14856e-20 -1.03627e-35)
(3.77414e-06 -6.71885e-10 5.00243e-21 -1.61651e-06 1.48347e-20 -1.47635e-35)
(4.16263e-06 -6.00681e-10 3.88218e-21 -1.78323e-06 4.54802e-21 4.46563e-38)
(4.50115e-06 -5.3888e-10 2.81402e-21 -1.92849e-06 -1.12437e-20 8.62771e-36)
(4.81209e-06 -4.83574e-10 -2.96725e-21 -2.06193e-06 -2.8887e-20 9.61287e-36)
(5.09169e-06 -4.31673e-10 -2.02777e-21 -2.18192e-06 -3.51301e-20 6.03072e-37)
(5.34391e-06 -3.86494e-10 -5.16961e-21 -2.29016e-06 -4.35408e-20 -4.55513e-35)
(5.56991e-06 -3.44692e-10 -8.28385e-22 -2.38714e-06 -5.0084e-20 0)
(5.77251e-06 -3.07632e-10 -8.9401e-22 -2.47409e-06 -5.72954e-20 0)
(5.95308e-06 -2.74799e-10 7.23918e-22 -2.55158e-06 -6.16919e-20 -8.98644e-37)
(6.11377e-06 -2.46124e-10 5.22185e-22 -2.62053e-06 -6.89146e-20 2.56171e-35)
(6.25577e-06 -2.19895e-10 2.53474e-21 -2.68147e-06 -7.04101e-20 -1.78426e-36)
(6.38053e-06 -1.96856e-10 3.53649e-21 -2.73501e-06 -7.73001e-20 8.83252e-35)
(6.48891e-06 -1.7705e-10 -2.39079e-21 -2.78152e-06 -8.34487e-20 -3.10522e-35)
(6.58167e-06 -1.60228e-10 3.68747e-21 -2.82133e-06 -8.44748e-20 9.74111e-35)
(6.6593e-06 -1.46255e-10 -6.34112e-21 -2.85464e-06 -9.54161e-20 2.01998e-36)
(6.72201e-06 -1.33652e-10 -3.70169e-22 -2.88155e-06 -8.9676e-20 -3.5326e-35)
(6.77015e-06 -1.25239e-10 -6.23716e-22 -2.90221e-06 -9.29969e-20 8.52431e-45)
(6.80355e-06 -1.19304e-10 -2.42767e-21 -2.91654e-06 -9.64234e-20 3.89719e-37)
(6.82349e-06 -1.16125e-10 1.46183e-21 -2.9251e-06 -9.27176e-20 -2.81859e-37)
(6.82985e-06 -1.15399e-10 6.01151e-22 -2.92783e-06 -9.79518e-20 1.114e-34)
(6.82762e-06 -1.15356e-10 -1.08465e-19 -2.92688e-06 -1.02976e-19 2.56109e-34)
)
;
    }
    up
    {
        type            calculated;
        value           nonuniform List<symmTensor> 
30
(
(3.23434e-06 -7.31967e-10 1.21956e-22 -1.38495e-06 3.27442e-20 -5.64882e-35)
(2.48318e-06 -3.54142e-10 1.85374e-21 -1.06374e-06 3.34273e-20 5.7803e-35)
(2.22193e-06 -2.23305e-10 -2.82172e-24 -9.52026e-07 3.54999e-20 -5.67268e-35)
(2.14148e-06 -1.82926e-10 1.0888e-21 -9.17624e-07 3.48888e-20 -1.82178e-35)
(2.22995e-06 -2.27197e-10 2.32243e-22 -9.55459e-07 3.40903e-20 1.78719e-35)
(2.40475e-06 -3.14598e-10 -8.61556e-22 -1.0302e-06 3.24197e-20 1.67587e-35)
(2.64484e-06 -4.34991e-10 4.29321e-22 -1.13287e-06 3.27731e-20 -2.41712e-38)
(2.92608e-06 -5.76547e-10 -6.83783e-22 -1.25313e-06 3.1836e-20 1.52718e-35)
(3.22924e-06 -7.2985e-10 1.03569e-21 -1.38277e-06 3.2365e-20 5.74749e-38)
(3.54645e-06 -7.12399e-10 -1.63362e-21 -1.5188e-06 2.20759e-20 1.88524e-35)
(3.85326e-06 -6.5716e-10 -2.10394e-21 -1.65046e-06 8.84944e-21 4.55453e-36)
(4.1388e-06 -6.04905e-10 -8.8851e-22 -1.773e-06 -1.17626e-21 -2.28423e-52)
(4.42136e-06 -5.5413e-10 -9.49169e-22 -1.89426e-06 -1.13691e-20 7.23221e-51)
(4.69275e-06 -5.03892e-10 -8.37698e-36 -2.01072e-06 -1.95272e-20 0)
(4.95327e-06 -4.56485e-10 1.06336e-21 -2.12252e-06 -2.71851e-20 0)
(5.19895e-06 -4.12269e-10 1.1161e-21 -2.22795e-06 -3.59192e-20 -2.77022e-50)
(5.42965e-06 -3.70057e-10 -1.16563e-21 -2.32695e-06 -4.75332e-20 6.75186e-50)
(5.64366e-06 -3.31528e-10 -1.21157e-21 -2.41879e-06 -5.51678e-20 -2.71218e-64)
(5.8409e-06 -2.94205e-10 1.25391e-21 -2.50343e-06 -5.87186e-20 1.33605e-49)
(6.02083e-06 -2.62653e-10 -5.59975e-35 -2.58065e-06 -6.68391e-20 9.84781e-50)
(6.18347e-06 -2.33242e-10 0 -2.65045e-06 -7.26063e-20 0)
(6.32867e-06 -2.0569e-10 7.71852e-35 -2.71275e-06 -7.77461e-20 1.14547e-49)
(6.4563e-06 -1.83741e-10 1.63595e-35 -2.76753e-06 -8.22561e-20 2.42384e-49)
(6.56612e-06 -1.61737e-10 1.15317e-35 -2.81465e-06 -8.613e-20 2.53798e-49)
(6.65757e-06 -1.4643e-10 1.63852e-35 -2.8539e-06 -8.93566e-20 2.63306e-49)
(6.73021e-06 -1.33803e-10 2.1335e-35 -2.88507e-06 -9.1897e-20 2.70791e-49)
(6.78295e-06 -1.24281e-10 -1.45615e-21 -2.90771e-06 -9.54181e-20 1.38143e-49)
(6.81631e-06 -1.17502e-10 -8.13928e-35 -2.92202e-06 -9.48771e-20 0)
(6.82938e-06 -1.15435e-10 0 -2.92763e-06 -9.53927e-20 0)
(6.82848e-06 -1.15458e-10 -9.94615e-20 -2.92724e-06 -9.52661e-20 0)
)
;
    }
    hole
    {
        type            calculated;
        value           nonuniform List<symmTensor> 
20
(
(4.1614e-06 -8.65739e-06 1.31747e-18 2.80171e-06 1.4389e-18 1.96017e-33)
(6.32961e-06 -9.94064e-06 1.23526e-18 1.85812e-06 1.58321e-18 1.06669e-34)
(8.87507e-06 -1.08793e-05 1.13964e-18 5.19764e-07 1.70559e-18 0)
(1.18047e-05 -1.12409e-05 1.03569e-18 -1.31015e-06 1.86146e-18 -5.63221e-35)
(1.49504e-05 -1.1009e-05 9.56114e-19 -3.66501e-06 2.08076e-18 -1.21149e-33)
(1.77933e-05 -1.04652e-05 7.00335e-19 -5.76399e-06 1.92874e-18 -1.251e-33)
(2.04883e-05 -8.93116e-06 4.08611e-19 -7.57494e-06 1.3865e-18 -2.19624e-33)
(2.31428e-05 -6.67499e-06 1.52587e-19 -9.16874e-06 6.38451e-19 -5.08422e-35)
(2.54248e-05 -3.84657e-06 -2.58991e-20 -1.12046e-05 -3.25009e-19 -3.81618e-34)
(2.74992e-05 -1.22529e-06 -3.191e-20 -1.27668e-05 -1.02514e-18 -2.22471e-33)
(5.87268e-09 1.26572e-09 6.78685e-20 -9.96017e-09 3.02435e-20 1.72432e-34)
(5.5499e-09 1.93995e-09 7.02935e-20 -9.36091e-09 1.25997e-20 4.90649e-35)
(-8.828e-08 -6.5847e-08 7.68375e-20 2.27792e-07 1.51697e-20 -2.2008e-36)
(-2.61898e-07 -3.0604e-07 1.18797e-19 7.31988e-07 2.93179e-20 -4.98444e-35)
(-4.37747e-07 -7.98763e-07 1.66002e-19 1.42314e-06 7.03279e-20 1.72972e-34)
(-5.14692e-07 -1.59618e-06 3.04311e-19 2.19582e-06 1.34781e-19 -3.2544e-34)
(-3.74213e-07 -2.69742e-06 5.27489e-19 2.90788e-06 2.88634e-19 -3.96469e-34)
(9.44909e-08 -4.05991e-06 8.03461e-19 3.42545e-06 5.19128e-19 -8.63024e-34)
(9.81264e-07 -5.59079e-06 1.05956e-18 3.62519e-06 8.35983e-19 1.22826e-33)
(2.34294e-06 -7.17586e-06 1.28498e-18 3.42515e-06 1.18917e-18 1.84673e-34)
)
;
    }
    frontAndBack
    {
        type            empty;
    }
}


// ************************************************************************* //
