/*--------------------------------*- C++ -*----------------------------------*\
  =========                 |
  \\      /  F ield         | OpenFOAM: The Open Source CFD Toolbox
   \\    /   O peration     | Website:  https://openfoam.org
    \\  /    A nd           | Version:  9
     \\/     M anipulation  |
\*---------------------------------------------------------------------------*/
FoamFile
{
    format      ascii;
    class       volSymmTensorField;
    location    "15";
    object      epsilon;
}
// * * * * * * * * * * * * * * * * * * * * * * * * * * * * * * * * * * * * * //

dimensions      [0 0 0 0 0 0 0];

internalField   nonuniform List<symmTensor> 
1000
(
(6.30196e-06 -8.20486e-06 -7.61581e-21 1.28067e-06 5.46699e-21 2.31715e-36)
(8.70622e-06 -6.32923e-06 -1.30406e-20 -1.55751e-06 7.30356e-21 0)
(9.88619e-06 -4.84767e-06 1.52017e-20 -2.91609e-06 -2.91517e-21 0)
(1.05454e-05 -3.73022e-06 3.90509e-21 -3.86583e-06 -2.78923e-21 0)
(1.08635e-05 -2.83167e-06 -1.65034e-20 -4.39366e-06 1.21087e-21 0)
(1.09702e-05 -2.12899e-06 -1.7865e-21 -4.73027e-06 1.95887e-21 0)
(1.09575e-05 -1.5584e-06 -1.49865e-20 -4.91274e-06 -8.04469e-21 0)
(1.08581e-05 -1.10434e-06 1.02858e-20 -5.00558e-06 4.80848e-21 0)
(1.07282e-05 -7.27734e-07 -5.30315e-21 -5.03926e-06 -6.03474e-21 0)
(1.0541e-05 -4.12907e-07 0 -5.04442e-06 0 0)
(8.53428e-06 -9.12433e-06 -1.2468e-20 3.60146e-07 4.61948e-22 7.75411e-37)
(1.04004e-05 -6.53294e-06 0 -2.1659e-06 0 0)
(1.12014e-05 -4.66093e-06 1.2162e-20 -3.28601e-06 5.79537e-21 0)
(1.15705e-05 -3.3162e-06 -2.08682e-20 -4.07694e-06 -1.11309e-20 0)
(1.16628e-05 -2.29113e-06 -8.86935e-21 -4.47779e-06 -5.34896e-21 0)
(1.15909e-05 -1.5242e-06 6.17216e-21 -4.72552e-06 6.29601e-21 0)
(1.14335e-05 -9.25892e-07 6.91211e-21 -4.83755e-06 4.63298e-21 0)
(1.12208e-05 -4.70618e-07 1.62514e-20 -4.88739e-06 9.4866e-21 0)
(1.09818e-05 -1.02492e-07 0 -4.87143e-06 0 0)
(1.07294e-05 1.93453e-07 0 -4.8792e-06 0 0)
(1.10368e-05 -9.70592e-06 0 -8.59819e-07 0 0)
(1.21551e-05 -6.52486e-06 0 -2.8533e-06 0 0)
(1.24635e-05 -4.33773e-06 1.15918e-20 -3.61537e-06 5.98988e-21 0)
(1.24736e-05 -2.81504e-06 -3.48087e-21 -4.17626e-06 1.23104e-21 0)
(1.22992e-05 -1.70054e-06 -1.70433e-22 -4.40775e-06 7.59841e-23 0)
(1.20246e-05 -8.97313e-07 -5.75477e-21 -4.5414e-06 -5.95664e-21 0)
(1.17097e-05 -2.94456e-07 7.8589e-21 -4.56798e-06 3.63441e-21 0)
(1.13749e-05 1.46262e-07 -5.83466e-21 -4.56387e-06 -4.30939e-21 0)
(1.10355e-05 4.88191e-07 -4.70461e-22 -4.50165e-06 8.12291e-22 0)
(1.07085e-05 7.67057e-07 -1.23193e-21 -4.49583e-06 -5.30571e-22 0)
(1.37158e-05 -9.86617e-06 -6.74779e-21 -2.31031e-06 9.64924e-23 -1.77624e-37)
(1.39266e-05 -6.27919e-06 6.64794e-21 -3.59379e-06 -6.87481e-22 0)
(1.36523e-05 -3.88327e-06 -5.29775e-21 -3.898e-06 -2.98976e-21 0)
(1.32466e-05 -2.25117e-06 -3.35946e-21 -4.1684e-06 6.51921e-22 0)
(1.27724e-05 -1.09613e-06 6.00857e-21 -4.1962e-06 5.8097e-21 0)
(1.22781e-05 -2.90907e-07 -7.23391e-21 -4.19855e-06 -4.78386e-21 0)
(1.17991e-05 2.90859e-07 -6.24961e-21 -4.13404e-06 -4.44763e-21 0)
(1.1344e-05 7.00713e-07 -1.39288e-20 -4.07516e-06 -1.01906e-20 0)
(1.09108e-05 1.00251e-06 -1.99706e-21 -3.97508e-06 -2.43852e-21 0)
(1.05192e-05 1.24875e-06 3.41179e-21 -3.95159e-06 3.01746e-21 0)
(1.64388e-05 -9.53144e-06 -3.45915e-21 -3.89734e-06 -5.83582e-22 -2.08841e-36)
(1.56575e-05 -5.76274e-06 3.47671e-25 -4.35336e-06 1.65143e-26 0)
(1.47384e-05 -3.29089e-06 -1.7152e-20 -4.12226e-06 -8.40379e-21 0)
(1.38762e-05 -1.63705e-06 1.55989e-21 -4.05441e-06 -5.922e-23 0)
(1.30793e-05 -5.04954e-07 -2.1856e-21 -3.85227e-06 2.31288e-22 0)
(1.23568e-05 2.57533e-07 5.20852e-21 -3.7121e-06 4.81174e-21 0)
(1.17149e-05 7.85872e-07 -5.84014e-22 -3.55571e-06 1.72656e-22 0)
(1.11454e-05 1.14272e-06 5.4973e-21 -3.44515e-06 3.67365e-21 0)
(1.06312e-05 1.38838e-06 -1.18955e-21 -3.3182e-06 -2.54497e-21 0)
(1.0184e-05 1.58875e-06 -2.17436e-21 -3.28091e-06 -1.75604e-21 0)
(1.91136e-05 -8.68235e-06 -1.14323e-20 -5.51578e-06 -1.62045e-22 -4.98419e-36)
(1.73062e-05 -4.95348e-06 3.17066e-25 -5.08191e-06 6.68907e-26 0)
(1.57035e-05 -2.55227e-06 -1.71442e-25 -4.26102e-06 -2.65301e-26 0)
(1.43576e-05 -9.84501e-07 1.37855e-21 -3.8268e-06 1.6909e-22 0)
(1.3227e-05 4.7214e-08 -7.42199e-21 -3.38418e-06 -4.51267e-21 0)
(1.22784e-05 7.13644e-07 8.46633e-23 -3.10411e-06 -7.64237e-25 0)
(1.14832e-05 1.15324e-06 5.52404e-21 -2.86527e-06 3.74042e-21 0)
(1.08119e-05 1.43459e-06 1.1746e-20 -2.71334e-06 8.58936e-21 0)
(1.02316e-05 1.61096e-06 2.12777e-21 -2.57286e-06 1.56104e-21 0)
(9.74048e-06 1.75487e-06 -3.71528e-21 -2.52809e-06 -2.92535e-21 0)
(2.15626e-05 -7.26589e-06 1.75572e-20 -7.03708e-06 9.89058e-22 1.75061e-35)
(1.87771e-05 -3.79135e-06 4.97409e-21 -5.70288e-06 1.99378e-21 0)
(1.64646e-05 -1.64523e-06 5.25067e-21 -4.25305e-06 2.38468e-21 0)
(1.4635e-05 -3.0044e-07 -1.13321e-21 -3.4534e-06 -3.37971e-22 0)
(1.31891e-05 5.34846e-07 5.36525e-21 -2.79007e-06 3.58926e-21 0)
(1.20418e-05 1.04291e-06 -4.93784e-21 -2.39649e-06 -3.40074e-21 0)
(1.11221e-05 1.35694e-06 1.40587e-21 -2.10164e-06 8.65665e-23 0)
(1.03742e-05 1.54223e-06 -4.4092e-21 -1.92927e-06 -2.889e-21 0)
(9.75002e-06 1.64125e-06 -3.05266e-22 -1.79353e-06 3.8094e-23 0)
(9.22983e-06 1.72335e-06 -2.23436e-21 -1.75097e-06 -1.45793e-21 0)
(2.38558e-05 -5.27766e-06 2.60528e-20 -8.34968e-06 1.44569e-21 1.02784e-36)
(2.00169e-05 -2.21785e-06 -1.32449e-20 -6.0636e-06 -4.76601e-21 0)
(1.69672e-05 -5.57702e-07 1.02659e-22 -3.97442e-06 5.63639e-23 0)
(1.46927e-05 3.7532e-07 1.6572e-21 -2.87615e-06 8.39867e-22 0)
(1.29834e-05 9.04929e-07 1.22691e-20 -2.06486e-06 6.1004e-21 0)
(1.16918e-05 1.19666e-06 -7.25949e-22 -1.62093e-06 -2.27501e-22 0)
(1.06929e-05 1.36122e-06 1.80743e-26 -1.3193e-06 3.60414e-27 0)
(9.90325e-06 1.44423e-06 -4.31454e-21 -1.15947e-06 -2.27511e-21 0)
(9.26119e-06 1.4716e-06 1.04822e-22 -1.05062e-06 4.60433e-24 0)
(8.7288e-06 1.49772e-06 3.23004e-22 -1.0215e-06 1.58989e-22 0)
(2.56283e-05 -2.46738e-06 1.23348e-20 -9.12196e-06 -1.02996e-22 -3.12936e-36)
(2.06235e-05 -2.24044e-07 -1.45946e-20 -5.76538e-06 -6.12482e-21 0)
(1.68742e-05 5.66759e-07 1.52527e-21 -3.1642e-06 1.29991e-21 0)
(1.4318e-05 8.62975e-07 1.43368e-21 -1.97815e-06 1.13285e-21 0)
(1.25196e-05 1.0113e-06 -5.99811e-22 -1.207e-06 -3.66206e-22 0)
(1.12089e-05 1.0629e-06 4.77913e-21 -8.33837e-07 1.73588e-21 0)
(1.02176e-05 1.08826e-06 2.61438e-22 -6.02658e-07 8.04879e-23 0)
(9.43964e-06 1.08859e-06 7.70867e-21 -4.96977e-07 2.94839e-21 0)
(8.81145e-06 1.07014e-06 1.70189e-21 -4.35295e-07 6.57731e-22 0)
(8.28381e-06 1.0607e-06 9.53552e-22 -4.27406e-07 3.81966e-22 0)
(2.72173e-05 2.2051e-06 7.5601e-21 -8.41719e-06 9.79501e-22 -5.52106e-36)
(2.0106e-05 2.4652e-06 -1.12014e-21 -3.78937e-06 -1.93633e-21 0)
(1.61689e-05 1.62718e-06 5.06821e-21 -1.58503e-06 2.15032e-21 0)
(1.37147e-05 1.05591e-06 2.60989e-22 -7.81201e-07 3.65747e-22 0)
(1.20641e-05 8.32803e-07 8.91775e-27 -3.67365e-07 8.29565e-27 0)
(1.0848e-05 7.09564e-07 4.84705e-21 -2.01087e-07 8.69698e-22 0)
(9.92396e-06 6.65356e-07 7.52875e-23 -1.12979e-07 2.22374e-23 0)
(9.18228e-06 6.3994e-07 3.71441e-21 -8.32789e-08 7.02697e-22 0)
(8.57575e-06 6.19926e-07 -4.11573e-23 -7.03574e-08 -3.0498e-24 0)
(8.0516e-06 6.06272e-07 -6.2432e-23 -7.54679e-08 -1.31229e-23 0)
(-2.94145e-08 1.89135e-08 -5.05669e-21 -5.53382e-09 5.53019e-21 -2.13143e-37)
(2.73907e-08 -6.85992e-08 -2.77679e-22 -8.25101e-09 3.68912e-21 -3.22089e-37)
(3.12727e-07 -2.15379e-07 -3.54428e-21 -1.46841e-07 -1.8611e-21 2.02446e-36)
(7.63988e-07 -3.33035e-07 0 -3.53632e-07 0 0)
(1.2846e-06 -4.05864e-07 -4.69247e-22 -5.838e-07 -2.8748e-21 -2.50895e-37)
(1.82921e-06 -4.47271e-07 -4.86172e-21 -8.20605e-07 -3.58932e-22 6.55127e-37)
(2.36162e-06 -4.63644e-07 1.09403e-21 -1.04938e-06 2.49721e-21 -2.1793e-37)
(2.86931e-06 -4.64951e-07 -3.22583e-21 -1.26545e-06 7.90685e-22 -1.31283e-36)
(3.33528e-06 -4.52822e-07 2.61259e-21 -1.46433e-06 1.32957e-21 9.58706e-37)
(3.76703e-06 -4.43223e-07 4.91644e-21 -1.64347e-06 6.12827e-22 1.33463e-36)
(5.23353e-08 -7.33543e-08 -5.223e-21 -2.58963e-08 3.65953e-21 5.77383e-36)
(3.34794e-07 -3.98644e-07 3.92473e-21 -2.11786e-09 4.30706e-21 0)
(8.51877e-07 -7.58216e-07 -3.67309e-21 -2.1798e-07 -3.69123e-21 0)
(1.42794e-06 -1.03326e-06 3.71872e-23 -5.09052e-07 -3.05684e-21 0)
(2.00612e-06 -1.20304e-06 0 -7.99681e-07 0 0)
(2.55484e-06 -1.29814e-06 -5.57579e-21 -1.07345e-06 -8.26985e-22 0)
(3.06061e-06 -1.33283e-06 9.36705e-22 -1.31996e-06 4.79879e-21 0)
(3.52531e-06 -1.33068e-06 6.99993e-23 -1.54042e-06 2.58149e-22 0)
(3.93509e-06 -1.29441e-06 -2.99913e-21 -1.73426e-06 -8.72411e-21 0)
(4.31539e-06 -1.26495e-06 2.20224e-21 -1.89909e-06 3.42069e-22 0)
(8.31396e-08 -3.61251e-07 -2.50121e-21 1.03612e-07 -6.11765e-22 -1.35583e-37)
(6.24518e-07 -9.96082e-07 4.01327e-21 3.64434e-08 4.25455e-21 0)
(1.35533e-06 -1.44224e-06 4.20007e-21 -2.99411e-07 8.79039e-22 0)
(2.07393e-06 -1.74126e-06 2.17648e-22 -7.1575e-07 -2.94803e-21 0)
(2.73542e-06 -1.90673e-06 0 -1.1003e-06 0 0)
(3.31768e-06 -1.98458e-06 -6.24003e-21 -1.43759e-06 -1.6283e-21 0)
(3.82355e-06 -1.99461e-06 -8.51157e-21 -1.72115e-06 -2.38297e-21 0)
(4.26817e-06 -1.96299e-06 5.62956e-21 -1.95988e-06 3.44189e-21 0)
(4.63831e-06 -1.89412e-06 3.41077e-23 -2.15483e-06 1.09889e-22 0)
(4.98313e-06 -1.83554e-06 -5.06327e-21 -2.31335e-06 -3.20059e-21 0)
(1.29024e-07 -8.13731e-07 6.53323e-21 4.13295e-07 -2.34127e-21 5.07365e-36)
(1.02174e-06 -1.71325e-06 9.91589e-22 7.67972e-08 -3.57422e-21 0)
(1.95125e-06 -2.18288e-06 4.61563e-21 -4.09295e-07 9.0148e-22 0)
(2.79932e-06 -2.44602e-06 0 -9.48992e-07 0 0)
(3.53406e-06 -2.55567e-06 -7.8704e-21 -1.41979e-06 2.93044e-21 0)
(4.14868e-06 -2.57621e-06 8.9312e-23 -1.81799e-06 7.25206e-21 0)
(4.65728e-06 -2.53282e-06 -3.88496e-22 -2.13978e-06 -3.89538e-21 0)
(5.08666e-06 -2.4517e-06 -1.12254e-21 -2.40055e-06 -6.01226e-21 0)
(5.42222e-06 -2.33921e-06 2.56964e-21 -2.60237e-06 8.33787e-22 0)
(5.7374e-06 -2.2434e-06 4.79624e-21 -2.76089e-06 1.79897e-21 0)
(2.49427e-07 -1.45361e-06 -8.82345e-21 8.44531e-07 5.82948e-21 1.12576e-35)
(1.58172e-06 -2.49429e-06 -8.10665e-21 6.8452e-08 5.432e-21 0)
(2.71062e-06 -2.9169e-06 -4.91429e-21 -6.2127e-07 -1.44491e-21 0)
(3.6688e-06 -3.09235e-06 -1.33007e-21 -1.29463e-06 5.31684e-21 0)
(4.45215e-06 -3.10461e-06 -5.22759e-23 -1.84356e-06 3.27924e-22 0)
(5.07883e-06 -3.03622e-06 7.58153e-21 -2.29059e-06 -2.03332e-21 0)
(5.575e-06 -2.91655e-06 3.30143e-21 -2.63872e-06 8.66331e-22 0)
(5.97793e-06 -2.76962e-06 0 -2.91131e-06 0 0)
(6.27216e-06 -2.60478e-06 -3.52314e-21 -3.11197e-06 -4.63503e-21 0)
(6.55243e-06 -2.46399e-06 1.40593e-21 -3.26434e-06 3.41328e-22 0)
(5.13522e-07 -2.29523e-06 -6.64727e-21 1.33014e-06 -8.57764e-21 -1.77913e-35)
(2.32365e-06 -3.28659e-06 3.31117e-21 9.43061e-09 -6.44434e-21 0)
(3.64122e-06 -3.57747e-06 -4.05679e-21 -9.12409e-07 -4.37685e-21 0)
(4.68182e-06 -3.62024e-06 8.94151e-22 -1.71657e-06 -2.47557e-21 0)
(5.48343e-06 -3.50886e-06 8.58649e-21 -2.32784e-06 2.87179e-21 0)
(6.09556e-06 -3.33567e-06 -8.28611e-21 -2.80627e-06 9.21997e-22 0)
(6.55834e-06 -3.13007e-06 -9.55854e-24 -3.16539e-06 2.19748e-22 0)
(6.91802e-06 -2.91164e-06 -6.45123e-21 -3.43695e-06 -4.44252e-21 0)
(7.16028e-06 -2.69289e-06 1.3528e-23 -3.6282e-06 8.62228e-23 0)
(7.39553e-06 -2.50491e-06 -7.04482e-21 -3.76703e-06 -3.22002e-21 0)
(9.98738e-07 -3.32953e-06 3.12963e-21 1.76709e-06 -5.0253e-21 3.58961e-37)
(3.25392e-06 -4.05838e-06 1.83281e-22 -1.20926e-07 -2.77204e-22 0)
(4.72589e-06 -4.12502e-06 -1.34293e-25 -1.27466e-06 2.2884e-25 0)
(5.81172e-06 -3.9903e-06 -8.76976e-21 -2.19761e-06 -6.14447e-21 0)
(6.59774e-06 -3.73464e-06 -1.49211e-21 -2.85295e-06 3.98038e-21 0)
(7.1661e-06 -3.44825e-06 -8.03788e-21 -3.34445e-06 -3.27001e-21 0)
(7.57257e-06 -3.15444e-06 1.44487e-20 -3.698e-06 6.43957e-21 0)
(7.87005e-06 -2.86577e-06 -1.88699e-24 -3.95491e-06 1.72553e-22 0)
(8.04878e-06 -2.59678e-06 2.84414e-21 -4.12687e-06 -1.14081e-23 0)
(8.22633e-06 -2.36335e-06 -3.85337e-21 -4.24432e-06 -1.83468e-21 0)
(1.77689e-06 -4.51812e-06 1.77341e-20 2.05828e-06 -5.88912e-21 2.12021e-35)
(4.36948e-06 -4.77941e-06 4.72046e-21 -3.31677e-07 -5.6316e-21 0)
(5.9303e-06 -4.53342e-06 -1.82189e-21 -1.67701e-06 2.42348e-21 0)
(7.01128e-06 -4.18141e-06 1.11411e-21 -2.68903e-06 -1.73304e-21 0)
(7.74423e-06 -3.76747e-06 9.93573e-26 -3.36401e-06 -1.94611e-25 0)
(8.23954e-06 -3.36652e-06 9.3302e-21 -3.84898e-06 7.89711e-22 0)
(8.56845e-06 -2.98911e-06 7.01831e-22 -4.18224e-06 -3.03557e-21 0)
(8.78645e-06 -2.63817e-06 -2.35205e-22 -4.41201e-06 2.49785e-21 0)
(8.89343e-06 -2.3277e-06 3.22177e-23 -4.55997e-06 1.24721e-21 0)
(9.00048e-06 -2.05498e-06 2.94453e-21 -4.64777e-06 2.7508e-21 0)
(2.90483e-06 -5.79141e-06 7.91563e-21 2.11269e-06 6.95472e-21 -1.94435e-35)
(5.66228e-06 -5.41974e-06 -1.52925e-21 -6.37636e-07 1.0325e-20 0)
(7.21725e-06 -4.79061e-06 -1.76077e-25 -2.09843e-06 1.84328e-25 0)
(8.23105e-06 -4.19146e-06 1.20715e-20 -3.1534e-06 2.83279e-21 0)
(8.8698e-06 -3.61184e-06 9.21801e-21 -3.81706e-06 4.60071e-21 0)
(9.26281e-06 -3.10061e-06 8.3163e-21 -4.27488e-06 4.15203e-21 0)
(9.49407e-06 -2.64818e-06 -9.10135e-22 -4.572e-06 2.60896e-21 0)
(9.61685e-06 -2.24803e-06 -1.00138e-20 -4.76612e-06 -5.59471e-21 0)
(9.64615e-06 -1.90674e-06 6.14893e-21 -4.88285e-06 1.45728e-21 0)
(9.67452e-06 -1.60251e-06 2.75754e-21 -4.94864e-06 1.63857e-21 0)
(4.41356e-06 -7.0569e-06 -7.47029e-22 1.86539e-06 6.6009e-22 2.11857e-38)
(7.11563e-06 -5.94779e-06 -3.06043e-21 -1.04535e-06 2.25678e-21 0)
(8.54701e-06 -4.89446e-06 -5.92683e-21 -2.5162e-06 -2.76238e-21 0)
(9.42105e-06 -4.03364e-06 2.56784e-20 -3.55307e-06 6.01373e-21 0)
(9.92065e-06 -3.28936e-06 1.57267e-22 -4.16861e-06 -1.78572e-22 0)
(1.0182e-05 -2.67585e-06 -8.17831e-21 -4.57595e-06 -4.64255e-21 0)
(1.02968e-05 -2.16004e-06 -8.7639e-21 -4.82325e-06 -1.38108e-21 0)
(1.03107e-05 -1.72522e-06 -3.30182e-21 -4.96779e-06 -1.97459e-21 0)
(1.02653e-05 -1.37213e-06 3.66891e-22 -5.0607e-06 -2.73217e-21 0)
(1.01903e-05 -1.06717e-06 1.65116e-21 -5.0688e-06 3.45447e-21 0)
(4.1556e-06 -4.11245e-07 3.80474e-21 -1.8099e-06 2.32913e-21 1.51317e-36)
(4.49447e-06 -3.67057e-07 3.03541e-21 -1.94877e-06 4.42444e-22 6.32448e-37)
(4.80565e-06 -3.28552e-07 -2.4076e-21 -2.07754e-06 -2.84643e-21 -2.37429e-36)
(5.08552e-06 -2.93604e-07 -1.38029e-21 -2.19407e-06 -1.01676e-21 -3.72322e-38)
(5.33801e-06 -2.61225e-07 -4.40019e-21 -2.29894e-06 -7.43826e-22 1.61827e-36)
(5.5643e-06 -2.32208e-07 0 -2.39345e-06 0 0)
(5.76717e-06 -2.05623e-07 0 -2.47806e-06 0 0)
(5.94804e-06 -1.81629e-07 1.62676e-21 -2.55375e-06 1.01462e-21 -2.87033e-38)
(6.109e-06 -1.59643e-07 1.46318e-21 -2.62114e-06 2.73307e-22 2.02155e-37)
(6.25131e-06 -1.39495e-07 3.42883e-21 -2.68087e-06 2.05413e-21 -9.8597e-38)
(6.37635e-06 -1.20757e-07 4.43561e-21 -2.73345e-06 8.45684e-22 1.89546e-36)
(6.48502e-06 -1.03152e-07 -1.48906e-21 -2.77927e-06 -2.85216e-22 2.14167e-37)
(6.57807e-06 -8.63382e-08 4.50303e-21 -2.81864e-06 8.63678e-22 1.95549e-36)
(6.65599e-06 -7.00623e-08 -5.50265e-21 -2.85178e-06 -3.20116e-21 -1.45556e-37)
(6.71897e-06 -5.41184e-08 3.26127e-22 -2.87876e-06 7.87502e-22 -6.10596e-37)
(6.76736e-06 -3.84824e-08 -3.24513e-29 -2.89971e-06 -1.89319e-29 -3.47528e-54)
(6.80099e-06 -2.33775e-08 -1.88079e-21 -2.91455e-06 -1.10177e-21 -9.12588e-39)
(6.82109e-06 -9.66004e-09 1.88864e-21 -2.9235e-06 1.11161e-21 -6.6072e-39)
(6.82758e-06 8.56895e-10 9.40396e-22 -2.92624e-06 -1.36818e-21 -3.20505e-36)
(6.82539e-06 3.37296e-09 -4.41983e-21 -2.92227e-06 -3.92351e-21 -8.55886e-36)
(4.62817e-06 -1.17802e-06 5.38412e-21 -2.04738e-06 6.62e-21 0)
(4.87944e-06 -1.06057e-06 3.49243e-21 -2.15354e-06 9.56792e-22 0)
(5.11944e-06 -9.56927e-07 2.62955e-22 -2.25117e-06 -1.51224e-21 0)
(5.33489e-06 -8.60252e-07 7.93062e-21 -2.34075e-06 7.14727e-21 0)
(5.53322e-06 -7.69715e-07 -1.5244e-21 -2.42077e-06 -3.60093e-22 0)
(5.71234e-06 -6.87823e-07 -6.46704e-21 -2.49417e-06 -6.55167e-21 0)
(5.87544e-06 -6.12087e-07 3.2983e-21 -2.56009e-06 1.2201e-21 0)
(6.02233e-06 -5.43255e-07 0 -2.62e-06 0 0)
(6.15489e-06 -4.79779e-07 1.57166e-21 -2.6739e-06 5.56531e-22 0)
(6.27354e-06 -4.21353e-07 3.23131e-21 -2.72248e-06 1.24507e-21 0)
(6.37942e-06 -3.66894e-07 9.69141e-21 -2.76598e-06 5.00516e-21 0)
(6.47305e-06 -3.1575e-07 4.3739e-23 -2.80474e-06 4.9981e-23 0)
(6.55512e-06 -2.67088e-07 1.25774e-21 -2.83892e-06 -9.76309e-22 0)
(6.62606e-06 -2.20316e-07 1.84997e-21 -2.86863e-06 2.11526e-21 0)
(6.68616e-06 -1.74975e-07 1.89795e-21 -2.89378e-06 2.17574e-21 0)
(6.73577e-06 -1.31043e-07 -1.88021e-21 -2.91413e-06 -2.16637e-21 0)
(6.77459e-06 -8.90423e-08 -1.89091e-21 -2.92897e-06 -2.19101e-21 0)
(6.80305e-06 -5.07944e-08 -3.79753e-21 -2.93709e-06 -4.42605e-21 0)
(6.81895e-06 -1.90822e-08 -2.87343e-23 -2.93571e-06 -3.14385e-23 0)
(6.82293e-06 -2.1368e-09 -4.78986e-22 -2.92025e-06 2.75435e-21 1.06222e-36)
(5.22401e-06 -1.70527e-06 1.4733e-21 -2.43541e-06 2.01549e-21 0)
(5.38239e-06 -1.54513e-06 2.01078e-21 -2.49863e-06 7.17273e-22 0)
(5.54587e-06 -1.40128e-06 -4.67074e-21 -2.55156e-06 -5.88124e-21 0)
(5.68942e-06 -1.2677e-06 -4.19157e-22 -2.60167e-06 1.07339e-21 0)
(5.82683e-06 -1.14057e-06 8.52227e-21 -2.64456e-06 7.0924e-21 0)
(5.95151e-06 -1.02502e-06 -6.76973e-21 -2.68551e-06 -6.46053e-21 0)
(6.06824e-06 -9.17026e-07 -1.8022e-21 -2.72247e-06 -2.08632e-21 0)
(6.1748e-06 -8.1828e-07 3.44459e-21 -2.75732e-06 3.91605e-21 0)
(6.27324e-06 -7.26654e-07 1.54183e-23 -2.78962e-06 -2.54125e-21 0)
(6.36297e-06 -6.42026e-07 -3.64508e-21 -2.81998e-06 -4.09663e-21 0)
(6.44496e-06 -5.63057e-07 3.49293e-21 -2.84837e-06 3.91145e-21 0)
(6.51923e-06 -4.89032e-07 5.39755e-21 -2.87497e-06 6.04758e-21 0)
(6.58626e-06 -4.1895e-07 4.13005e-23 -2.89973e-06 4.5495e-23 0)
(6.64625e-06 -3.52094e-07 -1.84823e-21 -2.92251e-06 -2.08277e-21 0)
(6.69924e-06 -2.87841e-07 1.82968e-21 -2.94287e-06 2.07434e-21 0)
(6.74528e-06 -2.25951e-07 2.69723e-28 -2.96e-06 3.00231e-28 0)
(6.7834e-06 -1.66572e-07 -1.88519e-21 -2.97225e-06 -2.16428e-21 0)
(6.81312e-06 -1.10637e-07 2.55777e-22 -2.97694e-06 1.56285e-21 0)
(6.82961e-06 -5.98634e-08 -6.19676e-21 -2.96855e-06 -7.99576e-22 0)
(6.83249e-06 -1.6489e-08 1.75959e-24 -2.94071e-06 3.60025e-24 -2.90687e-42)
(5.90753e-06 -2.07661e-06 0 -2.85917e-06 0 0)
(5.96959e-06 -1.89311e-06 2.14979e-21 -2.88285e-06 7.83058e-22 0)
(6.05543e-06 -1.72377e-06 1.68247e-21 -2.89342e-06 1.92251e-21 0)
(6.12388e-06 -1.5692e-06 1.8466e-21 -2.90653e-06 2.1374e-21 0)
(6.1972e-06 -1.419e-06 0 -2.91305e-06 0 0)
(6.26324e-06 -1.28243e-06 2.49739e-22 -2.92163e-06 -1.07834e-21 0)
(6.32952e-06 -1.15323e-06 -5.52694e-21 -2.92897e-06 -3.3928e-21 0)
(6.39136e-06 -1.03452e-06 -3.52727e-21 -2.9376e-06 -3.83126e-21 0)
(6.45143e-06 -9.23625e-07 -1.98292e-21 -2.9468e-06 -9.15111e-22 0)
(6.50801e-06 -8.20807e-07 -1.11288e-23 -2.95712e-06 2.44895e-21 0)
(6.56199e-06 -7.24623e-07 -1.74401e-21 -2.96839e-06 5.37215e-22 0)
(6.61281e-06 -6.34422e-07 3.64866e-21 -2.98061e-06 1.56496e-21 0)
(6.66067e-06 -5.49143e-07 3.4635e-21 -2.99355e-06 1.73427e-22 0)
(6.70538e-06 -4.67984e-07 8.4602e-23 -3.00681e-06 1.3095e-21 0)
(6.7466e-06 -3.90158e-07 1.49788e-22 -3.01965e-06 1.38832e-21 0)
(6.78399e-06 -3.15066e-07 -1.86386e-21 -3.03084e-06 -2.09618e-21 0)
(6.81591e-06 -2.42314e-07 -3.98081e-28 -3.03821e-06 -4.47963e-28 0)
(6.84146e-06 -1.71434e-07 3.97517e-21 -3.03857e-06 5.82758e-21 0)
(6.85454e-06 -1.02999e-07 -2.02498e-22 -3.02574e-06 -1.53234e-21 0)
(6.85534e-06 -3.20513e-08 -4.45877e-21 -2.9932e-06 -7.77046e-21 -1.42396e-35)
(6.64885e-06 -2.26876e-06 1.63292e-22 -3.33229e-06 2.68473e-21 0)
(6.611e-06 -2.08442e-06 -2.33595e-21 -3.31549e-06 -1.02058e-21 0)
(6.61877e-06 -1.9047e-06 -5.87406e-21 -3.2802e-06 -4.78548e-21 0)
(6.61016e-06 -1.74618e-06 3.86736e-21 -3.2548e-06 2.63167e-21 0)
(6.61831e-06 -1.58733e-06 1.00641e-20 -3.22274e-06 6.60842e-21 0)
(6.6235e-06 -1.44344e-06 -1.84874e-21 -3.1965e-06 -1.93172e-21 0)
(6.63714e-06 -1.30529e-06 0 -3.17163e-06 0 0)
(6.65158e-06 -1.17763e-06 1.80045e-21 -3.15118e-06 1.87289e-21 0)
(6.67046e-06 -1.05741e-06 -5.79417e-21 -3.1344e-06 -2.47569e-21 0)
(6.69088e-06 -9.4534e-07 -3.75888e-21 -3.1218e-06 -2.76933e-21 0)
(6.7137e-06 -8.40072e-07 2.10063e-22 -3.11318e-06 -2.13604e-21 0)
(6.73779e-06 -7.41095e-07 -1.89458e-21 -3.10838e-06 -3.20101e-21 0)
(6.76309e-06 -6.47402e-07 -1.92029e-22 -3.10704e-06 3.36095e-21 0)
(6.78901e-06 -5.58119e-07 3.70331e-21 -3.1086e-06 5.21677e-21 0)
(6.8149e-06 -4.72292e-07 1.80279e-21 -3.1121e-06 7.68641e-22 0)
(6.84006e-06 -3.88851e-07 -6.82542e-23 -3.11615e-06 -1.30048e-21 0)
(6.86251e-06 -3.06823e-07 3.49456e-21 -3.11836e-06 1.43768e-21 0)
(6.88115e-06 -2.24191e-07 1.71876e-21 -3.11558e-06 6.90058e-22 0)
(6.8898e-06 -1.40808e-07 7.05514e-21 -3.10198e-06 5.57071e-21 0)
(6.88904e-06 -4.57198e-08 1.95814e-21 -3.07161e-06 5.9068e-21 -6.167e-36)
(7.41574e-06 -2.29131e-06 1.37696e-21 -3.80199e-06 1.89176e-21 0)
(7.27706e-06 -2.12989e-06 3.31602e-23 -3.75069e-06 7.26197e-23 0)
(7.20917e-06 -1.95431e-06 -4.24698e-21 -3.6722e-06 -2.94274e-21 0)
(7.12364e-06 -1.80744e-06 -1.01991e-20 -3.61134e-06 -7.63068e-21 0)
(7.06781e-06 -1.65295e-06 3.98438e-21 -3.54356e-06 2.71374e-21 0)
(7.01224e-06 -1.51344e-06 3.75031e-21 -3.48423e-06 3.72169e-21 0)
(6.9731e-06 -1.37706e-06 -1.83743e-21 -3.42872e-06 -1.82613e-21 0)
(6.9395e-06 -1.24998e-06 -2.94863e-22 -3.3799e-06 8.18044e-22 0)
(6.91601e-06 -1.12918e-06 8.0609e-21 -3.33739e-06 4.80036e-21 0)
(6.89873e-06 -1.01568e-06 -5.38837e-21 -3.3015e-06 -5.49487e-21 0)
(6.88844e-06 -9.08429e-07 -1.91669e-21 -3.27217e-06 -1.97901e-21 0)
(6.88358e-06 -8.07054e-07 5.21082e-21 -3.24919e-06 7.71368e-21 0)
(6.88384e-06 -7.10704e-07 -7.61098e-21 -3.23224e-06 -2.26817e-21 0)
(6.88834e-06 -6.18487e-07 -5.42522e-21 -3.22072e-06 -5.79297e-21 0)
(6.89624e-06 -5.29352e-07 1.30879e-23 -3.21373e-06 -1.16944e-21 0)
(6.9066e-06 -4.41831e-07 -7.30999e-21 -3.20996e-06 -5.59121e-21 0)
(6.91749e-06 -3.54495e-07 -5.32157e-23 -3.20728e-06 -5.00089e-23 0)
(6.92775e-06 -2.64006e-07 7.18515e-21 -3.203e-06 6.86507e-21 0)
(6.93225e-06 -1.698e-07 1.13515e-22 -3.19248e-06 1.41619e-21 0)
(6.93122e-06 -5.63355e-08 1.67074e-21 -3.17066e-06 1.2358e-21 3.78835e-38)
(8.17089e-06 -2.1445e-06 -1.44314e-21 -4.24358e-06 -1.85102e-21 0)
(7.93584e-06 -2.03168e-06 1.99458e-21 -4.1673e-06 1.8201e-21 0)
(7.79954e-06 -1.87535e-06 2.46201e-21 -4.05291e-06 1.286e-21 0)
(7.64083e-06 -1.75495e-06 -1.94595e-21 -3.96096e-06 -1.82396e-21 0)
(7.52479e-06 -1.61862e-06 -4.60953e-21 -3.86245e-06 -2.30228e-21 0)
(7.41099e-06 -1.49465e-06 2.25026e-21 -3.77221e-06 1.11897e-21 0)
(7.32036e-06 -1.37051e-06 6.36883e-21 -3.68776e-06 4.09652e-21 0)
(7.23965e-06 -1.25263e-06 -1.02467e-20 -3.61127e-06 -6.87715e-21 0)
(7.1739e-06 -1.13904e-06 -6.32027e-21 -3.54332e-06 -4.16167e-21 0)
(7.11876e-06 -1.0309e-06 9.91987e-21 -3.48415e-06 6.71477e-21 0)
(7.07472e-06 -9.27805e-07 -4.04545e-21 -3.43392e-06 -1.93464e-21 0)
(7.04e-06 -8.29595e-07 5.36078e-21 -3.39246e-06 5.48732e-21 0)
(7.01402e-06 -7.35699e-07 5.77172e-21 -3.35951e-06 3.75913e-21 0)
(6.99571e-06 -6.45278e-07 -3.36934e-21 -3.33457e-06 -4.68647e-21 0)
(6.98414e-06 -5.57267e-07 -2.19782e-21 -3.31691e-06 1.13727e-21 0)
(6.97827e-06 -4.69919e-07 1.04175e-22 -3.30547e-06 9.60469e-23 0)
(6.97656e-06 -3.81495e-07 -8.90715e-21 -3.29868e-06 -7.40883e-21 0)
(6.97772e-06 -2.87691e-07 1.76886e-21 -3.29458e-06 1.98585e-21 0)
(6.97859e-06 -1.87747e-07 3.50623e-21 -3.29013e-06 2.74247e-21 0)
(6.97824e-06 -6.31321e-08 8.43386e-22 -3.28153e-06 6.46163e-22 7.78331e-39)
(8.87489e-06 -1.83924e-06 1.72833e-23 -4.61853e-06 5.89617e-23 0)
(8.55472e-06 -1.80006e-06 -2.06219e-21 -4.52969e-06 -1.81329e-21 0)
(8.36155e-06 -1.67926e-06 4.42449e-22 -4.39442e-06 -4.79862e-22 0)
(8.13772e-06 -1.59543e-06 0 -4.27704e-06 0 0)
(7.96757e-06 -1.48956e-06 0 -4.15725e-06 0 0)
(7.80222e-06 -1.38989e-06 -6.17468e-21 -4.04312e-06 -4.83228e-21 0)
(7.66413e-06 -1.28753e-06 5.49377e-21 -3.936e-06 5.11966e-21 0)
(7.53993e-06 -1.18722e-06 1.15822e-20 -3.83655e-06 1.00946e-20 0)
(7.43388e-06 -1.08864e-06 -8.76115e-21 -3.74628e-06 -8.40836e-21 0)
(7.34213e-06 -9.9278e-07 -7.67423e-21 -3.66565e-06 -6.53085e-21 0)
(7.26473e-06 -8.99955e-07 3.53924e-21 -3.59529e-06 3.51712e-21 0)
(7.20005e-06 -8.10272e-07 -3.45748e-22 -3.53538e-06 6.96243e-22 0)
(7.14733e-06 -7.23556e-07 6.05519e-21 -3.48601e-06 2.99273e-21 0)
(7.10548e-06 -6.39184e-07 9.43258e-21 -3.44703e-06 6.52235e-21 0)
(7.07363e-06 -5.56233e-07 1.28761e-22 -3.4181e-06 1.17582e-22 0)
(7.05073e-06 -4.72898e-07 4.29023e-21 -3.39867e-06 -1.16898e-21 0)
(7.03587e-06 -3.87339e-07 0 -3.38797e-06 0 0)
(7.02767e-06 -2.94723e-07 -3.61279e-21 -3.38494e-06 -1.59623e-21 0)
(7.02545e-06 -1.9426e-07 1.73813e-21 -3.38845e-06 7.35971e-22 0)
(7.02667e-06 -6.59233e-08 2.53561e-21 -3.39621e-06 2.01408e-21 6.16983e-38)
(9.49732e-06 -1.40483e-06 -1.35403e-23 -4.89922e-06 -5.15676e-23 0)
(9.10444e-06 -1.45304e-06 2.5593e-21 -4.80698e-06 1.52954e-21 0)
(8.87146e-06 -1.39256e-06 -2.54548e-21 -4.68188e-06 -1.5502e-21 0)
(8.59742e-06 -1.35262e-06 -2.50539e-21 -4.54915e-06 -1.50988e-21 0)
(8.37868e-06 -1.28978e-06 6.8786e-21 -4.41586e-06 4.69129e-21 0)
(8.16938e-06 -1.22046e-06 4.90018e-21 -4.28227e-06 2.92529e-21 0)
(7.98804e-06 -1.14491e-06 -6.50858e-21 -4.15535e-06 -4.35528e-21 0)
(7.82495e-06 -1.06599e-06 8.6429e-22 -4.03606e-06 -9.13719e-22 0)
(7.6822e-06 -9.85859e-07 1.47781e-21 -3.92646e-06 1.36961e-21 0)
(7.55693e-06 -9.05753e-07 -8.015e-22 -3.82745e-06 1.07752e-21 0)
(7.44857e-06 -8.26692e-07 -6.60756e-21 -3.73978e-06 -3.62333e-21 0)
(7.35567e-06 -7.49126e-07 5.91455e-23 -3.66392e-06 5.70137e-23 0)
(7.27739e-06 -6.73193e-07 -3.02388e-21 -3.60021e-06 -4.11035e-21 0)
(7.21268e-06 -5.985e-07 -1.02127e-22 -3.54884e-06 -9.336e-23 0)
(7.16088e-06 -5.24292e-07 3.85922e-21 -3.50995e-06 1.8797e-21 0)
(7.12101e-06 -4.48847e-07 -7.69968e-23 -3.48356e-06 -6.72557e-23 0)
(7.09301e-06 -3.70359e-07 4.70794e-21 -3.46985e-06 6.30693e-21 0)
(7.07541e-06 -2.83895e-07 -1.77666e-21 -3.46879e-06 -7.9541e-22 0)
(7.07038e-06 -1.88647e-07 -8.32735e-21 -3.48132e-06 -8.23716e-21 0)
(7.07339e-06 -6.4498e-08 -2.49189e-21 -3.50688e-06 -4.49384e-21 -4.5476e-36)
(9.99347e-06 -8.47193e-07 -3.26263e-22 -5.0817e-06 -1.64549e-22 0)
(9.58612e-06 -9.53982e-07 -2.74365e-21 -4.96897e-06 -1.61769e-21 0)
(9.32008e-06 -9.79383e-07 2.2278e-21 -4.88219e-06 1.74882e-21 0)
(9.02626e-06 -9.89812e-07 -5.83181e-21 -4.76136e-06 -5.30795e-21 0)
(8.76825e-06 -9.84932e-07 -5.99945e-21 -4.63522e-06 -4.98582e-21 0)
(8.5248e-06 -9.62699e-07 3.55027e-21 -4.50034e-06 3.66375e-21 0)
(8.30456e-06 -9.28207e-07 3.08637e-21 -4.36449e-06 3.67641e-21 0)
(8.10481e-06 -8.83562e-07 5.37811e-21 -4.23188e-06 4.84457e-21 0)
(7.92641e-06 -8.31859e-07 -6.30937e-21 -4.10595e-06 -4.70928e-21 0)
(7.76796e-06 -7.75435e-07 1.5599e-23 -3.98932e-06 1.291e-22 0)
(7.62882e-06 -7.16168e-07 -7.67361e-23 -3.88376e-06 -3.84935e-22 0)
(7.50775e-06 -6.55399e-07 -4.93491e-21 -3.79062e-06 -4.82056e-21 0)
(7.40389e-06 -5.9393e-07 0 -3.71088e-06 0 0)
(7.31623e-06 -5.3196e-07 -4.46939e-21 -3.64533e-06 -1.45438e-21 0)
(7.24428e-06 -4.6918e-07 -2.0945e-23 -3.59472e-06 -8.89289e-23 0)
(7.18713e-06 -4.04259e-07 -5.77065e-21 -3.55978e-06 -2.81086e-21 0)
(7.14558e-06 -3.35666e-07 1.58122e-21 -3.5417e-06 1.66705e-21 0)
(7.11815e-06 -2.58847e-07 3.63925e-21 -3.54164e-06 1.66645e-21 0)
(7.11005e-06 -1.73074e-07 4.52267e-23 -3.56276e-06 -3.6452e-24 0)
(7.11502e-06 -5.94675e-08 -1.64283e-21 -3.60635e-06 -1.4284e-21 -1.26166e-38)
(1.02366e-05 -3.87827e-07 2.82334e-21 -5.09725e-06 2.48291e-21 0)
(9.86468e-06 -4.45701e-07 -2.61102e-21 -5.00229e-06 -1.64171e-21 0)
(9.57777e-06 -5.51097e-07 -1.51306e-21 -4.94156e-06 -1.25558e-21 0)
(9.28567e-06 -6.01649e-07 2.50883e-21 -4.84337e-06 1.53394e-21 0)
(9.01489e-06 -6.3699e-07 -4.95815e-21 -4.72823e-06 -2.25524e-21 0)
(8.75813e-06 -6.53015e-07 -3.34382e-21 -4.60191e-06 -1.58074e-21 0)
(8.52126e-06 -6.5371e-07 -4.16966e-21 -4.46972e-06 -3.02521e-21 0)
(8.30293e-06 -6.41767e-07 5.0182e-22 -4.33725e-06 -3.48242e-22 0)
(8.10484e-06 -6.19616e-07 8.42789e-21 -4.20848e-06 5.37249e-21 0)
(7.92623e-06 -5.89781e-07 -2.89973e-22 -4.08679e-06 -3.11507e-22 0)
(7.76711e-06 -5.54237e-07 4.50429e-21 -3.97468e-06 2.55186e-21 0)
(7.62667e-06 -5.14635e-07 -2.22331e-22 -3.87415e-06 -2.51637e-22 0)
(7.50448e-06 -4.72112e-07 1.6465e-35 -3.78681e-06 1.67085e-35 0)
(7.39979e-06 -4.27262e-07 -1.98008e-21 -3.71405e-06 -9.87114e-22 0)
(7.31252e-06 -3.80175e-07 1.9356e-21 -3.65728e-06 9.4309e-22 0)
(7.242e-06 -3.30051e-07 -8.69692e-23 -3.61795e-06 -1.25452e-22 0)
(7.18986e-06 -2.75806e-07 3.07146e-22 -3.59825e-06 -8.15042e-22 0)
(7.1546e-06 -2.13912e-07 1.75711e-23 -3.6003e-06 5.82014e-23 0)
(7.14382e-06 -1.43847e-07 -1.78699e-23 -3.62916e-06 2.31625e-23 0)
(7.14973e-06 -4.95885e-08 -2.69906e-23 -3.68791e-06 -1.29274e-23 2.40345e-40)
(1.00338e-05 6.21969e-08 2.6215e-21 -4.91189e-06 2.07273e-21 0)
(9.78573e-06 -4.24363e-09 0 -4.93911e-06 0 0)
(9.52652e-06 -1.33187e-07 -2.04513e-21 -4.89295e-06 -1.80131e-21 0)
(9.26764e-06 -2.18159e-07 2.67322e-35 -4.81848e-06 2.16349e-35 0)
(9.02053e-06 -2.84899e-07 6.12616e-36 -4.72006e-06 4.44331e-36 0)
(8.78207e-06 -3.32253e-07 2.90541e-35 -4.60761e-06 2.16013e-35 0)
(8.55816e-06 -3.62893e-07 4.45682e-35 -4.48649e-06 3.59983e-35 0)
(8.34817e-06 -3.79544e-07 -1.79217e-21 -4.36241e-06 -1.67848e-21 0)
(8.15452e-06 -3.84393e-07 0 -4.23964e-06 0 0)
(7.9772e-06 -3.79831e-07 1.71253e-21 -4.12188e-06 1.65836e-21 0)
(7.81693e-06 -3.67767e-07 -2.45292e-36 -4.012e-06 -4.11385e-36 0)
(7.67356e-06 -3.49888e-07 -1.64735e-21 -3.91242e-06 -1.65168e-21 0)
(7.54723e-06 -3.27425e-07 1.62022e-21 -3.82516e-06 1.65258e-21 0)
(7.4377e-06 -3.01204e-07 2.32659e-35 -3.75204e-06 1.69432e-35 0)
(7.34544e-06 -2.71548e-07 -1.5769e-21 -3.69497e-06 -1.6619e-21 0)
(7.2702e-06 -2.3821e-07 -1.39788e-35 -3.65593e-06 -1.29168e-35 0)
(7.21432e-06 -2.00441e-07 1.54876e-21 -3.63777e-06 1.68155e-21 0)
(7.17655e-06 -1.56047e-07 1.54065e-21 -3.64328e-06 1.69619e-21 0)
(7.16628e-06 -1.04993e-07 -1.6629e-35 -3.67899e-06 -1.44962e-35 0)
(7.17471e-06 -3.61191e-08 -8.31299e-36 -3.74851e-06 -1.472e-35 -4.90391e-65)
(9.85836e-06 5.13177e-07 4.85088e-22 -4.71982e-06 8.38378e-22 0)
(9.64732e-06 4.09377e-07 -1.67026e-21 -4.78445e-06 -1.02712e-21 0)
(9.44107e-06 2.5749e-07 -3.72616e-21 -4.77655e-06 -2.83534e-21 0)
(9.21315e-06 1.44742e-07 0 -4.73207e-06 0 0)
(8.99359e-06 5.15501e-08 1.93721e-22 -4.65964e-06 7.58816e-22 0)
(8.77415e-06 -2.26331e-08 -1.61061e-21 -4.56809e-06 -2.23941e-22 0)
(8.56487e-06 -7.93301e-08 -3.59161e-21 -4.46394e-06 -2.67717e-21 0)
(8.36482e-06 -1.21438e-07 -5.30708e-21 -4.35315e-06 -3.57258e-21 0)
(8.17778e-06 -1.50699e-07 1.75559e-21 -4.24056e-06 1.69136e-21 0)
(8.00413e-06 -1.6937e-07 -3.50967e-21 -4.13026e-06 -1.77335e-21 0)
(7.84533e-06 -1.79201e-07 -1.75253e-21 -4.02564e-06 -8.64217e-22 0)
(7.70169e-06 -1.81858e-07 -3.49922e-21 -3.92957e-06 -1.68719e-21 0)
(7.57386e-06 -1.78637e-07 -3.49282e-21 -3.84454e-06 -1.65068e-21 0)
(7.46205e-06 -1.7055e-07 -1.74319e-21 -3.77285e-06 -8.09948e-22 0)
(7.36711e-06 -1.58193e-07 -3.48022e-21 -3.71688e-06 -1.59587e-21 0)
(7.28926e-06 -1.41849e-07 -3.47455e-21 -3.67909e-06 -1.57964e-21 0)
(7.23131e-06 -1.21165e-07 -1.5524e-21 -3.66305e-06 -1.68263e-21 0)
(7.19217e-06 -9.55997e-08 -1.73226e-21 -3.6716e-06 -7.88212e-22 0)
(7.18241e-06 -6.48546e-08 -1.72978e-21 -3.71215e-06 -7.96917e-22 0)
(7.19206e-06 -2.23614e-08 -8.63473e-22 -3.78948e-06 -8.13518e-22 -3.82028e-51)
(9.60731e-06 8.62988e-07 9.55486e-21 -4.51428e-06 8.05631e-21 0)
(9.44478e-06 7.56801e-07 1.5126e-21 -4.61695e-06 9.91159e-22 0)
(9.28556e-06 5.97924e-07 -5.54264e-21 -4.63902e-06 -4.621e-21 0)
(9.09231e-06 4.72015e-07 5.67472e-35 -4.62047e-06 4.73099e-35 0)
(8.90349e-06 3.61539e-07 2.20317e-21 -4.57102e-06 2.56835e-21 0)
(8.70793e-06 2.68176e-07 -3.01631e-36 -4.4988e-06 -1.77447e-36 0)
(8.51831e-06 1.91026e-07 1.65861e-21 -4.41128e-06 9.47005e-22 0)
(8.33355e-06 1.28058e-07 -3.57806e-21 -4.31436e-06 -3.45288e-21 0)
(8.1584e-06 7.79666e-08 7.09617e-35 -4.21324e-06 5.92822e-35 0)
(7.99363e-06 3.89056e-08 3.43211e-21 -4.11224e-06 3.409e-21 0)
(7.84128e-06 9.36308e-09 -1.69258e-21 -4.01504e-06 -8.61942e-22 0)
(7.70209e-06 -1.21937e-08 -1.9927e-35 -3.92479e-06 -1.58708e-35 0)
(7.57715e-06 -2.70387e-08 -8.49843e-35 -3.84426e-06 -7.82217e-35 0)
(7.46705e-06 -3.63449e-08 1.69902e-21 -3.77609e-06 8.10645e-22 0)
(7.37297e-06 -4.08684e-08 -5.05756e-35 -3.72291e-06 -4.31085e-35 0)
(7.29561e-06 -4.16431e-08 -3.13242e-21 -3.68765e-06 -3.3638e-21 0)
(7.2377e-06 -3.8141e-08 2.23806e-35 -3.67376e-06 1.70147e-35 0)
(7.19926e-06 -3.24027e-08 1.39148e-21 -3.68502e-06 2.58021e-21 0)
(7.19102e-06 -2.17586e-08 -1.69815e-21 -3.73016e-06 -8.00784e-22 0)
(7.20142e-06 -7.12828e-09 -8.48306e-22 -3.8116e-06 -8.18266e-22 0)
(9.3057e-06 1.1532e-06 2.62646e-21 -4.28798e-06 1.84107e-21 0)
(9.18681e-06 1.04571e-06 3.34649e-21 -4.41641e-06 2.77137e-21 0)
(9.0727e-06 8.87946e-07 2.85584e-21 -4.46431e-06 1.91678e-21 0)
(8.91612e-06 7.56374e-07 4.60829e-36 -4.47131e-06 5.79119e-36 0)
(8.76059e-06 6.36031e-07 4.90505e-21 -4.44555e-06 3.69398e-21 0)
(8.59242e-06 5.3009e-07 -3.00514e-22 -4.39452e-06 -8.28281e-22 0)
(8.42626e-06 4.38231e-07 -2.38632e-22 -4.3257e-06 -8.29824e-22 0)
(8.26081e-06 3.59312e-07 3.18354e-21 -4.24497e-06 1.8226e-21 0)
(8.10167e-06 2.92524e-07 1.73925e-21 -4.1577e-06 1.73475e-21 0)
(7.94991e-06 2.36504e-07 3.32979e-21 -4.06837e-06 2.59805e-21 0)
(7.80806e-06 1.90054e-07 3.26847e-21 -3.98088e-06 1.70922e-21 0)
(7.67724e-06 1.51867e-07 -5.15032e-24 -3.89862e-06 -8.71243e-22 0)
(7.55886e-06 1.20732e-07 1.67686e-21 -3.82459e-06 -5.95169e-23 0)
(7.45393e-06 9.54988e-08 1.65501e-21 -3.76168e-06 8.0755e-22 0)
(7.36354e-06 7.50549e-08 4.89869e-21 -3.71262e-06 3.28521e-21 0)
(7.28948e-06 5.84212e-08 1.66184e-21 -3.68082e-06 7.90191e-22 0)
(7.23232e-06 4.47655e-08 0 -3.66926e-06 0 0)
(7.19861e-06 3.19572e-08 4.87615e-21 -3.68421e-06 3.26094e-21 0)
(7.18037e-06 2.38546e-08 4.9284e-21 -3.72424e-06 2.83544e-21 0)
(7.20388e-06 6.33113e-09 1.66734e-21 -3.81129e-06 1.6364e-21 0)
(8.97455e-06 1.37624e-06 -1.42223e-21 -4.06198e-06 -1.02156e-21 0)
(8.8953e-06 1.27536e-06 -1.25625e-21 -4.20964e-06 -9.03717e-22 0)
(8.82116e-06 1.12691e-06 -1.89371e-21 -4.27825e-06 -1.80077e-21 0)
(8.69985e-06 9.97198e-07 0 -4.30638e-06 0 0)
(8.57688e-06 8.73614e-07 1.84127e-21 -4.3011e-06 1.79131e-21 0)
(8.43716e-06 7.60952e-07 3.26712e-21 -4.26927e-06 2.69909e-21 0)
(8.29621e-06 6.5938e-07 -3.27064e-21 -4.21815e-06 -2.67828e-21 0)
(8.15259e-06 5.68844e-07 -1.75018e-21 -4.15339e-06 -1.76251e-21 0)
(8.01236e-06 4.89049e-07 1.72008e-21 -4.08039e-06 1.75233e-21 0)
(7.87678e-06 4.19225e-07 1.56246e-21 -4.00361e-06 8.59488e-22 0)
(7.74874e-06 3.58531e-07 -2.73866e-37 -3.92705e-06 -3.04846e-36 0)
(7.62962e-06 3.05952e-07 1.59275e-21 -3.85417e-06 8.27405e-22 0)
(7.52114e-06 2.60399e-07 5.56231e-36 -3.7881e-06 5.91024e-36 0)
(7.4244e-06 2.20776e-07 -1.61266e-21 -3.73176e-06 -8.01128e-22 0)
(7.34115e-06 1.85715e-07 5.4292e-36 -3.68812e-06 5.85432e-36 0)
(7.2722e-06 1.54214e-07 1.625e-21 -3.66026e-06 7.85777e-22 0)
(7.22121e-06 1.2384e-07 -1.55023e-21 -3.65191e-06 -1.68242e-21 0)
(7.1877e-06 9.40259e-08 -3.22162e-37 -3.66778e-06 3.03191e-36 0)
(7.18188e-06 6.06812e-08 -5.63412e-36 -3.71214e-06 -2.74534e-36 0)
(7.1927e-06 2.01212e-08 -5.47459e-36 -3.79014e-06 -8.46152e-36 -1.61476e-65)
(8.62606e-06 1.54293e-06 2.05069e-21 -3.83983e-06 1.88275e-21 0)
(8.58128e-06 1.45236e-06 1.15743e-21 -3.99881e-06 8.58457e-22 0)
(8.54182e-06 1.3174e-06 -1.83374e-21 -4.0826e-06 -1.7884e-21 0)
(8.45359e-06 1.19401e-06 2.57057e-35 -4.12794e-06 2.1491e-35 0)
(8.36171e-06 1.07201e-06 -2.71463e-36 -4.14031e-06 -2.76268e-36 0)
(8.25049e-06 9.57224e-07 1.37851e-21 -4.12604e-06 8.8577e-22 0)
(8.13551e-06 8.50293e-07 1.41825e-21 -4.09173e-06 8.78404e-22 0)
(8.0152e-06 7.52103e-07 -1.72069e-21 -4.04275e-06 -1.77561e-21 0)
(7.89581e-06 6.62861e-07 0 -3.98428e-06 0 0)
(7.7787e-06 5.82371e-07 3.17746e-21 -3.92068e-06 2.59927e-21 0)
(7.66697e-06 5.10172e-07 -2.18409e-35 -3.85591e-06 -1.7711e-35 0)
(7.56214e-06 4.45552e-07 -7.67054e-23 -3.79342e-06 -9.23658e-22 0)
(7.46613e-06 3.87615e-07 1.60281e-21 -3.73635e-06 1.72791e-21 0)
(7.38017e-06 3.35261e-07 1.57353e-21 -3.68759e-06 7.91644e-22 0)
(7.30608e-06 2.87177e-07 -1.56845e-21 -3.65006e-06 -1.70653e-21 0)
(7.24475e-06 2.41694e-07 1.59092e-21 -3.62659e-06 7.78549e-22 0)
(7.19956e-06 1.96985e-07 1.54559e-21 -3.62094e-06 1.68158e-21 0)
(7.16966e-06 1.49639e-07 1.53917e-21 -3.636e-06 1.66617e-21 0)
(7.16491e-06 9.86212e-08 -1.10662e-35 -3.67788e-06 -5.44e-36 0)
(7.17581e-06 3.3525e-08 -1.08395e-35 -3.7514e-06 -1.67113e-35 -6.3943e-65)
(8.27024e-06 1.65851e-06 1.00476e-21 -3.62839e-06 7.78935e-22 0)
(8.25471e-06 1.58101e-06 1.07703e-21 -3.79271e-06 8.14212e-22 0)
(8.24479e-06 1.46242e-06 1.14515e-21 -3.88676e-06 8.34401e-22 0)
(8.18657e-06 1.34858e-06 0 -3.94489e-06 0 0)
(8.12347e-06 1.23174e-06 1.26286e-21 -3.97143e-06 8.52579e-22 0)
(8.03981e-06 1.11838e-06 0 -3.97208e-06 0 0)
(7.95063e-06 1.00955e-06 1.35716e-21 -3.95276e-06 8.4857e-22 0)
(7.85427e-06 9.06972e-07 0 -3.91843e-06 0 0)
(7.75688e-06 8.11316e-07 0 -3.87394e-06 0 0)
(7.65982e-06 7.22936e-07 0 -3.82345e-06 0 0)
(7.56624e-06 6.41744e-07 1.48483e-21 -3.77074e-06 8.09495e-22 0)
(7.47772e-06 5.67349e-07 0 -3.71914e-06 0 0)
(7.39626e-06 4.99053e-07 0 -3.67168e-06 0 0)
(7.32312e-06 4.35854e-07 1.53884e-21 -3.6311e-06 7.79518e-22 0)
(7.26013e-06 3.7641e-07 0 -3.60012e-06 0 0)
(7.20802e-06 3.18878e-07 0 -3.58135e-06 0 0)
(7.16997e-06 2.61101e-07 0 -3.57786e-06 0 0)
(7.1451e-06 1.99125e-07 1.57468e-21 -3.59276e-06 7.71286e-22 0)
(7.14192e-06 1.31891e-07 1.58012e-21 -3.63057e-06 7.79403e-22 0)
(7.15202e-06 4.50223e-08 7.92894e-22 -3.69499e-06 7.93233e-22 -3.88878e-66)
(7.91284e-06 1.73036e-06 -2.78805e-21 -3.42945e-06 -2.52206e-21 0)
(7.92161e-06 1.66701e-06 0 -3.59353e-06 0 0)
(7.93656e-06 1.56559e-06 -1.08353e-21 -3.69325e-06 -7.9286e-22 0)
(7.90528e-06 1.4629e-06 0 -3.76021e-06 0 0)
(7.86862e-06 1.35343e-06 -1.20628e-21 -3.79769e-06 -8.15282e-22 0)
(7.81124e-06 1.24392e-06 -1.25942e-21 -3.81079e-06 -8.18094e-22 0)
(7.74729e-06 1.13584e-06 0 -3.80465e-06 0 0)
(7.675e-06 1.03153e-06 0 -3.78376e-06 0 0)
(7.6002e-06 9.32071e-07 0 -3.75254e-06 0 0)
(7.52421e-06 8.38289e-07 -1.41982e-21 -3.71483e-06 -7.97492e-22 0)
(7.45006e-06 7.50446e-07 -1.4481e-21 -3.67417e-06 -7.88764e-22 0)
(7.37935e-06 6.68449e-07 -1.47229e-21 -3.63368e-06 -7.80071e-22 0)
(7.31403e-06 5.91824e-07 0 -3.59617e-06 0 0)
(7.25533e-06 5.19678e-07 0 -3.56417e-06 0 0)
(7.20495e-06 4.50765e-07 0 -3.54009e-06 0 0)
(7.16355e-06 3.83054e-07 -1.53501e-21 -3.52611e-06 -7.56979e-22 0)
(7.13373e-06 3.14416e-07 0 -3.52479e-06 0 0)
(7.11461e-06 2.40167e-07 -1.55174e-21 -3.53836e-06 -7.59609e-22 0)
(7.11317e-06 1.59109e-07 -1.55823e-21 -3.5706e-06 -7.66529e-22 0)
(7.12213e-06 5.42386e-08 -7.82528e-22 -3.62413e-06 -7.78021e-22 -3.46215e-51)
(7.55704e-06 1.76401e-06 -5.12641e-21 -3.24406e-06 -5.12743e-21 0)
(7.58599e-06 1.71471e-06 -9.66862e-22 -3.40365e-06 -7.30689e-22 0)
(7.62192e-06 1.63012e-06 1.12001e-36 -3.50525e-06 3.59307e-36 0)
(7.61476e-06 1.53915e-06 6.84256e-37 -3.57752e-06 3.63456e-36 0)
(7.60233e-06 1.43824e-06 1.63205e-21 -3.62299e-06 1.78086e-21 0)
(7.56987e-06 1.33418e-06 -2.84376e-21 -3.6461e-06 -2.57425e-21 0)
(7.53037e-06 1.22875e-06 -2.88545e-21 -3.65123e-06 -2.58026e-21 0)
(7.48194e-06 1.12477e-06 0 -3.64237e-06 0 0)
(7.42999e-06 1.02366e-06 1.59506e-21 -3.62344e-06 1.79333e-21 0)
(7.37566e-06 9.26635e-07 1.94409e-22 -3.59792e-06 1.01445e-21 0)
(7.32182e-06 8.34253e-07 4.38186e-36 -3.56901e-06 -8.27441e-37 0)
(7.26996e-06 7.46698e-07 -3.00663e-21 -3.53956e-06 -2.52639e-21 0)
(7.22193e-06 6.6371e-07 -1.55039e-21 -3.51209e-06 -1.75326e-21 0)
(7.17888e-06 5.8455e-07 -1.48704e-21 -3.48883e-06 -7.48975e-22 0)
(7.14228e-06 5.08075e-07 1.53329e-21 -3.47179e-06 1.72065e-21 0)
(7.11269e-06 4.32255e-07 -1.51515e-21 -3.46275e-06 -7.43376e-22 0)
(7.09203e-06 3.5493e-07 1.04789e-35 -3.46344e-06 5.10779e-36 0)
(7.07945e-06 2.71102e-07 1.5198e-21 -3.47546e-06 1.65034e-21 0)
(7.07989e-06 1.79533e-07 0 -3.50102e-06 0 0)
(7.08735e-06 6.11516e-08 -5.2811e-36 -3.54163e-06 -8.02985e-36 -1.55769e-65)
(7.2038e-06 1.76428e-06 1.5465e-21 -3.071e-06 1.61948e-21 0)
(7.24975e-06 1.72791e-06 3.95778e-36 -3.2228e-06 2.08753e-36 0)
(7.30372e-06 1.65879e-06 -1.56795e-21 -3.32329e-06 -1.7184e-21 0)
(7.31845e-06 1.57919e-06 0 -3.39808e-06 0 0)
(7.32849e-06 1.48717e-06 1.57327e-21 -3.44913e-06 1.77267e-21 0)
(7.31979e-06 1.38942e-06 1.5714e-21 -3.4802e-06 1.78744e-21 0)
(7.30402e-06 1.28796e-06 -1.56801e-21 -3.49497e-06 -1.79565e-21 0)
(7.27919e-06 1.18591e-06 -1.56268e-21 -3.49687e-06 -1.7985e-21 0)
(7.25014e-06 1.08495e-06 1.55645e-21 -3.4893e-06 1.79683e-21 0)
(7.21782e-06 9.86579e-07 -3.46292e-35 -3.47531e-06 -2.8559e-35 0)
(7.18482e-06 8.91604e-07 -1.97827e-35 -3.45774e-06 -1.38134e-35 0)
(7.1525e-06 8.00438e-07 5.94242e-37 -3.43909e-06 6.93024e-36 0)
(7.12253e-06 7.13018e-07 2.55987e-35 -3.42158e-06 2.30098e-35 0)
(7.09595e-06 6.28773e-07 3.09361e-35 -3.40708e-06 2.55396e-35 0)
(7.07397e-06 5.4672e-07 1.02226e-35 -3.39718e-06 5.01008e-36 0)
(7.05698e-06 4.64923e-07 -5.15795e-36 -3.39312e-06 -2.50204e-36 0)
(7.04621e-06 3.81321e-07 -1.51267e-21 -3.39587e-06 -1.6764e-21 0)
(7.0407e-06 2.90841e-07 -1.04859e-35 -3.40608e-06 -5.03798e-36 0)
(7.04324e-06 1.9223e-07 -2.09274e-35 -3.42439e-06 -1.61413e-35 0)
(7.04918e-06 6.53762e-08 -5.29854e-36 -3.45114e-06 -5.10463e-36 0)
(6.85251e-06 1.73421e-06 -4.61213e-21 -2.90883e-06 -4.88646e-21 0)
(6.91345e-06 1.70897e-06 -8.26255e-36 -3.05062e-06 -7.93182e-36 0)
(6.98357e-06 1.65335e-06 -1.65464e-36 -3.14788e-06 1.19912e-36 0)
(7.01875e-06 1.58421e-06 2.76841e-36 -3.22313e-06 3.19058e-36 0)
(7.05011e-06 1.50086e-06 1.5135e-21 -3.27793e-06 1.76323e-21 0)
(7.06438e-06 1.40981e-06 -1.51657e-21 -3.31534e-06 -1.78167e-21 0)
(7.07185e-06 1.3132e-06 -1.51817e-21 -3.33838e-06 -1.79284e-21 0)
(7.07042e-06 1.21435e-06 0 -3.34991e-06 0 0)
(7.06428e-06 1.11508e-06 1.51655e-21 -3.3528e-06 1.79796e-21 0)
(7.05416e-06 1.0171e-06 1.51437e-21 -3.34966e-06 1.79362e-21 0)
(7.04231e-06 9.21375e-07 -9.41711e-36 -3.34291e-06 -4.86214e-36 0)
(7.02992e-06 8.28496e-07 -1.50917e-21 -3.33471e-06 -1.77429e-21 0)
(7.01845e-06 7.38568e-07 -1.50671e-21 -3.32691e-06 -1.76013e-21 0)
(7.0088e-06 6.51196e-07 5.29415e-36 -3.32105e-06 9.51951e-36 0)
(7.00192e-06 5.65579e-07 1.50316e-21 -3.31826e-06 1.72365e-21 0)
(6.99804e-06 4.79997e-07 5.17545e-36 -3.31927e-06 5.85997e-36 0)
(6.99765e-06 3.92586e-07 0 -3.32421e-06 0 0)
(6.99969e-06 2.98517e-07 1.50268e-21 -3.3328e-06 1.64422e-21 0)
(7.00469e-06 1.96635e-07 -2.08322e-35 -3.34388e-06 -1.5997e-35 0)
(7.00923e-06 6.67197e-08 -5.28005e-36 -3.35652e-06 -4.96468e-36 0)
(6.50149e-06 1.67566e-06 -8.65223e-23 -2.7541e-06 -4.43049e-23 0)
(6.57665e-06 1.65925e-06 -9.16669e-22 -2.88476e-06 -6.19296e-22 0)
(6.66219e-06 1.61477e-06 -1.43023e-21 -2.97771e-06 -1.68137e-21 0)
(6.71728e-06 1.55478e-06 0 -3.05232e-06 0 0)
(6.76953e-06 1.47953e-06 1.45327e-21 -3.10982e-06 1.75287e-21 0)
(6.80653e-06 1.39526e-06 2.63662e-21 -3.1526e-06 2.45126e-21 0)
(6.83713e-06 1.30415e-06 -2.69606e-21 -3.18304e-06 -2.47156e-21 0)
(6.8591e-06 1.20959e-06 -4.02461e-21 -3.20345e-06 -3.17082e-21 0)
(6.87596e-06 1.11344e-06 1.47612e-21 -3.21615e-06 1.79689e-21 0)
(6.88817e-06 1.0175e-06 1.35668e-21 -3.2233e-06 6.91972e-22 0)
(6.89764e-06 9.22851e-07 -1.53731e-37 -3.2269e-06 -3.68684e-36 0)
(6.90533e-06 8.30178e-07 1.4185e-21 -3.22875e-06 6.93141e-22 0)
(6.9125e-06 7.39714e-07 -2.88605e-21 -3.23035e-06 -1.38697e-21 0)
(6.91991e-06 6.51229e-07 -1.46373e-21 -3.23291e-06 -6.94034e-22 0)
(6.92826e-06 5.64122e-07 -2.96196e-21 -3.23715e-06 -1.38989e-21 0)
(6.93764e-06 4.7698e-07 1.4952e-21 -3.24329e-06 6.96262e-22 0)
(6.94788e-06 3.88256e-07 -1.49156e-21 -3.25071e-06 -1.6735e-21 0)
(6.95779e-06 2.93692e-07 -5.22417e-36 -3.25816e-06 -2.4096e-36 0)
(6.96573e-06 1.92332e-07 -1.55253e-35 -3.26269e-06 -1.34542e-35 0)
(6.96926e-06 6.50018e-08 -2.64048e-36 -3.26198e-06 -2.41242e-36 0)
(6.14825e-06 1.58833e-06 1.39414e-21 -2.60525e-06 1.56741e-21 0)
(6.23828e-06 1.57825e-06 9.29676e-22 -2.72459e-06 5.84909e-22 0)
(6.3397e-06 1.54243e-06 -1.36099e-21 -2.81297e-06 -1.66367e-21 0)
(6.4152e-06 1.4902e-06 -3.80854e-37 -2.88658e-06 4.37375e-36 0)
(6.48877e-06 1.42237e-06 -9.15941e-36 -2.94635e-06 -3.4643e-36 0)
(6.54891e-06 1.34493e-06 1.1885e-21 -2.99402e-06 6.4275e-22 0)
(6.60297e-06 1.25994e-06 4.07599e-21 -3.03136e-06 4.21461e-21 0)
(6.64865e-06 1.17075e-06 -1.42732e-21 -3.06014e-06 -1.79087e-21 0)
(6.68875e-06 1.0792e-06 -2.87186e-21 -3.08214e-06 -3.5874e-21 0)
(6.72346e-06 9.87072e-07 2.81088e-21 -3.09906e-06 2.45661e-21 0)
(6.75432e-06 8.95438e-07 -1.44388e-35 -3.11251e-06 -6.86956e-36 0)
(6.78207e-06 8.05042e-07 2.88386e-21 -3.12391e-06 2.44418e-21 0)
(6.80775e-06 7.16176e-07 1.46148e-21 -3.13447e-06 1.75924e-21 0)
(6.83202e-06 6.28743e-07 1.47184e-21 -3.14506e-06 6.75176e-22 0)
(6.85536e-06 5.42341e-07 -1.47169e-21 -3.15609e-06 -1.72142e-21 0)
(6.87777e-06 4.55929e-07 -1.45065e-21 -3.16737e-06 -2.71627e-21 0)
(6.89858e-06 3.68379e-07 1.48097e-21 -3.17763e-06 1.6718e-21 0)
(6.91647e-06 2.76337e-07 1.48481e-21 -3.18477e-06 1.64164e-21 0)
(6.92791e-06 1.79209e-07 1.03824e-35 -3.18409e-06 7.87751e-36 0)
(6.93104e-06 6.01478e-08 9.48475e-38 -3.17178e-06 -3.02799e-36 2.79753e-67)
(5.79015e-06 1.47102e-06 -7.3105e-36 -2.45616e-06 -7.01789e-36 0)
(5.89714e-06 1.46471e-06 9.58197e-22 -2.56545e-06 5.50746e-22 0)
(6.01617e-06 1.43512e-06 1.05309e-35 -2.65039e-06 5.81501e-36 0)
(6.1137e-06 1.38936e-06 0 -2.7239e-06 0 0)
(6.20991e-06 1.3284e-06 -1.18496e-35 -2.78662e-06 -6.11389e-36 0)
(6.2943e-06 1.25793e-06 -1.21612e-21 -2.83964e-06 -6.09609e-22 0)
(6.37271e-06 1.17982e-06 1.26747e-21 -2.88417e-06 6.19168e-22 0)
(6.44276e-06 1.09726e-06 2.62677e-21 -2.92143e-06 1.25433e-21 0)
(6.50655e-06 1.01193e-06 0 -2.9527e-06 0 0)
(6.56402e-06 9.25536e-07 -1.38964e-21 -2.97925e-06 -6.3958e-22 0)
(6.6163e-06 8.39066e-07 -1.95151e-35 -3.00228e-06 -2.4466e-35 0)
(6.66396e-06 7.53224e-07 -1.44683e-21 -3.02288e-06 -6.48945e-22 0)
(6.70781e-06 6.68303e-07 2.9383e-21 -3.04196e-06 1.30608e-21 0)
(6.7484e-06 5.8429e-07 1.48783e-21 -3.06016e-06 6.56949e-22 0)
(6.78609e-06 5.00946e-07 3.00663e-21 -3.07764e-06 1.32141e-21 0)
(6.82085e-06 4.17628e-07 -1.51606e-21 -3.09395e-06 -6.64204e-22 0)
(6.85175e-06 3.33703e-07 0 -3.10741e-06 0 0)
(6.87738e-06 2.47019e-07 1.5689e-35 -3.11526e-06 6.83493e-36 0)
(6.89286e-06 1.57548e-07 3.60941e-35 -3.11135e-06 2.89472e-35 0)
(6.89642e-06 5.2204e-08 2.83125e-36 -3.09036e-06 -4.01637e-36 1.67018e-65)
(5.42429e-06 1.31892e-06 -1.16448e-21 -2.30908e-06 -1.49306e-21 0)
(5.55204e-06 1.31416e-06 4.10605e-36 -2.4102e-06 5.40117e-36 0)
(5.6918e-06 1.28883e-06 6.05021e-36 -2.49332e-06 8.17254e-36 0)
(5.81414e-06 1.24867e-06 -1.54432e-36 -2.56804e-06 4.69576e-36 0)
(5.93524e-06 1.19447e-06 1.27417e-21 -2.63466e-06 1.71685e-21 0)
(6.04571e-06 1.13158e-06 -1.29788e-21 -2.69368e-06 -1.74501e-21 0)
(6.14988e-06 1.06153e-06 -1.32024e-21 -2.74575e-06 -1.76437e-21 0)
(6.24535e-06 9.87249e-07 0 -2.79159e-06 0 0)
(6.33354e-06 9.10195e-07 1.35967e-21 -2.83204e-06 1.78129e-21 0)
(6.41414e-06 8.31881e-07 1.37698e-21 -2.86791e-06 1.78067e-21 0)
(6.48793e-06 7.53142e-07 -1.43523e-35 -2.90007e-06 -1.82908e-35 0)
(6.55526e-06 6.74571e-07 -1.40727e-21 -2.92928e-06 -1.76503e-21 0)
(6.61676e-06 5.96393e-07 -1.42047e-21 -2.95621e-06 -1.75123e-21 0)
(6.67286e-06 5.18606e-07 0 -2.98132e-06 0 0)
(6.72388e-06 4.41071e-07 1.44347e-21 -3.00464e-06 1.71417e-21 0)
(6.76984e-06 3.63492e-07 0 -3.02561e-06 0 0)
(6.80979e-06 2.85739e-07 -2.12211e-35 -3.04244e-06 -8.97381e-36 0)
(6.84239e-06 2.07033e-07 1.46891e-21 -3.05202e-06 1.6408e-21 0)
(6.8622e-06 1.28179e-07 2.06768e-35 -3.04734e-06 1.55143e-35 0)
(6.86702e-06 4.14094e-08 8.15245e-36 -3.02164e-06 3.43193e-36 2.4046e-65)
(5.0487e-06 1.12854e-06 9.8867e-22 -2.15087e-06 4.61744e-22 0)
(5.20271e-06 1.12357e-06 0 -2.24828e-06 0 0)
(5.3677e-06 1.1011e-06 5.90609e-36 -2.33357e-06 4.49551e-36 0)
(5.51882e-06 1.06625e-06 0 -2.41294e-06 0 0)
(5.66799e-06 1.01926e-06 -2.08975e-36 -2.48629e-06 -2.92448e-36 0)
(5.80708e-06 9.65019e-07 5.05757e-36 -2.55359e-06 -6.23528e-36 0)
(5.93896e-06 9.04638e-07 0 -2.61497e-06 0 0)
(6.06127e-06 8.40676e-07 0 -2.67073e-06 0 0)
(6.17481e-06 7.74276e-07 0 -2.72127e-06 0 0)
(6.27908e-06 7.06693e-07 -9.69075e-36 -2.76705e-06 -8.1344e-36 0)
(6.37452e-06 6.38551e-07 4.44137e-37 -2.80859e-06 -3.99413e-36 0)
(6.46129e-06 5.70274e-07 5.21335e-36 -2.84639e-06 2.10506e-36 0)
(6.53981e-06 5.01961e-07 0 -2.88088e-06 0 0)
(6.61043e-06 4.33546e-07 0 -2.91237e-06 0 0)
(6.6734e-06 3.64908e-07 0 -2.94087e-06 0 0)
(6.72884e-06 2.95983e-07 5.37473e-36 -2.96587e-06 2.19343e-36 0)
(6.77605e-06 2.27081e-07 0 -2.98583e-06 0 0)
(6.81399e-06 1.58765e-07 3.05381e-35 -2.99783e-06 3.0385e-35 0)
(6.83774e-06 9.29237e-08 -5.43152e-36 -2.99501e-06 -2.21498e-36 0)
(6.84451e-06 2.83741e-08 8.16828e-36 -2.96963e-06 6.58864e-36 2.48995e-79)
(4.66188e-06 8.86476e-07 -2.04217e-21 -1.99947e-06 -2.85477e-21 0)
(4.84957e-06 8.80799e-07 -1.10817e-22 -2.09682e-06 1.07995e-21 0)
(5.04572e-06 8.61124e-07 -2.49344e-36 -2.18712e-06 1.07474e-36 0)
(5.23063e-06 8.32532e-07 -2.36338e-36 -2.27334e-06 1.34817e-36 0)
(5.41185e-06 7.94454e-07 1.16181e-21 -2.35493e-06 1.68666e-21 0)
(5.58271e-06 7.51097e-07 -2.59338e-21 -2.43144e-06 -2.23936e-21 0)
(5.74465e-06 7.0308e-07 -2.6706e-21 -2.5026e-06 -2.27647e-21 0)
(5.89551e-06 6.52453e-07 0 -2.56835e-06 0 0)
(6.03554e-06 6.00009e-07 1.2957e-21 -2.62873e-06 1.76061e-21 0)
(6.16414e-06 5.46681e-07 -2.03893e-22 -2.68392e-06 1.18574e-21 0)
(6.28146e-06 4.92861e-07 -5.17787e-37 -2.73415e-06 4.08379e-36 0)
(6.38749e-06 4.38782e-07 -2.93237e-21 -2.77967e-06 -2.34624e-21 0)
(6.48245e-06 3.84395e-07 -1.39164e-21 -2.82073e-06 -1.73707e-21 0)
(6.56656e-06 3.29528e-07 -1.57977e-21 -2.85753e-06 -6.1345e-22 0)
(6.63997e-06 2.73989e-07 1.42546e-21 -2.89008e-06 1.70268e-21 0)
(6.70287e-06 2.17742e-07 -1.58858e-21 -2.91806e-06 -6.26443e-22 0)
(6.75488e-06 1.613e-07 6.10136e-36 -2.94042e-06 -1.19278e-36 0)
(6.79552e-06 1.06058e-07 1.45885e-21 -2.9549e-06 1.63883e-21 0)
(6.82139e-06 5.51009e-08 -2.21701e-35 -2.95595e-06 -8.81724e-36 0)
(6.82972e-06 1.43167e-08 -5.59645e-36 -2.93592e-06 -4.41494e-36 0)
(4.26482e-06 5.96193e-07 -2.60945e-22 -1.81612e-06 1.04261e-21 0)
(4.4957e-06 5.90153e-07 -1.25677e-21 -1.92339e-06 -4.1291e-22 0)
(4.73052e-06 5.74364e-07 3.12666e-22 -2.02719e-06 -1.13962e-21 0)
(4.95528e-06 5.53657e-07 0 -2.12762e-06 0 0)
(5.17332e-06 5.26714e-07 2.55334e-21 -2.22357e-06 2.14624e-21 0)
(5.37951e-06 4.9673e-07 1.15486e-21 -2.31437e-06 1.70067e-21 0)
(5.57421e-06 4.63855e-07 -2.72113e-21 -2.39945e-06 -2.23873e-21 0)
(5.75549e-06 4.2951e-07 -1.23558e-21 -2.47852e-06 -1.7389e-21 0)
(5.92328e-06 3.94124e-07 1.2716e-21 -2.55142e-06 1.74733e-21 0)
(6.07696e-06 3.58278e-07 -8.8387e-36 -2.6181e-06 -1.1855e-35 0)
(6.21652e-06 3.22143e-07 1.60867e-21 -2.6786e-06 5.75037e-22 0)
(6.34183e-06 2.85775e-07 4.69014e-36 -2.73298e-06 5.99281e-36 0)
(6.45292e-06 2.49012e-07 -6.36543e-36 -2.7813e-06 1.85179e-36 0)
(6.54979e-06 2.11584e-07 -1.62257e-21 -2.8236e-06 -6.06166e-22 0)
(6.63234e-06 1.73211e-07 -6.23443e-36 -2.85982e-06 1.62472e-36 0)
(6.70057e-06 1.33748e-07 4.34982e-36 -2.88976e-06 9.41972e-36 0)
(6.75411e-06 9.36796e-08 -1.44996e-21 -2.91287e-06 -1.65618e-21 0)
(6.79317e-06 5.45739e-08 1.61336e-21 -2.92818e-06 6.28615e-22 0)
(6.81628e-06 2.02798e-08 1.61192e-21 -2.93305e-06 6.29661e-22 0)
(6.82365e-06 1.83406e-09 8.06056e-22 -2.92268e-06 6.27435e-22 0)
(3.85978e-06 2.0377e-07 -2.12494e-21 -1.67532e-06 -8.57839e-22 7.40339e-37)
(4.14459e-06 2.00972e-07 -8.89753e-22 -1.79506e-06 -7.42712e-22 -1.09533e-51)
(4.42638e-06 1.94527e-07 -9.50246e-22 -1.91301e-06 -7.75231e-22 -1.14329e-51)
(4.6971e-06 1.86985e-07 0 -2.02688e-06 0 0)
(4.95694e-06 1.77357e-07 1.06415e-21 -2.13595e-06 8.23285e-22 0)
(5.20203e-06 1.66866e-07 1.11676e-21 -2.23905e-06 8.39813e-22 -1.23853e-51)
(5.43213e-06 1.55467e-07 -1.16616e-21 -2.33578e-06 -8.51989e-22 -2.51298e-51)
(5.6456e-06 1.43667e-07 -1.21199e-21 -2.42562e-06 -8.60355e-22 8.7407e-66)
(5.84233e-06 1.31577e-07 1.25422e-21 -2.50841e-06 8.65322e-22 3.82846e-51)
(6.02179e-06 1.19387e-07 1.32862e-36 -2.58398e-06 -2.03514e-36 -6.00275e-66)
(6.18398e-06 1.07127e-07 0 -2.65232e-06 0 0)
(6.32875e-06 9.47906e-08 1.04743e-35 -2.71336e-06 3.97592e-36 1.17272e-65)
(6.45598e-06 8.22805e-08 1.63314e-35 -2.76708e-06 4.99896e-36 2.94894e-65)
(6.56541e-06 6.9457e-08 1.15038e-35 -2.81338e-06 2.07455e-36 1.2238e-65)
(6.65651e-06 5.61618e-08 1.63566e-35 -2.85207e-06 5.01145e-36 2.9563e-65)
(6.72881e-06 4.22788e-08 2.13051e-35 -2.88296e-06 7.88129e-36 4.64924e-65)
(6.78125e-06 2.79368e-08 -1.45579e-21 -2.90565e-06 -8.2606e-22 -2.4365e-51)
(6.81434e-06 1.37168e-08 0 -2.92021e-06 0 0)
(6.82721e-06 1.60611e-09 0 -2.92618e-06 0 0)
(6.82623e-06 -2.62582e-09 0 -2.92373e-06 0 0)
(7.61286e-06 5.64039e-07 2.94448e-21 -8.43954e-08 5.7615e-22 0)
(7.83817e-06 1.00038e-06 -3.93393e-22 -4.19335e-07 -1.28577e-22 0)
(8.25688e-06 1.44744e-06 -2.7161e-21 -9.65096e-07 -1.51178e-21 0)
(8.73748e-06 1.71661e-06 3.33583e-22 -1.64157e-06 2.29614e-22 0)
(9.24256e-06 1.81355e-06 -9.6405e-22 -2.37456e-06 -6.69477e-22 0)
(9.69829e-06 1.72384e-06 1.02449e-21 -3.09937e-06 1.11885e-21 0)
(1.00641e-05 1.46271e-06 3.45485e-21 -3.7616e-06 2.46367e-21 0)
(1.03014e-05 1.054e-06 -1.57421e-21 -4.3172e-06 -1.16648e-21 0)
(1.03972e-05 5.39917e-07 -2.32527e-21 -4.74172e-06 -1.7957e-21 0)
(1.03229e-05 -4.89172e-08 0 -4.96645e-06 0 0)
(7.21119e-06 5.06565e-07 9.08564e-23 -9.0559e-08 2.65038e-23 0)
(7.4265e-06 9.10994e-07 3.47168e-21 -4.02945e-07 1.33629e-21 0)
(7.81539e-06 1.35179e-06 3.74174e-21 -8.86962e-07 2.0614e-21 0)
(8.26936e-06 1.65433e-06 3.47519e-21 -1.48761e-06 2.31956e-21 0)
(8.766e-06 1.81897e-06 -8.55461e-22 -2.14786e-06 -6.065e-22 0)
(9.24189e-06 1.82417e-06 -4.33631e-21 -2.81559e-06 -3.5659e-21 0)
(9.66125e-06 1.67728e-06 -3.76924e-21 -3.44544e-06 -2.70607e-21 0)
(9.98005e-06 1.3892e-06 5.61073e-21 -3.9951e-06 4.40965e-21 0)
(1.01741e-05 9.95064e-07 -1.61142e-21 -4.44817e-06 -1.04491e-21 0)
(1.01928e-05 4.2498e-07 2.60283e-21 -4.76318e-06 2.07814e-21 0)
(6.85064e-06 4.45476e-07 -1.64846e-22 -1.00748e-07 -5.83306e-23 0)
(7.05949e-06 8.2461e-07 -3.03152e-21 -4.05283e-07 -1.12874e-21 0)
(7.41999e-06 1.25489e-06 -3.10736e-21 -8.50256e-07 -1.6658e-21 0)
(7.83752e-06 1.57389e-06 4.36084e-21 -1.39633e-06 2.86819e-21 0)
(8.30099e-06 1.77913e-06 3.88702e-21 -1.99954e-06 2.91566e-21 0)
(8.7567e-06 1.84457e-06 4.17573e-21 -2.61876e-06 3.40904e-21 0)
(9.17805e-06 1.77374e-06 -2.10381e-23 -3.21793e-06 3.37687e-24 0)
(9.53224e-06 1.57088e-06 -3.35254e-21 -3.76048e-06 -3.11212e-21 0)
(9.79793e-06 1.28307e-06 -5.28689e-24 -4.228e-06 8.68426e-24 0)
(9.95724e-06 8.24735e-07 8.54638e-22 -4.58462e-06 2.51597e-22 0)
(6.5212e-06 3.77223e-07 0 -1.12303e-07 0 0)
(6.72866e-06 7.34533e-07 9.95755e-22 -4.13638e-07 2.83002e-22 0)
(7.06945e-06 1.15438e-06 -1.11401e-21 -8.24921e-07 -7.28843e-22 0)
(7.45869e-06 1.48639e-06 -2.94822e-21 -1.31928e-06 -2.03314e-21 0)
(7.89506e-06 1.72805e-06 2.17433e-21 -1.86349e-06 1.64036e-21 0)
(8.33248e-06 1.8507e-06 -3.2442e-21 -2.42589e-06 -2.6227e-21 0)
(8.74811e-06 1.85374e-06 -1.28166e-21 -2.97831e-06 -1.30101e-21 0)
(9.11591e-06 1.73022e-06 3.76048e-21 -3.49257e-06 3.21352e-21 0)
(9.40468e-06 1.52101e-06 -1.59609e-23 -3.95282e-06 5.49601e-24 0)
(9.64149e-06 1.14419e-06 5.14778e-21 -4.34451e-06 4.45069e-21 0)
(6.21264e-06 3.00966e-07 1.12435e-21 -1.23885e-07 1.52289e-22 0)
(6.42084e-06 6.3877e-07 1.58535e-21 -4.28016e-07 6.07484e-22 0)
(6.7455e-06 1.04568e-06 0 -8.17114e-07 0 0)
(7.10801e-06 1.38171e-06 -1.80958e-21 -1.27279e-06 -1.20126e-21 0)
(7.51508e-06 1.64504e-06 -1.42531e-21 -1.77007e-06 -1.04455e-21 0)
(7.92846e-06 1.80659e-06 7.5589e-22 -2.28524e-06 6.23687e-22 0)
(8.32977e-06 1.86511e-06 -1.77847e-21 -2.79584e-06 -1.46367e-21 0)
(8.70351e-06 1.81043e-06 -1.25561e-21 -3.27983e-06 -8.91979e-22 0)
(9.00583e-06 1.67737e-06 -1.13999e-21 -3.71708e-06 -8.78559e-22 0)
(9.29185e-06 1.39682e-06 -5.6971e-21 -4.10129e-06 -4.46142e-21 0)
(5.92223e-06 2.17979e-07 -2.15478e-21 -1.35232e-07 -2.41464e-22 0)
(6.1335e-06 5.40473e-07 1.32736e-21 -4.44553e-07 4.57488e-22 0)
(6.44695e-06 9.36777e-07 3.89014e-21 -8.16122e-07 1.88682e-21 0)
(6.78766e-06 1.27561e-06 -1.27597e-21 -1.23789e-06 -7.79371e-22 0)
(7.16856e-06 1.55611e-06 -1.9361e-21 -1.69128e-06 -1.4611e-21 0)
(7.55738e-06 1.74914e-06 1.38815e-21 -2.15944e-06 1.17874e-21 0)
(7.93808e-06 1.85178e-06 1.59283e-21 -2.62536e-06 1.36267e-21 0)
(8.3053e-06 1.85188e-06 7.79018e-22 -3.07475e-06 7.34893e-22 0)
(8.60656e-06 1.77543e-06 3.06313e-21 -3.48752e-06 2.46687e-21 0)
(8.91852e-06 1.57752e-06 -2.11287e-21 -3.85868e-06 -1.88368e-21 0)
(5.64367e-06 1.27209e-07 0 -1.46314e-07 0 0)
(5.85924e-06 4.37118e-07 -5.6734e-22 -4.63543e-07 -3.96926e-22 0)
(6.16444e-06 8.23638e-07 1.45533e-21 -8.23755e-07 7.45233e-22 0)
(6.48649e-06 1.16267e-06 1.21899e-21 -1.21938e-06 7.18819e-22 0)
(6.84357e-06 1.45444e-06 -3.95333e-21 -1.63677e-06 -2.81493e-21 0)
(7.20878e-06 1.67092e-06 -1.38445e-21 -2.06444e-06 -1.10056e-21 0)
(7.56808e-06 1.80837e-06 3.8001e-21 -2.48923e-06 3.2536e-21 0)
(7.92425e-06 1.85547e-06 -2.45195e-21 -2.90213e-06 -2.21506e-21 0)
(8.21869e-06 1.82798e-06 1.10223e-21 -3.284e-06 7.67004e-22 0)
(8.53822e-06 1.70224e-06 6.72877e-21 -3.62867e-06 5.98486e-21 0)
(5.37451e-06 2.95996e-08 9.2546e-22 -1.56829e-07 6.21758e-24 0)
(5.5954e-06 3.30158e-07 -1.86375e-22 -4.83134e-07 -1.41095e-22 0)
(5.89507e-06 7.09362e-07 6.00884e-24 -8.35223e-07 6.55275e-24 0)
(6.20155e-06 1.04861e-06 3.97377e-22 -1.20876e-06 3.35403e-22 0)
(6.53739e-06 1.34888e-06 -2.27824e-21 -1.59411e-06 -1.76883e-21 0)
(6.87994e-06 1.5834e-06 1.37389e-22 -1.9845e-06 1.68515e-25 0)
(7.21712e-06 1.74733e-06 -1.53936e-23 -2.37063e-06 -1.38297e-23 0)
(7.55798e-06 1.8315e-06 -4.71001e-21 -2.74802e-06 -4.23661e-21 0)
(7.84222e-06 1.84305e-06 -4.30175e-21 -3.09997e-06 -3.62864e-21 0)
(8.15879e-06 1.77724e-06 2.64198e-21 -3.41593e-06 2.52958e-21 0)
(5.11109e-06 -7.52613e-08 1.2205e-22 -1.67043e-07 9.26903e-23 0)
(5.33796e-06 2.18539e-07 -4.60061e-22 -5.03741e-07 2.28478e-22 0)
(5.63401e-06 5.92445e-07 -1.05482e-21 -8.51086e-07 -4.0928e-22 0)
(5.92724e-06 9.31928e-07 3.40218e-21 -1.20691e-06 1.88694e-21 0)
(6.24424e-06 1.23844e-06 9.50722e-22 -1.56496e-06 8.40082e-22 0)
(6.56579e-06 1.48686e-06 -4.4695e-21 -1.92222e-06 -3.57839e-21 0)
(6.88197e-06 1.67147e-06 3.42561e-21 -2.27274e-06 2.9978e-21 0)
(7.20574e-06 1.78569e-06 2.26339e-21 -2.61516e-06 2.1389e-21 0)
(7.4781e-06 1.82946e-06 -4.13926e-21 -2.93632e-06 -3.50714e-21 0)
(7.78488e-06 1.81215e-06 -7.81623e-21 -3.22178e-06 -7.07406e-21 0)
(4.85129e-06 -1.86901e-07 1.79756e-22 -1.76856e-07 1.46466e-22 0)
(5.08459e-06 1.02802e-07 2.42754e-21 -5.24705e-07 7.47726e-22 0)
(5.3784e-06 4.73939e-07 2.76152e-21 -8.69388e-07 8.52428e-22 0)
(5.66e-06 8.14488e-07 -2.18809e-21 -1.21009e-06 -1.17393e-21 0)
(5.95993e-06 1.12596e-06 2.43645e-21 -1.54378e-06 2.18341e-21 0)
(6.26174e-06 1.3849e-06 1.0937e-21 -1.87082e-06 9.74195e-22 0)
(6.55808e-06 1.58497e-06 2.75243e-21 -2.1886e-06 2.37858e-21 0)
(6.86403e-06 1.72234e-06 7.86746e-21 -2.49806e-06 7.17533e-21 0)
(7.12421e-06 1.79202e-06 2.34829e-21 -2.7897e-06 1.97915e-21 0)
(7.41796e-06 1.81322e-06 -2.58219e-21 -3.04572e-06 -2.64299e-21 0)
(4.59289e-06 -3.05454e-07 -2.96045e-22 -1.86592e-07 -2.56322e-22 0)
(4.83292e-06 -1.72962e-08 2.2112e-21 -5.46457e-07 -1.31909e-22 0)
(5.12523e-06 3.53624e-07 1.65388e-21 -8.90228e-07 3.80158e-22 0)
(5.39603e-06 6.96287e-07 -2.74512e-21 -1.21773e-06 -1.25979e-21 0)
(5.68007e-06 1.01184e-06 -3.162e-21 -1.52937e-06 -2.31387e-21 0)
(5.96327e-06 1.27862e-06 4.08572e-21 -1.82853e-06 3.36666e-21 0)
(6.24118e-06 1.49007e-06 2.54589e-21 -2.11585e-06 2.20867e-21 0)
(6.52948e-06 1.64487e-06 2.1124e-21 -2.39399e-06 1.79641e-21 0)
(6.77779e-06 1.73494e-06 2.28044e-21 -2.65703e-06 1.88622e-21 0)
(7.05737e-06 1.78587e-06 -8.38349e-27 -2.88521e-06 -6.73014e-27 0)
(4.33446e-06 -4.30737e-07 -1.74519e-21 -1.96509e-07 1.39697e-22 0)
(4.58134e-06 -1.41154e-07 -2.23812e-21 -5.6927e-07 -5.88072e-22 0)
(4.87212e-06 2.32479e-07 -9.32915e-22 -9.13169e-07 -2.79438e-22 0)
(5.13195e-06 5.78561e-07 -9.88935e-22 -1.22821e-06 -4.83751e-22 0)
(5.40039e-06 8.97409e-07 -3.5526e-21 -1.51888e-06 -2.66135e-21 0)
(5.66561e-06 1.16938e-06 -2.26846e-21 -1.79164e-06 -1.76671e-21 0)
(5.9263e-06 1.38822e-06 1.83623e-21 -2.05036e-06 1.6213e-21 0)
(6.19775e-06 1.55504e-06 1.9107e-21 -2.2991e-06 1.87723e-21 0)
(6.43511e-06 1.66029e-06 3.50969e-21 -2.53497e-06 3.58031e-21 0)
(6.70093e-06 1.73331e-06 6.4309e-22 -2.73753e-06 7.75118e-22 0)
(4.07531e-06 -5.62937e-07 9.44381e-22 -2.07536e-07 -4.68187e-24 0)
(4.32881e-06 -2.68228e-07 9.88705e-22 -5.94068e-07 1.72895e-22 0)
(4.61674e-06 1.11438e-07 -6.14161e-22 -9.38114e-07 2.71078e-23 0)
(4.8641e-06 4.62358e-07 9.43936e-24 -1.23988e-06 8.21376e-24 0)
(5.11615e-06 7.83579e-07 -2.52357e-21 -1.50931e-06 -1.74478e-21 0)
(5.36357e-06 1.05799e-06 -1.06933e-21 -1.75617e-06 -9.09183e-22 0)
(5.60814e-06 1.28029e-06 1.5587e-21 -1.98749e-06 1.50965e-21 0)
(5.86399e-06 1.45399e-06 7.94309e-28 -2.20846e-06 6.28323e-28 0)
(6.09188e-06 1.5693e-06 1.57043e-27 -2.41866e-06 1.19875e-27 0)
(6.3455e-06 1.65754e-06 9.15678e-22 -2.59801e-06 2.16499e-22 0)
(3.81574e-06 -7.02159e-07 0 -2.20957e-07 0 0)
(4.07506e-06 -3.96298e-07 1.66888e-22 -6.22582e-07 1.70735e-22 0)
(4.3569e-06 -6.62374e-09 2.72207e-22 -9.65848e-07 2.67148e-22 0)
(4.58854e-06 3.50205e-07 9.00952e-22 -1.25227e-06 4.07328e-22 0)
(4.82216e-06 6.71867e-07 4.63221e-22 -1.49896e-06 4.02193e-22 0)
(5.05137e-06 9.44983e-07 1.48956e-23 -1.71967e-06 1.21127e-23 0)
(5.28081e-06 1.16606e-06 6.27986e-22 -1.92439e-06 4.88511e-22 0)
(5.52277e-06 1.34114e-06 -1.17035e-21 -2.11919e-06 -1.15053e-21 0)
(5.74325e-06 1.46114e-06 -1.52923e-21 -2.3054e-06 -1.09354e-21 0)
(5.98712e-06 1.55817e-06 2.14798e-21 -2.46411e-06 2.02038e-21 0)
(3.55896e-06 -8.48933e-07 0 -2.41018e-07 0 0)
(3.82142e-06 -5.22815e-07 0 -6.57587e-07 0 0)
(4.08974e-06 -1.18569e-07 -8.04585e-22 -9.95077e-07 -8.21897e-22 0)
(4.29962e-06 2.44602e-07 0 -1.26023e-06 0 0)
(4.51126e-06 5.63651e-07 -2.77608e-21 -1.48037e-06 -1.97623e-21 0)
(4.72162e-06 8.30625e-07 1.18699e-21 -1.67353e-06 9.23321e-22 0)
(4.93722e-06 1.04499e-06 3.74989e-21 -1.85212e-06 3.35278e-21 0)
(5.16776e-06 1.21553e-06 2.59479e-21 -2.02253e-06 2.87133e-21 0)
(5.38386e-06 1.33454e-06 -1.24256e-21 -2.18703e-06 -1.31617e-21 0)
(5.62158e-06 1.43408e-06 -4.59722e-21 -2.32822e-06 -4.69771e-21 0)
(3.31077e-06 -1.00326e-06 -5.23214e-23 -2.72346e-07 -7.35115e-23 0)
(3.57003e-06 -6.38253e-07 2.06461e-21 -7.03955e-07 -4.30235e-22 0)
(3.81141e-06 -2.14768e-07 5.03432e-22 -1.02811e-06 5.51922e-22 0)
(3.99042e-06 1.51831e-07 2.08429e-23 -1.26516e-06 1.6531e-23 0)
(4.17519e-06 4.61253e-07 -1.70792e-21 -1.45424e-06 -1.11812e-21 0)
(4.366e-06 7.14117e-07 -3.83143e-21 -1.61849e-06 -3.07338e-21 0)
(4.56969e-06 9.14127e-07 4.24452e-21 -1.77161e-06 3.69878e-21 0)
(4.79226e-06 1.07291e-06 7.53411e-22 -1.91968e-06 4.6863e-22 0)
(5.00811e-06 1.18447e-06 2.51131e-21 -2.06504e-06 1.48909e-21 0)
(5.24433e-06 1.28016e-06 1.16799e-21 -2.19196e-06 1.35742e-21 0)
(3.08956e-06 -1.16314e-06 -5.95273e-22 -3.35757e-07 4.20146e-22 0)
(3.3266e-06 -7.33989e-07 -1.92898e-21 -7.69471e-07 5.95622e-22 0)
(3.51298e-06 -2.87998e-07 7.2987e-22 -1.05543e-06 8.71154e-22 0)
(3.64692e-06 7.50341e-08 3.17713e-22 -1.24731e-06 -4.42652e-22 0)
(3.79965e-06 3.65105e-07 1.51164e-21 -1.39747e-06 1.14655e-21 0)
(3.97204e-06 5.93739e-07 -2.88473e-21 -1.53117e-06 -2.26362e-21 0)
(4.16798e-06 7.70608e-07 2.43277e-23 -1.66081e-06 1.78864e-23 0)
(4.38828e-06 9.09874e-07 2.67493e-21 -1.79039e-06 2.55405e-21 0)
(4.61008e-06 1.00733e-06 -8.85682e-22 -1.92138e-06 -4.57907e-22 0)
(4.8514e-06 1.09277e-06 -9.27913e-22 -2.03938e-06 -4.54169e-22 0)
(2.9229e-06 -1.30759e-06 3.78524e-30 -4.44753e-07 -5.63256e-30 0)
(3.09143e-06 -7.66108e-07 1.46668e-22 -8.60753e-07 4.66009e-22 0)
(3.18088e-06 -3.07433e-07 8.40036e-22 -1.08139e-06 -1.405e-21 0)
(3.25283e-06 2.69864e-08 -3.73649e-22 -1.21707e-06 -3.4251e-22 0)
(3.37028e-06 2.75313e-07 -2.01358e-21 -1.32466e-06 -1.46481e-21 0)
(3.52777e-06 4.62485e-07 0 -1.42929e-06 0 0)
(3.72283e-06 6.03528e-07 -1.57563e-21 -1.53908e-06 -8.10592e-22 0)
(3.94884e-06 7.13467e-07 8.38986e-22 -1.65474e-06 1.02948e-21 0)
(4.18483e-06 7.89284e-07 1.79966e-21 -1.77587e-06 2.32801e-21 0)
(4.43943e-06 8.57732e-07 -9.7659e-22 -1.88963e-06 -1.3722e-21 0)
(2.92206e-06 -1.37416e-06 -1.89781e-21 -7.1051e-07 2.1991e-21 0)
(2.84617e-06 -7.15229e-07 1.12493e-21 -9.76401e-07 -8.4865e-22 0)
(2.76793e-06 -2.67805e-07 1.61834e-21 -1.04714e-06 -1.78805e-23 0)
(2.76429e-06 2.49114e-09 -5.88694e-22 -1.09509e-06 1.58585e-22 0)
(2.85557e-06 1.87081e-07 -1.10846e-21 -1.15875e-06 -7.87534e-22 0)
(3.01234e-06 3.16411e-07 -7.13126e-22 -1.24145e-06 -3.38108e-22 0)
(3.22078e-06 4.1078e-07 0 -1.34189e-06 0 0)
(3.46598e-06 4.83245e-07 -9.70315e-22 -1.45465e-06 -3.7022e-22 0)
(3.72805e-06 5.31577e-07 1.05467e-21 -1.57694e-06 3.78615e-22 0)
(4.00684e-06 5.77368e-07 -6.12175e-27 -1.69727e-06 -2.09049e-27 0)
(3.24739e-06 -7.9327e-07 7.29843e-23 -1.15309e-06 -6.42043e-22 -2.13386e-36)
(2.49467e-06 -3.21712e-07 1.71874e-21 -1.05387e-06 -7.33524e-22 2.43347e-36)
(2.23277e-06 -1.0593e-07 -2.661e-22 -9.75594e-07 4.00724e-22 1.31177e-36)
(2.15225e-06 -2.81568e-09 7.5903e-22 -9.51826e-07 2.5084e-22 2.66211e-37)
(2.24029e-06 6.32434e-08 -1.45724e-22 -9.91002e-07 9.01896e-23 -9.5247e-38)
(2.41474e-06 1.07493e-07 -1.26428e-21 -1.06555e-06 -4.69219e-22 4.72317e-37)
(2.65432e-06 1.39504e-07 1.9794e-24 -1.167e-06 6.49588e-25 9.6001e-43)
(2.93497e-06 1.64295e-07 -1.09179e-21 -1.28511e-06 -1.65429e-22 1.57354e-37)
(3.23747e-06 1.80641e-07 6.45071e-22 -1.41374e-06 5.46455e-22 -2.01184e-39)
(3.55389e-06 1.9708e-07 -1.81042e-21 -1.54566e-06 2.28499e-22 -3.99087e-37)
)
;

boundaryField
{
    left
    {
        type            calculated;
        value           nonuniform List<symmTensor> 
30
(
(7.57421e-06 2.41134e-07 2.94448e-21 -8.43954e-08 5.7615e-22 0)
(7.17005e-06 2.14201e-07 9.08564e-23 -9.0559e-08 2.65038e-23 0)
(6.80673e-06 1.78712e-07 -1.64846e-22 -1.00748e-07 -5.83306e-23 0)
(6.47373e-06 1.30398e-07 0 -1.12303e-07 0 0)
(6.16151e-06 7.01126e-08 1.12435e-21 -1.23885e-07 1.52289e-22 0)
(5.8673e-06 -5.00195e-10 -2.15478e-21 -1.35232e-07 -2.41464e-22 0)
(5.58499e-06 -8.17996e-08 0 -1.46314e-07 0 0)
(5.31214e-06 -1.72373e-07 9.2546e-22 -1.56829e-07 6.21758e-24 0)
(5.04511e-06 -2.72277e-07 1.2205e-22 -1.67043e-07 9.26903e-23 0)
(4.78175e-06 -3.80704e-07 1.79756e-22 -1.76856e-07 1.46466e-22 0)
(4.51978e-06 -4.9757e-07 -2.96045e-22 -1.86592e-07 -2.56322e-22 0)
(4.25767e-06 -6.22545e-07 -1.74519e-21 -1.96509e-07 1.39697e-22 0)
(3.99447e-06 -7.55766e-07 9.44381e-22 -2.07536e-07 -4.68187e-24 0)
(3.73016e-06 -8.97832e-07 0 -2.20957e-07 0 0)
(3.46721e-06 -1.04993e-06 0 -2.41018e-07 0 0)
(3.21123e-06 -1.21602e-06 -5.23214e-23 -2.72346e-07 -7.35115e-23 0)
(2.98262e-06 -1.39783e-06 -5.95273e-22 -3.35757e-07 4.20146e-22 0)
(2.82609e-06 -1.59761e-06 3.78524e-30 -4.44753e-07 -5.63256e-30 0)
(2.95542e-06 -1.76868e-06 -1.89781e-21 -7.1051e-07 2.1991e-21 0)
(3.84105e-06 -1.48416e-06 7.10523e-23 -1.15309e-06 -6.42043e-22 -2.13386e-36)
(2.83166e-05 5.32794e-06 7.61003e-21 -8.41719e-06 9.79501e-22 -5.52106e-36)
(1.94744e-05 2.8276e-06 -1.12014e-21 -3.78937e-06 -1.93633e-21 0)
(1.56912e-05 1.28784e-06 5.06821e-21 -1.58503e-06 2.15032e-21 0)
(1.34365e-05 5.16336e-07 2.60989e-22 -7.81201e-07 3.65747e-22 0)
(1.19187e-05 2.89729e-07 8.91775e-27 -3.67365e-07 8.29565e-27 0)
(1.07641e-05 2.00963e-07 4.84705e-21 -2.01087e-07 8.69698e-22 0)
(9.87425e-06 2.03953e-07 7.52875e-23 -1.12979e-07 2.22374e-23 0)
(9.14613e-06 2.20279e-07 3.71441e-21 -8.32789e-08 7.02697e-22 0)
(8.54523e-06 2.35437e-07 -4.11573e-23 -7.03574e-08 -3.0498e-24 0)
(8.01823e-06 2.50969e-07 -6.2432e-23 -7.54679e-08 -1.31229e-23 0)
)
;
    }
    right
    {
        type            calculated;
        value           nonuniform List<symmTensor> 
30
(
(6.82383e-06 -1.29933e-12 -1.11052e-27 -2.92227e-06 -3.92351e-21 -8.55886e-36)
(6.82296e-06 -1.05747e-12 -1.17928e-27 -2.92025e-06 2.75435e-21 1.06222e-36)
(6.83173e-06 -9.20029e-13 1.97278e-31 -2.94071e-06 3.60025e-24 -2.90687e-42)
(6.85423e-06 -8.55543e-13 -7.88116e-28 -2.9932e-06 -7.77046e-21 -1.42396e-35)
(6.88783e-06 -8.10248e-13 -1.98926e-28 -3.07161e-06 5.9068e-21 -6.167e-36)
(6.93028e-06 -7.75889e-13 6.08872e-28 -3.17066e-06 1.2358e-21 3.78835e-38)
(6.9778e-06 -7.48284e-13 2.94268e-28 -3.28153e-06 6.46163e-22 7.78331e-39)
(7.02695e-06 -7.23745e-13 8.54623e-28 -3.39621e-06 2.01408e-21 6.16983e-38)
(7.07438e-06 -7.02645e-13 -3.31754e-28 -3.50688e-06 -4.49384e-21 -4.5476e-36)
(7.11701e-06 -6.86321e-13 -5.28552e-28 -3.60635e-06 -1.4284e-21 -1.26166e-38)
(7.15196e-06 -6.6577e-13 -1.09974e-29 -3.68791e-06 -1.29274e-23 2.40345e-40)
(7.17793e-06 -6.41661e-13 -1.0555e-42 -3.74851e-06 -1.472e-35 -4.90391e-65)
(7.19549e-06 -6.25118e-13 -2.68398e-28 -3.78948e-06 -8.13518e-22 -3.82028e-51)
(7.20497e-06 -6.19372e-13 -2.65931e-28 -3.8116e-06 -8.18266e-22 0)
(7.20484e-06 -6.22143e-13 5.34242e-28 -3.81129e-06 1.6364e-21 0)
(7.19577e-06 -6.21485e-13 -9.34561e-43 -3.79014e-06 -8.46152e-36 -1.61476e-65)
(7.17917e-06 -6.13154e-13 -1.82668e-42 -3.7514e-06 -1.67113e-35 -6.3943e-65)
(7.15499e-06 -6.11241e-13 2.6244e-28 -3.69499e-06 7.93233e-22 -3.88878e-66)
(7.12463e-06 -6.257e-13 -2.68648e-28 -3.62413e-06 -7.78021e-22 -3.46215e-51)
(7.08927e-06 -6.44673e-13 -9.2865e-43 -3.54163e-06 -8.02985e-36 -1.55769e-65)
(7.05049e-06 -6.56223e-13 -1.94126e-42 -3.45114e-06 -5.10463e-36 0)
(7.00994e-06 -6.71545e-13 -1.98658e-42 -3.35652e-06 -4.96468e-36 0)
(6.96942e-06 -7.00318e-13 -1.03585e-42 -3.26198e-06 -2.41242e-36 0)
(6.93076e-06 -7.35802e-13 1.14498e-42 -3.17178e-06 -3.02799e-36 2.79753e-67)
(6.89587e-06 -7.71798e-13 3.51921e-42 -3.09036e-06 -4.01637e-36 1.67018e-65)
(6.86642e-06 -8.15337e-13 4.85098e-42 -3.02164e-06 3.43193e-36 2.4046e-65)
(6.84413e-06 -8.78476e-13 3.8981e-42 -2.96963e-06 6.58864e-36 2.48995e-79)
(6.82968e-06 -9.60638e-13 -2.88915e-42 -2.93592e-06 -4.41494e-36 0)
(6.824e-06 -1.1007e-12 4.72591e-28 -2.92268e-06 6.27435e-22 0)
(6.82446e-06 -1.29864e-12 0 -2.92373e-06 0 0)
)
;
    }
    down
    {
        type            calculated;
        value           nonuniform List<symmTensor> 
30
(
(-2.94145e-08 1.28874e-12 -5.05669e-21 1.26062e-08 2.08367e-27 -2.13143e-37)
(2.73907e-08 1.05776e-12 -2.77679e-22 -1.17389e-08 1.17709e-27 -3.22089e-37)
(3.12727e-07 9.19537e-13 -3.54428e-21 -1.34026e-07 -5.36086e-28 2.02446e-36)
(7.63988e-07 8.40472e-13 0 -3.27423e-07 0 0)
(1.2846e-06 7.7678e-13 -4.69247e-22 -5.50543e-07 -8.62958e-28 -2.50895e-37)
(1.82921e-06 7.41096e-13 -4.86172e-21 -7.83947e-07 -5.90128e-29 6.55127e-37)
(2.36162e-06 7.1827e-13 1.09403e-21 -1.01212e-06 7.9709e-28 -2.1793e-37)
(2.86931e-06 7.05989e-13 -3.22583e-21 -1.22971e-06 3.29742e-28 -1.31283e-36)
(3.33528e-06 7.03404e-13 2.61259e-21 -1.42941e-06 4.2158e-28 9.58706e-37)
(3.76703e-06 7.05922e-13 4.91644e-21 -1.61444e-06 9.40714e-29 1.33463e-36)
(4.1556e-06 7.0591e-13 3.80474e-21 -1.78097e-06 8.13574e-28 1.51317e-36)
(4.49447e-06 7.00485e-13 3.03541e-21 -1.9262e-06 6.0994e-29 6.32448e-37)
(4.80565e-06 7.02103e-13 -2.4076e-21 -2.05956e-06 -1.13763e-27 -2.37429e-36)
(5.08552e-06 7.11785e-13 -1.38029e-21 -2.17951e-06 -3.94585e-28 -3.72322e-38)
(5.33801e-06 7.23239e-13 -4.40019e-21 -2.28772e-06 -8.95154e-29 1.61827e-36)
(5.5643e-06 7.32586e-13 0 -2.3847e-06 0 0)
(5.76717e-06 7.42069e-13 0 -2.47165e-06 0 0)
(5.94804e-06 7.50547e-13 1.62676e-21 -2.54916e-06 4.16091e-28 -2.87033e-38)
(6.109e-06 7.56916e-13 1.46318e-21 -2.61814e-06 3.25567e-29 2.02155e-37)
(6.25131e-06 7.66138e-13 3.42883e-21 -2.67913e-06 8.49503e-28 -9.8597e-38)
(6.37635e-06 7.80441e-13 4.43561e-21 -2.73272e-06 9.71971e-29 1.89546e-36)
(6.48502e-06 7.95488e-13 -1.48906e-21 -2.77929e-06 -3.10747e-29 2.14167e-37)
(6.57807e-06 8.0894e-13 4.50303e-21 -2.81917e-06 8.90242e-29 1.95549e-36)
(6.65599e-06 8.25629e-13 -5.50265e-21 -2.85257e-06 -1.37315e-27 -1.45556e-37)
(6.71897e-06 8.51632e-13 3.26127e-22 -2.87956e-06 4.44715e-28 -6.10596e-37)
(6.76736e-06 8.88392e-13 -3.24513e-29 -2.9003e-06 -8.54975e-36 -3.47528e-54)
(6.80099e-06 9.36517e-13 -1.88079e-21 -2.91471e-06 -5.19161e-28 -9.12588e-39)
(6.82109e-06 1.00722e-12 1.88864e-21 -2.92333e-06 5.58337e-28 -6.6072e-39)
(6.82758e-06 1.14681e-12 9.40396e-22 -2.9261e-06 -1.2188e-27 -3.20505e-36)
(6.82539e-06 1.32915e-12 -4.41983e-21 -2.92517e-06 -2.26233e-27 -8.55886e-36)
)
;
    }
    up
    {
        type            calculated;
        value           nonuniform List<symmTensor> 
30
(
(3.24739e-06 5.49228e-13 7.29843e-23 -1.39174e-06 2.44325e-28 -2.13386e-36)
(2.49467e-06 3.3183e-13 1.71874e-21 -1.06914e-06 6.51043e-28 2.43347e-36)
(2.23277e-06 3.17475e-13 -2.661e-22 -9.56903e-07 -4.88656e-28 1.31177e-36)
(2.15225e-06 3.34645e-13 7.5903e-22 -9.22391e-07 1.844e-29 2.66211e-37)
(2.24029e-06 3.5992e-13 -1.45724e-22 -9.60125e-07 2.44567e-28 -9.5247e-38)
(2.41474e-06 3.86474e-13 -1.26428e-21 -1.03489e-06 -5.44945e-29 4.72317e-37)
(2.65432e-06 4.21391e-13 1.9794e-24 -1.13756e-06 3.23145e-32 9.6001e-43)
(2.93497e-06 4.65489e-13 -1.09179e-21 -1.25784e-06 8.40326e-29 1.57354e-37)
(3.23747e-06 5.13153e-13 6.45071e-22 -1.38749e-06 2.00988e-28 -2.01184e-39)
(3.55389e-06 5.60473e-13 -1.81042e-21 -1.5231e-06 3.56346e-28 -3.99087e-37)
(3.85978e-06 5.98071e-13 -2.12494e-21 -1.65419e-06 -1.76744e-28 7.40339e-37)
(4.14459e-06 6.22177e-13 -8.89753e-22 -1.77625e-06 -2.67135e-28 -1.09533e-51)
(4.42638e-06 6.47048e-13 -9.50246e-22 -1.89702e-06 -2.77814e-28 -1.14329e-51)
(4.6971e-06 6.7713e-13 0 -2.01304e-06 0 0)
(4.95694e-06 6.99428e-13 1.06415e-21 -2.1244e-06 3.00304e-28 0)
(5.20203e-06 7.0796e-13 1.11676e-21 -2.22944e-06 3.03967e-28 -1.23853e-51)
(5.43213e-06 7.17361e-13 -1.16616e-21 -2.32805e-06 -3.08003e-28 -2.51298e-51)
(5.6456e-06 7.39401e-13 -1.21199e-21 -2.41954e-06 -3.17466e-28 8.7407e-66)
(5.84233e-06 7.57079e-13 1.25422e-21 -2.50386e-06 3.25056e-28 3.82846e-51)
(6.02179e-06 7.61465e-13 1.32862e-36 -2.58077e-06 -1.25782e-42 -6.00275e-66)
(6.18398e-06 7.77681e-13 0 -2.65028e-06 0 0)
(6.32875e-06 8.0297e-13 1.04743e-35 -2.71232e-06 1.08414e-42 1.17272e-65)
(6.45598e-06 8.09023e-13 1.63314e-35 -2.76685e-06 9.90496e-43 2.94894e-65)
(6.56541e-06 8.23789e-13 1.15038e-35 -2.81375e-06 -1.89941e-43 1.2238e-65)
(6.65651e-06 8.50272e-13 1.63566e-35 -2.85279e-06 1.09905e-42 2.9563e-65)
(6.72881e-06 8.72211e-13 2.13051e-35 -2.88377e-06 2.41791e-42 4.64924e-65)
(6.78125e-06 9.10629e-13 -1.45579e-21 -2.90625e-06 -3.90984e-28 -2.4365e-51)
(6.81434e-06 9.67361e-13 0 -2.92043e-06 0 0)
(6.82721e-06 1.09147e-12 0 -2.92595e-06 0 0)
(6.82623e-06 1.293e-12 0 -2.92553e-06 0 0)
)
;
    }
    hole
    {
        type            calculated;
        value           nonuniform List<symmTensor> 
20
(
(4.15844e-06 -8.66454e-06 -6.83173e-21 2.79463e-06 6.3152e-21 2.31715e-36)
(6.45821e-06 -9.91369e-06 -7.91385e-21 1.6981e-06 6.23879e-21 7.75411e-37)
(9.13051e-06 -1.07777e-05 0 2.0203e-07 0 0)
(1.20595e-05 -1.11463e-05 -5.18519e-21 -1.60137e-06 2.89144e-21 -1.6878e-37)
(1.50836e-05 -1.09293e-05 -2.63096e-21 -3.58528e-06 1.21289e-21 -2.08841e-36)
(1.80707e-05 -1.01137e-05 -1.00164e-20 -5.61248e-06 3.6815e-21 -4.97288e-36)
(2.08044e-05 -8.67793e-06 1.60051e-20 -7.51762e-06 -4.51394e-21 1.75061e-35)
(2.33095e-05 -6.73794e-06 2.47846e-20 -9.2239e-06 -4.93001e-21 1.02784e-36)
(2.52165e-05 -4.28949e-06 1.21764e-20 -1.0517e-05 -1.44119e-21 -3.12936e-36)
(2.69299e-05 -1.51262e-06 7.51002e-21 -1.15074e-05 -2.95085e-22 -5.52106e-36)
(3.008e-09 3.94068e-10 -2.24755e-22 -7.03921e-09 5.72005e-21 -2.13143e-37)
(3.14467e-09 1.28133e-09 -4.99316e-22 -7.53953e-09 4.21862e-21 5.77383e-36)
(-9.02107e-08 -6.58992e-08 2.18583e-23 2.2797e-07 -1.09892e-22 -1.35583e-37)
(-2.64316e-07 -3.05114e-07 1.09303e-21 7.31474e-07 -3.87557e-21 5.07365e-36)
(-4.42083e-07 -7.96637e-07 -2.94862e-21 1.42339e-06 7.99549e-21 1.12403e-35)
(-5.22467e-07 -1.59268e-06 2.09613e-21 2.19808e-06 -4.54686e-21 -1.77913e-35)
(-3.86961e-07 -2.69346e-06 2.89283e-21 2.91413e-06 -5.16015e-21 3.59714e-37)
(7.6024e-08 -4.05559e-06 8.19421e-21 3.43576e-06 -1.22635e-20 2.12021e-35)
(9.57425e-07 -5.58953e-06 -3.47393e-22 3.64126e-06 4.40668e-22 -1.94435e-35)
(2.31388e-06 -7.174e-06 -6.73237e-22 3.44307e-06 7.28303e-22 2.11857e-38)
)
;
    }
    frontAndBack
    {
        type            empty;
    }
}


// ************************************************************************* //
