/*--------------------------------*- C++ -*----------------------------------*\
  =========                 |
  \\      /  F ield         | OpenFOAM: The Open Source CFD Toolbox
   \\    /   O peration     | Website:  https://openfoam.org
    \\  /    A nd           | Version:  9
     \\/     M anipulation  |
\*---------------------------------------------------------------------------*/
FoamFile
{
    format      ascii;
    class       pointVectorField;
    location    "1";
    object      pointD;
}
// * * * * * * * * * * * * * * * * * * * * * * * * * * * * * * * * * * * * * //

dimensions      [0 1 0 0 0 0 0];

internalField   nonuniform List<vector> 
2142
(
(7.41132e-07 2.18455e-07 -1.01995e-20)
(6.86953e-07 2.52674e-07 0)
(6.49088e-07 2.77093e-07 0)
(6.21538e-07 2.96942e-07 0)
(6.01715e-07 3.13212e-07 0)
(5.87656e-07 3.27226e-07 0)
(5.77957e-07 3.39552e-07 0)
(5.71629e-07 3.50695e-07 0)
(5.67906e-07 3.60954e-07 0)
(5.66233e-07 3.70537e-07 0)
(5.66581e-07 3.80937e-07 0)
(6.77198e-07 2.00447e-07 -1.12725e-20)
(6.19853e-07 2.27408e-07 0)
(5.80106e-07 2.4641e-07 0)
(5.51356e-07 2.61996e-07 0)
(5.30722e-07 2.74742e-07 0)
(5.16062e-07 2.8577e-07 0)
(5.05855e-07 2.95477e-07 0)
(4.99052e-07 3.04287e-07 0)
(4.94825e-07 3.124e-07 0)
(4.92596e-07 3.20064e-07 0)
(4.82769e-07 3.20417e-07 0)
(6.10671e-07 1.82734e-07 -1.20247e-20)
(5.51769e-07 2.01614e-07 0)
(5.11194e-07 2.14786e-07 0)
(4.8201e-07 2.25911e-07 0)
(4.61141e-07 2.35075e-07 0)
(4.46323e-07 2.43141e-07 0)
(4.35955e-07 2.50298e-07 0)
(4.2894e-07 2.5686e-07 0)
(4.24425e-07 2.62914e-07 0)
(4.21788e-07 2.68698e-07 0)
(4.12979e-07 2.6807e-07 0)
(5.41818e-07 1.65473e-07 -1.23279e-20)
(4.83102e-07 1.75805e-07 0)
(4.42844e-07 1.82948e-07 0)
(4.14062e-07 1.89567e-07 0)
(3.93594e-07 1.95209e-07 0)
(3.79107e-07 2.00441e-07 0)
(3.68965e-07 2.05217e-07 0)
(3.62049e-07 2.0972e-07 0)
(3.57508e-07 2.13921e-07 0)
(3.54711e-07 2.18e-07 0)
(3.47098e-07 2.16707e-07 0)
(4.70884e-07 1.48756e-07 -1.20986e-20)
(4.14135e-07 1.50464e-07 0)
(3.75391e-07 1.51619e-07 0)
(3.47906e-07 1.53861e-07 0)
(3.28521e-07 1.56177e-07 0)
(3.14891e-07 1.58811e-07 0)
(3.05384e-07 1.6146e-07 0)
(2.9889e-07 1.64161e-07 0)
(2.94586e-07 1.66766e-07 0)
(2.91852e-07 1.69378e-07 0)
(2.85492e-07 1.67713e-07 0)
(3.98201e-07 1.32575e-07 -1.13111e-20)
(3.45087e-07 1.25971e-07 0)
(3.09058e-07 1.21444e-07 0)
(2.83804e-07 1.19657e-07 0)
(2.66222e-07 1.19014e-07 0)
(2.53995e-07 1.19421e-07 0)
(2.45535e-07 1.20306e-07 0)
(2.39774e-07 1.21548e-07 0)
(2.35946e-07 1.22883e-07 0)
(2.33465e-07 1.24326e-07 0)
(2.28354e-07 1.22575e-07 0)
(3.23984e-07 1.16749e-07 -9.99593e-21)
(2.75971e-07 1.02537e-07 0)
(2.43887e-07 9.29334e-08 0)
(2.21852e-07 8.77408e-08 0)
(2.06827e-07 8.4727e-08 0)
(1.96554e-07 8.34439e-08 0)
(1.89536e-07 8.30412e-08 0)
(1.84791e-07 8.3247e-08 0)
(1.81641e-07 8.36931e-08 0)
(1.79566e-07 8.43137e-08 0)
(1.75656e-07 8.27446e-08 0)
(2.48865e-07 1.00809e-07 -8.25441e-21)
(2.06872e-07 8.00614e-08 0)
(1.79979e-07 6.64085e-08 0)
(1.62202e-07 5.88437e-08 0)
(1.50474e-07 5.43401e-08 0)
(1.42646e-07 5.20931e-08 0)
(1.37388e-07 5.0993e-08 0)
(1.33866e-07 5.06452e-08 0)
(1.3153e-07 5.06149e-08 0)
(1.29963e-07 5.07766e-08 0)
(1.27171e-07 4.96084e-08 0)
(1.73242e-07 8.33332e-08 -6.20451e-21)
(1.37465e-07 5.77094e-08 0)
(1.17333e-07 4.18538e-08 0)
(1.04907e-07 3.36186e-08 0)
(9.7123e-08 2.89159e-08 0)
(9.21038e-08 2.66197e-08 0)
(8.87924e-08 2.54744e-08 0)
(8.6592e-08 2.50468e-08 0)
(8.51233e-08 2.49105e-08 0)
(8.41087e-08 2.49282e-08 0)
(8.23297e-08 2.42788e-08 0)
(1.01882e-07 6.12936e-08 -3.99518e-21)
(6.83359e-08 3.39738e-08 0)
(5.68889e-08 1.99343e-08 0)
(5.07577e-08 1.36221e-08 0)
(4.71604e-08 1.03796e-08 0)
(4.49125e-08 8.95812e-09 0)
(4.34335e-08 8.31737e-09 0)
(4.24466e-08 8.12859e-09 0)
(4.17715e-08 8.1002e-09 0)
(4.12822e-08 8.14385e-09 0)
(4.04068e-08 7.94736e-09 0)
(3.42941e-08 2.43468e-08 -1.43986e-21)
(0 0 0)
(0 0 0)
(0 0 0)
(0 0 0)
(0 0 0)
(0 0 0)
(0 0 0)
(0 0 0)
(0 0 0)
(0 0 0)
(7.41132e-07 2.18455e-07 -1.01995e-20)
(6.86953e-07 2.52674e-07 0)
(6.49088e-07 2.77093e-07 0)
(6.21538e-07 2.96942e-07 0)
(6.01715e-07 3.13212e-07 0)
(5.87656e-07 3.27226e-07 0)
(5.77957e-07 3.39552e-07 0)
(5.71629e-07 3.50695e-07 0)
(5.67906e-07 3.60954e-07 0)
(5.66233e-07 3.70537e-07 0)
(5.66581e-07 3.80937e-07 0)
(6.77198e-07 2.00447e-07 -1.12725e-20)
(6.19853e-07 2.27408e-07 0)
(5.80106e-07 2.4641e-07 0)
(5.51356e-07 2.61996e-07 0)
(5.30722e-07 2.74742e-07 0)
(5.16062e-07 2.8577e-07 0)
(5.05855e-07 2.95477e-07 0)
(4.99052e-07 3.04287e-07 0)
(4.94825e-07 3.124e-07 0)
(4.92596e-07 3.20064e-07 0)
(4.82769e-07 3.20417e-07 0)
(6.10671e-07 1.82734e-07 -1.20247e-20)
(5.51769e-07 2.01614e-07 0)
(5.11194e-07 2.14786e-07 0)
(4.8201e-07 2.25911e-07 0)
(4.61141e-07 2.35075e-07 0)
(4.46323e-07 2.43141e-07 0)
(4.35955e-07 2.50298e-07 0)
(4.2894e-07 2.5686e-07 0)
(4.24425e-07 2.62914e-07 0)
(4.21788e-07 2.68698e-07 0)
(4.12979e-07 2.6807e-07 0)
(5.41818e-07 1.65473e-07 -1.23279e-20)
(4.83102e-07 1.75805e-07 0)
(4.42844e-07 1.82948e-07 0)
(4.14062e-07 1.89567e-07 0)
(3.93594e-07 1.95209e-07 0)
(3.79107e-07 2.00441e-07 0)
(3.68965e-07 2.05217e-07 0)
(3.62049e-07 2.0972e-07 0)
(3.57508e-07 2.13921e-07 0)
(3.54711e-07 2.18e-07 0)
(3.47098e-07 2.16707e-07 0)
(4.70884e-07 1.48756e-07 -1.20986e-20)
(4.14135e-07 1.50464e-07 0)
(3.75391e-07 1.51619e-07 0)
(3.47906e-07 1.53861e-07 0)
(3.28521e-07 1.56177e-07 0)
(3.14891e-07 1.58811e-07 0)
(3.05384e-07 1.6146e-07 0)
(2.9889e-07 1.64161e-07 0)
(2.94586e-07 1.66766e-07 0)
(2.91852e-07 1.69378e-07 0)
(2.85492e-07 1.67713e-07 0)
(3.98201e-07 1.32575e-07 -1.13111e-20)
(3.45087e-07 1.25971e-07 0)
(3.09058e-07 1.21444e-07 0)
(2.83804e-07 1.19657e-07 0)
(2.66222e-07 1.19014e-07 0)
(2.53995e-07 1.19421e-07 0)
(2.45535e-07 1.20306e-07 0)
(2.39774e-07 1.21548e-07 0)
(2.35946e-07 1.22883e-07 0)
(2.33465e-07 1.24326e-07 0)
(2.28354e-07 1.22575e-07 0)
(3.23984e-07 1.16749e-07 -9.99593e-21)
(2.75971e-07 1.02537e-07 0)
(2.43887e-07 9.29334e-08 0)
(2.21852e-07 8.77408e-08 0)
(2.06827e-07 8.4727e-08 0)
(1.96554e-07 8.34439e-08 0)
(1.89536e-07 8.30412e-08 0)
(1.84791e-07 8.3247e-08 0)
(1.81641e-07 8.36931e-08 0)
(1.79566e-07 8.43137e-08 0)
(1.75656e-07 8.27446e-08 0)
(2.48865e-07 1.00809e-07 -8.25441e-21)
(2.06872e-07 8.00614e-08 0)
(1.79979e-07 6.64085e-08 0)
(1.62202e-07 5.88437e-08 0)
(1.50474e-07 5.43401e-08 0)
(1.42646e-07 5.20931e-08 0)
(1.37388e-07 5.0993e-08 0)
(1.33866e-07 5.06452e-08 0)
(1.3153e-07 5.06149e-08 0)
(1.29963e-07 5.07766e-08 0)
(1.27171e-07 4.96084e-08 0)
(1.73242e-07 8.33332e-08 -6.20451e-21)
(1.37465e-07 5.77094e-08 0)
(1.17333e-07 4.18538e-08 0)
(1.04907e-07 3.36186e-08 0)
(9.7123e-08 2.89159e-08 0)
(9.21038e-08 2.66197e-08 0)
(8.87924e-08 2.54744e-08 0)
(8.6592e-08 2.50468e-08 0)
(8.51233e-08 2.49105e-08 0)
(8.41087e-08 2.49282e-08 0)
(8.23297e-08 2.42788e-08 0)
(1.01882e-07 6.12936e-08 -3.99518e-21)
(6.83359e-08 3.39738e-08 0)
(5.68889e-08 1.99343e-08 0)
(5.07577e-08 1.36221e-08 0)
(4.71604e-08 1.03796e-08 0)
(4.49125e-08 8.95812e-09 0)
(4.34335e-08 8.31737e-09 0)
(4.24466e-08 8.12859e-09 0)
(4.17715e-08 8.1002e-09 0)
(4.12822e-08 8.14385e-09 0)
(4.04068e-08 7.94736e-09 0)
(3.42941e-08 2.43468e-08 -1.43986e-21)
(0 0 0)
(0 0 0)
(0 0 0)
(0 0 0)
(0 0 0)
(0 0 0)
(0 0 0)
(0 0 0)
(0 0 0)
(0 0 0)
(1.20264e-06 3.58417e-07 -2.76535e-21)
(1.21122e-06 3.92963e-07 -1.52973e-21)
(1.21017e-06 4.37366e-07 -1.66925e-21)
(1.20946e-06 4.78567e-07 -1.80906e-21)
(1.21018e-06 5.16497e-07 -1.94885e-21)
(1.21273e-06 5.51538e-07 -2.08853e-21)
(1.21725e-06 5.84142e-07 -2.2281e-21)
(1.22374e-06 6.1477e-07 -2.36754e-21)
(1.23211e-06 6.43803e-07 -2.50687e-21)
(1.24218e-06 6.71604e-07 -2.64612e-21)
(1.25385e-06 6.98318e-07 -2.74742e-21)
(1.17589e-06 3.44994e-07 -4.12682e-21)
(1.17222e-06 3.91346e-07 0)
(1.16915e-06 4.35462e-07 0)
(1.16752e-06 4.76049e-07 0)
(1.16772e-06 5.13123e-07 0)
(1.1699e-06 5.47135e-07 0)
(1.17404e-06 5.78586e-07 0)
(1.18004e-06 6.07976e-07 0)
(1.18779e-06 6.35716e-07 0)
(1.1971e-06 6.62195e-07 0)
(1.20854e-06 6.87736e-07 0)
(1.13948e-06 3.3927e-07 -4.2317e-21)
(1.13184e-06 3.86633e-07 0)
(1.12562e-06 4.30335e-07 0)
(1.12164e-06 4.70066e-07 0)
(1.12005e-06 5.06048e-07 0)
(1.1208e-06 5.38845e-07 0)
(1.12371e-06 5.69002e-07 0)
(1.12857e-06 5.97051e-07 0)
(1.13521e-06 6.23417e-07 0)
(1.14337e-06 6.48515e-07 0)
(1.15451e-06 6.72935e-07 0)
(1.10091e-06 3.30046e-07 -4.35255e-21)
(1.08845e-06 3.78948e-07 0)
(1.07849e-06 4.22081e-07 0)
(1.07153e-06 4.60642e-07 0)
(1.06755e-06 4.95184e-07 0)
(1.06634e-06 5.26457e-07 0)
(1.06756e-06 5.55065e-07 0)
(1.07091e-06 5.81569e-07 0)
(1.07612e-06 6.06402e-07 0)
(1.08289e-06 6.2999e-07 0)
(1.09371e-06 6.5332e-07 0)
(1.05947e-06 3.18165e-07 -4.57787e-21)
(1.0414e-06 3.68402e-07 0)
(1.02727e-06 4.1072e-07 0)
(1.01699e-06 4.47822e-07 0)
(1.01034e-06 4.8062e-07 0)
(1.0069e-06 5.10082e-07 0)
(1.0062e-06 5.36886e-07 0)
(1.00783e-06 5.61621e-07 0)
(1.01147e-06 5.84732e-07 0)
(1.01673e-06 6.06641e-07 0)
(1.02726e-06 6.28883e-07 0)
(1.01478e-06 3.04196e-07 -4.99309e-21)
(9.90442e-07 3.55045e-07 0)
(9.71891e-07 3.96118e-07 0)
(9.58184e-07 4.31413e-07 0)
(9.48789e-07 4.62154e-07 0)
(9.43066e-07 4.8953e-07 0)
(9.40413e-07 5.14286e-07 0)
(9.40306e-07 5.3704e-07 0)
(9.4235e-07 5.58245e-07 0)
(9.46083e-07 5.78316e-07 0)
(9.56416e-07 5.99482e-07 0)
(9.66695e-07 2.88652e-07 -5.65527e-21)
(9.35708e-07 3.39e-07 0)
(9.1265e-07 3.78239e-07 0)
(8.95547e-07 4.11332e-07 0)
(8.83491e-07 4.3972e-07 0)
(8.7558e-07 4.6477e-07 0)
(8.71055e-07 4.87276e-07 0)
(8.69288e-07 5.07874e-07 0)
(8.69813e-07 5.2702e-07 0)
(8.72107e-07 5.45111e-07 0)
(8.82346e-07 5.65226e-07 0)
(9.15183e-07 2.71952e-07 -6.57438e-21)
(8.77512e-07 3.20441e-07 0)
(8.50058e-07 3.57129e-07 0)
(8.29739e-07 3.87577e-07 0)
(8.15217e-07 4.1332e-07 0)
(8.0531e-07 4.35833e-07 0)
(7.9909e-07 4.55924e-07 0)
(7.95824e-07 4.74231e-07 0)
(7.94978e-07 4.91202e-07 0)
(7.95976e-07 5.07206e-07 0)
(8.06235e-07 5.26307e-07 0)
(8.60321e-07 2.54476e-07 -7.70682e-21)
(8.16308e-07 2.9963e-07 0)
(7.84778e-07 3.32987e-07 0)
(7.61559e-07 3.60332e-07 0)
(7.44865e-07 3.83151e-07 0)
(7.33228e-07 4.02952e-07 0)
(7.2555e-07 4.20509e-07 0)
(7.21001e-07 4.36438e-07 0)
(7.1897e-07 4.51162e-07 0)
(7.18856e-07 4.65008e-07 0)
(7.29244e-07 4.8312e-07 0)
(8.02244e-07 2.36546e-07 -8.95952e-21)
(7.5261e-07 2.76904e-07 0)
(7.17542e-07 3.06149e-07 0)
(6.91871e-07 3.29944e-07 0)
(6.73383e-07 3.4959e-07 0)
(6.60342e-07 3.66542e-07 0)
(6.5149e-07 3.81493e-07 0)
(6.45906e-07 3.9501e-07 0)
(6.42909e-07 4.07468e-07 0)
(6.41905e-07 4.1911e-07 0)
(6.52472e-07 4.36225e-07 0)
(1.20264e-06 3.58417e-07 -2.76535e-21)
(1.21122e-06 3.92963e-07 -1.52973e-21)
(1.21017e-06 4.37366e-07 -1.66925e-21)
(1.20946e-06 4.78567e-07 -1.80906e-21)
(1.21018e-06 5.16497e-07 -1.94885e-21)
(1.21273e-06 5.51538e-07 -2.08853e-21)
(1.21725e-06 5.84142e-07 -2.2281e-21)
(1.22374e-06 6.1477e-07 -2.36754e-21)
(1.23211e-06 6.43803e-07 -2.50687e-21)
(1.24218e-06 6.71604e-07 -2.64612e-21)
(1.25385e-06 6.98318e-07 -2.74742e-21)
(1.17589e-06 3.44994e-07 -4.12682e-21)
(1.17222e-06 3.91346e-07 0)
(1.16915e-06 4.35462e-07 0)
(1.16752e-06 4.76049e-07 0)
(1.16772e-06 5.13123e-07 0)
(1.1699e-06 5.47135e-07 0)
(1.17404e-06 5.78586e-07 0)
(1.18004e-06 6.07976e-07 0)
(1.18779e-06 6.35716e-07 0)
(1.1971e-06 6.62195e-07 0)
(1.20854e-06 6.87736e-07 0)
(1.13948e-06 3.3927e-07 -4.2317e-21)
(1.13184e-06 3.86633e-07 0)
(1.12562e-06 4.30335e-07 0)
(1.12164e-06 4.70066e-07 0)
(1.12005e-06 5.06048e-07 0)
(1.1208e-06 5.38845e-07 0)
(1.12371e-06 5.69002e-07 0)
(1.12857e-06 5.97051e-07 0)
(1.13521e-06 6.23417e-07 0)
(1.14337e-06 6.48515e-07 0)
(1.15451e-06 6.72935e-07 0)
(1.10091e-06 3.30046e-07 -4.35255e-21)
(1.08845e-06 3.78948e-07 0)
(1.07849e-06 4.22081e-07 0)
(1.07153e-06 4.60642e-07 0)
(1.06755e-06 4.95184e-07 0)
(1.06634e-06 5.26457e-07 0)
(1.06756e-06 5.55065e-07 0)
(1.07091e-06 5.81569e-07 0)
(1.07612e-06 6.06402e-07 0)
(1.08289e-06 6.2999e-07 0)
(1.09371e-06 6.5332e-07 0)
(1.05947e-06 3.18165e-07 -4.57787e-21)
(1.0414e-06 3.68402e-07 0)
(1.02727e-06 4.1072e-07 0)
(1.01699e-06 4.47822e-07 0)
(1.01034e-06 4.8062e-07 0)
(1.0069e-06 5.10082e-07 0)
(1.0062e-06 5.36886e-07 0)
(1.00783e-06 5.61621e-07 0)
(1.01147e-06 5.84732e-07 0)
(1.01673e-06 6.06641e-07 0)
(1.02726e-06 6.28883e-07 0)
(1.01478e-06 3.04196e-07 -4.99309e-21)
(9.90442e-07 3.55045e-07 0)
(9.71891e-07 3.96118e-07 0)
(9.58184e-07 4.31413e-07 0)
(9.48789e-07 4.62154e-07 0)
(9.43066e-07 4.8953e-07 0)
(9.40413e-07 5.14286e-07 0)
(9.40306e-07 5.3704e-07 0)
(9.4235e-07 5.58245e-07 0)
(9.46083e-07 5.78316e-07 0)
(9.56416e-07 5.99482e-07 0)
(9.66695e-07 2.88652e-07 -5.65527e-21)
(9.35708e-07 3.39e-07 0)
(9.1265e-07 3.78239e-07 0)
(8.95547e-07 4.11332e-07 0)
(8.83491e-07 4.3972e-07 0)
(8.7558e-07 4.6477e-07 0)
(8.71055e-07 4.87276e-07 0)
(8.69288e-07 5.07874e-07 0)
(8.69813e-07 5.2702e-07 0)
(8.72107e-07 5.45111e-07 0)
(8.82346e-07 5.65226e-07 0)
(9.15183e-07 2.71952e-07 -6.57438e-21)
(8.77512e-07 3.20441e-07 0)
(8.50058e-07 3.57129e-07 0)
(8.29739e-07 3.87577e-07 0)
(8.15217e-07 4.1332e-07 0)
(8.0531e-07 4.35833e-07 0)
(7.9909e-07 4.55924e-07 0)
(7.95824e-07 4.74231e-07 0)
(7.94978e-07 4.91202e-07 0)
(7.95976e-07 5.07206e-07 0)
(8.06235e-07 5.26307e-07 0)
(8.60321e-07 2.54476e-07 -7.70682e-21)
(8.16308e-07 2.9963e-07 0)
(7.84778e-07 3.32987e-07 0)
(7.61559e-07 3.60332e-07 0)
(7.44865e-07 3.83151e-07 0)
(7.33228e-07 4.02952e-07 0)
(7.2555e-07 4.20509e-07 0)
(7.21001e-07 4.36438e-07 0)
(7.1897e-07 4.51162e-07 0)
(7.18856e-07 4.65008e-07 0)
(7.29244e-07 4.8312e-07 0)
(8.02244e-07 2.36546e-07 -8.95952e-21)
(7.5261e-07 2.76904e-07 0)
(7.17542e-07 3.06149e-07 0)
(6.91871e-07 3.29944e-07 0)
(6.73383e-07 3.4959e-07 0)
(6.60342e-07 3.66542e-07 0)
(6.5149e-07 3.81493e-07 0)
(6.45906e-07 3.9501e-07 0)
(6.42909e-07 4.07468e-07 0)
(6.41905e-07 4.1911e-07 0)
(6.52472e-07 4.36225e-07 0)
(1.26711e-06 7.24277e-07 -2.77214e-21)
(1.28175e-06 7.4983e-07 -2.75821e-21)
(1.29752e-06 7.75e-07 -2.74426e-21)
(1.31433e-06 7.99908e-07 -2.73029e-21)
(1.33205e-06 8.24657e-07 -2.7163e-21)
(1.3506e-06 8.49326e-07 -2.70231e-21)
(1.36988e-06 8.73987e-07 -2.68831e-21)
(1.3898e-06 8.98699e-07 -2.67432e-21)
(1.4103e-06 9.23511e-07 -2.66033e-21)
(1.43131e-06 9.48465e-07 -2.64634e-21)
(1.45276e-06 9.73598e-07 -2.63236e-21)
(1.47459e-06 9.98939e-07 -2.61839e-21)
(1.49675e-06 1.02451e-06 -2.60442e-21)
(1.51919e-06 1.05034e-06 -2.59047e-21)
(1.54184e-06 1.07642e-06 -2.57652e-21)
(1.56464e-06 1.10277e-06 -2.56261e-21)
(1.58754e-06 1.12937e-06 -2.54873e-21)
(1.61048e-06 1.15619e-06 -2.53487e-21)
(1.63336e-06 1.18317e-06 -2.52107e-21)
(1.64094e-06 1.19996e-06 4.55025e-22)
(1.22269e-06 7.12914e-07 0)
(1.23857e-06 7.37927e-07 0)
(1.25538e-06 7.62609e-07 0)
(1.27302e-06 7.8709e-07 0)
(1.29141e-06 8.11468e-07 0)
(1.31049e-06 8.3582e-07 0)
(1.33018e-06 8.60213e-07 0)
(1.35043e-06 8.84702e-07 0)
(1.37117e-06 9.09334e-07 0)
(1.39235e-06 9.34147e-07 0)
(1.41391e-06 9.59177e-07 0)
(1.43582e-06 9.8445e-07 0)
(1.45803e-06 1.00999e-06 0)
(1.48048e-06 1.03581e-06 0)
(1.50314e-06 1.06193e-06 0)
(1.52597e-06 1.08834e-06 0)
(1.54893e-06 1.11504e-06 0)
(1.57196e-06 1.14199e-06 0)
(1.59503e-06 1.16913e-06 0)
(1.61801e-06 1.19631e-06 3.44739e-21)
(1.17003e-06 6.97602e-07 0)
(1.18783e-06 7.22436e-07 0)
(1.2063e-06 7.46958e-07 0)
(1.22537e-06 7.71305e-07 0)
(1.24501e-06 7.9558e-07 0)
(1.26515e-06 8.19858e-07 0)
(1.28576e-06 8.44207e-07 0)
(1.30679e-06 8.68681e-07 0)
(1.32822e-06 8.93328e-07 0)
(1.34999e-06 9.18184e-07 0)
(1.37208e-06 9.43284e-07 0)
(1.39445e-06 9.68654e-07 0)
(1.41708e-06 9.94319e-07 0)
(1.43992e-06 1.0203e-06 0)
(1.46296e-06 1.0466e-06 0)
(1.48616e-06 1.07322e-06 0)
(1.50949e-06 1.10017e-06 0)
(1.53292e-06 1.12741e-06 0)
(1.5564e-06 1.15491e-06 0)
(1.57969e-06 1.18251e-06 3.47815e-21)
(1.11093e-06 6.77782e-07 0)
(1.13113e-06 7.02848e-07 0)
(1.15173e-06 7.27595e-07 0)
(1.17268e-06 7.52158e-07 0)
(1.19398e-06 7.76649e-07 0)
(1.21558e-06 8.01142e-07 0)
(1.23749e-06 8.25712e-07 0)
(1.25968e-06 8.50414e-07 0)
(1.28214e-06 8.75298e-07 0)
(1.30483e-06 9.00404e-07 0)
(1.32776e-06 9.25766e-07 0)
(1.35089e-06 9.51414e-07 0)
(1.37422e-06 9.77372e-07 0)
(1.39772e-06 1.00366e-06 0)
(1.42139e-06 1.0303e-06 0)
(1.44519e-06 1.05729e-06 0)
(1.46912e-06 1.08465e-06 0)
(1.49313e-06 1.11236e-06 0)
(1.5172e-06 1.14041e-06 0)
(1.54099e-06 1.16869e-06 3.53649e-21)
(1.04645e-06 6.53423e-07 0)
(1.06944e-06 6.79108e-07 0)
(1.09255e-06 7.04448e-07 0)
(1.11573e-06 7.29563e-07 0)
(1.13904e-06 7.5458e-07 0)
(1.16244e-06 7.79573e-07 0)
(1.18597e-06 8.04628e-07 0)
(1.20962e-06 8.298e-07 0)
(1.23338e-06 8.55146e-07 0)
(1.25728e-06 8.80708e-07 0)
(1.28129e-06 9.06527e-07 0)
(1.30543e-06 9.32633e-07 0)
(1.32969e-06 9.59058e-07 0)
(1.35407e-06 9.85825e-07 0)
(1.37856e-06 1.01296e-06 0)
(1.40315e-06 1.04047e-06 0)
(1.42784e-06 1.06839e-06 0)
(1.4526e-06 1.09673e-06 0)
(1.4774e-06 1.1255e-06 0)
(1.50184e-06 1.15462e-06 3.62173e-21)
(9.77812e-07 6.24396e-07 0)
(1.00386e-06 6.51101e-07 0)
(1.02976e-06 6.77414e-07 0)
(1.05545e-06 7.03425e-07 0)
(1.08102e-06 7.29291e-07 0)
(1.10648e-06 7.5508e-07 0)
(1.13187e-06 7.80891e-07 0)
(1.1572e-06 8.06785e-07 0)
(1.18251e-06 8.32825e-07 0)
(1.20781e-06 8.59061e-07 0)
(1.23311e-06 8.85536e-07 0)
(1.25844e-06 9.12289e-07 0)
(1.28381e-06 9.39355e-07 0)
(1.30922e-06 9.66764e-07 0)
(1.33468e-06 9.94548e-07 0)
(1.36021e-06 1.02274e-06 0)
(1.38579e-06 1.05136e-06 0)
(1.41142e-06 1.08046e-06 0)
(1.43706e-06 1.11008e-06 0)
(1.4623e-06 1.14018e-06 3.73261e-21)
(9.06097e-07 5.90807e-07 0)
(9.35395e-07 6.18912e-07 0)
(9.64274e-07 6.46564e-07 0)
(9.92663e-07 6.73808e-07 0)
(1.0207e-06 7.00831e-07 0)
(1.0484e-06 7.27704e-07 0)
(1.07583e-06 7.54536e-07 0)
(1.10303e-06 7.81399e-07 0)
(1.13004e-06 8.08362e-07 0)
(1.1569e-06 8.35484e-07 0)
(1.18364e-06 8.62816e-07 0)
(1.2103e-06 8.90401e-07 0)
(1.23691e-06 9.18282e-07 0)
(1.26347e-06 9.46496e-07 0)
(1.29003e-06 9.75082e-07 0)
(1.31658e-06 1.00408e-06 0)
(1.34315e-06 1.03354e-06 0)
(1.36973e-06 1.06352e-06 0)
(1.39632e-06 1.09409e-06 0)
(1.42248e-06 1.12523e-06 3.86753e-21)
(8.32411e-07 5.52841e-07 0)
(8.6504e-07 5.82703e-07 0)
(8.97002e-07 6.12035e-07 0)
(9.28198e-07 6.40832e-07 0)
(9.58818e-07 6.69309e-07 0)
(9.88877e-07 6.97545e-07 0)
(1.01847e-06 7.25658e-07 0)
(1.04766e-06 7.5373e-07 0)
(1.0765e-06 7.81842e-07 0)
(1.10504e-06 8.10059e-07 0)
(1.13333e-06 8.38441e-07 0)
(1.16142e-06 8.6704e-07 0)
(1.18935e-06 8.95903e-07 0)
(1.21716e-06 9.25077e-07 0)
(1.24487e-06 9.54609e-07 0)
(1.27253e-06 9.84549e-07 0)
(1.30015e-06 1.01496e-06 0)
(1.32775e-06 1.04591e-06 0)
(1.35534e-06 1.07748e-06 0)
(1.38254e-06 1.10972e-06 4.02455e-21)
(7.57833e-07 5.10855e-07 0)
(7.93761e-07 5.42793e-07 0)
(8.28816e-07 5.74096e-07 0)
(8.62856e-07 6.04733e-07 0)
(8.96103e-07 6.34923e-07 0)
(9.28584e-07 6.64769e-07 0)
(9.60414e-07 6.94395e-07 0)
(9.91656e-07 7.23899e-07 0)
(1.02239e-06 7.53369e-07 0)
(1.05268e-06 7.82881e-07 0)
(1.08259e-06 8.12501e-07 0)
(1.11218e-06 8.42289e-07 0)
(1.1415e-06 8.723e-07 0)
(1.1706e-06 9.02585e-07 0)
(1.19953e-06 9.33197e-07 0)
(1.22832e-06 9.64196e-07 0)
(1.25703e-06 9.95648e-07 0)
(1.28568e-06 1.02765e-06 0)
(1.31432e-06 1.06028e-06 0)
(1.34264e-06 1.09362e-06 4.20156e-21)
(6.83333e-07 4.65353e-07 0)
(7.22389e-07 4.99597e-07 0)
(7.6042e-07 5.33077e-07 0)
(7.97275e-07 5.65808e-07 0)
(8.33145e-07 5.9795e-07 0)
(8.68075e-07 6.29636e-07 0)
(9.02172e-07 6.60991e-07 0)
(9.35515e-07 6.92128e-07 0)
(9.68189e-07 7.23145e-07 0)
(1.00027e-06 7.5413e-07 0)
(1.03184e-06 7.85157e-07 0)
(1.06296e-06 8.16293e-07 0)
(1.09369e-06 8.47599e-07 0)
(1.12411e-06 8.79131e-07 0)
(1.15427e-06 9.10948e-07 0)
(1.18423e-06 9.43113e-07 0)
(1.21404e-06 9.75697e-07 0)
(1.24376e-06 1.0088e-06 0)
(1.27345e-06 1.04251e-06 0)
(1.30296e-06 1.07696e-06 4.39614e-21)
(6.17194e-07 4.23952e-07 0)
(6.58582e-07 4.60181e-07 0)
(6.98836e-07 4.95437e-07 0)
(7.37873e-07 5.29939e-07 0)
(7.75811e-07 5.63779e-07 0)
(8.12706e-07 5.97093e-07 0)
(8.48644e-07 6.30001e-07 0)
(8.83704e-07 6.62615e-07 0)
(9.17973e-07 6.95036e-07 0)
(9.51531e-07 7.27356e-07 0)
(9.8446e-07 7.59652e-07 0)
(1.01684e-06 7.91995e-07 0)
(1.04873e-06 8.24447e-07 0)
(1.08022e-06 8.57066e-07 0)
(1.11138e-06 8.89911e-07 0)
(1.14226e-06 9.23044e-07 0)
(1.17294e-06 9.56535e-07 0)
(1.2035e-06 9.90475e-07 0)
(1.23401e-06 1.02496e-06 0)
(1.26449e-06 1.06016e-06 4.55856e-21)
(1.26711e-06 7.24277e-07 -2.77214e-21)
(1.28175e-06 7.4983e-07 -2.75821e-21)
(1.29752e-06 7.75e-07 -2.74426e-21)
(1.31433e-06 7.99908e-07 -2.73029e-21)
(1.33205e-06 8.24657e-07 -2.7163e-21)
(1.3506e-06 8.49326e-07 -2.70231e-21)
(1.36988e-06 8.73987e-07 -2.68831e-21)
(1.3898e-06 8.98699e-07 -2.67432e-21)
(1.4103e-06 9.23511e-07 -2.66033e-21)
(1.43131e-06 9.48465e-07 -2.64634e-21)
(1.45276e-06 9.73598e-07 -2.63236e-21)
(1.47459e-06 9.98939e-07 -2.61839e-21)
(1.49675e-06 1.02451e-06 -2.60442e-21)
(1.51919e-06 1.05034e-06 -2.59047e-21)
(1.54184e-06 1.07642e-06 -2.57652e-21)
(1.56464e-06 1.10277e-06 -2.56261e-21)
(1.58754e-06 1.12937e-06 -2.54873e-21)
(1.61048e-06 1.15619e-06 -2.53487e-21)
(1.63336e-06 1.18317e-06 -2.52107e-21)
(1.64094e-06 1.19996e-06 4.55025e-22)
(1.22269e-06 7.12914e-07 0)
(1.23857e-06 7.37927e-07 0)
(1.25538e-06 7.62609e-07 0)
(1.27302e-06 7.8709e-07 0)
(1.29141e-06 8.11468e-07 0)
(1.31049e-06 8.3582e-07 0)
(1.33018e-06 8.60213e-07 0)
(1.35043e-06 8.84702e-07 0)
(1.37117e-06 9.09334e-07 0)
(1.39235e-06 9.34147e-07 0)
(1.41391e-06 9.59177e-07 0)
(1.43582e-06 9.8445e-07 0)
(1.45803e-06 1.00999e-06 0)
(1.48048e-06 1.03581e-06 0)
(1.50314e-06 1.06193e-06 0)
(1.52597e-06 1.08834e-06 0)
(1.54893e-06 1.11504e-06 0)
(1.57196e-06 1.14199e-06 0)
(1.59503e-06 1.16913e-06 0)
(1.61801e-06 1.19631e-06 3.44739e-21)
(1.17003e-06 6.97602e-07 0)
(1.18783e-06 7.22436e-07 0)
(1.2063e-06 7.46958e-07 0)
(1.22537e-06 7.71305e-07 0)
(1.24501e-06 7.9558e-07 0)
(1.26515e-06 8.19858e-07 0)
(1.28576e-06 8.44207e-07 0)
(1.30679e-06 8.68681e-07 0)
(1.32822e-06 8.93328e-07 0)
(1.34999e-06 9.18184e-07 0)
(1.37208e-06 9.43284e-07 0)
(1.39445e-06 9.68654e-07 0)
(1.41708e-06 9.94319e-07 0)
(1.43992e-06 1.0203e-06 0)
(1.46296e-06 1.0466e-06 0)
(1.48616e-06 1.07322e-06 0)
(1.50949e-06 1.10017e-06 0)
(1.53292e-06 1.12741e-06 0)
(1.5564e-06 1.15491e-06 0)
(1.57969e-06 1.18251e-06 3.47815e-21)
(1.11093e-06 6.77782e-07 0)
(1.13113e-06 7.02848e-07 0)
(1.15173e-06 7.27595e-07 0)
(1.17268e-06 7.52158e-07 0)
(1.19398e-06 7.76649e-07 0)
(1.21558e-06 8.01142e-07 0)
(1.23749e-06 8.25712e-07 0)
(1.25968e-06 8.50414e-07 0)
(1.28214e-06 8.75298e-07 0)
(1.30483e-06 9.00404e-07 0)
(1.32776e-06 9.25766e-07 0)
(1.35089e-06 9.51414e-07 0)
(1.37422e-06 9.77372e-07 0)
(1.39772e-06 1.00366e-06 0)
(1.42139e-06 1.0303e-06 0)
(1.44519e-06 1.05729e-06 0)
(1.46912e-06 1.08465e-06 0)
(1.49313e-06 1.11236e-06 0)
(1.5172e-06 1.14041e-06 0)
(1.54099e-06 1.16869e-06 3.53649e-21)
(1.04645e-06 6.53423e-07 0)
(1.06944e-06 6.79108e-07 0)
(1.09255e-06 7.04448e-07 0)
(1.11573e-06 7.29563e-07 0)
(1.13904e-06 7.5458e-07 0)
(1.16244e-06 7.79573e-07 0)
(1.18597e-06 8.04628e-07 0)
(1.20962e-06 8.298e-07 0)
(1.23338e-06 8.55146e-07 0)
(1.25728e-06 8.80708e-07 0)
(1.28129e-06 9.06527e-07 0)
(1.30543e-06 9.32633e-07 0)
(1.32969e-06 9.59058e-07 0)
(1.35407e-06 9.85825e-07 0)
(1.37856e-06 1.01296e-06 0)
(1.40315e-06 1.04047e-06 0)
(1.42784e-06 1.06839e-06 0)
(1.4526e-06 1.09673e-06 0)
(1.4774e-06 1.1255e-06 0)
(1.50184e-06 1.15462e-06 3.62173e-21)
(9.77812e-07 6.24396e-07 0)
(1.00386e-06 6.51101e-07 0)
(1.02976e-06 6.77414e-07 0)
(1.05545e-06 7.03425e-07 0)
(1.08102e-06 7.29291e-07 0)
(1.10648e-06 7.5508e-07 0)
(1.13187e-06 7.80891e-07 0)
(1.1572e-06 8.06785e-07 0)
(1.18251e-06 8.32825e-07 0)
(1.20781e-06 8.59061e-07 0)
(1.23311e-06 8.85536e-07 0)
(1.25844e-06 9.12289e-07 0)
(1.28381e-06 9.39355e-07 0)
(1.30922e-06 9.66764e-07 0)
(1.33468e-06 9.94548e-07 0)
(1.36021e-06 1.02274e-06 0)
(1.38579e-06 1.05136e-06 0)
(1.41142e-06 1.08046e-06 0)
(1.43706e-06 1.11008e-06 0)
(1.4623e-06 1.14018e-06 3.73261e-21)
(9.06097e-07 5.90807e-07 0)
(9.35395e-07 6.18912e-07 0)
(9.64274e-07 6.46564e-07 0)
(9.92663e-07 6.73808e-07 0)
(1.0207e-06 7.00831e-07 0)
(1.0484e-06 7.27704e-07 0)
(1.07583e-06 7.54536e-07 0)
(1.10303e-06 7.81399e-07 0)
(1.13004e-06 8.08362e-07 0)
(1.1569e-06 8.35484e-07 0)
(1.18364e-06 8.62816e-07 0)
(1.2103e-06 8.90401e-07 0)
(1.23691e-06 9.18282e-07 0)
(1.26347e-06 9.46496e-07 0)
(1.29003e-06 9.75082e-07 0)
(1.31658e-06 1.00408e-06 0)
(1.34315e-06 1.03354e-06 0)
(1.36973e-06 1.06352e-06 0)
(1.39632e-06 1.09409e-06 0)
(1.42248e-06 1.12523e-06 3.86753e-21)
(8.32411e-07 5.52841e-07 0)
(8.6504e-07 5.82703e-07 0)
(8.97002e-07 6.12035e-07 0)
(9.28198e-07 6.40832e-07 0)
(9.58818e-07 6.69309e-07 0)
(9.88877e-07 6.97545e-07 0)
(1.01847e-06 7.25658e-07 0)
(1.04766e-06 7.5373e-07 0)
(1.0765e-06 7.81842e-07 0)
(1.10504e-06 8.10059e-07 0)
(1.13333e-06 8.38441e-07 0)
(1.16142e-06 8.6704e-07 0)
(1.18935e-06 8.95903e-07 0)
(1.21716e-06 9.25077e-07 0)
(1.24487e-06 9.54609e-07 0)
(1.27253e-06 9.84549e-07 0)
(1.30015e-06 1.01496e-06 0)
(1.32775e-06 1.04591e-06 0)
(1.35534e-06 1.07748e-06 0)
(1.38254e-06 1.10972e-06 4.02455e-21)
(7.57833e-07 5.10855e-07 0)
(7.93761e-07 5.42793e-07 0)
(8.28816e-07 5.74096e-07 0)
(8.62856e-07 6.04733e-07 0)
(8.96103e-07 6.34923e-07 0)
(9.28584e-07 6.64769e-07 0)
(9.60414e-07 6.94395e-07 0)
(9.91656e-07 7.23899e-07 0)
(1.02239e-06 7.53369e-07 0)
(1.05268e-06 7.82881e-07 0)
(1.08259e-06 8.12501e-07 0)
(1.11218e-06 8.42289e-07 0)
(1.1415e-06 8.723e-07 0)
(1.1706e-06 9.02585e-07 0)
(1.19953e-06 9.33197e-07 0)
(1.22832e-06 9.64196e-07 0)
(1.25703e-06 9.95648e-07 0)
(1.28568e-06 1.02765e-06 0)
(1.31432e-06 1.06028e-06 0)
(1.34264e-06 1.09362e-06 4.20156e-21)
(6.83333e-07 4.65353e-07 0)
(7.22389e-07 4.99597e-07 0)
(7.6042e-07 5.33077e-07 0)
(7.97275e-07 5.65808e-07 0)
(8.33145e-07 5.9795e-07 0)
(8.68075e-07 6.29636e-07 0)
(9.02172e-07 6.60991e-07 0)
(9.35515e-07 6.92128e-07 0)
(9.68189e-07 7.23145e-07 0)
(1.00027e-06 7.5413e-07 0)
(1.03184e-06 7.85157e-07 0)
(1.06296e-06 8.16293e-07 0)
(1.09369e-06 8.47599e-07 0)
(1.12411e-06 8.79131e-07 0)
(1.15427e-06 9.10948e-07 0)
(1.18423e-06 9.43113e-07 0)
(1.21404e-06 9.75697e-07 0)
(1.24376e-06 1.0088e-06 0)
(1.27345e-06 1.04251e-06 0)
(1.30296e-06 1.07696e-06 4.39614e-21)
(6.17194e-07 4.23952e-07 0)
(6.58582e-07 4.60181e-07 0)
(6.98836e-07 4.95437e-07 0)
(7.37873e-07 5.29939e-07 0)
(7.75811e-07 5.63779e-07 0)
(8.12706e-07 5.97093e-07 0)
(8.48644e-07 6.30001e-07 0)
(8.83704e-07 6.62615e-07 0)
(9.17973e-07 6.95036e-07 0)
(9.51531e-07 7.27356e-07 0)
(9.8446e-07 7.59652e-07 0)
(1.01684e-06 7.91995e-07 0)
(1.04873e-06 8.24447e-07 0)
(1.08022e-06 8.57066e-07 0)
(1.11138e-06 8.89911e-07 0)
(1.14226e-06 9.23044e-07 0)
(1.17294e-06 9.56535e-07 0)
(1.2035e-06 9.90475e-07 0)
(1.23401e-06 1.02496e-06 0)
(1.26449e-06 1.06016e-06 4.55856e-21)
(5.19204e-07 3.5483e-07 0)
(5.69039e-07 3.95541e-07 0)
(6.1123e-07 4.32606e-07 0)
(6.52273e-07 4.68664e-07 0)
(6.92153e-07 5.04031e-07 0)
(7.30939e-07 5.38768e-07 0)
(7.68675e-07 5.7299e-07 0)
(8.05433e-07 6.06797e-07 0)
(8.41281e-07 6.40286e-07 0)
(8.76295e-07 6.73548e-07 0)
(9.10551e-07 7.06664e-07 0)
(9.44126e-07 7.39704e-07 0)
(9.77095e-07 7.72735e-07 0)
(1.00953e-06 8.05814e-07 0)
(1.04151e-06 8.38996e-07 0)
(1.07311e-06 8.72332e-07 0)
(1.10439e-06 9.05879e-07 0)
(1.13545e-06 9.39697e-07 0)
(1.16634e-06 9.73865e-07 0)
(1.1972e-06 1.00846e-06 0)
(1.22808e-06 1.04365e-06 4.62752e-21)
(4.83915e-07 3.34023e-07 0)
(5.3211e-07 3.74213e-07 0)
(5.74007e-07 4.11348e-07 0)
(6.14904e-07 4.47666e-07 0)
(6.54749e-07 4.83405e-07 0)
(6.9359e-07 5.18596e-07 0)
(7.31443e-07 5.53321e-07 0)
(7.68363e-07 5.87656e-07 0)
(8.04398e-07 6.21678e-07 0)
(8.39613e-07 6.55458e-07 0)
(8.74072e-07 6.89063e-07 0)
(9.07842e-07 7.22555e-07 0)
(9.40994e-07 7.55988e-07 0)
(9.73598e-07 7.89413e-07 0)
(1.00573e-06 8.22874e-07 0)
(1.03745e-06 8.56418e-07 0)
(1.06884e-06 8.90088e-07 0)
(1.09999e-06 9.23934e-07 0)
(1.13097e-06 9.58014e-07 0)
(1.16191e-06 9.92381e-07 0)
(1.19289e-06 1.02716e-06 4.64117e-21)
(4.52588e-07 3.1398e-07 0)
(4.99e-07 3.53622e-07 0)
(5.40165e-07 3.90671e-07 0)
(5.80543e-07 4.27102e-07 0)
(6.20012e-07 4.63093e-07 0)
(6.58601e-07 4.98638e-07 0)
(6.96295e-07 5.33784e-07 0)
(7.33129e-07 5.68583e-07 0)
(7.69133e-07 6.03085e-07 0)
(8.04356e-07 6.37346e-07 0)
(8.3885e-07 6.71414e-07 0)
(8.72673e-07 7.05339e-07 0)
(9.05886e-07 7.39162e-07 0)
(9.38555e-07 7.72924e-07 0)
(9.70745e-07 8.06661e-07 0)
(1.00253e-06 8.40406e-07 0)
(1.03397e-06 8.74193e-07 0)
(1.06517e-06 9.08056e-07 0)
(1.0962e-06 9.4203e-07 0)
(1.12719e-06 9.76145e-07 0)
(1.15823e-06 1.01046e-06 4.65028e-21)
(4.24648e-07 2.94863e-07 0)
(4.6917e-07 3.33826e-07 0)
(5.09343e-07 3.70647e-07 0)
(5.48929e-07 4.07071e-07 0)
(5.87759e-07 4.4321e-07 0)
(6.25846e-07 4.79017e-07 0)
(6.63149e-07 5.14509e-07 0)
(6.99685e-07 5.49705e-07 0)
(7.35465e-07 5.84634e-07 0)
(7.70524e-07 6.1933e-07 0)
(8.04901e-07 6.53826e-07 0)
(8.38644e-07 6.88154e-07 0)
(8.71804e-07 7.22346e-07 0)
(9.0444e-07 7.56428e-07 0)
(9.36612e-07 7.90427e-07 0)
(9.68387e-07 8.24363e-07 0)
(9.99835e-07 8.58256e-07 0)
(1.03103e-06 8.92125e-07 0)
(1.06208e-06 9.25979e-07 0)
(1.0931e-06 9.59822e-07 0)
(1.12416e-06 9.93667e-07 4.6545e-21)
(3.99615e-07 2.7673e-07 0)
(4.42204e-07 3.14945e-07 0)
(4.81194e-07 3.51429e-07 0)
(5.1978e-07 3.87736e-07 0)
(5.57764e-07 4.23916e-07 0)
(5.95149e-07 4.5989e-07 0)
(6.31868e-07 4.9564e-07 0)
(6.67926e-07 5.31159e-07 0)
(7.03316e-07 5.66451e-07 0)
(7.38061e-07 6.01528e-07 0)
(7.72186e-07 6.36405e-07 0)
(8.05729e-07 6.71099e-07 0)
(8.38733e-07 7.05628e-07 0)
(8.71248e-07 7.40006e-07 0)
(9.03328e-07 7.74246e-07 0)
(9.35034e-07 8.08357e-07 0)
(9.66431e-07 8.42343e-07 0)
(9.97595e-07 8.76206e-07 0)
(1.02861e-06 9.09927e-07 0)
(1.05962e-06 9.43497e-07 0)
(1.09066e-06 9.7688e-07 4.65344e-21)
(3.76989e-07 2.59585e-07 0)
(4.17658e-07 2.96994e-07 0)
(4.55343e-07 3.33055e-07 0)
(4.92786e-07 3.69155e-07 0)
(5.29774e-07 4.05287e-07 0)
(5.66299e-07 4.41341e-07 0)
(6.02282e-07 4.77271e-07 0)
(6.37713e-07 5.1304e-07 0)
(6.72574e-07 5.4863e-07 0)
(7.06875e-07 5.8403e-07 0)
(7.40631e-07 6.19238e-07 0)
(7.7387e-07 6.54255e-07 0)
(8.06626e-07 6.89083e-07 0)
(8.38941e-07 7.23725e-07 0)
(8.70862e-07 7.58181e-07 0)
(9.02444e-07 7.92446e-07 0)
(9.33745e-07 8.26512e-07 0)
(9.64838e-07 8.60358e-07 0)
(9.95794e-07 8.93951e-07 0)
(1.02673e-06 9.27258e-07 0)
(1.05771e-06 9.60188e-07 4.64764e-21)
(3.56337e-07 2.43397e-07 0)
(3.95125e-07 2.79976e-07 0)
(4.3143e-07 3.15554e-07 0)
(4.67631e-07 3.51377e-07 0)
(5.03513e-07 3.87386e-07 0)
(5.39061e-07 4.23446e-07 0)
(5.74188e-07 4.59481e-07 0)
(6.08874e-07 4.95431e-07 0)
(6.43092e-07 5.31253e-07 0)
(6.76843e-07 5.66917e-07 0)
(7.10131e-07 6.02402e-07 0)
(7.42977e-07 6.37694e-07 0)
(7.75405e-07 6.7278e-07 0)
(8.07451e-07 7.07651e-07 0)
(8.39154e-07 7.42293e-07 0)
(8.70561e-07 7.7669e-07 0)
(9.01723e-07 8.10819e-07 0)
(9.32706e-07 8.44646e-07 0)
(9.6357e-07 8.78116e-07 0)
(9.94418e-07 9.11175e-07 0)
(1.02531e-06 9.43682e-07 4.63752e-21)
(3.37256e-07 2.28112e-07 0)
(3.74221e-07 2.63856e-07 0)
(4.09104e-07 2.98919e-07 0)
(4.44e-07 3.34415e-07 0)
(4.787e-07 3.70242e-07 0)
(5.13186e-07 4.06244e-07 0)
(5.47366e-07 4.42321e-07 0)
(5.81215e-07 4.78387e-07 0)
(6.147e-07 5.1438e-07 0)
(6.47814e-07 5.50249e-07 0)
(6.80553e-07 5.85958e-07 0)
(7.12931e-07 6.21475e-07 0)
(7.44966e-07 6.56775e-07 0)
(7.76683e-07 6.91836e-07 0)
(8.08117e-07 7.26633e-07 0)
(8.39306e-07 7.61138e-07 0)
(8.70293e-07 7.95316e-07 0)
(9.01134e-07 8.29118e-07 0)
(9.3188e-07 8.62476e-07 0)
(9.62616e-07 8.95315e-07 0)
(9.93394e-07 9.27456e-07 4.62351e-21)
(3.19388e-07 2.13665e-07 0)
(3.54591e-07 2.48595e-07 0)
(3.88032e-07 2.83128e-07 0)
(4.21585e-07 3.18266e-07 0)
(4.55052e-07 3.53869e-07 0)
(4.88414e-07 3.89763e-07 0)
(5.21581e-07 4.25826e-07 0)
(5.54524e-07 4.61952e-07 0)
(5.87207e-07 4.98058e-07 0)
(6.19615e-07 5.34077e-07 0)
(6.51743e-07 5.69955e-07 0)
(6.83594e-07 6.05647e-07 0)
(7.1518e-07 6.41117e-07 0)
(7.46522e-07 6.76328e-07 0)
(7.77644e-07 7.11246e-07 0)
(8.08579e-07 7.45834e-07 0)
(8.39361e-07 7.80045e-07 0)
(8.70034e-07 8.13822e-07 0)
(9.00638e-07 8.47081e-07 0)
(9.31241e-07 8.79736e-07 0)
(9.6188e-07 9.11576e-07 4.60631e-21)
(3.02407e-07 1.99994e-07 0)
(3.35904e-07 2.34144e-07 0)
(3.67896e-07 2.68151e-07 0)
(4.00084e-07 3.02915e-07 0)
(4.32286e-07 3.38265e-07 0)
(4.64483e-07 3.74013e-07 0)
(4.9659e-07 4.10016e-07 0)
(5.28578e-07 4.4615e-07 0)
(5.60407e-07 4.82317e-07 0)
(5.9206e-07 5.18433e-07 0)
(6.23527e-07 5.54429e-07 0)
(6.54806e-07 5.90248e-07 0)
(6.85904e-07 6.25841e-07 0)
(7.16833e-07 6.61162e-07 0)
(7.47611e-07 6.96168e-07 0)
(7.78264e-07 7.30812e-07 0)
(8.08816e-07 7.65041e-07 0)
(8.393e-07 7.98792e-07 0)
(8.69746e-07 8.3197e-07 0)
(9.00198e-07 8.64483e-07 0)
(9.3068e-07 8.961e-07 4.5866e-21)
(2.86014e-07 1.8704e-07 0)
(3.17849e-07 2.20457e-07 0)
(3.48391e-07 2.53956e-07 0)
(3.79202e-07 2.88342e-07 0)
(4.10118e-07 3.23422e-07 0)
(4.41124e-07 3.58993e-07 0)
(4.72141e-07 3.94898e-07 0)
(5.0314e-07 4.30998e-07 0)
(5.34081e-07 4.67178e-07 0)
(5.64946e-07 5.03341e-07 0)
(5.9572e-07 5.39406e-07 0)
(6.26396e-07 5.75304e-07 0)
(6.56976e-07 6.10976e-07 0)
(6.87466e-07 6.46366e-07 0)
(7.17878e-07 6.81425e-07 0)
(7.48228e-07 7.161e-07 0)
(7.78533e-07 7.50333e-07 0)
(8.08814e-07 7.84056e-07 0)
(8.39088e-07 8.17173e-07 0)
(8.69379e-07 8.49588e-07 0)
(8.99693e-07 8.81067e-07 4.56524e-21)
(2.69924e-07 1.74754e-07 0)
(3.0013e-07 2.07494e-07 0)
(3.29219e-07 2.40509e-07 0)
(3.58646e-07 2.74524e-07 0)
(3.88265e-07 3.09324e-07 0)
(4.18065e-07 3.44698e-07 0)
(4.47975e-07 3.80473e-07 0)
(4.77966e-07 4.165e-07 0)
(5.08001e-07 4.52649e-07 0)
(5.3806e-07 4.88814e-07 0)
(5.68122e-07 5.24901e-07 0)
(5.98179e-07 5.60832e-07 0)
(6.28226e-07 5.96538e-07 0)
(6.58264e-07 6.31959e-07 0)
(6.88296e-07 6.67038e-07 0)
(7.18332e-07 7.01717e-07 0)
(7.4838e-07 7.35937e-07 0)
(7.7845e-07 7.69631e-07 0)
(8.08545e-07 8.02706e-07 0)
(8.38669e-07 8.3507e-07 0)
(8.68811e-07 8.66495e-07 4.54327e-21)
(2.53866e-07 1.63105e-07 0)
(2.82453e-07 1.95224e-07 0)
(3.10086e-07 2.27786e-07 0)
(3.38122e-07 2.61441e-07 0)
(3.66439e-07 2.95957e-07 0)
(3.95028e-07 3.31115e-07 0)
(4.23825e-07 3.66734e-07 0)
(4.52805e-07 4.02651e-07 0)
(4.81931e-07 4.3873e-07 0)
(5.11179e-07 4.74853e-07 0)
(5.40528e-07 5.10917e-07 0)
(5.69964e-07 5.46837e-07 0)
(5.99477e-07 5.82537e-07 0)
(6.2906e-07 6.1795e-07 0)
(6.58712e-07 6.53014e-07 0)
(6.88432e-07 6.87671e-07 0)
(7.18221e-07 7.21863e-07 0)
(7.48077e-07 7.55524e-07 0)
(7.77993e-07 7.88573e-07 0)
(8.07952e-07 8.2093e-07 0)
(8.37926e-07 8.52385e-07 4.52173e-21)
(2.3756e-07 1.52069e-07 0)
(2.64522e-07 1.83624e-07 0)
(2.90688e-07 2.15764e-07 0)
(3.1733e-07 2.4907e-07 0)
(3.44344e-07 2.83299e-07 0)
(3.71725e-07 3.18226e-07 0)
(3.99417e-07 3.53662e-07 0)
(4.27395e-07 3.89438e-07 0)
(4.55622e-07 4.25408e-07 0)
(4.84073e-07 4.61447e-07 0)
(5.12724e-07 4.97447e-07 0)
(5.41553e-07 5.33314e-07 0)
(5.70545e-07 5.68968e-07 0)
(5.99687e-07 6.04335e-07 0)
(6.2897e-07 6.39353e-07 0)
(6.58383e-07 6.73963e-07 0)
(6.87921e-07 7.08108e-07 0)
(7.1757e-07 7.41732e-07 0)
(7.47313e-07 7.74768e-07 0)
(7.77115e-07 8.07151e-07 0)
(8.06932e-07 8.38715e-07 4.50152e-21)
(2.2072e-07 1.41651e-07 0)
(2.46029e-07 1.72692e-07 0)
(2.70713e-07 2.04436e-07 0)
(2.95956e-07 2.37401e-07 0)
(3.21673e-07 2.71336e-07 0)
(3.47859e-07 3.06014e-07 0)
(3.74465e-07 3.41241e-07 0)
(4.01465e-07 3.76841e-07 0)
(4.28822e-07 4.12664e-07 0)
(4.56507e-07 4.48579e-07 0)
(4.8449e-07 4.84473e-07 0)
(5.12746e-07 5.20246e-07 0)
(5.41249e-07 5.55814e-07 0)
(5.69979e-07 5.91102e-07 0)
(5.98919e-07 6.26044e-07 0)
(6.28049e-07 6.60581e-07 0)
(6.57354e-07 6.94662e-07 0)
(6.86812e-07 7.28241e-07 0)
(7.16396e-07 7.61267e-07 0)
(7.46057e-07 7.93704e-07 0)
(7.75736e-07 8.25438e-07 4.48365e-21)
(2.03029e-07 1.31848e-07 0)
(2.26636e-07 1.62416e-07 0)
(2.49821e-07 1.93781e-07 0)
(2.73664e-07 2.26406e-07 0)
(2.98096e-07 2.60037e-07 0)
(3.23112e-07 2.94445e-07 0)
(3.48667e-07 3.29432e-07 0)
(3.74731e-07 3.64822e-07 0)
(4.01265e-07 4.00459e-07 0)
(4.28235e-07 4.36211e-07 0)
(4.55604e-07 4.71958e-07 0)
(4.83337e-07 5.076e-07 0)
(5.11404e-07 5.43047e-07 0)
(5.39772e-07 5.78223e-07 0)
(5.68414e-07 6.13061e-07 0)
(5.97303e-07 6.47503e-07 0)
(6.2641e-07 6.81503e-07 0)
(6.55705e-07 7.15025e-07 0)
(6.85153e-07 7.48041e-07 0)
(7.14695e-07 7.80543e-07 0)
(7.44263e-07 8.12489e-07 4.469e-21)
(1.84144e-07 1.2272e-07 0)
(2.05986e-07 1.52835e-07 0)
(2.27653e-07 1.83822e-07 0)
(2.50101e-07 2.16091e-07 0)
(2.73274e-07 2.49393e-07 0)
(2.9716e-07 2.83498e-07 0)
(3.21715e-07 3.18208e-07 0)
(3.46905e-07 3.53345e-07 0)
(3.72685e-07 3.88754e-07 0)
(3.99012e-07 4.24298e-07 0)
(4.25841e-07 4.59858e-07 0)
(4.5313e-07 4.95329e-07 0)
(4.80835e-07 5.30621e-07 0)
(5.08914e-07 5.65655e-07 0)
(5.37327e-07 6.00363e-07 0)
(5.66035e-07 6.34691e-07 0)
(5.94998e-07 6.68594e-07 0)
(6.24175e-07 7.02047e-07 0)
(6.53522e-07 7.35043e-07 0)
(6.82977e-07 7.67605e-07 0)
(7.12464e-07 7.99778e-07 4.45794e-21)
(1.6364e-07 1.14246e-07 0)
(1.8364e-07 1.43912e-07 0)
(2.03781e-07 1.74505e-07 0)
(2.24852e-07 2.06394e-07 0)
(2.46808e-07 2.39334e-07 0)
(2.69627e-07 2.73098e-07 0)
(2.9326e-07 3.0749e-07 0)
(3.17663e-07 3.42332e-07 0)
(3.42783e-07 3.7747e-07 0)
(3.68567e-07 4.12765e-07 0)
(3.94961e-07 4.48097e-07 0)
(4.2191e-07 4.83362e-07 0)
(4.49357e-07 5.18468e-07 0)
(4.7725e-07 5.53334e-07 0)
(5.05532e-07 5.87893e-07 0)
(5.34152e-07 6.2209e-07 0)
(5.63055e-07 6.55885e-07 0)
(5.92185e-07 6.89258e-07 0)
(6.21488e-07 7.22221e-07 0)
(6.50896e-07 7.54824e-07 0)
(6.80339e-07 7.87197e-07 4.45087e-21)
(1.4112e-07 1.06586e-07 0)
(1.59195e-07 1.35764e-07 0)
(1.77813e-07 1.65908e-07 0)
(1.97547e-07 1.97356e-07 0)
(2.18352e-07 2.29873e-07 0)
(2.40189e-07 2.63234e-07 0)
(2.63e-07 2.97247e-07 0)
(2.86729e-07 3.31736e-07 0)
(3.11311e-07 3.66545e-07 0)
(3.36679e-07 4.01539e-07 0)
(3.62766e-07 4.36598e-07 0)
(3.89505e-07 4.71616e-07 0)
(4.16826e-07 5.065e-07 0)
(4.44661e-07 5.41171e-07 0)
(4.72942e-07 5.75561e-07 0)
(5.01598e-07 6.09616e-07 0)
(5.30556e-07 6.43296e-07 0)
(5.59744e-07 6.76587e-07 0)
(5.89088e-07 7.09506e-07 0)
(6.18509e-07 7.42121e-07 0)
(6.47944e-07 7.74611e-07 4.4467e-21)
(1.15835e-07 9.96031e-08 2.27128e-21)
(1.31879e-07 1.28203e-07 2.29563e-21)
(1.49019e-07 1.57836e-07 2.29487e-21)
(1.67501e-07 1.88784e-07 2.2942e-21)
(1.87265e-07 2.2082e-07 2.29362e-21)
(2.08256e-07 2.53723e-07 2.29312e-21)
(2.30397e-07 2.87305e-07 2.2927e-21)
(2.53613e-07 3.21391e-07 2.29235e-21)
(2.77824e-07 3.55828e-07 2.29206e-21)
(3.02949e-07 3.90481e-07 2.29183e-21)
(3.28904e-07 4.2523e-07 2.29166e-21)
(3.55609e-07 4.59968e-07 2.29154e-21)
(3.82981e-07 4.94605e-07 2.29146e-21)
(4.10939e-07 5.29061e-07 2.29143e-21)
(4.394e-07 5.63268e-07 2.29144e-21)
(4.68277e-07 5.97172e-07 2.29147e-21)
(4.9748e-07 6.30738e-07 2.29154e-21)
(5.26907e-07 6.63948e-07 2.29163e-21)
(5.56456e-07 6.96823e-07 2.29172e-21)
(5.85995e-07 7.2943e-07 2.29179e-21)
(6.16216e-07 7.56987e-07 3.3684e-21)
(5.19204e-07 3.5483e-07 0)
(5.69039e-07 3.95541e-07 0)
(6.1123e-07 4.32606e-07 0)
(6.52273e-07 4.68664e-07 0)
(6.92153e-07 5.04031e-07 0)
(7.30939e-07 5.38768e-07 0)
(7.68675e-07 5.7299e-07 0)
(8.05433e-07 6.06797e-07 0)
(8.41281e-07 6.40286e-07 0)
(8.76295e-07 6.73548e-07 0)
(9.10551e-07 7.06664e-07 0)
(9.44126e-07 7.39704e-07 0)
(9.77095e-07 7.72735e-07 0)
(1.00953e-06 8.05814e-07 0)
(1.04151e-06 8.38996e-07 0)
(1.07311e-06 8.72332e-07 0)
(1.10439e-06 9.05879e-07 0)
(1.13545e-06 9.39697e-07 0)
(1.16634e-06 9.73865e-07 0)
(1.1972e-06 1.00846e-06 0)
(1.22808e-06 1.04365e-06 4.62752e-21)
(4.83915e-07 3.34023e-07 0)
(5.3211e-07 3.74213e-07 0)
(5.74007e-07 4.11348e-07 0)
(6.14904e-07 4.47666e-07 0)
(6.54749e-07 4.83405e-07 0)
(6.9359e-07 5.18596e-07 0)
(7.31443e-07 5.53321e-07 0)
(7.68363e-07 5.87656e-07 0)
(8.04398e-07 6.21678e-07 0)
(8.39613e-07 6.55458e-07 0)
(8.74072e-07 6.89063e-07 0)
(9.07842e-07 7.22555e-07 0)
(9.40994e-07 7.55988e-07 0)
(9.73598e-07 7.89413e-07 0)
(1.00573e-06 8.22874e-07 0)
(1.03745e-06 8.56418e-07 0)
(1.06884e-06 8.90088e-07 0)
(1.09999e-06 9.23934e-07 0)
(1.13097e-06 9.58014e-07 0)
(1.16191e-06 9.92381e-07 0)
(1.19289e-06 1.02716e-06 4.64117e-21)
(4.52588e-07 3.1398e-07 0)
(4.99e-07 3.53622e-07 0)
(5.40165e-07 3.90671e-07 0)
(5.80543e-07 4.27102e-07 0)
(6.20012e-07 4.63093e-07 0)
(6.58601e-07 4.98638e-07 0)
(6.96295e-07 5.33784e-07 0)
(7.33129e-07 5.68583e-07 0)
(7.69133e-07 6.03085e-07 0)
(8.04356e-07 6.37346e-07 0)
(8.3885e-07 6.71414e-07 0)
(8.72673e-07 7.05339e-07 0)
(9.05886e-07 7.39162e-07 0)
(9.38555e-07 7.72924e-07 0)
(9.70745e-07 8.06661e-07 0)
(1.00253e-06 8.40406e-07 0)
(1.03397e-06 8.74193e-07 0)
(1.06517e-06 9.08056e-07 0)
(1.0962e-06 9.4203e-07 0)
(1.12719e-06 9.76145e-07 0)
(1.15823e-06 1.01046e-06 4.65028e-21)
(4.24648e-07 2.94863e-07 0)
(4.6917e-07 3.33826e-07 0)
(5.09343e-07 3.70647e-07 0)
(5.48929e-07 4.07071e-07 0)
(5.87759e-07 4.4321e-07 0)
(6.25846e-07 4.79017e-07 0)
(6.63149e-07 5.14509e-07 0)
(6.99685e-07 5.49705e-07 0)
(7.35465e-07 5.84634e-07 0)
(7.70524e-07 6.1933e-07 0)
(8.04901e-07 6.53826e-07 0)
(8.38644e-07 6.88154e-07 0)
(8.71804e-07 7.22346e-07 0)
(9.0444e-07 7.56428e-07 0)
(9.36612e-07 7.90427e-07 0)
(9.68387e-07 8.24363e-07 0)
(9.99835e-07 8.58256e-07 0)
(1.03103e-06 8.92125e-07 0)
(1.06208e-06 9.25979e-07 0)
(1.0931e-06 9.59822e-07 0)
(1.12416e-06 9.93667e-07 4.6545e-21)
(3.99615e-07 2.7673e-07 0)
(4.42204e-07 3.14945e-07 0)
(4.81194e-07 3.51429e-07 0)
(5.1978e-07 3.87736e-07 0)
(5.57764e-07 4.23916e-07 0)
(5.95149e-07 4.5989e-07 0)
(6.31868e-07 4.9564e-07 0)
(6.67926e-07 5.31159e-07 0)
(7.03316e-07 5.66451e-07 0)
(7.38061e-07 6.01528e-07 0)
(7.72186e-07 6.36405e-07 0)
(8.05729e-07 6.71099e-07 0)
(8.38733e-07 7.05628e-07 0)
(8.71248e-07 7.40006e-07 0)
(9.03328e-07 7.74246e-07 0)
(9.35034e-07 8.08357e-07 0)
(9.66431e-07 8.42343e-07 0)
(9.97595e-07 8.76206e-07 0)
(1.02861e-06 9.09927e-07 0)
(1.05962e-06 9.43497e-07 0)
(1.09066e-06 9.7688e-07 4.65344e-21)
(3.76989e-07 2.59585e-07 0)
(4.17658e-07 2.96994e-07 0)
(4.55343e-07 3.33055e-07 0)
(4.92786e-07 3.69155e-07 0)
(5.29774e-07 4.05287e-07 0)
(5.66299e-07 4.41341e-07 0)
(6.02282e-07 4.77271e-07 0)
(6.37713e-07 5.1304e-07 0)
(6.72574e-07 5.4863e-07 0)
(7.06875e-07 5.8403e-07 0)
(7.40631e-07 6.19238e-07 0)
(7.7387e-07 6.54255e-07 0)
(8.06626e-07 6.89083e-07 0)
(8.38941e-07 7.23725e-07 0)
(8.70862e-07 7.58181e-07 0)
(9.02444e-07 7.92446e-07 0)
(9.33745e-07 8.26512e-07 0)
(9.64838e-07 8.60358e-07 0)
(9.95794e-07 8.93951e-07 0)
(1.02673e-06 9.27258e-07 0)
(1.05771e-06 9.60188e-07 4.64764e-21)
(3.56337e-07 2.43397e-07 0)
(3.95125e-07 2.79976e-07 0)
(4.3143e-07 3.15554e-07 0)
(4.67631e-07 3.51377e-07 0)
(5.03513e-07 3.87386e-07 0)
(5.39061e-07 4.23446e-07 0)
(5.74188e-07 4.59481e-07 0)
(6.08874e-07 4.95431e-07 0)
(6.43092e-07 5.31253e-07 0)
(6.76843e-07 5.66917e-07 0)
(7.10131e-07 6.02402e-07 0)
(7.42977e-07 6.37694e-07 0)
(7.75405e-07 6.7278e-07 0)
(8.07451e-07 7.07651e-07 0)
(8.39154e-07 7.42293e-07 0)
(8.70561e-07 7.7669e-07 0)
(9.01723e-07 8.10819e-07 0)
(9.32706e-07 8.44646e-07 0)
(9.6357e-07 8.78116e-07 0)
(9.94418e-07 9.11175e-07 0)
(1.02531e-06 9.43682e-07 4.63752e-21)
(3.37256e-07 2.28112e-07 0)
(3.74221e-07 2.63856e-07 0)
(4.09104e-07 2.98919e-07 0)
(4.44e-07 3.34415e-07 0)
(4.787e-07 3.70242e-07 0)
(5.13186e-07 4.06244e-07 0)
(5.47366e-07 4.42321e-07 0)
(5.81215e-07 4.78387e-07 0)
(6.147e-07 5.1438e-07 0)
(6.47814e-07 5.50249e-07 0)
(6.80553e-07 5.85958e-07 0)
(7.12931e-07 6.21475e-07 0)
(7.44966e-07 6.56775e-07 0)
(7.76683e-07 6.91836e-07 0)
(8.08117e-07 7.26633e-07 0)
(8.39306e-07 7.61138e-07 0)
(8.70293e-07 7.95316e-07 0)
(9.01134e-07 8.29118e-07 0)
(9.3188e-07 8.62476e-07 0)
(9.62616e-07 8.95315e-07 0)
(9.93394e-07 9.27456e-07 4.62351e-21)
(3.19388e-07 2.13665e-07 0)
(3.54591e-07 2.48595e-07 0)
(3.88032e-07 2.83128e-07 0)
(4.21585e-07 3.18266e-07 0)
(4.55052e-07 3.53869e-07 0)
(4.88414e-07 3.89763e-07 0)
(5.21581e-07 4.25826e-07 0)
(5.54524e-07 4.61952e-07 0)
(5.87207e-07 4.98058e-07 0)
(6.19615e-07 5.34077e-07 0)
(6.51743e-07 5.69955e-07 0)
(6.83594e-07 6.05647e-07 0)
(7.1518e-07 6.41117e-07 0)
(7.46522e-07 6.76328e-07 0)
(7.77644e-07 7.11246e-07 0)
(8.08579e-07 7.45834e-07 0)
(8.39361e-07 7.80045e-07 0)
(8.70034e-07 8.13822e-07 0)
(9.00638e-07 8.47081e-07 0)
(9.31241e-07 8.79736e-07 0)
(9.6188e-07 9.11576e-07 4.60631e-21)
(3.02407e-07 1.99994e-07 0)
(3.35904e-07 2.34144e-07 0)
(3.67896e-07 2.68151e-07 0)
(4.00084e-07 3.02915e-07 0)
(4.32286e-07 3.38265e-07 0)
(4.64483e-07 3.74013e-07 0)
(4.9659e-07 4.10016e-07 0)
(5.28578e-07 4.4615e-07 0)
(5.60407e-07 4.82317e-07 0)
(5.9206e-07 5.18433e-07 0)
(6.23527e-07 5.54429e-07 0)
(6.54806e-07 5.90248e-07 0)
(6.85904e-07 6.25841e-07 0)
(7.16833e-07 6.61162e-07 0)
(7.47611e-07 6.96168e-07 0)
(7.78264e-07 7.30812e-07 0)
(8.08816e-07 7.65041e-07 0)
(8.393e-07 7.98792e-07 0)
(8.69746e-07 8.3197e-07 0)
(9.00198e-07 8.64483e-07 0)
(9.3068e-07 8.961e-07 4.5866e-21)
(2.86014e-07 1.8704e-07 0)
(3.17849e-07 2.20457e-07 0)
(3.48391e-07 2.53956e-07 0)
(3.79202e-07 2.88342e-07 0)
(4.10118e-07 3.23422e-07 0)
(4.41124e-07 3.58993e-07 0)
(4.72141e-07 3.94898e-07 0)
(5.0314e-07 4.30998e-07 0)
(5.34081e-07 4.67178e-07 0)
(5.64946e-07 5.03341e-07 0)
(5.9572e-07 5.39406e-07 0)
(6.26396e-07 5.75304e-07 0)
(6.56976e-07 6.10976e-07 0)
(6.87466e-07 6.46366e-07 0)
(7.17878e-07 6.81425e-07 0)
(7.48228e-07 7.161e-07 0)
(7.78533e-07 7.50333e-07 0)
(8.08814e-07 7.84056e-07 0)
(8.39088e-07 8.17173e-07 0)
(8.69379e-07 8.49588e-07 0)
(8.99693e-07 8.81067e-07 4.56524e-21)
(2.69924e-07 1.74754e-07 0)
(3.0013e-07 2.07494e-07 0)
(3.29219e-07 2.40509e-07 0)
(3.58646e-07 2.74524e-07 0)
(3.88265e-07 3.09324e-07 0)
(4.18065e-07 3.44698e-07 0)
(4.47975e-07 3.80473e-07 0)
(4.77966e-07 4.165e-07 0)
(5.08001e-07 4.52649e-07 0)
(5.3806e-07 4.88814e-07 0)
(5.68122e-07 5.24901e-07 0)
(5.98179e-07 5.60832e-07 0)
(6.28226e-07 5.96538e-07 0)
(6.58264e-07 6.31959e-07 0)
(6.88296e-07 6.67038e-07 0)
(7.18332e-07 7.01717e-07 0)
(7.4838e-07 7.35937e-07 0)
(7.7845e-07 7.69631e-07 0)
(8.08545e-07 8.02706e-07 0)
(8.38669e-07 8.3507e-07 0)
(8.68811e-07 8.66495e-07 4.54327e-21)
(2.53866e-07 1.63105e-07 0)
(2.82453e-07 1.95224e-07 0)
(3.10086e-07 2.27786e-07 0)
(3.38122e-07 2.61441e-07 0)
(3.66439e-07 2.95957e-07 0)
(3.95028e-07 3.31115e-07 0)
(4.23825e-07 3.66734e-07 0)
(4.52805e-07 4.02651e-07 0)
(4.81931e-07 4.3873e-07 0)
(5.11179e-07 4.74853e-07 0)
(5.40528e-07 5.10917e-07 0)
(5.69964e-07 5.46837e-07 0)
(5.99477e-07 5.82537e-07 0)
(6.2906e-07 6.1795e-07 0)
(6.58712e-07 6.53014e-07 0)
(6.88432e-07 6.87671e-07 0)
(7.18221e-07 7.21863e-07 0)
(7.48077e-07 7.55524e-07 0)
(7.77993e-07 7.88573e-07 0)
(8.07952e-07 8.2093e-07 0)
(8.37926e-07 8.52385e-07 4.52173e-21)
(2.3756e-07 1.52069e-07 0)
(2.64522e-07 1.83624e-07 0)
(2.90688e-07 2.15764e-07 0)
(3.1733e-07 2.4907e-07 0)
(3.44344e-07 2.83299e-07 0)
(3.71725e-07 3.18226e-07 0)
(3.99417e-07 3.53662e-07 0)
(4.27395e-07 3.89438e-07 0)
(4.55622e-07 4.25408e-07 0)
(4.84073e-07 4.61447e-07 0)
(5.12724e-07 4.97447e-07 0)
(5.41553e-07 5.33314e-07 0)
(5.70545e-07 5.68968e-07 0)
(5.99687e-07 6.04335e-07 0)
(6.2897e-07 6.39353e-07 0)
(6.58383e-07 6.73963e-07 0)
(6.87921e-07 7.08108e-07 0)
(7.1757e-07 7.41732e-07 0)
(7.47313e-07 7.74768e-07 0)
(7.77115e-07 8.07151e-07 0)
(8.06932e-07 8.38715e-07 4.50152e-21)
(2.2072e-07 1.41651e-07 0)
(2.46029e-07 1.72692e-07 0)
(2.70713e-07 2.04436e-07 0)
(2.95956e-07 2.37401e-07 0)
(3.21673e-07 2.71336e-07 0)
(3.47859e-07 3.06014e-07 0)
(3.74465e-07 3.41241e-07 0)
(4.01465e-07 3.76841e-07 0)
(4.28822e-07 4.12664e-07 0)
(4.56507e-07 4.48579e-07 0)
(4.8449e-07 4.84473e-07 0)
(5.12746e-07 5.20246e-07 0)
(5.41249e-07 5.55814e-07 0)
(5.69979e-07 5.91102e-07 0)
(5.98919e-07 6.26044e-07 0)
(6.28049e-07 6.60581e-07 0)
(6.57354e-07 6.94662e-07 0)
(6.86812e-07 7.28241e-07 0)
(7.16396e-07 7.61267e-07 0)
(7.46057e-07 7.93704e-07 0)
(7.75736e-07 8.25438e-07 4.48365e-21)
(2.03029e-07 1.31848e-07 0)
(2.26636e-07 1.62416e-07 0)
(2.49821e-07 1.93781e-07 0)
(2.73664e-07 2.26406e-07 0)
(2.98096e-07 2.60037e-07 0)
(3.23112e-07 2.94445e-07 0)
(3.48667e-07 3.29432e-07 0)
(3.74731e-07 3.64822e-07 0)
(4.01265e-07 4.00459e-07 0)
(4.28235e-07 4.36211e-07 0)
(4.55604e-07 4.71958e-07 0)
(4.83337e-07 5.076e-07 0)
(5.11404e-07 5.43047e-07 0)
(5.39772e-07 5.78223e-07 0)
(5.68414e-07 6.13061e-07 0)
(5.97303e-07 6.47503e-07 0)
(6.2641e-07 6.81503e-07 0)
(6.55705e-07 7.15025e-07 0)
(6.85153e-07 7.48041e-07 0)
(7.14695e-07 7.80543e-07 0)
(7.44263e-07 8.12489e-07 4.469e-21)
(1.84144e-07 1.2272e-07 0)
(2.05986e-07 1.52835e-07 0)
(2.27653e-07 1.83822e-07 0)
(2.50101e-07 2.16091e-07 0)
(2.73274e-07 2.49393e-07 0)
(2.9716e-07 2.83498e-07 0)
(3.21715e-07 3.18208e-07 0)
(3.46905e-07 3.53345e-07 0)
(3.72685e-07 3.88754e-07 0)
(3.99012e-07 4.24298e-07 0)
(4.25841e-07 4.59858e-07 0)
(4.5313e-07 4.95329e-07 0)
(4.80835e-07 5.30621e-07 0)
(5.08914e-07 5.65655e-07 0)
(5.37327e-07 6.00363e-07 0)
(5.66035e-07 6.34691e-07 0)
(5.94998e-07 6.68594e-07 0)
(6.24175e-07 7.02047e-07 0)
(6.53522e-07 7.35043e-07 0)
(6.82977e-07 7.67605e-07 0)
(7.12464e-07 7.99778e-07 4.45794e-21)
(1.6364e-07 1.14246e-07 0)
(1.8364e-07 1.43912e-07 0)
(2.03781e-07 1.74505e-07 0)
(2.24852e-07 2.06394e-07 0)
(2.46808e-07 2.39334e-07 0)
(2.69627e-07 2.73098e-07 0)
(2.9326e-07 3.0749e-07 0)
(3.17663e-07 3.42332e-07 0)
(3.42783e-07 3.7747e-07 0)
(3.68567e-07 4.12765e-07 0)
(3.94961e-07 4.48097e-07 0)
(4.2191e-07 4.83362e-07 0)
(4.49357e-07 5.18468e-07 0)
(4.7725e-07 5.53334e-07 0)
(5.05532e-07 5.87893e-07 0)
(5.34152e-07 6.2209e-07 0)
(5.63055e-07 6.55885e-07 0)
(5.92185e-07 6.89258e-07 0)
(6.21488e-07 7.22221e-07 0)
(6.50896e-07 7.54824e-07 0)
(6.80339e-07 7.87197e-07 4.45087e-21)
(1.4112e-07 1.06586e-07 0)
(1.59195e-07 1.35764e-07 0)
(1.77813e-07 1.65908e-07 0)
(1.97547e-07 1.97356e-07 0)
(2.18352e-07 2.29873e-07 0)
(2.40189e-07 2.63234e-07 0)
(2.63e-07 2.97247e-07 0)
(2.86729e-07 3.31736e-07 0)
(3.11311e-07 3.66545e-07 0)
(3.36679e-07 4.01539e-07 0)
(3.62766e-07 4.36598e-07 0)
(3.89505e-07 4.71616e-07 0)
(4.16826e-07 5.065e-07 0)
(4.44661e-07 5.41171e-07 0)
(4.72942e-07 5.75561e-07 0)
(5.01598e-07 6.09616e-07 0)
(5.30556e-07 6.43296e-07 0)
(5.59744e-07 6.76587e-07 0)
(5.89088e-07 7.09506e-07 0)
(6.18509e-07 7.42121e-07 0)
(6.47944e-07 7.74611e-07 4.4467e-21)
(1.15835e-07 9.96031e-08 2.27128e-21)
(1.31879e-07 1.28203e-07 2.29563e-21)
(1.49019e-07 1.57836e-07 2.29487e-21)
(1.67501e-07 1.88784e-07 2.2942e-21)
(1.87265e-07 2.2082e-07 2.29362e-21)
(2.08256e-07 2.53723e-07 2.29312e-21)
(2.30397e-07 2.87305e-07 2.2927e-21)
(2.53613e-07 3.21391e-07 2.29235e-21)
(2.77824e-07 3.55828e-07 2.29206e-21)
(3.02949e-07 3.90481e-07 2.29183e-21)
(3.28904e-07 4.2523e-07 2.29166e-21)
(3.55609e-07 4.59968e-07 2.29154e-21)
(3.82981e-07 4.94605e-07 2.29146e-21)
(4.10939e-07 5.29061e-07 2.29143e-21)
(4.394e-07 5.63268e-07 2.29144e-21)
(4.68277e-07 5.97172e-07 2.29147e-21)
(4.9748e-07 6.30738e-07 2.29154e-21)
(5.26907e-07 6.63948e-07 2.29163e-21)
(5.56456e-07 6.96823e-07 2.29172e-21)
(5.85995e-07 7.2943e-07 2.29179e-21)
(6.16216e-07 7.56987e-07 3.3684e-21)
(0 0 0)
(3.85793e-08 7.30862e-09 0)
(7.85808e-08 2.24007e-08 0)
(1.21232e-07 4.60131e-08 0)
(1.67184e-07 7.71845e-08 0)
(2.16984e-07 1.14984e-07 0)
(2.70868e-07 1.5818e-07 0)
(3.28894e-07 2.05457e-07 0)
(3.9091e-07 2.55425e-07 0)
(4.56638e-07 3.06839e-07 0)
(0 0 0)
(3.64081e-08 6.49246e-09 0)
(7.41377e-08 2.01037e-08 0)
(1.14233e-07 4.16299e-08 0)
(1.57239e-07 7.0309e-08 0)
(2.03649e-07 1.05386e-07 0)
(2.5369e-07 1.45806e-07 0)
(3.07438e-07 1.90421e-07 0)
(3.64788e-07 2.37976e-07 0)
(4.25473e-07 2.874e-07 0)
(0 0 0)
(3.44442e-08 5.65129e-09 0)
(7.01446e-08 1.78715e-08 0)
(1.07987e-07 3.74871e-08 0)
(1.48413e-07 6.38849e-08 0)
(1.91848e-07 9.64465e-08 0)
(2.38495e-07 1.34255e-07 0)
(2.88441e-07 1.76301e-07 0)
(3.41641e-07 2.21451e-07 0)
(3.97854e-07 2.68773e-07 0)
(0 0 0)
(3.26328e-08 4.77433e-09 0)
(6.64868e-08 1.56752e-08 0)
(1.0232e-07 3.35398e-08 0)
(1.40475e-07 5.78642e-08 0)
(1.81318e-07 8.81336e-08 0)
(2.2502e-07 1.2354e-07 0)
(2.71648e-07 1.63183e-07 0)
(3.21191e-07 2.06027e-07 0)
(3.73395e-07 2.51203e-07 0)
(0 0 0)
(3.09382e-08 3.85245e-09 0)
(6.30813e-08 1.34746e-08 0)
(9.70806e-08 2.97035e-08 0)
(1.33194e-07 5.21154e-08 0)
(1.71727e-07 8.02733e-08 0)
(2.1282e-07 1.13455e-07 0)
(2.56524e-07 1.50849e-07 0)
(3.02852e-07 1.91513e-07 0)
(3.51536e-07 2.34615e-07 0)
(0 0 0)
(2.93358e-08 2.88351e-09 0)
(5.98749e-08 1.1255e-08 0)
(9.21808e-08 2.59459e-08 0)
(1.26435e-07 4.65912e-08 0)
(1.62891e-07 7.28115e-08 0)
(2.01657e-07 1.03951e-07 0)
(2.42761e-07 1.39262e-07 0)
(2.86234e-07 1.77881e-07 0)
(3.31798e-07 2.18999e-07 0)
(0 0 0)
(2.78023e-08 1.86454e-09 0)
(5.68155e-08 8.9975e-09 0)
(8.75306e-08 2.22227e-08 0)
(1.20062e-07 4.1218e-08 0)
(1.54617e-07 6.56458e-08 0)
(1.91277e-07 9.4903e-08 0)
(2.30049e-07 1.28291e-07 0)
(2.70971e-07 1.65015e-07 0)
(3.13768e-07 2.0428e-07 0)
(0 0 0)
(2.63213e-08 7.96206e-10 0)
(5.38681e-08 6.69499e-09 0)
(8.30701e-08 1.85132e-08 0)
(1.13983e-07 3.59599e-08 0)
(1.46772e-07 5.87267e-08 0)
(1.81496e-07 8.62496e-08 0)
(2.18145e-07 1.17866e-07 0)
(2.5676e-07 1.52838e-07 0)
(2.97075e-07 1.90384e-07 0)
(0 0 0)
(2.48778e-08 -3.22197e-10 0)
(5.1e-08 4.33823e-09 0)
(7.87437e-08 1.47939e-08 0)
(1.08111e-07 3.07759e-08 0)
(1.39233e-07 5.19952e-08 0)
(1.72148e-07 7.79168e-08 0)
(2.06836e-07 1.07905e-07 0)
(2.43336e-07 1.41265e-07 0)
(2.814e-07 1.77234e-07 0)
(0 0 0)
(2.34605e-08 -1.49018e-09 0)
(4.8187e-08 1.92264e-09 0)
(7.45095e-08 1.10515e-08 0)
(1.02381e-07 2.56422e-08 0)
(1.31904e-07 4.54161e-08 0)
(1.63098e-07 6.98573e-08 0)
(1.95941e-07 9.83495e-08 0)
(2.30468e-07 1.30231e-07 0)
(2.66455e-07 1.64759e-07 0)
(0 0 0)
(2.20602e-08 -2.7087e-09 0)
(4.54093e-08 -5.5755e-10 0)
(7.03321e-08 7.273e-09 0)
(9.67338e-08 2.05374e-08 0)
(1.24695e-07 3.89585e-08 0)
(1.54222e-07 6.20309e-08 0)
(1.85294e-07 8.91506e-08 0)
(2.17947e-07 1.19681e-07 0)
(2.51981e-07 1.52899e-07 0)
(0 0 0)
(2.06717e-08 -3.97961e-09 0)
(4.26544e-08 -3.10776e-09 0)
(6.61854e-08 3.44935e-09 0)
(9.11236e-08 1.54484e-08 0)
(1.17532e-07 3.2604e-08 0)
(1.4541e-07 5.4412e-08 0)
(1.74746e-07 8.02747e-08 0)
(2.05578e-07 1.09574e-07 0)
(2.37735e-07 1.41605e-07 0)
(0 0 0)
(1.92944e-08 -5.30814e-09 0)
(3.99178e-08 -5.73503e-09 0)
(6.20521e-08 -4.25787e-10 0)
(8.55109e-08 1.037e-08 0)
(1.10346e-07 2.63464e-08 0)
(1.36558e-07 4.69913e-08 0)
(1.64152e-07 7.17071e-08 0)
(1.93174e-07 9.98887e-08 0)
(2.23484e-07 1.30851e-07 0)
(0 0 0)
(1.79371e-08 -6.7047e-09 0)
(3.72108e-08 -8.45087e-09 0)
(5.79299e-08 -4.35957e-09 0)
(7.98678e-08 5.30069e-09 0)
(1.03074e-07 2.01868e-08 0)
(1.27565e-07 3.97687e-08 0)
(1.53369e-07 6.34434e-08 0)
(1.80546e-07 9.06148e-08 0)
(2.08992e-07 1.20617e-07 0)
(0 0 0)
(1.66219e-08 -8.19188e-09 0)
(3.45632e-08 -1.12695e-08 0)
(5.38314e-08 -8.34797e-09 0)
(7.41746e-08 2.61235e-10 0)
(9.56578e-08 1.41558e-08 0)
(1.18327e-07 3.27775e-08 0)
(1.42247e-07 5.55141e-08 0)
(1.67497e-07 8.17764e-08 0)
(1.94011e-07 1.10919e-07 0)
(0 0 0)
(1.5408e-08 -9.80825e-09 0)
(3.20534e-08 -1.42179e-08 0)
(4.98042e-08 -1.23944e-08 0)
(6.84284e-08 -4.73257e-09 0)
(8.80364e-08 8.28007e-09 0)
(1.08728e-07 2.60466e-08 0)
(1.30615e-07 4.79444e-08 0)
(1.53803e-07 7.33913e-08 0)
(1.78267e-07 1.01763e-07 0)
(0 0 0)
(1.44051e-08 -1.16419e-08 0)
(2.9805e-08 -1.73204e-08 0)
(4.59196e-08 -1.64513e-08 0)
(6.26295e-08 -9.58818e-09 0)
(8.01407e-08 2.67176e-09 0)
(9.86349e-08 1.96915e-08 0)
(1.18282e-07 4.08429e-08 0)
(1.39218e-07 6.55553e-08 0)
(1.61461e-07 9.32304e-08 0)
(0 0 0)
(1.39475e-08 -1.38142e-08 0)
(2.81114e-08 -2.06212e-08 0)
(4.23305e-08 -2.0499e-08 0)
(5.67904e-08 -1.42599e-08 0)
(7.1872e-08 -2.61762e-09 0)
(8.78601e-08 1.37565e-08 0)
(1.04987e-07 3.42405e-08 0)
(1.23418e-07 5.82832e-08 0)
(1.43212e-07 8.5317e-08 0)
(0 0 0)
(1.46689e-08 -1.6636e-08 0)
(2.7332e-08 -2.40633e-08 0)
(3.91956e-08 -2.42781e-08 0)
(5.09037e-08 -1.84241e-08 0)
(6.31146e-08 -7.26603e-09 0)
(7.62081e-08 8.54115e-09 0)
(9.04724e-08 2.84061e-08 0)
(1.06093e-07 5.18104e-08 0)
(1.23157e-07 7.82225e-08 0)
(7.7932e-09 -7.39946e-09 8.93974e-22)
(2e-08 -2.0376e-08 1.79685e-21)
(2.8604e-08 -2.75441e-08 1.81142e-21)
(3.67659e-08 -2.76707e-08 1.837e-21)
(4.4865e-08 -2.19648e-08 1.87321e-21)
(5.35804e-08 -1.1156e-08 1.91975e-21)
(6.32838e-08 4.16598e-09 1.97632e-21)
(7.42592e-08 2.34453e-08 2.04255e-21)
(8.66897e-08 4.61966e-08 2.11802e-21)
(1.0065e-07 7.19147e-08 2.20224e-21)
(0 0 0)
(3.85793e-08 7.30862e-09 0)
(7.85808e-08 2.24007e-08 0)
(1.21232e-07 4.60131e-08 0)
(1.67184e-07 7.71845e-08 0)
(2.16984e-07 1.14984e-07 0)
(2.70868e-07 1.5818e-07 0)
(3.28894e-07 2.05457e-07 0)
(3.9091e-07 2.55425e-07 0)
(4.56638e-07 3.06839e-07 0)
(0 0 0)
(3.64081e-08 6.49246e-09 0)
(7.41377e-08 2.01037e-08 0)
(1.14233e-07 4.16299e-08 0)
(1.57239e-07 7.0309e-08 0)
(2.03649e-07 1.05386e-07 0)
(2.5369e-07 1.45806e-07 0)
(3.07438e-07 1.90421e-07 0)
(3.64788e-07 2.37976e-07 0)
(4.25473e-07 2.874e-07 0)
(0 0 0)
(3.44442e-08 5.65129e-09 0)
(7.01446e-08 1.78715e-08 0)
(1.07987e-07 3.74871e-08 0)
(1.48413e-07 6.38849e-08 0)
(1.91848e-07 9.64465e-08 0)
(2.38495e-07 1.34255e-07 0)
(2.88441e-07 1.76301e-07 0)
(3.41641e-07 2.21451e-07 0)
(3.97854e-07 2.68773e-07 0)
(0 0 0)
(3.26328e-08 4.77433e-09 0)
(6.64868e-08 1.56752e-08 0)
(1.0232e-07 3.35398e-08 0)
(1.40475e-07 5.78642e-08 0)
(1.81318e-07 8.81336e-08 0)
(2.2502e-07 1.2354e-07 0)
(2.71648e-07 1.63183e-07 0)
(3.21191e-07 2.06027e-07 0)
(3.73395e-07 2.51203e-07 0)
(0 0 0)
(3.09382e-08 3.85245e-09 0)
(6.30813e-08 1.34746e-08 0)
(9.70806e-08 2.97035e-08 0)
(1.33194e-07 5.21154e-08 0)
(1.71727e-07 8.02733e-08 0)
(2.1282e-07 1.13455e-07 0)
(2.56524e-07 1.50849e-07 0)
(3.02852e-07 1.91513e-07 0)
(3.51536e-07 2.34615e-07 0)
(0 0 0)
(2.93358e-08 2.88351e-09 0)
(5.98749e-08 1.1255e-08 0)
(9.21808e-08 2.59459e-08 0)
(1.26435e-07 4.65912e-08 0)
(1.62891e-07 7.28115e-08 0)
(2.01657e-07 1.03951e-07 0)
(2.42761e-07 1.39262e-07 0)
(2.86234e-07 1.77881e-07 0)
(3.31798e-07 2.18999e-07 0)
(0 0 0)
(2.78023e-08 1.86454e-09 0)
(5.68155e-08 8.9975e-09 0)
(8.75306e-08 2.22227e-08 0)
(1.20062e-07 4.1218e-08 0)
(1.54617e-07 6.56458e-08 0)
(1.91277e-07 9.4903e-08 0)
(2.30049e-07 1.28291e-07 0)
(2.70971e-07 1.65015e-07 0)
(3.13768e-07 2.0428e-07 0)
(0 0 0)
(2.63213e-08 7.96206e-10 0)
(5.38681e-08 6.69499e-09 0)
(8.30701e-08 1.85132e-08 0)
(1.13983e-07 3.59599e-08 0)
(1.46772e-07 5.87267e-08 0)
(1.81496e-07 8.62496e-08 0)
(2.18145e-07 1.17866e-07 0)
(2.5676e-07 1.52838e-07 0)
(2.97075e-07 1.90384e-07 0)
(0 0 0)
(2.48778e-08 -3.22197e-10 0)
(5.1e-08 4.33823e-09 0)
(7.87437e-08 1.47939e-08 0)
(1.08111e-07 3.07759e-08 0)
(1.39233e-07 5.19952e-08 0)
(1.72148e-07 7.79168e-08 0)
(2.06836e-07 1.07905e-07 0)
(2.43336e-07 1.41265e-07 0)
(2.814e-07 1.77234e-07 0)
(0 0 0)
(2.34605e-08 -1.49018e-09 0)
(4.8187e-08 1.92264e-09 0)
(7.45095e-08 1.10515e-08 0)
(1.02381e-07 2.56422e-08 0)
(1.31904e-07 4.54161e-08 0)
(1.63098e-07 6.98573e-08 0)
(1.95941e-07 9.83495e-08 0)
(2.30468e-07 1.30231e-07 0)
(2.66455e-07 1.64759e-07 0)
(0 0 0)
(2.20602e-08 -2.7087e-09 0)
(4.54093e-08 -5.5755e-10 0)
(7.03321e-08 7.273e-09 0)
(9.67338e-08 2.05374e-08 0)
(1.24695e-07 3.89585e-08 0)
(1.54222e-07 6.20309e-08 0)
(1.85294e-07 8.91506e-08 0)
(2.17947e-07 1.19681e-07 0)
(2.51981e-07 1.52899e-07 0)
(0 0 0)
(2.06717e-08 -3.97961e-09 0)
(4.26544e-08 -3.10776e-09 0)
(6.61854e-08 3.44935e-09 0)
(9.11236e-08 1.54484e-08 0)
(1.17532e-07 3.2604e-08 0)
(1.4541e-07 5.4412e-08 0)
(1.74746e-07 8.02747e-08 0)
(2.05578e-07 1.09574e-07 0)
(2.37735e-07 1.41605e-07 0)
(0 0 0)
(1.92944e-08 -5.30814e-09 0)
(3.99178e-08 -5.73503e-09 0)
(6.20521e-08 -4.25787e-10 0)
(8.55109e-08 1.037e-08 0)
(1.10346e-07 2.63464e-08 0)
(1.36558e-07 4.69913e-08 0)
(1.64152e-07 7.17071e-08 0)
(1.93174e-07 9.98887e-08 0)
(2.23484e-07 1.30851e-07 0)
(0 0 0)
(1.79371e-08 -6.7047e-09 0)
(3.72108e-08 -8.45087e-09 0)
(5.79299e-08 -4.35957e-09 0)
(7.98678e-08 5.30069e-09 0)
(1.03074e-07 2.01868e-08 0)
(1.27565e-07 3.97687e-08 0)
(1.53369e-07 6.34434e-08 0)
(1.80546e-07 9.06148e-08 0)
(2.08992e-07 1.20617e-07 0)
(0 0 0)
(1.66219e-08 -8.19188e-09 0)
(3.45632e-08 -1.12695e-08 0)
(5.38314e-08 -8.34797e-09 0)
(7.41746e-08 2.61235e-10 0)
(9.56578e-08 1.41558e-08 0)
(1.18327e-07 3.27775e-08 0)
(1.42247e-07 5.55141e-08 0)
(1.67497e-07 8.17764e-08 0)
(1.94011e-07 1.10919e-07 0)
(0 0 0)
(1.5408e-08 -9.80825e-09 0)
(3.20534e-08 -1.42179e-08 0)
(4.98042e-08 -1.23944e-08 0)
(6.84284e-08 -4.73257e-09 0)
(8.80364e-08 8.28007e-09 0)
(1.08728e-07 2.60466e-08 0)
(1.30615e-07 4.79444e-08 0)
(1.53803e-07 7.33913e-08 0)
(1.78267e-07 1.01763e-07 0)
(0 0 0)
(1.44051e-08 -1.16419e-08 0)
(2.9805e-08 -1.73204e-08 0)
(4.59196e-08 -1.64513e-08 0)
(6.26295e-08 -9.58818e-09 0)
(8.01407e-08 2.67176e-09 0)
(9.86349e-08 1.96915e-08 0)
(1.18282e-07 4.08429e-08 0)
(1.39218e-07 6.55553e-08 0)
(1.61461e-07 9.32304e-08 0)
(0 0 0)
(1.39475e-08 -1.38142e-08 0)
(2.81114e-08 -2.06212e-08 0)
(4.23305e-08 -2.0499e-08 0)
(5.67904e-08 -1.42599e-08 0)
(7.1872e-08 -2.61762e-09 0)
(8.78601e-08 1.37565e-08 0)
(1.04987e-07 3.42405e-08 0)
(1.23418e-07 5.82832e-08 0)
(1.43212e-07 8.5317e-08 0)
(0 0 0)
(1.46689e-08 -1.6636e-08 0)
(2.7332e-08 -2.40633e-08 0)
(3.91956e-08 -2.42781e-08 0)
(5.09037e-08 -1.84241e-08 0)
(6.31146e-08 -7.26603e-09 0)
(7.62081e-08 8.54115e-09 0)
(9.04724e-08 2.84061e-08 0)
(1.06093e-07 5.18104e-08 0)
(1.23157e-07 7.82225e-08 0)
(7.7932e-09 -7.39946e-09 8.93974e-22)
(2e-08 -2.0376e-08 1.79685e-21)
(2.8604e-08 -2.75441e-08 1.81142e-21)
(3.67659e-08 -2.76707e-08 1.837e-21)
(4.4865e-08 -2.19648e-08 1.87321e-21)
(5.35804e-08 -1.1156e-08 1.91975e-21)
(6.32838e-08 4.16598e-09 1.97632e-21)
(7.42592e-08 2.34453e-08 2.04255e-21)
(8.66897e-08 4.61966e-08 2.11802e-21)
(1.0065e-07 7.19147e-08 2.20224e-21)
)
;

boundaryField
{
    left
    {
        type            calculated;
    }
    right
    {
        type            calculated;
    }
    down
    {
        type            calculated;
    }
    up
    {
        type            calculated;
    }
    hole
    {
        type            calculated;
    }
    frontAndBack
    {
        type            empty;
    }
}


// ************************************************************************* //
